[1, 1310, 26]
[1, 1310, 21]
[1, 1310, 18]
[1, 1310, 21]
[1, 1310, 20]
[1, 1310, 22]
[1, 1310, 7]
[1, 1310, 18]
[1, 1310, 14]
[1, 1310, 20]
[1, 1310, 18]
[1, 1310, 19]
[1, 1310, 17]
[1, 1310, 21]
[1, 1310, 17]
[1, 1310, 20]
[1, 1310, 19]
[1, 1310, 16]
[1, 1310, 28]
[1, 1310, 25]
[1, 1310, 28]
[1, 1310, 18]
[1, 1310, 12]
[1, 1310, 24]
[1, 1310, 20]
[1, 1310, 21]
[1, 1310, 20]
[1, 1310, 16]
[1, 1310, 21]
[1, 1310, 15]
[1, 1310, 17]
[1, 1310, 19]
[1, 1310, 17]
[1, 1310, 28]
[1, 1310, 14]
[1, 1310, 14]
[1, 1310, 15]
[1, 1310, 18]
[1, 1310, 15]
[1, 1310, 20]
[1, 1310, 15]
[1, 1310, 13]
[1, 1310, 11]
[1, 1310, 8]
[1, 1310, 29]
[1, 1310, 23]
[1, 1310, 20]
[1, 1310, 19]
[1, 1310, 14]
[1, 1310, 19]
[1, 1310, 16]
[1, 1310, 16]
[1, 1310, 26]
[1, 1310, 20]
[1, 1310, 21]
[1, 1310, 23]
[1, 1310, 28]
[1, 1310, 16]
[1, 1310, 14]
[1, 1310, 12]
[1, 1310, 23]
[1, 1310, 23]
[1, 1310, 19]
[1, 1310, 14]
[1, 1310, 15]
[1, 1310, 20]
[1, 1310, 20]
[1, 1310, 22]
[1, 1310, 22]
[1, 1310, 19]
[1, 1310, 24]
[1, 1310, 17]
[1, 1310, 21]
[1, 1310, 16]
[1, 1310, 20]
[1, 1310, 19]
[1, 1310, 23]
[1, 1310, 26]
[1, 1310, 28]
[1, 1310, 23]
[1, 1310, 18]
[1, 1310, 19]
[1, 1310, 21]
[1, 1310, 20]
[1, 1310, 14]
[1, 1310, 19]
[1, 1310, 14]
[1, 1310, 14]
[1, 1310, 16]
[1, 1310, 13]
[1, 1310, 12]
[1, 1310, 27]
[1, 1310, 16]
[1, 1310, 27]
[1, 1310, 18]
[1, 1310, 24]
[1, 1310, 16]
[1, 1310, 16]
[1, 1310, 18]
[1, 1310, 25]
[2, 2621, 66]
[2, 2621, 64]
[2, 2621, 64]
[2, 2621, 72]
[2, 2621, 51]
[2, 2621, 65]
[2, 2621, 62]
[2, 2621, 69]
[2, 2621, 75]
[2, 2621, 70]
[2, 2621, 95]
[2, 2621, 71]
[2, 2621, 62]
[2, 2621, 84]
[2, 2621, 49]
[2, 2621, 59]
[2, 2621, 67]
[2, 2621, 70]
[2, 2621, 71]
[2, 2621, 64]
[2, 2621, 72]
[2, 2621, 86]
[2, 2621, 72]
[2, 2621, 64]
[2, 2621, 70]
[2, 2621, 65]
[2, 2621, 66]
[2, 2621, 51]
[2, 2621, 82]
[2, 2621, 48]
[2, 2621, 61]
[2, 2621, 58]
[2, 2621, 77]
[2, 2621, 84]
[2, 2621, 58]
[2, 2621, 65]
[2, 2621, 62]
[2, 2621, 71]
[2, 2621, 63]
[2, 2621, 68]
[2, 2621, 89]
[2, 2621, 58]
[2, 2621, 53]
[2, 2621, 68]
[2, 2621, 84]
[2, 2621, 53]
[2, 2621, 53]
[2, 2621, 67]
[2, 2621, 57]
[2, 2621, 63]
[2, 2621, 86]
[2, 2621, 69]
[2, 2621, 86]
[2, 2621, 57]
[2, 2621, 56]
[2, 2621, 63]
[2, 2621, 83]
[2, 2621, 62]
[2, 2621, 57]
[2, 2621, 59]
[2, 2621, 73]
[2, 2621, 76]
[2, 2621, 65]
[2, 2621, 68]
[2, 2621, 61]
[2, 2621, 68]
[2, 2621, 64]
[2, 2621, 72]
[2, 2621, 71]
[2, 2621, 56]
[2, 2621, 57]
[2, 2621, 77]
[2, 2621, 78]
[2, 2621, 64]
[2, 2621, 82]
[2, 2621, 63]
[2, 2621, 58]
[2, 2621, 63]
[2, 2621, 77]
[2, 2621, 72]
[2, 2621, 82]
[2, 2621, 55]
[2, 2621, 55]
[2, 2621, 70]
[2, 2621, 62]
[2, 2621, 71]
[2, 2621, 78]
[2, 2621, 46]
[2, 2621, 78]
[2, 2621, 65]
[2, 2621, 63]
[2, 2621, 74]
[2, 2621, 68]
[2, 2621, 70]
[2, 2621, 65]
[2, 2621, 67]
[2, 2621, 70]
[2, 2621, 66]
[2, 2621, 69]
[2, 2621, 69]
[5, 6553, 479]
[5, 6553, 461]
[5, 6553, 460]
[5, 6553, 462]
[5, 6553, 426]
[5, 6553, 482]
[5, 6553, 445]
[5, 6553, 432]
[5, 6553, 501]
[5, 6553, 485]
[5, 6553, 489]
[5, 6553, 464]
[5, 6553, 463]
[5, 6553, 513]
[5, 6553, 426]
[5, 6553, 429]
[5, 6553, 496]
[5, 6553, 508]
[5, 6553, 441]
[5, 6553, 431]
[5, 6553, 471]
[5, 6553, 513]
[5, 6553, 441]
[5, 6553, 495]
[5, 6553, 499]
[5, 6553, 425]
[5, 6553, 459]
[5, 6553, 475]
[5, 6553, 473]
[5, 6553, 416]
[5, 6553, 429]
[5, 6553, 490]
[5, 6553, 503]
[5, 6553, 453]
[5, 6553, 447]
[5, 6553, 463]
[5, 6553, 478]
[5, 6553, 471]
[5, 6553, 472]
[5, 6553, 505]
[5, 6553, 483]
[5, 6553, 402]
[5, 6553, 419]
[5, 6553, 493]
[5, 6553, 455]
[5, 6553, 418]
[5, 6553, 456]
[5, 6553, 477]
[5, 6553, 442]
[5, 6553, 477]
[5, 6553, 480]
[5, 6553, 476]
[5, 6553, 455]
[5, 6553, 455]
[5, 6553, 466]
[5, 6553, 463]
[5, 6553, 485]
[5, 6553, 453]
[5, 6553, 435]
[5, 6553, 434]
[5, 6553, 437]
[5, 6553, 459]
[5, 6553, 459]
[5, 6553, 469]
[5, 6553, 464]
[5, 6553, 490]
[5, 6553, 485]
[5, 6553, 493]
[5, 6553, 461]
[5, 6553, 445]
[5, 6553, 472]
[5, 6553, 459]
[5, 6553, 472]
[5, 6553, 508]
[5, 6553, 482]
[5, 6553, 450]
[5, 6553, 497]
[5, 6553, 475]
[5, 6553, 449]
[5, 6553, 475]
[5, 6553, 479]
[5, 6553, 452]
[5, 6553, 446]
[5, 6553, 526]
[5, 6553, 504]
[5, 6553, 476]
[5, 6553, 504]
[5, 6553, 437]
[5, 6553, 466]
[5, 6553, 445]
[5, 6553, 430]
[5, 6553, 472]
[5, 6553, 453]
[5, 6553, 472]
[5, 6553, 512]
[5, 6553, 447]
[5, 6553, 506]
[5, 6553, 455]
[5, 6553, 495]
[5, 6553, 494]
[10, 13107, 2310]
[10, 13107, 2313]
[10, 13107, 2127]
[10, 13107, 2186]
[10, 13107, 2229]
[10, 13107, 2302]
[10, 13107, 2197]
[10, 13107, 2271]
[10, 13107, 2251]
[10, 13107, 2283]
[10, 13107, 2285]
[10, 13107, 2208]
[10, 13107, 2182]
[10, 13107, 2372]
[10, 13107, 2300]
[10, 13107, 2298]
[10, 13107, 2268]
[10, 13107, 2324]
[10, 13107, 2198]
[10, 13107, 2198]
[10, 13107, 2214]
[10, 13107, 2281]
[10, 13107, 2209]
[10, 13107, 2289]
[10, 13107, 2291]
[10, 13107, 2212]
[10, 13107, 2278]
[10, 13107, 2259]
[10, 13107, 2252]
[10, 13107, 2272]
[10, 13107, 2238]
[10, 13107, 2266]
[10, 13107, 2231]
[10, 13107, 2297]
[10, 13107, 2293]
[10, 13107, 2319]
[10, 13107, 2311]
[10, 13107, 2193]
[10, 13107, 2251]
[10, 13107, 2317]
[10, 13107, 2288]
[10, 13107, 2143]
[10, 13107, 2243]
[10, 13107, 2257]
[10, 13107, 2264]
[10, 13107, 2262]
[10, 13107, 2237]
[10, 13107, 2308]
[10, 13107, 2220]
[10, 13107, 2258]
[10, 13107, 2248]
[10, 13107, 2225]
[10, 13107, 2185]
[10, 13107, 2287]
[10, 13107, 2217]
[10, 13107, 2289]
[10, 13107, 2239]
[10, 13107, 2195]
[10, 13107, 2224]
[10, 13107, 2153]
[10, 13107, 2246]
[10, 13107, 2324]
[10, 13107, 2317]
[10, 13107, 2298]
[10, 13107, 2328]
[10, 13107, 2333]
[10, 13107, 2167]
[10, 13107, 2217]
[10, 13107, 2325]
[10, 13107, 2249]
[10, 13107, 2253]
[10, 13107, 2209]
[10, 13107, 2242]
[10, 13107, 2258]
[10, 13107, 2316]
[10, 13107, 2196]
[10, 13107, 2269]
[10, 13107, 2217]
[10, 13107, 2159]
[10, 13107, 2302]
[10, 13107, 2248]
[10, 13107, 2309]
[10, 13107, 2229]
[10, 13107, 2361]
[10, 13107, 2318]
[10, 13107, 2194]
[10, 13107, 2249]
[10, 13107, 2283]
[10, 13107, 2222]
[10, 13107, 2254]
[10, 13107, 2202]
[10, 13107, 2265]
[10, 13107, 2275]
[10, 13107, 2296]
[10, 13107, 2302]
[10, 13107, 2224]
[10, 13107, 2227]
[10, 13107, 2241]
[10, 13107, 2320]
[10, 13107, 2221]
[15, 19660, 5565]
[15, 19660, 5630]
[15, 19660, 5541]
[15, 19660, 5596]
[15, 19660, 5489]
[15, 19660, 5548]
[15, 19660, 5561]
[15, 19660, 5572]
[15, 19660, 5620]
[15, 19660, 5457]
[15, 19660, 5640]
[15, 19660, 5522]
[15, 19660, 5525]
[15, 19660, 5693]
[15, 19660, 5513]
[15, 19660, 5565]
[15, 19660, 5638]
[15, 19660, 5656]
[15, 19660, 5573]
[15, 19660, 5561]
[15, 19660, 5632]
[15, 19660, 5519]
[15, 19660, 5609]
[15, 19660, 5520]
[15, 19660, 5635]
[15, 19660, 5613]
[15, 19660, 5626]
[15, 19660, 5614]
[15, 19660, 5559]
[15, 19660, 5675]
[15, 19660, 5569]
[15, 19660, 5671]
[15, 19660, 5466]
[15, 19660, 5620]
[15, 19660, 5600]
[15, 19660, 5575]
[15, 19660, 5628]
[15, 19660, 5532]
[15, 19660, 5604]
[15, 19660, 5682]
[15, 19660, 5510]
[15, 19660, 5529]
[15, 19660, 5664]
[15, 19660, 5627]
[15, 19660, 5551]
[15, 19660, 5585]
[15, 19660, 5607]
[15, 19660, 5623]
[15, 19660, 5440]
[15, 19660, 5561]
[15, 19660, 5548]
[15, 19660, 5520]
[15, 19660, 5596]
[15, 19660, 5690]
[15, 19660, 5438]
[15, 19660, 5613]
[15, 19660, 5620]
[15, 19660, 5557]
[15, 19660, 5506]
[15, 19660, 5616]
[15, 19660, 5422]
[15, 19660, 5582]
[15, 19660, 5703]
[15, 19660, 5504]
[15, 19660, 5749]
[15, 19660, 5491]
[15, 19660, 5648]
[15, 19660, 5521]
[15, 19660, 5587]
[15, 19660, 5511]
[15, 19660, 5533]
[15, 19660, 5477]
[15, 19660, 5542]
[15, 19660, 5588]
[15, 19660, 5754]
[15, 19660, 5567]
[15, 19660, 5614]
[15, 19660, 5498]
[15, 19660, 5405]
[15, 19660, 5691]
[15, 19660, 5574]
[15, 19660, 5520]
[15, 19660, 5607]
[15, 19660, 5641]
[15, 19660, 5541]
[15, 19660, 5413]
[15, 19660, 5518]
[15, 19660, 5596]
[15, 19660, 5633]
[15, 19660, 5646]
[15, 19660, 5491]
[15, 19660, 5658]
[15, 19660, 5560]
[15, 19660, 5587]
[15, 19660, 5600]
[15, 19660, 5507]
[15, 19660, 5500]
[15, 19660, 5535]
[15, 19660, 5598]
[15, 19660, 5434]
[20, 26214, 10296]
[20, 26214, 10298]
[20, 26214, 10271]
[20, 26214, 10192]
[20, 26214, 10411]
[20, 26214, 10248]
[20, 26214, 10285]
[20, 26214, 10311]
[20, 26214, 10302]
[20, 26214, 10122]
[20, 26214, 10258]
[20, 26214, 10374]
[20, 26214, 10287]
[20, 26214, 10374]
[20, 26214, 10264]
[20, 26214, 10353]
[20, 26214, 10343]
[20, 26214, 10218]
[20, 26214, 10377]
[20, 26214, 10309]
[20, 26214, 10281]
[20, 26214, 10464]
[20, 26214, 10317]
[20, 26214, 10375]
[20, 26214, 10375]
[20, 26214, 10284]
[20, 26214, 10337]
[20, 26214, 10367]
[20, 26214, 10361]
[20, 26214, 10245]
[20, 26214, 10194]
[20, 26214, 10377]
[20, 26214, 10292]
[20, 26214, 10322]
[20, 26214, 10261]
[20, 26214, 10215]
[20, 26214, 10278]
[20, 26214, 10269]
[20, 26214, 10270]
[20, 26214, 10406]
[20, 26214, 10229]
[20, 26214, 10096]
[20, 26214, 10319]
[20, 26214, 10369]
[20, 26214, 10422]
[20, 26214, 10295]
[20, 26214, 10364]
[20, 26214, 10298]
[20, 26214, 10275]
[20, 26214, 10283]
[20, 26214, 10273]
[20, 26214, 10173]
[20, 26214, 10244]
[20, 26214, 10250]
[20, 26214, 10202]
[20, 26214, 10196]
[20, 26214, 10361]
[20, 26214, 10220]
[20, 26214, 10060]
[20, 26214, 10306]
[20, 26214, 10155]
[20, 26214, 10268]
[20, 26214, 10377]
[20, 26214, 10211]
[20, 26214, 10438]
[20, 26214, 10278]
[20, 26214, 10433]
[20, 26214, 10147]
[20, 26214, 10249]
[20, 26214, 10276]
[20, 26214, 10276]
[20, 26214, 10244]
[20, 26214, 10309]
[20, 26214, 10378]
[20, 26214, 10331]
[20, 26214, 10260]
[20, 26214, 10363]
[20, 26214, 10248]
[20, 26214, 10134]
[20, 26214, 10405]
[20, 26214, 10146]
[20, 26214, 10299]
[20, 26214, 10302]
[20, 26214, 10333]
[20, 26214, 10284]
[20, 26214, 10287]
[20, 26214, 10259]
[20, 26214, 10412]
[20, 26214, 10489]
[20, 26214, 10340]
[20, 26214, 10211]
[20, 26214, 10473]
[20, 26214, 10225]
[20, 26214, 10331]
[20, 26214, 10289]
[20, 26214, 10320]
[20, 26214, 10270]
[20, 26214, 10143]
[20, 26214, 10323]
[20, 26214, 10106]
[25, 32768, 16089]
[25, 32768, 16162]
[25, 32768, 16138]
[25, 32768, 16012]
[25, 32768, 16199]
[25, 32768, 16116]
[25, 32768, 16266]
[25, 32768, 16151]
[25, 32768, 16079]
[25, 32768, 16119]
[25, 32768, 16092]
[25, 32768, 16258]
[25, 32768, 16045]
[25, 32768, 16111]
[25, 32768, 16198]
[25, 32768, 16184]
[25, 32768, 16174]
[25, 32768, 16035]
[25, 32768, 16119]
[25, 32768, 16183]
[25, 32768, 16150]
[25, 32768, 16299]
[25, 32768, 16215]
[25, 32768, 15977]
[25, 32768, 16076]
[25, 32768, 16057]
[25, 32768, 16101]
[25, 32768, 16252]
[25, 32768, 16205]
[25, 32768, 16229]
[25, 32768, 16058]
[25, 32768, 16275]
[25, 32768, 16080]
[25, 32768, 16134]
[25, 32768, 16010]
[25, 32768, 16119]
[25, 32768, 16216]
[25, 32768, 16126]
[25, 32768, 16167]
[25, 32768, 16241]
[25, 32768, 16087]
[25, 32768, 15940]
[25, 32768, 16052]
[25, 32768, 16129]
[25, 32768, 16200]
[25, 32768, 16149]
[25, 32768, 16161]
[25, 32768, 16169]
[25, 32768, 16005]
[25, 32768, 15988]
[25, 32768, 16214]
[25, 32768, 16051]
[25, 32768, 16003]
[25, 32768, 16193]
[25, 32768, 16148]
[25, 32768, 16222]
[25, 32768, 16154]
[25, 32768, 15991]
[25, 32768, 15968]
[25, 32768, 16150]
[25, 32768, 16103]
[25, 32768, 16014]
[25, 32768, 16091]
[25, 32768, 16101]
[25, 32768, 16190]
[25, 32768, 16151]
[25, 32768, 16298]
[25, 32768, 16153]
[25, 32768, 16104]
[25, 32768, 15997]
[25, 32768, 16090]
[25, 32768, 16057]
[25, 32768, 16218]
[25, 32768, 16178]
[25, 32768, 16238]
[25, 32768, 16041]
[25, 32768, 16069]
[25, 32768, 16072]
[25, 32768, 16099]
[25, 32768, 16228]
[25, 32768, 16058]
[25, 32768, 16039]
[25, 32768, 16064]
[25, 32768, 16178]
[25, 32768, 16168]
[25, 32768, 16188]
[25, 32768, 16041]
[25, 32768, 16257]
[25, 32768, 16339]
[25, 32768, 16108]
[25, 32768, 16159]
[25, 32768, 16228]
[25, 32768, 15974]
[25, 32768, 16290]
[25, 32768, 16159]
[25, 32768, 16153]
[25, 32768, 16114]
[25, 32768, 15945]
[25, 32768, 16189]
[25, 32768, 16036]
[30, 39321, 22791]
[30, 39321, 22818]
[30, 39321, 22752]
[30, 39321, 22768]
[30, 39321, 22834]
[30, 39321, 22596]
[30, 39321, 22905]
[30, 39321, 22729]
[30, 39321, 22884]
[30, 39321, 22784]
[30, 39321, 22918]
[30, 39321, 22713]
[30, 39321, 22692]
[30, 39321, 22839]
[30, 39321, 22844]
[30, 39321, 22910]
[30, 39321, 22890]
[30, 39321, 22663]
[30, 39321, 22947]
[30, 39321, 22841]
[30, 39321, 22767]
[30, 39321, 22946]
[30, 39321, 22826]
[30, 39321, 22684]
[30, 39321, 22902]
[30, 39321, 22750]
[30, 39321, 22872]
[30, 39321, 22857]
[30, 39321, 22977]
[30, 39321, 22782]
[30, 39321, 22643]
[30, 39321, 22890]
[30, 39321, 22697]
[30, 39321, 22894]
[30, 39321, 22657]
[30, 39321, 22739]
[30, 39321, 22943]
[30, 39321, 22731]
[30, 39321, 22775]
[30, 39321, 22849]
[30, 39321, 22679]
[30, 39321, 22698]
[30, 39321, 22862]
[30, 39321, 22765]
[30, 39321, 22822]
[30, 39321, 22819]
[30, 39321, 22848]
[30, 39321, 22775]
[30, 39321, 22694]
[30, 39321, 22786]
[30, 39321, 22906]
[30, 39321, 22785]
[30, 39321, 22701]
[30, 39321, 22798]
[30, 39321, 22668]
[30, 39321, 22871]
[30, 39321, 22725]
[30, 39321, 22801]
[30, 39321, 22645]
[30, 39321, 22847]
[30, 39321, 22703]
[30, 39321, 22793]
[30, 39321, 22860]
[30, 39321, 22801]
[30, 39321, 22995]
[30, 39321, 22756]
[30, 39321, 22828]
[30, 39321, 22814]
[30, 39321, 22832]
[30, 39321, 22866]
[30, 39321, 22790]
[30, 39321, 22748]
[30, 39321, 22869]
[30, 39321, 22819]
[30, 39321, 22924]
[30, 39321, 22797]
[30, 39321, 22669]
[30, 39321, 22796]
[30, 39321, 22799]
[30, 39321, 22807]
[30, 39321, 22832]
[30, 39321, 22765]
[30, 39321, 22805]
[30, 39321, 22936]
[30, 39321, 22860]
[30, 39321, 22685]
[30, 39321, 22763]
[30, 39321, 22812]
[30, 39321, 23132]
[30, 39321, 22813]
[30, 39321, 22917]
[30, 39321, 22888]
[30, 39321, 22746]
[30, 39321, 22950]
[30, 39321, 22756]
[30, 39321, 22831]
[30, 39321, 22910]
[30, 39321, 22804]
[30, 39321, 22757]
[30, 39321, 22725]
[35, 45875, 30061]
[35, 45875, 30181]
[35, 45875, 29998]
[35, 45875, 30075]
[35, 45875, 30104]
[35, 45875, 29881]
[35, 45875, 30261]
[35, 45875, 30047]
[35, 45875, 29994]
[35, 45875, 30030]
[35, 45875, 30092]
[35, 45875, 29915]
[35, 45875, 30034]
[35, 45875, 30137]
[35, 45875, 29959]
[35, 45875, 30151]
[35, 45875, 29994]
[35, 45875, 29926]
[35, 45875, 30136]
[35, 45875, 30162]
[35, 45875, 30039]
[35, 45875, 30151]
[35, 45875, 30167]
[35, 45875, 29914]
[35, 45875, 30106]
[35, 45875, 30062]
[35, 45875, 30094]
[35, 45875, 30033]
[35, 45875, 30146]
[35, 45875, 30073]
[35, 45875, 29828]
[35, 45875, 30111]
[35, 45875, 29968]
[35, 45875, 30003]
[35, 45875, 30100]
[35, 45875, 30039]
[35, 45875, 30200]
[35, 45875, 29936]
[35, 45875, 30042]
[35, 45875, 30199]
[35, 45875, 29771]
[35, 45875, 30001]
[35, 45875, 29974]
[35, 45875, 29984]
[35, 45875, 30099]
[35, 45875, 30134]
[35, 45875, 30075]
[35, 45875, 30067]
[35, 45875, 30031]
[35, 45875, 29961]
[35, 45875, 30029]
[35, 45875, 30008]
[35, 45875, 29916]
[35, 45875, 30183]
[35, 45875, 29902]
[35, 45875, 30097]
[35, 45875, 30112]
[35, 45875, 30090]
[35, 45875, 29960]
[35, 45875, 29946]
[35, 45875, 30004]
[35, 45875, 29987]
[35, 45875, 30015]
[35, 45875, 29939]
[35, 45875, 30056]
[35, 45875, 30064]
[35, 45875, 30017]
[35, 45875, 29959]
[35, 45875, 30235]
[35, 45875, 30095]
[35, 45875, 29961]
[35, 45875, 29937]
[35, 45875, 30295]
[35, 45875, 30022]
[35, 45875, 30146]
[35, 45875, 30024]
[35, 45875, 29932]
[35, 45875, 30164]
[35, 45875, 30041]
[35, 45875, 30137]
[35, 45875, 30079]
[35, 45875, 30000]
[35, 45875, 30136]
[35, 45875, 30156]
[35, 45875, 30088]
[35, 45875, 29975]
[35, 45875, 30037]
[35, 45875, 30127]
[35, 45875, 30159]
[35, 45875, 30139]
[35, 45875, 30101]
[35, 45875, 30175]
[35, 45875, 29886]
[35, 45875, 30007]
[35, 45875, 30098]
[35, 45875, 30108]
[35, 45875, 30137]
[35, 45875, 30001]
[35, 45875, 30083]
[35, 45875, 30018]
[40, 52428, 37613]
[40, 52428, 37735]
[40, 52428, 37663]
[40, 52428, 37713]
[40, 52428, 37672]
[40, 52428, 37656]
[40, 52428, 37810]
[40, 52428, 37670]
[40, 52428, 37546]
[40, 52428, 37641]
[40, 52428, 37745]
[40, 52428, 37643]
[40, 52428, 37590]
[40, 52428, 37779]
[40, 52428, 37599]
[40, 52428, 37774]
[40, 52428, 37639]
[40, 52428, 37573]
[40, 52428, 37604]
[40, 52428, 37587]
[40, 52428, 37613]
[40, 52428, 37628]
[40, 52428, 37832]
[40, 52428, 37702]
[40, 52428, 37748]
[40, 52428, 37703]
[40, 52428, 37754]
[40, 52428, 37678]
[40, 52428, 37782]
[40, 52428, 37680]
[40, 52428, 37535]
[40, 52428, 37727]
[40, 52428, 37603]
[40, 52428, 37595]
[40, 52428, 37749]
[40, 52428, 37600]
[40, 52428, 37733]
[40, 52428, 37673]
[40, 52428, 37597]
[40, 52428, 37833]
[40, 52428, 37549]
[40, 52428, 37604]
[40, 52428, 37694]
[40, 52428, 37749]
[40, 52428, 37708]
[40, 52428, 37625]
[40, 52428, 37706]
[40, 52428, 37749]
[40, 52428, 37521]
[40, 52428, 37664]
[40, 52428, 37683]
[40, 52428, 37737]
[40, 52428, 37681]
[40, 52428, 37678]
[40, 52428, 37521]
[40, 52428, 37687]
[40, 52428, 37771]
[40, 52428, 37775]
[40, 52428, 37612]
[40, 52428, 37531]
[40, 52428, 37658]
[40, 52428, 37554]
[40, 52428, 37624]
[40, 52428, 37666]
[40, 52428, 37626]
[40, 52428, 37696]
[40, 52428, 37678]
[40, 52428, 37651]
[40, 52428, 37766]
[40, 52428, 37650]
[40, 52428, 37432]
[40, 52428, 37539]
[40, 52428, 37791]
[40, 52428, 37658]
[40, 52428, 37617]
[40, 52428, 37682]
[40, 52428, 37484]
[40, 52428, 37812]
[40, 52428, 37666]
[40, 52428, 37651]
[40, 52428, 37752]
[40, 52428, 37613]
[40, 52428, 37744]
[40, 52428, 37769]
[40, 52428, 37771]
[40, 52428, 37519]
[40, 52428, 37640]
[40, 52428, 37686]
[40, 52428, 37671]
[40, 52428, 37785]
[40, 52428, 37744]
[40, 52428, 37681]
[40, 52428, 37453]
[40, 52428, 37717]
[40, 52428, 37616]
[40, 52428, 37818]
[40, 52428, 37752]
[40, 52428, 37717]
[40, 52428, 37716]
[40, 52428, 37649]
