[1, 1310, 0, 0]
[1, 1310, 0, 0]
[1, 1310, 0, 0]
[1, 1310, 0, 0]
[1, 1310, 0, 0]
[1, 1310, 0, 0]
[1, 1310, 0, 0]
[1, 1310, 0, 0]
[1, 1310, 0, 0]
[1, 1310, 0, 0]
[1, 1310, 0, 0]
[1, 1310, 0, 0]
[1, 1310, 0, 0]
[1, 1310, 0, 0]
[1, 1310, 0, 0]
[1, 1310, 0, 0]
[1, 1310, 0, 0]
[1, 1310, 0, 0]
[1, 1310, 0, 0]
[1, 1310, 0, 0]
[1, 1310, 0, 0]
[1, 1310, 0, 0]
[1, 1310, 0, 0]
[1, 1310, 0, 0]
[1, 1310, 0, 0]
[1, 1310, 0, 0]
[1, 1310, 0, 0]
[1, 1310, 0, 0]
[1, 1310, 0, 0]
[1, 1310, 0, 0]
[1, 1310, 0, 0]
[1, 1310, 0, 0]
[1, 1310, 0, 0]
[1, 1310, 0, 0]
[1, 1310, 0, 0]
[1, 1310, 0, 0]
[1, 1310, 0, 0]
[1, 1310, 0, 0]
[1, 1310, 0, 0]
[1, 1310, 0, 0]
[1, 1310, 0, 0]
[1, 1310, 0, 0]
[1, 1310, 0, 0]
[1, 1310, 0, 0]
[1, 1310, 0, 0]
[1, 1310, 0, 0]
[1, 1310, 0, 0]
[1, 1310, 0, 0]
[1, 1310, 0, 0]
[1, 1310, 0, 0]
[1, 1310, 0, 0]
[1, 1310, 0, 0]
[1, 1310, 0, 0]
[1, 1310, 0, 0]
[1, 1310, 0, 0]
[1, 1310, 0, 0]
[1, 1310, 0, 0]
[1, 1310, 0, 0]
[1, 1310, 0, 0]
[1, 1310, 0, 0]
[1, 1310, 0, 0]
[1, 1310, 0, 0]
[1, 1310, 0, 0]
[1, 1310, 0, 0]
[1, 1310, 0, 0]
[1, 1310, 0, 0]
[1, 1310, 0, 0]
[1, 1310, 0, 0]
[1, 1310, 0, 0]
[1, 1310, 0, 0]
[1, 1310, 0, 0]
[1, 1310, 0, 0]
[1, 1310, 0, 0]
[1, 1310, 0, 0]
[1, 1310, 0, 0]
[1, 1310, 0, 0]
[1, 1310, 0, 0]
[1, 1310, 0, 0]
[1, 1310, 0, 0]
[1, 1310, 0, 0]
[1, 1310, 0, 0]
[1, 1310, 0, 0]
[1, 1310, 0, 0]
[1, 1310, 0, 0]
[1, 1310, 0, 0]
[1, 1310, 0, 0]
[1, 1310, 0, 0]
[1, 1310, 0, 0]
[1, 1310, 0, 0]
[1, 1310, 0, 0]
[1, 1310, 0, 0]
[1, 1310, 0, 0]
[1, 1310, 0, 0]
[1, 1310, 0, 0]
[1, 1310, 0, 0]
[1, 1310, 0, 0]
[1, 1310, 0, 0]
[1, 1310, 0, 0]
[1, 1310, 0, 0]
[1, 1310, 0, 0]
[2, 2621, 0, 0]
[2, 2621, 0, 0]
[2, 2621, 0, 0]
[2, 2621, 0, 0]
[2, 2621, 0, 0]
[2, 2621, 0, 0]
[2, 2621, 0, 0]
[2, 2621, 0, 0]
[2, 2621, 0, 0]
[2, 2621, 0, 0]
[2, 2621, 0, 0]
[2, 2621, 0, 0]
[2, 2621, 0, 0]
[2, 2621, 0, 0]
[2, 2621, 0, 0]
[2, 2621, 0, 0]
[2, 2621, 0, 0]
[2, 2621, 0, 0]
[2, 2621, 0, 0]
[2, 2621, 0, 0]
[2, 2621, 0, 0]
[2, 2621, 0, 0]
[2, 2621, 0, 0]
[2, 2621, 0, 0]
[2, 2621, 0, 0]
[2, 2621, 0, 0]
[2, 2621, 0, 0]
[2, 2621, 0, 0]
[2, 2621, 0, 0]
[2, 2621, 0, 0]
[2, 2621, 0, 0]
[2, 2621, 0, 0]
[2, 2621, 0, 0]
[2, 2621, 0, 0]
[2, 2621, 0, 0]
[2, 2621, 0, 0]
[2, 2621, 0, 0]
[2, 2621, 0, 0]
[2, 2621, 0, 0]
[2, 2621, 0, 0]
[2, 2621, 0, 0]
[2, 2621, 0, 0]
[2, 2621, 0, 0]
[2, 2621, 0, 0]
[2, 2621, 0, 0]
[2, 2621, 0, 0]
[2, 2621, 0, 0]
[2, 2621, 0, 0]
[2, 2621, 0, 0]
[2, 2621, 0, 0]
[2, 2621, 0, 0]
[2, 2621, 0, 0]
[2, 2621, 0, 0]
[2, 2621, 0, 0]
[2, 2621, 0, 0]
[2, 2621, 0, 0]
[2, 2621, 0, 0]
[2, 2621, 0, 0]
[2, 2621, 0, 0]
[2, 2621, 0, 0]
[2, 2621, 0, 0]
[2, 2621, 0, 0]
[2, 2621, 0, 0]
[2, 2621, 0, 0]
[2, 2621, 0, 0]
[2, 2621, 0, 0]
[2, 2621, 0, 0]
[2, 2621, 0, 0]
[2, 2621, 0, 0]
[2, 2621, 0, 0]
[2, 2621, 0, 0]
[2, 2621, 0, 0]
[2, 2621, 0, 0]
[2, 2621, 0, 0]
[2, 2621, 0, 0]
[2, 2621, 0, 0]
[2, 2621, 0, 0]
[2, 2621, 0, 0]
[2, 2621, 0, 0]
[2, 2621, 0, 0]
[2, 2621, 0, 0]
[2, 2621, 0, 0]
[2, 2621, 0, 0]
[2, 2621, 0, 0]
[2, 2621, 0, 0]
[2, 2621, 0, 0]
[2, 2621, 0, 0]
[2, 2621, 0, 0]
[2, 2621, 0, 0]
[2, 2621, 0, 0]
[2, 2621, 0, 0]
[2, 2621, 0, 0]
[2, 2621, 0, 0]
[2, 2621, 0, 0]
[2, 2621, 0, 0]
[2, 2621, 0, 0]
[2, 2621, 0, 0]
[2, 2621, 0, 0]
[2, 2621, 0, 0]
[2, 2621, 0, 0]
[5, 6553, 1, 0]
[5, 6553, 2, 1]
[5, 6553, 0, 1]
[5, 6553, 0, 0]
[5, 6553, 0, 0]
[5, 6553, 0, 0]
[5, 6553, 0, 0]
[5, 6553, 0, 0]
[5, 6553, 0, 0]
[5, 6553, 0, 0]
[5, 6553, 2, 0]
[5, 6553, 0, 0]
[5, 6553, 3, 0]
[5, 6553, 0, 0]
[5, 6553, 0, 0]
[5, 6553, 0, 0]
[5, 6553, 0, 0]
[5, 6553, 2, 0]
[5, 6553, 0, 0]
[5, 6553, 2, 0]
[5, 6553, 0, 0]
[5, 6553, 2, 0]
[5, 6553, 0, 0]
[5, 6553, 3, 0]
[5, 6553, 0, 0]
[5, 6553, 0, 0]
[5, 6553, 0, 0]
[5, 6553, 0, 0]
[5, 6553, 0, 0]
[5, 6553, 0, 0]
[5, 6553, 0, 0]
[5, 6553, 1, 0]
[5, 6553, 1, 0]
[5, 6553, 0, 0]
[5, 6553, 0, 0]
[5, 6553, 0, 0]
[5, 6553, 0, 0]
[5, 6553, 0, 0]
[5, 6553, 0, 0]
[5, 6553, 1, 0]
[5, 6553, 0, 0]
[5, 6553, 0, 0]
[5, 6553, 1, 0]
[5, 6553, 0, 1]
[5, 6553, 0, 0]
[5, 6553, 0, 0]
[5, 6553, 0, 0]
[5, 6553, 0, 0]
[5, 6553, 0, 0]
[5, 6553, 1, 0]
[5, 6553, 0, 0]
[5, 6553, 0, 0]
[5, 6553, 0, 0]
[5, 6553, 0, 0]
[5, 6553, 0, 0]
[5, 6553, 0, 0]
[5, 6553, 0, 0]
[5, 6553, 0, 2]
[5, 6553, 0, 0]
[5, 6553, 0, 0]
[5, 6553, 0, 0]
[5, 6553, 3, 1]
[5, 6553, 0, 0]
[5, 6553, 0, 0]
[5, 6553, 0, 0]
[5, 6553, 0, 0]
[5, 6553, 0, 0]
[5, 6553, 0, 0]
[5, 6553, 0, 0]
[5, 6553, 0, 0]
[5, 6553, 0, 0]
[5, 6553, 0, 0]
[5, 6553, 0, 0]
[5, 6553, 0, 0]
[5, 6553, 0, 0]
[5, 6553, 0, 0]
[5, 6553, 0, 1]
[5, 6553, 0, 0]
[5, 6553, 0, 0]
[5, 6553, 0, 0]
[5, 6553, 0, 1]
[5, 6553, 0, 0]
[5, 6553, 0, 0]
[5, 6553, 0, 0]
[5, 6553, 0, 0]
[5, 6553, 0, 0]
[5, 6553, 0, 0]
[5, 6553, 0, 2]
[5, 6553, 0, 0]
[5, 6553, 0, 0]
[5, 6553, 0, 0]
[5, 6553, 0, 0]
[5, 6553, 0, 0]
[5, 6553, 0, 0]
[5, 6553, 0, 0]
[5, 6553, 0, 0]
[5, 6553, 0, 0]
[5, 6553, 0, 0]
[5, 6553, 1, 0]
[5, 6553, 0, 0]
[10, 13107, 4, 2]
[10, 13107, 17, 2]
[10, 13107, 0, 4]
[10, 13107, 2, 4]
[10, 13107, 0, 0]
[10, 13107, 0, 0]
[10, 13107, 1, 0]
[10, 13107, 3, 2]
[10, 13107, 0, 1]
[10, 13107, 3, 4]
[10, 13107, 8, 8]
[10, 13107, 6, 3]
[10, 13107, 3, 3]
[10, 13107, 1, 1]
[10, 13107, 4, 5]
[10, 13107, 6, 5]
[10, 13107, 0, 0]
[10, 13107, 8, 0]
[10, 13107, 1, 1]
[10, 13107, 7, 4]
[10, 13107, 3, 3]
[10, 13107, 8, 0]
[10, 13107, 2, 1]
[10, 13107, 7, 2]
[10, 13107, 0, 10]
[10, 13107, 3, 5]
[10, 13107, 2, 2]
[10, 13107, 3, 0]
[10, 13107, 1, 4]
[10, 13107, 0, 0]
[10, 13107, 7, 1]
[10, 13107, 3, 5]
[10, 13107, 6, 6]
[10, 13107, 2, 4]
[10, 13107, 0, 3]
[10, 13107, 4, 5]
[10, 13107, 0, 3]
[10, 13107, 0, 1]
[10, 13107, 1, 1]
[10, 13107, 3, 4]
[10, 13107, 0, 9]
[10, 13107, 0, 5]
[10, 13107, 5, 3]
[10, 13107, 2, 8]
[10, 13107, 4, 0]
[10, 13107, 2, 3]
[10, 13107, 2, 6]
[10, 13107, 2, 0]
[10, 13107, 1, 1]
[10, 13107, 1, 4]
[10, 13107, 0, 4]
[10, 13107, 1, 0]
[10, 13107, 3, 4]
[10, 13107, 0, 4]
[10, 13107, 5, 5]
[10, 13107, 0, 0]
[10, 13107, 3, 4]
[10, 13107, 2, 5]
[10, 13107, 0, 5]
[10, 13107, 2, 6]
[10, 13107, 2, 2]
[10, 13107, 3, 8]
[10, 13107, 2, 1]
[10, 13107, 0, 2]
[10, 13107, 3, 1]
[10, 13107, 1, 0]
[10, 13107, 2, 1]
[10, 13107, 5, 2]
[10, 13107, 5, 2]
[10, 13107, 0, 0]
[10, 13107, 2, 2]
[10, 13107, 2, 6]
[10, 13107, 3, 4]
[10, 13107, 8, 2]
[10, 13107, 2, 0]
[10, 13107, 4, 1]
[10, 13107, 2, 3]
[10, 13107, 4, 4]
[10, 13107, 2, 1]
[10, 13107, 0, 0]
[10, 13107, 7, 2]
[10, 13107, 0, 1]
[10, 13107, 0, 0]
[10, 13107, 3, 0]
[10, 13107, 1, 8]
[10, 13107, 6, 2]
[10, 13107, 2, 4]
[10, 13107, 1, 2]
[10, 13107, 5, 1]
[10, 13107, 0, 7]
[10, 13107, 5, 2]
[10, 13107, 2, 4]
[10, 13107, 0, 6]
[10, 13107, 2, 0]
[10, 13107, 0, 2]
[10, 13107, 1, 0]
[10, 13107, 3, 0]
[10, 13107, 3, 1]
[10, 13107, 4, 4]
[10, 13107, 1, 3]
[15, 19660, 18, 15]
[15, 19660, 29, 23]
[15, 19660, 16, 11]
[15, 19660, 12, 16]
[15, 19660, 9, 17]
[15, 19660, 7, 12]
[15, 19660, 28, 16]
[15, 19660, 12, 9]
[15, 19660, 10, 23]
[15, 19660, 13, 8]
[15, 19660, 7, 35]
[15, 19660, 18, 4]
[15, 19660, 36, 14]
[15, 19660, 11, 16]
[15, 19660, 23, 19]
[15, 19660, 22, 18]
[15, 19660, 17, 15]
[15, 19660, 36, 14]
[15, 19660, 20, 7]
[15, 19660, 18, 21]
[15, 19660, 18, 16]
[15, 19660, 24, 26]
[15, 19660, 21, 13]
[15, 19660, 18, 30]
[15, 19660, 11, 17]
[15, 19660, 12, 19]
[15, 19660, 32, 18]
[15, 19660, 15, 10]
[15, 19660, 29, 18]
[15, 19660, 15, 25]
[15, 19660, 17, 13]
[15, 19660, 13, 15]
[15, 19660, 17, 22]
[15, 19660, 18, 8]
[15, 19660, 12, 23]
[15, 19660, 16, 18]
[15, 19660, 17, 13]
[15, 19660, 30, 14]
[15, 19660, 15, 24]
[15, 19660, 23, 11]
[15, 19660, 6, 24]
[15, 19660, 15, 24]
[15, 19660, 23, 19]
[15, 19660, 13, 26]
[15, 19660, 11, 6]
[15, 19660, 25, 18]
[15, 19660, 20, 24]
[15, 19660, 6, 15]
[15, 19660, 12, 30]
[15, 19660, 5, 24]
[15, 19660, 24, 9]
[15, 19660, 13, 19]
[15, 19660, 12, 18]
[15, 19660, 13, 16]
[15, 19660, 22, 9]
[15, 19660, 9, 5]
[15, 19660, 16, 15]
[15, 19660, 11, 17]
[15, 19660, 8, 17]
[15, 19660, 13, 20]
[15, 19660, 10, 24]
[15, 19660, 10, 24]
[15, 19660, 13, 5]
[15, 19660, 7, 16]
[15, 19660, 16, 12]
[15, 19660, 14, 19]
[15, 19660, 6, 6]
[15, 19660, 17, 17]
[15, 19660, 6, 20]
[15, 19660, 21, 9]
[15, 19660, 16, 19]
[15, 19660, 21, 28]
[15, 19660, 14, 11]
[15, 19660, 21, 28]
[15, 19660, 21, 11]
[15, 19660, 24, 12]
[15, 19660, 12, 17]
[15, 19660, 18, 13]
[15, 19660, 15, 23]
[15, 19660, 11, 17]
[15, 19660, 28, 11]
[15, 19660, 5, 17]
[15, 19660, 9, 13]
[15, 19660, 14, 19]
[15, 19660, 16, 20]
[15, 19660, 17, 12]
[15, 19660, 18, 12]
[15, 19660, 11, 11]
[15, 19660, 17, 14]
[15, 19660, 21, 33]
[15, 19660, 26, 23]
[15, 19660, 10, 13]
[15, 19660, 14, 25]
[15, 19660, 9, 9]
[15, 19660, 17, 21]
[15, 19660, 12, 8]
[15, 19660, 12, 8]
[15, 19660, 18, 14]
[15, 19660, 21, 14]
[15, 19660, 14, 15]
[20, 26214, 46, 78]
[20, 26214, 69, 63]
[20, 26214, 60, 53]
[20, 26214, 64, 50]
[20, 26214, 61, 52]
[20, 26214, 49, 43]
[20, 26214, 69, 42]
[20, 26214, 39, 29]
[20, 26214, 47, 68]
[20, 26214, 57, 29]
[20, 26214, 59, 70]
[20, 26214, 59, 51]
[20, 26214, 85, 71]
[20, 26214, 51, 52]
[20, 26214, 74, 58]
[20, 26214, 45, 40]
[20, 26214, 56, 44]
[20, 26214, 83, 45]
[20, 26214, 71, 57]
[20, 26214, 61, 52]
[20, 26214, 44, 59]
[20, 26214, 51, 54]
[20, 26214, 58, 71]
[20, 26214, 29, 72]
[20, 26214, 52, 45]
[20, 26214, 62, 55]
[20, 26214, 78, 59]
[20, 26214, 39, 37]
[20, 26214, 75, 51]
[20, 26214, 34, 69]
[20, 26214, 59, 74]
[20, 26214, 40, 58]
[20, 26214, 40, 75]
[20, 26214, 59, 55]
[20, 26214, 59, 48]
[20, 26214, 57, 43]
[20, 26214, 80, 52]
[20, 26214, 72, 64]
[20, 26214, 67, 75]
[20, 26214, 51, 68]
[20, 26214, 32, 76]
[20, 26214, 57, 45]
[20, 26214, 58, 46]
[20, 26214, 48, 50]
[20, 26214, 40, 48]
[20, 26214, 42, 49]
[20, 26214, 51, 59]
[20, 26214, 37, 40]
[20, 26214, 48, 47]
[20, 26214, 49, 46]
[20, 26214, 54, 47]
[20, 26214, 56, 67]
[20, 26214, 51, 69]
[20, 26214, 57, 43]
[20, 26214, 63, 40]
[20, 26214, 47, 47]
[20, 26214, 49, 55]
[20, 26214, 44, 56]
[20, 26214, 42, 56]
[20, 26214, 47, 42]
[20, 26214, 48, 47]
[20, 26214, 51, 58]
[20, 26214, 53, 42]
[20, 26214, 35, 59]
[20, 26214, 46, 69]
[20, 26214, 35, 44]
[20, 26214, 45, 39]
[20, 26214, 53, 47]
[20, 26214, 42, 68]
[20, 26214, 77, 49]
[20, 26214, 57, 62]
[20, 26214, 52, 80]
[20, 26214, 48, 47]
[20, 26214, 64, 63]
[20, 26214, 54, 37]
[20, 26214, 43, 55]
[20, 26214, 52, 66]
[20, 26214, 65, 53]
[20, 26214, 58, 58]
[20, 26214, 52, 51]
[20, 26214, 78, 61]
[20, 26214, 40, 54]
[20, 26214, 64, 63]
[20, 26214, 53, 51]
[20, 26214, 38, 56]
[20, 26214, 58, 47]
[20, 26214, 55, 61]
[20, 26214, 40, 54]
[20, 26214, 42, 39]
[20, 26214, 70, 68]
[20, 26214, 48, 70]
[20, 26214, 49, 59]
[20, 26214, 52, 48]
[20, 26214, 43, 39]
[20, 26214, 71, 71]
[20, 26214, 55, 35]
[20, 26214, 56, 40]
[20, 26214, 62, 51]
[20, 26214, 73, 40]
[20, 26214, 40, 69]
[25, 32768, 125, 176]
[25, 32768, 158, 136]
[25, 32768, 139, 131]
[25, 32768, 151, 158]
[25, 32768, 158, 130]
[25, 32768, 119, 126]
[25, 32768, 159, 126]
[25, 32768, 150, 108]
[25, 32768, 128, 157]
[25, 32768, 143, 106]
[25, 32768, 129, 167]
[25, 32768, 153, 135]
[25, 32768, 201, 147]
[25, 32768, 119, 157]
[25, 32768, 135, 136]
[25, 32768, 123, 122]
[25, 32768, 140, 137]
[25, 32768, 189, 127]
[25, 32768, 186, 134]
[25, 32768, 141, 142]
[25, 32768, 153, 155]
[25, 32768, 108, 147]
[25, 32768, 165, 143]
[25, 32768, 128, 163]
[25, 32768, 126, 117]
[25, 32768, 152, 140]
[25, 32768, 145, 162]
[25, 32768, 124, 113]
[25, 32768, 193, 124]
[25, 32768, 108, 158]
[25, 32768, 137, 180]
[25, 32768, 115, 155]
[25, 32768, 98, 166]
[25, 32768, 148, 134]
[25, 32768, 165, 121]
[25, 32768, 140, 113]
[25, 32768, 160, 132]
[25, 32768, 174, 152]
[25, 32768, 155, 187]
[25, 32768, 142, 152]
[25, 32768, 131, 174]
[25, 32768, 153, 127]
[25, 32768, 163, 123]
[25, 32768, 133, 139]
[25, 32768, 114, 166]
[25, 32768, 125, 116]
[25, 32768, 112, 157]
[25, 32768, 114, 120]
[25, 32768, 121, 134]
[25, 32768, 122, 148]
[25, 32768, 139, 154]
[25, 32768, 138, 160]
[25, 32768, 131, 189]
[25, 32768, 156, 159]
[25, 32768, 148, 100]
[25, 32768, 125, 132]
[25, 32768, 154, 131]
[25, 32768, 133, 117]
[25, 32768, 115, 161]
[25, 32768, 125, 135]
[25, 32768, 105, 136]
[25, 32768, 156, 160]
[25, 32768, 110, 129]
[25, 32768, 132, 153]
[25, 32768, 137, 147]
[25, 32768, 140, 118]
[25, 32768, 105, 116]
[25, 32768, 162, 145]
[25, 32768, 146, 155]
[25, 32768, 159, 169]
[25, 32768, 143, 165]
[25, 32768, 145, 146]
[25, 32768, 119, 120]
[25, 32768, 137, 120]
[25, 32768, 141, 129]
[25, 32768, 143, 147]
[25, 32768, 134, 155]
[25, 32768, 152, 136]
[25, 32768, 133, 137]
[25, 32768, 131, 159]
[25, 32768, 161, 124]
[25, 32768, 151, 145]
[25, 32768, 169, 153]
[25, 32768, 158, 144]
[25, 32768, 155, 145]
[25, 32768, 149, 158]
[25, 32768, 116, 137]
[25, 32768, 137, 158]
[25, 32768, 124, 95]
[25, 32768, 172, 152]
[25, 32768, 174, 167]
[25, 32768, 148, 152]
[25, 32768, 116, 137]
[25, 32768, 124, 133]
[25, 32768, 166, 204]
[25, 32768, 135, 126]
[25, 32768, 170, 123]
[25, 32768, 139, 136]
[25, 32768, 180, 114]
[25, 32768, 156, 167]
[30, 39321, 305, 330]
[30, 39321, 397, 304]
[30, 39321, 322, 278]
[30, 39321, 296, 312]
[30, 39321, 306, 285]
[30, 39321, 256, 284]
[30, 39321, 344, 234]
[30, 39321, 314, 257]
[30, 39321, 274, 352]
[30, 39321, 309, 255]
[30, 39321, 298, 323]
[30, 39321, 335, 308]
[30, 39321, 331, 289]
[30, 39321, 308, 335]
[30, 39321, 317, 343]
[30, 39321, 338, 267]
[30, 39321, 308, 335]
[30, 39321, 343, 289]
[30, 39321, 341, 281]
[30, 39321, 320, 278]
[30, 39321, 328, 310]
[30, 39321, 271, 283]
[30, 39321, 309, 310]
[30, 39321, 266, 305]
[30, 39321, 318, 303]
[30, 39321, 345, 317]
[30, 39321, 324, 321]
[30, 39321, 269, 266]
[30, 39321, 335, 287]
[30, 39321, 227, 320]
[30, 39321, 318, 347]
[30, 39321, 253, 341]
[30, 39321, 236, 334]
[30, 39321, 317, 295]
[30, 39321, 317, 280]
[30, 39321, 333, 256]
[30, 39321, 334, 289]
[30, 39321, 334, 320]
[30, 39321, 336, 356]
[30, 39321, 313, 314]
[30, 39321, 278, 357]
[30, 39321, 320, 249]
[30, 39321, 299, 287]
[30, 39321, 339, 295]
[30, 39321, 281, 352]
[30, 39321, 300, 270]
[30, 39321, 269, 334]
[30, 39321, 271, 268]
[30, 39321, 269, 361]
[30, 39321, 276, 276]
[30, 39321, 341, 284]
[30, 39321, 301, 294]
[30, 39321, 289, 375]
[30, 39321, 316, 312]
[30, 39321, 310, 262]
[30, 39321, 298, 275]
[30, 39321, 282, 290]
[30, 39321, 290, 280]
[30, 39321, 268, 360]
[30, 39321, 291, 343]
[30, 39321, 287, 327]
[30, 39321, 321, 299]
[30, 39321, 293, 288]
[30, 39321, 297, 296]
[30, 39321, 303, 323]
[30, 39321, 275, 278]
[30, 39321, 251, 289]
[30, 39321, 337, 293]
[30, 39321, 315, 307]
[30, 39321, 334, 335]
[30, 39321, 297, 326]
[30, 39321, 303, 332]
[30, 39321, 263, 338]
[30, 39321, 326, 255]
[30, 39321, 302, 328]
[30, 39321, 303, 348]
[30, 39321, 296, 327]
[30, 39321, 295, 297]
[30, 39321, 297, 321]
[30, 39321, 261, 312]
[30, 39321, 339, 286]
[30, 39321, 328, 306]
[30, 39321, 350, 300]
[30, 39321, 329, 306]
[30, 39321, 320, 277]
[30, 39321, 309, 286]
[30, 39321, 303, 323]
[30, 39321, 316, 331]
[30, 39321, 327, 299]
[30, 39321, 350, 350]
[30, 39321, 305, 331]
[30, 39321, 288, 326]
[30, 39321, 298, 305]
[30, 39321, 286, 306]
[30, 39321, 348, 358]
[30, 39321, 314, 289]
[30, 39321, 324, 293]
[30, 39321, 325, 274]
[30, 39321, 360, 229]
[30, 39321, 319, 298]
[35, 45875, 555, 626]
[35, 45875, 655, 554]
[35, 45875, 602, 537]
[35, 45875, 548, 523]
[35, 45875, 561, 541]
[35, 45875, 507, 555]
[35, 45875, 627, 491]
[35, 45875, 585, 502]
[35, 45875, 592, 647]
[35, 45875, 583, 513]
[35, 45875, 548, 583]
[35, 45875, 579, 496]
[35, 45875, 603, 628]
[35, 45875, 568, 625]
[35, 45875, 586, 621]
[35, 45875, 625, 500]
[35, 45875, 601, 626]
[35, 45875, 657, 597]
[35, 45875, 634, 544]
[35, 45875, 601, 563]
[35, 45875, 565, 546]
[35, 45875, 541, 547]
[35, 45875, 600, 594]
[35, 45875, 540, 577]
[35, 45875, 556, 539]
[35, 45875, 611, 598]
[35, 45875, 566, 571]
[35, 45875, 503, 498]
[35, 45875, 590, 536]
[35, 45875, 468, 596]
[35, 45875, 569, 592]
[35, 45875, 486, 588]
[35, 45875, 563, 610]
[35, 45875, 575, 603]
[35, 45875, 603, 569]
[35, 45875, 651, 500]
[35, 45875, 629, 599]
[35, 45875, 621, 581]
[35, 45875, 565, 625]
[35, 45875, 605, 589]
[35, 45875, 530, 602]
[35, 45875, 565, 521]
[35, 45875, 565, 567]
[35, 45875, 601, 589]
[35, 45875, 534, 611]
[35, 45875, 502, 555]
[35, 45875, 518, 589]
[35, 45875, 468, 528]
[35, 45875, 523, 609]
[35, 45875, 549, 582]
[35, 45875, 555, 534]
[35, 45875, 570, 595]
[35, 45875, 529, 650]
[35, 45875, 591, 546]
[35, 45875, 575, 500]
[35, 45875, 580, 555]
[35, 45875, 569, 558]
[35, 45875, 543, 579]
[35, 45875, 534, 590]
[35, 45875, 552, 610]
[35, 45875, 597, 586]
[35, 45875, 558, 563]
[35, 45875, 601, 558]
[35, 45875, 542, 605]
[35, 45875, 571, 590]
[35, 45875, 547, 526]
[35, 45875, 450, 530]
[35, 45875, 624, 600]
[35, 45875, 585, 565]
[35, 45875, 598, 650]
[35, 45875, 573, 578]
[35, 45875, 607, 622]
[35, 45875, 557, 615]
[35, 45875, 555, 516]
[35, 45875, 578, 614]
[35, 45875, 597, 597]
[35, 45875, 596, 606]
[35, 45875, 544, 579]
[35, 45875, 583, 613]
[35, 45875, 529, 551]
[35, 45875, 612, 571]
[35, 45875, 595, 586]
[35, 45875, 652, 568]
[35, 45875, 581, 611]
[35, 45875, 549, 525]
[35, 45875, 647, 566]
[35, 45875, 564, 581]
[35, 45875, 607, 619]
[35, 45875, 565, 576]
[35, 45875, 595, 594]
[35, 45875, 562, 629]
[35, 45875, 558, 579]
[35, 45875, 594, 604]
[35, 45875, 566, 544]
[35, 45875, 603, 644]
[35, 45875, 551, 567]
[35, 45875, 605, 582]
[35, 45875, 578, 524]
[35, 45875, 667, 492]
[35, 45875, 535, 600]
[40, 52428, 997, 1006]
[40, 52428, 1105, 895]
[40, 52428, 929, 963]
[40, 52428, 939, 881]
[40, 52428, 944, 919]
[40, 52428, 902, 912]
[40, 52428, 1056, 874]
[40, 52428, 985, 826]
[40, 52428, 994, 1068]
[40, 52428, 998, 909]
[40, 52428, 911, 1020]
[40, 52428, 1002, 950]
[40, 52428, 966, 1025]
[40, 52428, 934, 1059]
[40, 52428, 993, 1054]
[40, 52428, 1027, 891]
[40, 52428, 974, 1029]
[40, 52428, 1104, 994]
[40, 52428, 1067, 984]
[40, 52428, 1017, 942]
[40, 52428, 963, 941]
[40, 52428, 922, 994]
[40, 52428, 950, 982]
[40, 52428, 953, 894]
[40, 52428, 892, 914]
[40, 52428, 997, 947]
[40, 52428, 999, 994]
[40, 52428, 902, 884]
[40, 52428, 990, 930]
[40, 52428, 857, 972]
[40, 52428, 1002, 991]
[40, 52428, 894, 987]
[40, 52428, 930, 1072]
[40, 52428, 1023, 1041]
[40, 52428, 977, 1005]
[40, 52428, 1018, 962]
[40, 52428, 1002, 1047]
[40, 52428, 997, 1010]
[40, 52428, 940, 1080]
[40, 52428, 1029, 996]
[40, 52428, 877, 992]
[40, 52428, 957, 924]
[40, 52428, 979, 982]
[40, 52428, 1046, 934]
[40, 52428, 945, 1016]
[40, 52428, 911, 964]
[40, 52428, 930, 989]
[40, 52428, 880, 977]
[40, 52428, 928, 996]
[40, 52428, 976, 922]
[40, 52428, 917, 884]
[40, 52428, 974, 959]
[40, 52428, 904, 1035]
[40, 52428, 994, 979]
[40, 52428, 959, 896]
[40, 52428, 987, 941]
[40, 52428, 966, 907]
[40, 52428, 937, 1028]
[40, 52428, 911, 1001]
[40, 52428, 918, 978]
[40, 52428, 997, 1006]
[40, 52428, 987, 925]
[40, 52428, 983, 962]
[40, 52428, 927, 1020]
[40, 52428, 970, 970]
[40, 52428, 904, 891]
[40, 52428, 817, 917]
[40, 52428, 1094, 991]
[40, 52428, 1004, 1002]
[40, 52428, 944, 1018]
[40, 52428, 1044, 944]
[40, 52428, 962, 1076]
[40, 52428, 946, 1046]
[40, 52428, 960, 910]
[40, 52428, 1003, 946]
[40, 52428, 955, 968]
[40, 52428, 967, 1029]
[40, 52428, 924, 993]
[40, 52428, 950, 1008]
[40, 52428, 962, 863]
[40, 52428, 988, 976]
[40, 52428, 997, 1051]
[40, 52428, 1040, 923]
[40, 52428, 1016, 972]
[40, 52428, 957, 905]
[40, 52428, 1047, 1001]
[40, 52428, 966, 925]
[40, 52428, 1018, 1071]
[40, 52428, 966, 992]
[40, 52428, 949, 968]
[40, 52428, 925, 1048]
[40, 52428, 990, 984]
[40, 52428, 960, 973]
[40, 52428, 958, 993]
[40, 52428, 993, 1019]
[40, 52428, 995, 1007]
[40, 52428, 941, 1055]
[40, 52428, 946, 944]
[40, 52428, 1056, 841]
[40, 52428, 931, 974]
