[1, 1310, 2, 4, 8, 5, 3, 2, 1, 5]
[1, 1310, 5, 2, 5, 3, 4, 9, 1, 2]
[1, 1310, 12, 1, 1, 7, 3, 2, 4, 1]
[1, 1310, 7, 1, 0, 1, 3, 8, 3, 0]
[1, 1310, 4, 1, 2, 5, 4, 5, 4, 4]
[1, 1310, 1, 4, 0, 2, 2, 2, 2, 3]
[1, 1310, 2, 5, 4, 4, 3, 2, 1, 3]
[1, 1310, 6, 2, 0, 6, 4, 3, 3, 5]
[1, 1310, 3, 2, 5, 3, 2, 1, 4, 1]
[1, 1310, 4, 2, 4, 3, 3, 3, 4, 4]
[1, 1310, 1, 3, 1, 2, 2, 3, 0, 6]
[1, 1310, 5, 0, 3, 4, 3, 2, 3, 4]
[1, 1310, 0, 3, 2, 6, 1, 3, 2, 2]
[1, 1310, 5, 8, 2, 2, 1, 3, 4, 3]
[1, 1310, 1, 2, 4, 2, 2, 7, 1, 2]
[1, 1310, 4, 4, 7, 5, 2, 5, 2, 1]
[1, 1310, 1, 3, 0, 1, 3, 1, 4, 5]
[1, 1310, 4, 4, 1, 1, 2, 3, 4, 4]
[1, 1310, 1, 2, 5, 6, 4, 4, 6, 2]
[1, 1310, 4, 0, 2, 6, 3, 2, 3, 1]
[1, 1310, 2, 2, 8, 3, 2, 3, 5, 5]
[1, 1310, 2, 1, 2, 4, 2, 2, 4, 3]
[1, 1310, 3, 3, 1, 4, 2, 0, 2, 2]
[1, 1310, 2, 2, 1, 1, 4, 4, 3, 4]
[1, 1310, 1, 1, 3, 5, 3, 9, 6, 1]
[1, 1310, 5, 4, 3, 3, 3, 3, 1, 6]
[1, 1310, 4, 4, 0, 6, 8, 3, 1, 6]
[1, 1310, 4, 3, 4, 4, 3, 6, 2, 2]
[1, 1310, 4, 4, 3, 9, 2, 3, 2, 6]
[1, 1310, 3, 2, 4, 3, 3, 4, 4, 2]
[1, 1310, 4, 2, 3, 0, 4, 5, 5, 5]
[1, 1310, 1, 6, 2, 3, 1, 7, 2, 3]
[1, 1310, 4, 3, 6, 4, 2, 3, 1, 1]
[1, 1310, 7, 3, 1, 0, 2, 0, 2, 6]
[1, 1310, 2, 7, 8, 3, 1, 3, 2, 6]
[1, 1310, 1, 3, 5, 1, 4, 4, 0, 0]
[1, 1310, 0, 6, 2, 10, 1, 7, 1, 1]
[1, 1310, 1, 9, 4, 1, 5, 2, 7, 5]
[1, 1310, 5, 3, 3, 1, 6, 7, 2, 4]
[1, 1310, 0, 2, 1, 3, 2, 1, 2, 2]
[1, 1310, 2, 5, 5, 0, 5, 3, 1, 4]
[1, 1310, 5, 1, 6, 7, 12, 0, 1, 3]
[1, 1310, 3, 3, 2, 8, 7, 2, 4, 3]
[1, 1310, 5, 4, 5, 2, 2, 2, 1, 0]
[1, 1310, 0, 4, 3, 3, 3, 2, 2, 1]
[1, 1310, 2, 1, 1, 1, 4, 8, 3, 5]
[1, 1310, 0, 5, 1, 10, 5, 5, 5, 3]
[1, 1310, 2, 5, 3, 2, 1, 2, 3, 3]
[1, 1310, 4, 1, 5, 2, 2, 1, 4, 1]
[1, 1310, 2, 5, 6, 2, 0, 1, 1, 9]
[1, 1310, 4, 5, 7, 3, 5, 5, 3, 4]
[1, 1310, 1, 2, 2, 4, 5, 4, 4, 2]
[1, 1310, 5, 2, 0, 4, 3, 5, 3, 1]
[1, 1310, 2, 5, 1, 6, 2, 5, 1, 1]
[1, 1310, 1, 2, 2, 2, 1, 2, 3, 3]
[1, 1310, 7, 2, 2, 3, 2, 2, 4, 6]
[1, 1310, 2, 5, 4, 1, 3, 3, 5, 0]
[1, 1310, 1, 2, 3, 4, 2, 2, 3, 2]
[1, 1310, 2, 4, 4, 2, 1, 5, 6, 3]
[1, 1310, 2, 3, 7, 3, 0, 14, 5, 3]
[1, 1310, 6, 2, 3, 4, 2, 3, 0, 1]
[1, 1310, 3, 8, 3, 5, 5, 5, 3, 7]
[1, 1310, 5, 3, 7, 2, 5, 0, 6, 4]
[1, 1310, 3, 9, 4, 0, 1, 2, 4, 4]
[1, 1310, 1, 0, 2, 3, 1, 5, 4, 1]
[1, 1310, 6, 2, 11, 1, 5, 4, 6, 1]
[1, 1310, 2, 1, 5, 1, 4, 3, 6, 3]
[1, 1310, 5, 4, 4, 2, 1, 0, 3, 0]
[1, 1310, 5, 0, 1, 6, 0, 7, 1, 2]
[1, 1310, 1, 3, 1, 1, 3, 6, 5, 1]
[1, 1310, 3, 2, 3, 0, 5, 2, 5, 3]
[1, 1310, 6, 1, 6, 0, 9, 1, 2, 5]
[1, 1310, 2, 0, 5, 2, 1, 8, 4, 5]
[1, 1310, 4, 3, 1, 4, 2, 2, 3, 0]
[1, 1310, 3, 5, 5, 5, 0, 4, 1, 9]
[1, 1310, 6, 5, 4, 5, 0, 7, 0, 1]
[1, 1310, 10, 3, 7, 1, 3, 1, 3, 4]
[1, 1310, 3, 6, 3, 4, 4, 4, 3, 7]
[1, 1310, 0, 6, 1, 3, 6, 1, 8, 2]
[1, 1310, 6, 5, 2, 6, 2, 0, 1, 8]
[1, 1310, 0, 6, 2, 6, 2, 1, 4, 9]
[1, 1310, 6, 7, 3, 4, 4, 2, 1, 2]
[1, 1310, 8, 3, 5, 2, 2, 0, 0, 7]
[1, 1310, 4, 5, 1, 2, 1, 4, 5, 0]
[1, 1310, 6, 1, 3, 4, 1, 3, 2, 7]
[1, 1310, 2, 3, 0, 2, 3, 0, 3, 5]
[1, 1310, 4, 3, 5, 5, 2, 7, 5, 4]
[1, 1310, 0, 6, 7, 6, 6, 6, 5, 3]
[1, 1310, 1, 1, 4, 5, 3, 7, 2, 2]
[1, 1310, 1, 4, 7, 7, 3, 6, 3, 0]
[1, 1310, 4, 2, 2, 5, 6, 2, 4, 5]
[1, 1310, 5, 3, 6, 7, 2, 3, 3, 4]
[1, 1310, 10, 1, 2, 1, 2, 7, 5, 0]
[1, 1310, 5, 2, 7, 1, 5, 4, 7, 2]
[1, 1310, 1, 1, 3, 1, 7, 1, 2, 5]
[1, 1310, 1, 4, 0, 4, 6, 6, 2, 4]
[1, 1310, 2, 2, 4, 1, 2, 0, 3, 0]
[1, 1310, 5, 2, 4, 4, 5, 5, 2, 2]
[1, 1310, 0, 7, 3, 1, 1, 7, 1, 0]
[1, 1310, 4, 4, 5, 4, 0, 2, 2, 5]
[2, 2621, 9, 12, 10, 14, 7, 9, 8, 7]
[2, 2621, 12, 12, 11, 9, 9, 12, 4, 9]
[2, 2621, 20, 6, 7, 13, 12, 14, 11, 10]
[2, 2621, 13, 2, 10, 7, 7, 15, 11, 2]
[2, 2621, 8, 12, 10, 11, 12, 8, 6, 8]
[2, 2621, 4, 8, 8, 10, 8, 11, 14, 11]
[2, 2621, 11, 15, 6, 16, 13, 11, 6, 8]
[2, 2621, 18, 13, 7, 10, 10, 11, 7, 9]
[2, 2621, 8, 11, 8, 4, 5, 7, 13, 11]
[2, 2621, 11, 8, 11, 15, 6, 14, 12, 13]
[2, 2621, 6, 15, 11, 9, 9, 7, 3, 11]
[2, 2621, 11, 5, 4, 11, 7, 11, 11, 6]
[2, 2621, 2, 8, 12, 16, 7, 8, 8, 8]
[2, 2621, 10, 15, 8, 4, 7, 12, 12, 11]
[2, 2621, 9, 6, 16, 12, 9, 14, 6, 9]
[2, 2621, 10, 11, 16, 26, 8, 16, 8, 3]
[2, 2621, 3, 8, 7, 9, 8, 6, 9, 11]
[2, 2621, 8, 15, 10, 6, 4, 8, 12, 8]
[2, 2621, 12, 6, 13, 22, 7, 12, 16, 14]
[2, 2621, 15, 4, 5, 8, 10, 8, 9, 4]
[2, 2621, 9, 12, 16, 17, 7, 5, 20, 8]
[2, 2621, 12, 10, 15, 10, 13, 6, 5, 11]
[2, 2621, 7, 7, 8, 11, 13, 3, 13, 6]
[2, 2621, 4, 6, 5, 1, 11, 12, 5, 6]
[2, 2621, 1, 14, 6, 19, 11, 12, 11, 5]
[2, 2621, 9, 11, 7, 5, 15, 4, 5, 15]
[2, 2621, 10, 7, 9, 14, 13, 7, 13, 7]
[2, 2621, 9, 11, 7, 10, 10, 8, 5, 7]
[2, 2621, 9, 14, 7, 14, 8, 6, 10, 10]
[2, 2621, 6, 10, 12, 8, 8, 10, 7, 5]
[2, 2621, 11, 8, 15, 7, 9, 17, 10, 15]
[2, 2621, 3, 9, 12, 13, 1, 16, 9, 10]
[2, 2621, 14, 8, 12, 13, 22, 10, 13, 11]
[2, 2621, 12, 7, 6, 7, 10, 14, 6, 16]
[2, 2621, 6, 20, 16, 11, 9, 11, 9, 14]
[2, 2621, 8, 9, 12, 1, 15, 6, 0, 8]
[2, 2621, 8, 9, 10, 18, 7, 16, 2, 7]
[2, 2621, 7, 19, 11, 9, 12, 5, 9, 9]
[2, 2621, 15, 14, 11, 5, 14, 11, 11, 7]
[2, 2621, 5, 7, 13, 7, 15, 6, 9, 6]
[2, 2621, 8, 7, 7, 3, 13, 13, 9, 6]
[2, 2621, 16, 3, 17, 8, 15, 5, 7, 8]
[2, 2621, 11, 11, 7, 14, 18, 9, 19, 8]
[2, 2621, 8, 7, 10, 10, 7, 10, 5, 8]
[2, 2621, 7, 19, 12, 12, 10, 11, 3, 9]
[2, 2621, 12, 8, 10, 11, 12, 11, 7, 15]
[2, 2621, 8, 11, 12, 15, 13, 7, 8, 7]
[2, 2621, 8, 15, 11, 6, 5, 15, 14, 9]
[2, 2621, 9, 16, 9, 6, 10, 11, 14, 4]
[2, 2621, 5, 9, 14, 5, 5, 3, 6, 14]
[2, 2621, 13, 8, 11, 11, 12, 10, 11, 8]
[2, 2621, 15, 9, 8, 4, 9, 8, 11, 7]
[2, 2621, 12, 5, 9, 9, 6, 11, 6, 8]
[2, 2621, 6, 10, 3, 11, 9, 7, 13, 5]
[2, 2621, 6, 10, 8, 5, 9, 11, 10, 11]
[2, 2621, 15, 10, 12, 7, 7, 4, 6, 10]
[2, 2621, 13, 14, 9, 6, 7, 14, 10, 1]
[2, 2621, 4, 14, 8, 12, 11, 7, 16, 11]
[2, 2621, 7, 9, 14, 4, 6, 13, 14, 8]
[2, 2621, 10, 18, 9, 4, 3, 28, 15, 9]
[2, 2621, 13, 6, 11, 9, 5, 9, 14, 5]
[2, 2621, 16, 18, 11, 9, 11, 9, 7, 15]
[2, 2621, 7, 11, 9, 6, 17, 2, 12, 7]
[2, 2621, 8, 23, 6, 1, 5, 9, 9, 12]
[2, 2621, 6, 6, 9, 17, 7, 8, 9, 10]
[2, 2621, 14, 3, 14, 6, 13, 10, 10, 5]
[2, 2621, 12, 8, 11, 17, 9, 3, 13, 9]
[2, 2621, 8, 12, 7, 8, 7, 5, 5, 6]
[2, 2621, 11, 3, 8, 10, 7, 10, 12, 5]
[2, 2621, 12, 11, 9, 13, 5, 11, 12, 8]
[2, 2621, 16, 9, 7, 8, 13, 8, 15, 9]
[2, 2621, 13, 6, 17, 10, 15, 5, 12, 9]
[2, 2621, 8, 9, 12, 21, 3, 22, 11, 11]
[2, 2621, 13, 9, 12, 12, 6, 10, 10, 7]
[2, 2621, 10, 12, 16, 11, 8, 8, 14, 11]
[2, 2621, 11, 19, 11, 6, 12, 18, 6, 8]
[2, 2621, 13, 8, 15, 3, 10, 10, 7, 9]
[2, 2621, 16, 11, 9, 9, 9, 6, 9, 13]
[2, 2621, 12, 8, 11, 14, 12, 7, 23, 9]
[2, 2621, 12, 8, 8, 8, 2, 6, 10, 18]
[2, 2621, 6, 11, 9, 14, 5, 5, 10, 24]
[2, 2621, 9, 9, 10, 17, 10, 5, 9, 7]
[2, 2621, 12, 6, 9, 10, 4, 1, 5, 20]
[2, 2621, 11, 9, 7, 14, 8, 14, 9, 6]
[2, 2621, 9, 4, 14, 7, 8, 8, 12, 11]
[2, 2621, 7, 6, 5, 4, 3, 6, 13, 12]
[2, 2621, 14, 8, 8, 17, 5, 11, 13, 9]
[2, 2621, 9, 21, 18, 11, 10, 12, 14, 20]
[2, 2621, 6, 8, 16, 8, 10, 11, 3, 2]
[2, 2621, 4, 13, 14, 11, 5, 13, 8, 7]
[2, 2621, 10, 5, 9, 8, 11, 10, 8, 11]
[2, 2621, 9, 6, 18, 18, 7, 13, 12, 6]
[2, 2621, 19, 11, 6, 1, 6, 14, 10, 2]
[2, 2621, 11, 8, 10, 9, 9, 8, 12, 11]
[2, 2621, 9, 9, 6, 13, 15, 4, 7, 11]
[2, 2621, 9, 4, 3, 10, 10, 9, 7, 13]
[2, 2621, 7, 4, 9, 10, 11, 8, 17, 5]
[2, 2621, 10, 8, 9, 13, 8, 15, 9, 10]
[2, 2621, 2, 12, 13, 3, 10, 19, 5, 6]
[2, 2621, 13, 8, 11, 9, 8, 8, 9, 14]
[5, 6553, 50, 50, 47, 56, 41, 44, 60, 53]
[5, 6553, 51, 45, 63, 56, 48, 63, 29, 33]
[5, 6553, 53, 42, 32, 54, 54, 52, 46, 37]
[5, 6553, 51, 30, 55, 26, 46, 45, 61, 60]
[5, 6553, 49, 49, 53, 48, 60, 27, 58, 45]
[5, 6553, 51, 50, 50, 54, 46, 59, 79, 66]
[5, 6553, 45, 40, 40, 58, 54, 42, 58, 38]
[5, 6553, 38, 65, 57, 53, 46, 47, 52, 58]
[5, 6553, 41, 32, 36, 70, 48, 32, 56, 44]
[5, 6553, 48, 40, 52, 39, 53, 61, 57, 57]
[5, 6553, 47, 61, 56, 44, 43, 36, 38, 37]
[5, 6553, 51, 44, 38, 49, 35, 60, 43, 56]
[5, 6553, 41, 37, 65, 39, 37, 49, 46, 36]
[5, 6553, 40, 44, 49, 31, 38, 46, 50, 59]
[5, 6553, 56, 60, 47, 58, 41, 51, 28, 48]
[5, 6553, 43, 57, 48, 89, 27, 70, 42, 43]
[5, 6553, 44, 46, 46, 50, 44, 58, 62, 49]
[5, 6553, 53, 34, 49, 50, 32, 51, 66, 43]
[5, 6553, 54, 60, 40, 67, 54, 60, 56, 44]
[5, 6553, 70, 32, 45, 48, 54, 60, 60, 48]
[5, 6553, 41, 62, 46, 58, 39, 38, 70, 55]
[5, 6553, 39, 40, 46, 63, 57, 40, 42, 52]
[5, 6553, 38, 47, 39, 40, 54, 38, 47, 36]
[5, 6553, 38, 51, 42, 47, 52, 46, 42, 43]
[5, 6553, 40, 57, 50, 66, 54, 41, 54, 50]
[5, 6553, 49, 52, 45, 44, 42, 44, 39, 52]
[5, 6553, 42, 54, 47, 58, 38, 39, 53, 28]
[5, 6553, 48, 62, 46, 38, 66, 42, 50, 52]
[5, 6553, 59, 58, 52, 43, 27, 56, 55, 68]
[5, 6553, 37, 50, 45, 51, 41, 33, 49, 42]
[5, 6553, 52, 24, 48, 36, 48, 65, 43, 48]
[5, 6553, 52, 39, 66, 43, 44, 80, 69, 66]
[5, 6553, 69, 41, 60, 32, 52, 47, 36, 61]
[5, 6553, 51, 40, 46, 40, 53, 45, 32, 45]
[5, 6553, 40, 68, 51, 40, 55, 27, 51, 54]
[5, 6553, 39, 59, 51, 27, 65, 41, 49, 50]
[5, 6553, 56, 43, 46, 52, 52, 49, 32, 60]
[5, 6553, 50, 59, 41, 44, 43, 36, 58, 40]
[5, 6553, 37, 48, 58, 49, 46, 60, 42, 33]
[5, 6553, 43, 33, 46, 27, 68, 53, 59, 40]
[5, 6553, 57, 42, 46, 42, 57, 52, 54, 58]
[5, 6553, 58, 45, 56, 42, 57, 48, 35, 42]
[5, 6553, 41, 45, 50, 38, 57, 54, 64, 42]
[5, 6553, 44, 68, 49, 61, 40, 53, 45, 43]
[5, 6553, 40, 47, 38, 54, 37, 51, 42, 46]
[5, 6553, 53, 41, 51, 44, 42, 44, 61, 59]
[5, 6553, 46, 52, 52, 66, 58, 41, 35, 46]
[5, 6553, 35, 44, 52, 39, 28, 50, 47, 42]
[5, 6553, 51, 54, 51, 43, 44, 51, 55, 51]
[5, 6553, 44, 52, 56, 34, 33, 44, 41, 50]
[5, 6553, 44, 47, 44, 57, 48, 50, 50, 36]
[5, 6553, 42, 42, 41, 48, 48, 67, 49, 34]
[5, 6553, 41, 50, 47, 45, 49, 42, 25, 39]
[5, 6553, 50, 61, 74, 60, 68, 44, 52, 38]
[5, 6553, 52, 64, 40, 50, 48, 50, 40, 55]
[5, 6553, 57, 55, 47, 67, 51, 42, 61, 35]
[5, 6553, 39, 43, 36, 30, 53, 64, 57, 42]
[5, 6553, 37, 46, 37, 44, 39, 56, 64, 43]
[5, 6553, 49, 44, 39, 36, 46, 63, 59, 50]
[5, 6553, 59, 54, 48, 32, 35, 81, 56, 41]
[5, 6553, 49, 31, 50, 50, 36, 47, 43, 34]
[5, 6553, 62, 60, 47, 57, 47, 36, 51, 57]
[5, 6553, 51, 49, 39, 27, 55, 50, 54, 42]
[5, 6553, 34, 65, 60, 29, 32, 38, 36, 59]
[5, 6553, 32, 61, 28, 42, 32, 48, 43, 60]
[5, 6553, 67, 37, 46, 49, 45, 64, 47, 46]
[5, 6553, 69, 45, 56, 50, 57, 32, 48, 40]
[5, 6553, 58, 50, 32, 55, 36, 43, 44, 39]
[5, 6553, 62, 53, 51, 55, 47, 59, 56, 33]
[5, 6553, 38, 56, 67, 56, 42, 54, 43, 42]
[5, 6553, 55, 53, 53, 49, 47, 59, 62, 51]
[5, 6553, 39, 52, 64, 56, 48, 42, 63, 33]
[5, 6553, 47, 50, 41, 61, 43, 52, 61, 42]
[5, 6553, 47, 51, 49, 48, 29, 44, 70, 28]
[5, 6553, 37, 52, 56, 58, 27, 47, 45, 52]
[5, 6553, 71, 60, 44, 45, 60, 48, 53, 41]
[5, 6553, 47, 45, 54, 26, 50, 49, 56, 43]
[5, 6553, 61, 58, 36, 43, 49, 46, 50, 61]
[5, 6553, 40, 44, 46, 53, 42, 41, 61, 55]
[5, 6553, 44, 39, 42, 49, 37, 30, 57, 58]
[5, 6553, 36, 45, 24, 43, 66, 40, 41, 58]
[5, 6553, 40, 42, 46, 49, 48, 42, 56, 63]
[5, 6553, 47, 44, 57, 40, 36, 36, 40, 64]
[5, 6553, 57, 56, 27, 57, 54, 46, 31, 46]
[5, 6553, 51, 47, 45, 46, 42, 55, 45, 52]
[5, 6553, 41, 54, 44, 51, 40, 48, 62, 50]
[5, 6553, 49, 45, 49, 60, 34, 45, 48, 46]
[5, 6553, 57, 69, 64, 45, 43, 42, 36, 58]
[5, 6553, 37, 53, 57, 60, 43, 39, 28, 34]
[5, 6553, 48, 45, 46, 41, 35, 54, 39, 53]
[5, 6553, 44, 54, 50, 49, 60, 66, 56, 39]
[5, 6553, 52, 42, 42, 54, 42, 67, 33, 38]
[5, 6553, 51, 55, 27, 46, 33, 49, 52, 41]
[5, 6553, 44, 56, 44, 42, 40, 43, 46, 54]
[5, 6553, 33, 39, 42, 61, 54, 47, 45, 56]
[5, 6553, 57, 45, 42, 41, 48, 49, 64, 52]
[5, 6553, 65, 39, 47, 50, 47, 49, 59, 38]
[5, 6553, 35, 34, 43, 42, 58, 55, 43, 40]
[5, 6553, 30, 59, 47, 44, 44, 64, 52, 37]
[5, 6553, 58, 38, 55, 56, 48, 48, 63, 46]
[10, 13107, 160, 174, 165, 170, 163, 156, 183, 171]
[10, 13107, 151, 161, 179, 172, 164, 205, 167, 160]
[10, 13107, 151, 149, 161, 179, 174, 179, 188, 146]
[10, 13107, 159, 149, 177, 144, 182, 163, 172, 206]
[10, 13107, 155, 170, 155, 162, 189, 152, 189, 167]
[10, 13107, 161, 178, 166, 187, 141, 153, 203, 176]
[10, 13107, 144, 159, 157, 181, 155, 183, 174, 143]
[10, 13107, 146, 196, 143, 193, 201, 179, 203, 177]
[10, 13107, 209, 155, 137, 186, 132, 143, 171, 184]
[10, 13107, 160, 143, 169, 165, 168, 182, 169, 185]
[10, 13107, 189, 184, 160, 200, 165, 169, 150, 143]
[10, 13107, 195, 174, 153, 158, 150, 194, 161, 190]
[10, 13107, 174, 141, 177, 145, 141, 170, 195, 157]
[10, 13107, 163, 165, 191, 175, 153, 177, 189, 171]
[10, 13107, 174, 166, 169, 172, 143, 193, 168, 171]
[10, 13107, 158, 174, 198, 188, 142, 204, 183, 162]
[10, 13107, 197, 174, 153, 174, 198, 186, 188, 172]
[10, 13107, 179, 142, 177, 173, 159, 173, 169, 154]
[10, 13107, 181, 181, 145, 189, 206, 151, 177, 179]
[10, 13107, 187, 153, 169, 157, 177, 183, 189, 156]
[10, 13107, 144, 183, 172, 182, 167, 161, 235, 180]
[10, 13107, 166, 171, 152, 212, 191, 153, 162, 167]
[10, 13107, 167, 175, 162, 148, 193, 181, 140, 177]
[10, 13107, 147, 178, 160, 188, 174, 160, 181, 144]
[10, 13107, 158, 186, 170, 170, 181, 164, 212, 189]
[10, 13107, 183, 174, 166, 142, 179, 196, 133, 176]
[10, 13107, 147, 177, 185, 177, 173, 164, 158, 170]
[10, 13107, 165, 165, 173, 169, 194, 160, 200, 172]
[10, 13107, 182, 193, 160, 182, 161, 164, 173, 183]
[10, 13107, 145, 179, 180, 161, 166, 174, 169, 158]
[10, 13107, 191, 148, 193, 137, 190, 177, 156, 178]
[10, 13107, 165, 166, 215, 149, 166, 202, 169, 173]
[10, 13107, 194, 156, 190, 142, 174, 184, 148, 181]
[10, 13107, 143, 173, 159, 172, 171, 147, 169, 192]
[10, 13107, 165, 193, 192, 133, 193, 143, 160, 176]
[10, 13107, 185, 170, 196, 138, 181, 184, 167, 182]
[10, 13107, 193, 177, 160, 185, 181, 177, 162, 170]
[10, 13107, 159, 207, 189, 161, 144, 183, 180, 164]
[10, 13107, 174, 183, 161, 186, 156, 167, 192, 160]
[10, 13107, 193, 178, 187, 143, 207, 159, 190, 160]
[10, 13107, 159, 177, 153, 169, 160, 163, 161, 179]
[10, 13107, 204, 161, 168, 134, 186, 160, 152, 174]
[10, 13107, 168, 193, 182, 143, 203, 172, 192, 152]
[10, 13107, 157, 194, 164, 207, 181, 169, 195, 153]
[10, 13107, 167, 201, 150, 177, 144, 188, 196, 153]
[10, 13107, 177, 145, 155, 150, 162, 172, 178, 192]
[10, 13107, 155, 164, 173, 198, 196, 177, 152, 175]
[10, 13107, 176, 163, 160, 149, 146, 172, 176, 179]
[10, 13107, 163, 175, 174, 166, 169, 179, 183, 169]
[10, 13107, 141, 184, 184, 172, 162, 163, 187, 171]
[10, 13107, 174, 155, 150, 208, 161, 148, 183, 181]
[10, 13107, 158, 173, 176, 198, 173, 183, 159, 179]
[10, 13107, 149, 162, 181, 175, 173, 177, 132, 168]
[10, 13107, 207, 192, 200, 190, 188, 151, 177, 163]
[10, 13107, 184, 166, 183, 156, 154, 199, 158, 165]
[10, 13107, 185, 187, 198, 181, 158, 191, 174, 145]
[10, 13107, 164, 176, 155, 146, 164, 164, 177, 182]
[10, 13107, 172, 168, 151, 155, 168, 160, 204, 160]
[10, 13107, 165, 146, 163, 166, 163, 193, 188, 182]
[10, 13107, 185, 172, 165, 186, 153, 204, 203, 187]
[10, 13107, 175, 144, 150, 163, 173, 189, 189, 151]
[10, 13107, 167, 235, 165, 171, 149, 158, 153, 168]
[10, 13107, 168, 168, 177, 142, 170, 170, 170, 179]
[10, 13107, 158, 204, 170, 189, 146, 179, 173, 188]
[10, 13107, 182, 178, 171, 171, 130, 167, 147, 189]
[10, 13107, 183, 130, 193, 180, 195, 174, 155, 189]
[10, 13107, 209, 141, 198, 174, 191, 146, 145, 170]
[10, 13107, 168, 167, 178, 169, 155, 172, 166, 171]
[10, 13107, 194, 175, 174, 159, 191, 209, 203, 149]
[10, 13107, 165, 168, 181, 182, 168, 171, 149, 156]
[10, 13107, 159, 182, 170, 165, 164, 182, 200, 179]
[10, 13107, 166, 169, 190, 178, 168, 166, 186, 147]
[10, 13107, 166, 176, 153, 192, 175, 190, 195, 176]
[10, 13107, 144, 158, 159, 170, 150, 153, 176, 134]
[10, 13107, 167, 184, 178, 178, 170, 161, 162, 182]
[10, 13107, 200, 174, 165, 179, 175, 185, 190, 155]
[10, 13107, 190, 192, 146, 158, 179, 171, 179, 180]
[10, 13107, 184, 193, 141, 161, 179, 157, 171, 196]
[10, 13107, 147, 161, 154, 181, 153, 192, 186, 180]
[10, 13107, 162, 160, 175, 165, 176, 124, 167, 194]
[10, 13107, 143, 162, 144, 143, 207, 143, 154, 172]
[10, 13107, 167, 154, 139, 144, 173, 170, 178, 183]
[10, 13107, 181, 179, 186, 151, 132, 135, 161, 210]
[10, 13107, 160, 156, 144, 174, 155, 173, 151, 161]
[10, 13107, 166, 165, 159, 144, 184, 174, 165, 182]
[10, 13107, 177, 144, 151, 165, 159, 172, 170, 201]
[10, 13107, 203, 147, 174, 178, 162, 172, 168, 185]
[10, 13107, 176, 203, 156, 157, 155, 182, 156, 202]
[10, 13107, 152, 170, 194, 184, 177, 160, 157, 127]
[10, 13107, 177, 140, 182, 164, 161, 193, 145, 178]
[10, 13107, 203, 192, 173, 181, 193, 192, 201, 145]
[10, 13107, 180, 179, 202, 157, 180, 174, 186, 160]
[10, 13107, 163, 164, 154, 199, 165, 164, 177, 149]
[10, 13107, 168, 166, 160, 152, 167, 201, 166, 166]
[10, 13107, 161, 164, 187, 197, 170, 166, 194, 174]
[10, 13107, 150, 175, 174, 162, 156, 180, 158, 183]
[10, 13107, 201, 157, 158, 192, 191, 166, 172, 160]
[10, 13107, 141, 143, 153, 150, 190, 167, 204, 154]
[10, 13107, 146, 192, 141, 152, 196, 190, 176, 154]
[10, 13107, 206, 166, 168, 170, 175, 192, 184, 159]
[15, 19660, 365, 363, 347, 365, 354, 353, 389, 347]
[15, 19660, 344, 354, 354, 384, 357, 414, 331, 366]
[15, 19660, 354, 338, 345, 393, 369, 370, 366, 363]
[15, 19660, 355, 346, 369, 338, 350, 363, 354, 402]
[15, 19660, 333, 359, 382, 343, 394, 331, 390, 351]
[15, 19660, 346, 346, 334, 376, 357, 353, 401, 354]
[15, 19660, 353, 349, 373, 391, 363, 400, 388, 337]
[15, 19660, 345, 392, 339, 398, 370, 386, 380, 346]
[15, 19660, 368, 354, 314, 406, 327, 333, 376, 391]
[15, 19660, 363, 314, 349, 373, 346, 393, 358, 367]
[15, 19660, 381, 396, 343, 383, 381, 349, 348, 341]
[15, 19660, 385, 370, 336, 336, 351, 387, 337, 385]
[15, 19660, 393, 327, 361, 320, 367, 354, 445, 362]
[15, 19660, 372, 382, 394, 384, 360, 364, 407, 368]
[15, 19660, 372, 347, 366, 361, 315, 373, 339, 378]
[15, 19660, 397, 358, 374, 349, 340, 401, 363, 323]
[15, 19660, 382, 334, 313, 374, 350, 380, 403, 342]
[15, 19660, 333, 323, 386, 368, 361, 361, 367, 340]
[15, 19660, 403, 371, 339, 397, 417, 349, 389, 378]
[15, 19660, 363, 341, 385, 324, 375, 381, 373, 332]
[15, 19660, 343, 377, 351, 368, 361, 341, 451, 372]
[15, 19660, 353, 391, 365, 392, 380, 345, 368, 375]
[15, 19660, 355, 335, 392, 336, 408, 372, 347, 375]
[15, 19660, 348, 343, 343, 406, 380, 338, 364, 324]
[15, 19660, 351, 366, 370, 378, 371, 332, 403, 363]
[15, 19660, 401, 416, 388, 321, 370, 373, 320, 361]
[15, 19660, 355, 368, 370, 373, 345, 324, 368, 350]
[15, 19660, 326, 351, 345, 393, 385, 374, 361, 389]
[15, 19660, 438, 351, 311, 352, 357, 419, 400, 363]
[15, 19660, 329, 361, 382, 378, 362, 371, 352, 352]
[15, 19660, 360, 363, 388, 331, 390, 385, 322, 372]
[15, 19660, 358, 357, 416, 310, 362, 417, 372, 364]
[15, 19660, 376, 347, 393, 354, 353, 408, 357, 372]
[15, 19660, 364, 358, 317, 315, 347, 334, 348, 391]
[15, 19660, 350, 374, 374, 337, 398, 357, 352, 371]
[15, 19660, 403, 331, 387, 338, 371, 371, 399, 370]
[15, 19660, 430, 362, 382, 369, 365, 385, 343, 381]
[15, 19660, 386, 417, 408, 337, 357, 379, 345, 336]
[15, 19660, 382, 358, 354, 398, 323, 358, 350, 389]
[15, 19660, 400, 339, 424, 313, 363, 371, 367, 347]
[15, 19660, 361, 367, 347, 344, 347, 344, 356, 350]
[15, 19660, 400, 379, 359, 338, 378, 331, 311, 372]
[15, 19660, 356, 404, 381, 326, 383, 368, 401, 362]
[15, 19660, 347, 372, 374, 393, 435, 334, 378, 343]
[15, 19660, 358, 373, 346, 384, 349, 406, 400, 363]
[15, 19660, 380, 341, 320, 363, 372, 376, 387, 375]
[15, 19660, 345, 337, 376, 399, 422, 370, 354, 381]
[15, 19660, 356, 352, 347, 343, 337, 382, 328, 382]
[15, 19660, 395, 342, 362, 368, 336, 365, 373, 346]
[15, 19660, 317, 396, 351, 347, 356, 373, 389, 391]
[15, 19660, 351, 332, 396, 413, 335, 367, 395, 406]
[15, 19660, 369, 375, 342, 410, 351, 391, 363, 411]
[15, 19660, 310, 356, 387, 355, 349, 372, 340, 401]
[15, 19660, 354, 401, 405, 408, 385, 358, 416, 334]
[15, 19660, 371, 362, 353, 352, 334, 417, 335, 358]
[15, 19660, 357, 374, 400, 362, 333, 419, 384, 342]
[15, 19660, 362, 359, 376, 317, 341, 356, 401, 361]
[15, 19660, 350, 321, 380, 313, 356, 343, 378, 329]
[15, 19660, 365, 316, 334, 313, 425, 402, 364, 369]
[15, 19660, 382, 356, 359, 388, 343, 400, 396, 379]
[15, 19660, 338, 340, 329, 337, 401, 360, 398, 326]
[15, 19660, 361, 403, 384, 330, 340, 348, 350, 380]
[15, 19660, 354, 337, 357, 323, 336, 382, 364, 388]
[15, 19660, 377, 388, 347, 390, 331, 341, 383, 393]
[15, 19660, 368, 396, 363, 360, 310, 355, 320, 357]
[15, 19660, 387, 345, 369, 364, 371, 333, 336, 384]
[15, 19660, 379, 319, 406, 384, 373, 318, 319, 356]
[15, 19660, 376, 360, 378, 337, 328, 354, 356, 368]
[15, 19660, 415, 347, 344, 346, 361, 406, 366, 342]
[15, 19660, 347, 378, 377, 382, 379, 389, 365, 377]
[15, 19660, 336, 346, 381, 389, 360, 392, 420, 351]
[15, 19660, 373, 375, 368, 349, 363, 351, 397, 379]
[15, 19660, 355, 350, 385, 381, 375, 401, 404, 382]
[15, 19660, 340, 358, 356, 372, 311, 353, 366, 333]
[15, 19660, 362, 425, 380, 389, 347, 359, 327, 363]
[15, 19660, 374, 377, 338, 356, 376, 345, 428, 342]
[15, 19660, 410, 407, 322, 337, 368, 339, 361, 373]
[15, 19660, 421, 385, 355, 361, 346, 348, 355, 404]
[15, 19660, 332, 347, 339, 368, 391, 359, 362, 357]
[15, 19660, 349, 351, 368, 318, 359, 313, 332, 426]
[15, 19660, 338, 379, 323, 336, 385, 334, 338, 383]
[15, 19660, 335, 323, 329, 347, 345, 368, 408, 373]
[15, 19660, 362, 354, 411, 374, 317, 313, 344, 404]
[15, 19660, 345, 338, 326, 399, 406, 350, 355, 342]
[15, 19660, 343, 402, 369, 306, 359, 366, 362, 367]
[15, 19660, 391, 363, 347, 339, 366, 370, 345, 395]
[15, 19660, 385, 322, 385, 414, 360, 355, 363, 402]
[15, 19660, 338, 382, 345, 345, 324, 364, 340, 370]
[15, 19660, 396, 371, 378, 401, 384, 383, 348, 295]
[15, 19660, 363, 348, 364, 332, 385, 349, 339, 356]
[15, 19660, 416, 394, 384, 356, 377, 374, 415, 327]
[15, 19660, 372, 366, 350, 344, 404, 379, 334, 393]
[15, 19660, 358, 346, 361, 399, 376, 373, 404, 318]
[15, 19660, 365, 346, 391, 350, 368, 370, 345, 350]
[15, 19660, 344, 357, 386, 378, 379, 366, 377, 401]
[15, 19660, 341, 403, 362, 367, 332, 370, 359, 375]
[15, 19660, 406, 354, 314, 418, 355, 363, 338, 360]
[15, 19660, 347, 371, 348, 340, 346, 371, 395, 354]
[15, 19660, 316, 382, 328, 334, 391, 367, 375, 386]
[15, 19660, 418, 350, 381, 357, 346, 387, 366, 357]
[20, 26214, 629, 611, 596, 627, 576, 611, 610, 596]
[20, 26214, 614, 623, 590, 657, 586, 659, 592, 601]
[20, 26214, 617, 571, 619, 660, 604, 607, 637, 634]
[20, 26214, 602, 607, 581, 589, 590, 575, 614, 649]
[20, 26214, 568, 628, 666, 576, 685, 577, 614, 572]
[20, 26214, 591, 602, 575, 619, 608, 600, 665, 589]
[20, 26214, 627, 606, 644, 662, 597, 600, 651, 611]
[20, 26214, 634, 638, 580, 650, 610, 638, 604, 606]
[20, 26214, 659, 587, 564, 678, 604, 600, 645, 638]
[20, 26214, 647, 603, 558, 623, 575, 656, 649, 629]
[20, 26214, 610, 663, 622, 683, 602, 589, 573, 596]
[20, 26214, 651, 649, 638, 621, 567, 626, 634, 603]
[20, 26214, 664, 592, 619, 643, 638, 625, 701, 604]
[20, 26214, 611, 649, 653, 634, 629, 593, 669, 622]
[20, 26214, 683, 583, 679, 593, 565, 626, 594, 664]
[20, 26214, 644, 598, 650, 595, 566, 651, 610, 615]
[20, 26214, 651, 514, 524, 625, 669, 649, 700, 627]
[20, 26214, 584, 547, 670, 621, 618, 621, 592, 618]
[20, 26214, 647, 617, 589, 659, 691, 615, 644, 650]
[20, 26214, 589, 574, 615, 589, 613, 662, 630, 573]
[20, 26214, 583, 631, 580, 608, 622, 586, 698, 689]
[20, 26214, 632, 670, 594, 669, 645, 622, 633, 633]
[20, 26214, 602, 620, 631, 577, 658, 616, 605, 640]
[20, 26214, 627, 585, 584, 681, 629, 624, 590, 577]
[20, 26214, 618, 638, 654, 607, 649, 623, 691, 659]
[20, 26214, 656, 688, 675, 562, 617, 617, 545, 638]
[20, 26214, 572, 647, 639, 667, 571, 622, 620, 594]
[20, 26214, 548, 597, 614, 647, 589, 611, 606, 689]
[20, 26214, 704, 618, 560, 621, 594, 663, 640, 621]
[20, 26214, 607, 626, 586, 640, 586, 650, 590, 598]
[20, 26214, 635, 620, 643, 595, 652, 625, 562, 633]
[20, 26214, 625, 606, 652, 582, 652, 666, 635, 627]
[20, 26214, 636, 616, 679, 621, 626, 628, 619, 617]
[20, 26214, 635, 605, 591, 563, 597, 567, 599, 660]
[20, 26214, 637, 617, 646, 623, 648, 578, 608, 619]
[20, 26214, 639, 551, 668, 617, 622, 610, 638, 635]
[20, 26214, 671, 642, 662, 621, 600, 609, 612, 642]
[20, 26214, 650, 645, 673, 636, 634, 626, 590, 599]
[20, 26214, 673, 659, 602, 668, 580, 639, 586, 651]
[20, 26214, 649, 586, 686, 601, 589, 679, 630, 626]
[20, 26214, 640, 638, 562, 585, 642, 552, 662, 614]
[20, 26214, 655, 679, 611, 562, 626, 622, 563, 609]
[20, 26214, 626, 649, 651, 591, 626, 591, 645, 653]
[20, 26214, 622, 610, 585, 636, 682, 583, 668, 583]
[20, 26214, 589, 599, 582, 661, 622, 701, 649, 669]
[20, 26214, 601, 585, 613, 638, 611, 619, 637, 619]
[20, 26214, 573, 589, 634, 664, 669, 636, 620, 673]
[20, 26214, 659, 633, 605, 574, 592, 652, 555, 601]
[20, 26214, 644, 602, 639, 652, 606, 628, 629, 566]
[20, 26214, 546, 678, 595, 624, 599, 593, 621, 635]
[20, 26214, 626, 613, 649, 662, 602, 629, 668, 695]
[20, 26214, 623, 645, 576, 686, 581, 662, 594, 653]
[20, 26214, 574, 583, 647, 573, 600, 632, 604, 642]
[20, 26214, 601, 634, 655, 701, 653, 596, 697, 577]
[20, 26214, 628, 645, 581, 603, 573, 691, 574, 615]
[20, 26214, 581, 645, 623, 578, 584, 640, 632, 553]
[20, 26214, 618, 623, 595, 583, 601, 633, 638, 613]
[20, 26214, 590, 583, 652, 571, 645, 592, 621, 561]
[20, 26214, 625, 561, 604, 582, 669, 675, 622, 612]
[20, 26214, 619, 628, 617, 619, 555, 638, 644, 637]
[20, 26214, 579, 579, 536, 572, 682, 604, 661, 615]
[20, 26214, 621, 673, 622, 571, 598, 611, 647, 670]
[20, 26214, 597, 589, 613, 576, 590, 614, 636, 626]
[20, 26214, 651, 645, 564, 597, 582, 599, 647, 676]
[20, 26214, 647, 643, 617, 627, 556, 591, 604, 647]
[20, 26214, 649, 607, 621, 628, 644, 591, 596, 653]
[20, 26214, 653, 560, 667, 649, 593, 572, 594, 613]
[20, 26214, 657, 635, 628, 582, 587, 642, 601, 618]
[20, 26214, 636, 618, 582, 553, 609, 731, 594, 597]
[20, 26214, 618, 642, 656, 628, 630, 595, 649, 660]
[20, 26214, 613, 576, 636, 690, 622, 628, 719, 591]
[20, 26214, 618, 644, 634, 594, 616, 630, 633, 634]
[20, 26214, 581, 589, 650, 624, 644, 650, 696, 618]
[20, 26214, 607, 641, 583, 640, 614, 614, 583, 587]
[20, 26214, 630, 710, 627, 665, 551, 619, 544, 615]
[20, 26214, 622, 668, 578, 603, 636, 610, 676, 567]
[20, 26214, 654, 685, 522, 609, 641, 586, 584, 622]
[20, 26214, 674, 653, 669, 629, 572, 597, 620, 648]
[20, 26214, 541, 596, 616, 613, 652, 582, 633, 640]
[20, 26214, 617, 584, 570, 576, 636, 554, 603, 695]
[20, 26214, 566, 651, 554, 605, 649, 561, 595, 620]
[20, 26214, 590, 561, 611, 609, 613, 648, 708, 626]
[20, 26214, 666, 601, 669, 682, 570, 557, 572, 611]
[20, 26214, 597, 574, 588, 661, 641, 595, 598, 608]
[20, 26214, 607, 698, 609, 594, 622, 648, 627, 594]
[20, 26214, 654, 645, 639, 614, 650, 656, 564, 645]
[20, 26214, 638, 596, 640, 693, 616, 618, 614, 634]
[20, 26214, 611, 652, 602, 601, 562, 638, 655, 637]
[20, 26214, 663, 599, 603, 632, 636, 602, 592, 528]
[20, 26214, 664, 604, 623, 596, 646, 597, 604, 595]
[20, 26214, 675, 670, 645, 629, 648, 604, 677, 605]
[20, 26214, 618, 569, 583, 604, 655, 673, 648, 676]
[20, 26214, 594, 592, 583, 617, 596, 576, 659, 590]
[20, 26214, 639, 564, 670, 601, 675, 631, 589, 604]
[20, 26214, 585, 580, 630, 641, 652, 648, 654, 636]
[20, 26214, 589, 640, 647, 627, 595, 696, 613, 648]
[20, 26214, 674, 598, 536, 658, 589, 620, 614, 616]
[20, 26214, 590, 637, 593, 612, 588, 636, 666, 620]
[20, 26214, 616, 628, 568, 642, 681, 644, 627, 659]
[20, 26214, 674, 611, 648, 586, 571, 671, 649, 629]
[25, 32768, 954, 888, 954, 965, 857, 925, 901, 898]
[25, 32768, 962, 960, 902, 1009, 933, 999, 869, 929]
[25, 32768, 891, 885, 945, 975, 929, 907, 959, 932]
[25, 32768, 942, 912, 918, 925, 929, 888, 931, 915]
[25, 32768, 903, 936, 964, 874, 1009, 925, 901, 950]
[25, 32768, 891, 922, 869, 919, 924, 941, 995, 863]
[25, 32768, 968, 925, 943, 1011, 870, 929, 947, 939]
[25, 32768, 965, 957, 862, 994, 959, 935, 931, 896]
[25, 32768, 939, 906, 905, 1000, 944, 924, 920, 981]
[25, 32768, 969, 910, 820, 939, 883, 961, 990, 922]
[25, 32768, 903, 984, 941, 999, 899, 914, 891, 932]
[25, 32768, 957, 913, 991, 933, 836, 950, 953, 942]
[25, 32768, 977, 865, 890, 956, 933, 964, 997, 890]
[25, 32768, 933, 932, 970, 916, 954, 913, 954, 956]
[25, 32768, 988, 862, 981, 911, 876, 952, 945, 980]
[25, 32768, 986, 883, 993, 871, 853, 945, 890, 938]
[25, 32768, 973, 774, 785, 947, 993, 944, 1051, 939]
[25, 32768, 893, 917, 964, 978, 908, 968, 928, 942]
[25, 32768, 958, 927, 900, 978, 1041, 927, 983, 964]
[25, 32768, 951, 856, 887, 962, 918, 976, 962, 865]
[25, 32768, 884, 948, 910, 893, 921, 915, 1026, 1005]
[25, 32768, 940, 966, 927, 995, 970, 937, 954, 972]
[25, 32768, 933, 908, 952, 893, 954, 902, 889, 942]
[25, 32768, 911, 887, 875, 950, 957, 929, 889, 884]
[25, 32768, 929, 955, 1000, 944, 907, 984, 1004, 980]
[25, 32768, 1012, 1011, 979, 868, 917, 945, 863, 943]
[25, 32768, 908, 993, 953, 953, 924, 905, 932, 889]
[25, 32768, 910, 922, 922, 950, 940, 924, 887, 1013]
[25, 32768, 1089, 885, 880, 937, 884, 1028, 952, 938]
[25, 32768, 946, 935, 904, 950, 882, 1026, 930, 961]
[25, 32768, 963, 938, 941, 911, 924, 954, 830, 986]
[25, 32768, 933, 933, 1002, 933, 946, 951, 952, 964]
[25, 32768, 951, 943, 1002, 947, 891, 924, 955, 953]
[25, 32768, 990, 939, 924, 903, 894, 852, 942, 1013]
[25, 32768, 926, 931, 952, 958, 979, 886, 897, 966]
[25, 32768, 971, 899, 975, 949, 930, 912, 932, 940]
[25, 32768, 994, 957, 988, 939, 908, 943, 916, 942]
[25, 32768, 977, 999, 990, 963, 985, 931, 884, 914]
[25, 32768, 990, 955, 897, 1026, 889, 976, 900, 924]
[25, 32768, 948, 920, 1072, 895, 918, 1014, 948, 944]
[25, 32768, 1014, 953, 892, 866, 984, 857, 959, 943]
[25, 32768, 1003, 1013, 929, 885, 910, 945, 895, 921]
[25, 32768, 932, 991, 979, 894, 958, 954, 933, 987]
[25, 32768, 923, 932, 929, 927, 994, 881, 1025, 895]
[25, 32768, 875, 920, 912, 1005, 936, 1030, 948, 1002]
[25, 32768, 915, 917, 941, 938, 965, 929, 992, 927]
[25, 32768, 868, 926, 961, 981, 967, 960, 927, 1054]
[25, 32768, 1037, 963, 908, 886, 895, 945, 915, 900]
[25, 32768, 930, 934, 969, 943, 924, 991, 935, 867]
[25, 32768, 851, 986, 924, 932, 942, 897, 940, 907]
[25, 32768, 947, 936, 960, 969, 918, 960, 977, 1025]
[25, 32768, 917, 960, 914, 1027, 884, 989, 932, 965]
[25, 32768, 874, 897, 980, 876, 933, 933, 937, 972]
[25, 32768, 917, 976, 1024, 991, 962, 916, 999, 894]
[25, 32768, 985, 968, 903, 892, 843, 1003, 898, 948]
[25, 32768, 903, 932, 970, 865, 937, 935, 957, 853]
[25, 32768, 913, 936, 955, 896, 918, 920, 953, 922]
[25, 32768, 886, 937, 974, 862, 961, 920, 930, 833]
[25, 32768, 925, 909, 888, 937, 984, 1012, 929, 919]
[25, 32768, 920, 960, 937, 919, 819, 956, 961, 963]
[25, 32768, 931, 869, 860, 865, 967, 969, 1003, 937]
[25, 32768, 960, 1011, 939, 883, 891, 939, 950, 981]
[25, 32768, 910, 894, 939, 915, 941, 875, 980, 972]
[25, 32768, 956, 984, 864, 926, 855, 893, 962, 983]
[25, 32768, 959, 973, 925, 915, 883, 940, 948, 913]
[25, 32768, 939, 930, 947, 949, 975, 880, 908, 971]
[25, 32768, 986, 885, 1006, 970, 894, 910, 903, 937]
[25, 32768, 977, 926, 949, 920, 865, 917, 905, 913]
[25, 32768, 963, 938, 937, 839, 974, 1025, 899, 901]
[25, 32768, 899, 982, 964, 1027, 927, 953, 1012, 960]
[25, 32768, 928, 871, 940, 967, 917, 927, 1036, 927]
[25, 32768, 945, 963, 975, 911, 987, 962, 946, 933]
[25, 32768, 883, 920, 954, 926, 970, 952, 1015, 914]
[25, 32768, 916, 934, 925, 959, 901, 925, 936, 910]
[25, 32768, 993, 1000, 903, 1001, 852, 946, 863, 912]
[25, 32768, 951, 1004, 883, 959, 902, 909, 972, 910]
[25, 32768, 953, 984, 819, 934, 977, 911, 899, 949]
[25, 32768, 983, 972, 983, 942, 872, 866, 910, 1003]
[25, 32768, 899, 877, 958, 936, 954, 914, 957, 928]
[25, 32768, 930, 934, 880, 891, 992, 854, 893, 999]
[25, 32768, 881, 939, 848, 930, 1055, 895, 931, 977]
[25, 32768, 900, 902, 908, 911, 947, 985, 1037, 964]
[25, 32768, 982, 946, 1026, 982, 880, 917, 900, 890]
[25, 32768, 919, 885, 882, 941, 955, 872, 884, 917]
[25, 32768, 934, 1044, 893, 885, 931, 978, 1000, 882]
[25, 32768, 950, 898, 953, 932, 934, 967, 871, 1019]
[25, 32768, 959, 889, 946, 1003, 963, 935, 957, 983]
[25, 32768, 886, 988, 923, 921, 870, 986, 935, 952]
[25, 32768, 1000, 939, 922, 966, 911, 900, 853, 880]
[25, 32768, 1002, 907, 927, 907, 978, 887, 977, 923]
[25, 32768, 999, 969, 944, 992, 970, 939, 985, 936]
[25, 32768, 903, 884, 916, 939, 992, 962, 941, 951]
[25, 32768, 908, 908, 932, 942, 894, 911, 1001, 897]
[25, 32768, 968, 898, 964, 943, 986, 947, 926, 921]
[25, 32768, 930, 945, 948, 956, 939, 982, 946, 913]
[25, 32768, 892, 956, 979, 934, 914, 1005, 940, 970]
[25, 32768, 1042, 881, 870, 930, 851, 919, 945, 940]
[25, 32768, 907, 964, 927, 880, 893, 946, 977, 909]
[25, 32768, 952, 913, 898, 923, 978, 962, 925, 946]
[25, 32768, 995, 912, 963, 920, 954, 980, 955, 928]
[30, 39321, 1348, 1276, 1321, 1321, 1246, 1299, 1308, 1310]
[30, 39321, 1339, 1352, 1323, 1392, 1310, 1310, 1230, 1232]
[30, 39321, 1233, 1270, 1290, 1346, 1267, 1282, 1376, 1275]
[30, 39321, 1296, 1323, 1298, 1289, 1301, 1261, 1285, 1327]
[30, 39321, 1279, 1321, 1367, 1233, 1402, 1298, 1274, 1342]
[30, 39321, 1238, 1334, 1213, 1309, 1311, 1297, 1390, 1219]
[30, 39321, 1346, 1266, 1317, 1424, 1231, 1307, 1343, 1329]
[30, 39321, 1349, 1372, 1261, 1354, 1346, 1273, 1289, 1297]
[30, 39321, 1285, 1273, 1224, 1389, 1340, 1270, 1304, 1337]
[30, 39321, 1329, 1285, 1192, 1293, 1259, 1423, 1345, 1289]
[30, 39321, 1266, 1357, 1341, 1418, 1272, 1312, 1197, 1276]
[30, 39321, 1344, 1272, 1380, 1322, 1174, 1370, 1304, 1307]
[30, 39321, 1355, 1233, 1284, 1276, 1318, 1386, 1364, 1260]
[30, 39321, 1311, 1323, 1342, 1238, 1289, 1262, 1345, 1369]
[30, 39321, 1342, 1209, 1402, 1246, 1260, 1376, 1328, 1379]
[30, 39321, 1359, 1215, 1363, 1259, 1256, 1298, 1253, 1305]
[30, 39321, 1325, 1144, 1141, 1388, 1380, 1337, 1461, 1320]
[30, 39321, 1245, 1280, 1315, 1397, 1320, 1374, 1290, 1311]
[30, 39321, 1333, 1218, 1258, 1371, 1388, 1312, 1400, 1310]
[30, 39321, 1361, 1244, 1275, 1318, 1260, 1344, 1357, 1236]
[30, 39321, 1247, 1348, 1248, 1265, 1291, 1258, 1430, 1404]
[30, 39321, 1307, 1356, 1317, 1311, 1344, 1257, 1287, 1386]
[30, 39321, 1359, 1257, 1327, 1230, 1348, 1269, 1196, 1336]
[30, 39321, 1264, 1260, 1244, 1335, 1309, 1312, 1284, 1253]
[30, 39321, 1296, 1363, 1375, 1314, 1274, 1317, 1302, 1341]
[30, 39321, 1411, 1372, 1331, 1242, 1285, 1342, 1239, 1340]
[30, 39321, 1299, 1368, 1301, 1364, 1319, 1273, 1309, 1228]
[30, 39321, 1244, 1303, 1284, 1332, 1319, 1279, 1248, 1371]
[30, 39321, 1453, 1282, 1266, 1307, 1277, 1409, 1343, 1330]
[30, 39321, 1295, 1310, 1247, 1323, 1281, 1449, 1302, 1351]
[30, 39321, 1338, 1324, 1299, 1315, 1303, 1329, 1198, 1339]
[30, 39321, 1323, 1335, 1335, 1344, 1289, 1280, 1337, 1360]
[30, 39321, 1306, 1320, 1378, 1322, 1285, 1321, 1360, 1329]
[30, 39321, 1380, 1294, 1265, 1299, 1270, 1244, 1312, 1363]
[30, 39321, 1312, 1313, 1320, 1344, 1355, 1264, 1294, 1310]
[30, 39321, 1319, 1244, 1331, 1312, 1319, 1301, 1303, 1288]
[30, 39321, 1336, 1342, 1361, 1350, 1229, 1321, 1341, 1322]
[30, 39321, 1395, 1369, 1329, 1361, 1359, 1354, 1255, 1275]
[30, 39321, 1361, 1321, 1287, 1378, 1258, 1354, 1253, 1318]
[30, 39321, 1364, 1327, 1481, 1264, 1302, 1375, 1313, 1357]
[30, 39321, 1384, 1356, 1262, 1239, 1384, 1191, 1305, 1275]
[30, 39321, 1389, 1390, 1229, 1261, 1300, 1291, 1269, 1253]
[30, 39321, 1331, 1375, 1404, 1245, 1349, 1350, 1296, 1363]
[30, 39321, 1259, 1259, 1313, 1322, 1406, 1253, 1409, 1251]
[30, 39321, 1224, 1259, 1207, 1401, 1269, 1398, 1307, 1389]
[30, 39321, 1274, 1297, 1302, 1302, 1334, 1264, 1363, 1317]
[30, 39321, 1209, 1240, 1320, 1324, 1339, 1329, 1265, 1454]
[30, 39321, 1417, 1360, 1252, 1283, 1234, 1289, 1254, 1295]
[30, 39321, 1259, 1329, 1371, 1254, 1271, 1382, 1271, 1247]
[30, 39321, 1250, 1344, 1277, 1310, 1307, 1261, 1332, 1233]
[30, 39321, 1267, 1348, 1303, 1326, 1334, 1375, 1255, 1415]
[30, 39321, 1252, 1341, 1300, 1416, 1244, 1385, 1269, 1357]
[30, 39321, 1227, 1278, 1375, 1236, 1347, 1270, 1248, 1300]
[30, 39321, 1306, 1316, 1370, 1317, 1314, 1284, 1393, 1274]
[30, 39321, 1349, 1363, 1312, 1239, 1210, 1368, 1269, 1315]
[30, 39321, 1283, 1324, 1388, 1210, 1287, 1294, 1347, 1257]
[30, 39321, 1266, 1293, 1340, 1278, 1266, 1315, 1289, 1315]
[30, 39321, 1245, 1351, 1353, 1220, 1385, 1293, 1325, 1219]
[30, 39321, 1311, 1287, 1261, 1341, 1331, 1368, 1307, 1255]
[30, 39321, 1273, 1340, 1370, 1308, 1189, 1303, 1330, 1357]
[30, 39321, 1338, 1243, 1262, 1228, 1339, 1307, 1394, 1292]
[30, 39321, 1286, 1353, 1385, 1222, 1206, 1306, 1292, 1315]
[30, 39321, 1300, 1238, 1265, 1376, 1362, 1279, 1333, 1351]
[30, 39321, 1301, 1357, 1220, 1309, 1187, 1251, 1349, 1355]
[30, 39321, 1366, 1367, 1282, 1297, 1279, 1277, 1352, 1277]
[30, 39321, 1365, 1274, 1295, 1325, 1336, 1257, 1315, 1316]
[30, 39321, 1337, 1294, 1403, 1357, 1261, 1289, 1291, 1348]
[30, 39321, 1398, 1302, 1271, 1383, 1223, 1271, 1251, 1300]
[30, 39321, 1312, 1286, 1333, 1224, 1306, 1373, 1259, 1262]
[30, 39321, 1254, 1338, 1312, 1391, 1309, 1346, 1364, 1386]
[30, 39321, 1330, 1227, 1272, 1363, 1271, 1253, 1432, 1284]
[30, 39321, 1315, 1330, 1317, 1279, 1348, 1331, 1311, 1301]
[30, 39321, 1288, 1299, 1339, 1298, 1350, 1282, 1394, 1323]
[30, 39321, 1272, 1319, 1284, 1330, 1298, 1303, 1304, 1288]
[30, 39321, 1374, 1401, 1291, 1391, 1187, 1301, 1227, 1320]
[30, 39321, 1316, 1378, 1269, 1371, 1289, 1269, 1310, 1347]
[30, 39321, 1361, 1370, 1198, 1326, 1376, 1289, 1252, 1301]
[30, 39321, 1309, 1377, 1331, 1324, 1293, 1225, 1289, 1395]
[30, 39321, 1288, 1250, 1303, 1319, 1301, 1276, 1332, 1321]
[30, 39321, 1331, 1280, 1243, 1254, 1399, 1228, 1253, 1383]
[30, 39321, 1271, 1363, 1237, 1279, 1423, 1301, 1298, 1354]
[30, 39321, 1294, 1281, 1306, 1255, 1343, 1300, 1409, 1369]
[30, 39321, 1319, 1343, 1422, 1366, 1266, 1308, 1264, 1295]
[30, 39321, 1281, 1279, 1291, 1305, 1322, 1223, 1284, 1243]
[30, 39321, 1267, 1366, 1206, 1274, 1346, 1328, 1368, 1232]
[30, 39321, 1319, 1236, 1324, 1321, 1332, 1343, 1204, 1435]
[30, 39321, 1395, 1255, 1327, 1390, 1375, 1335, 1276, 1364]
[30, 39321, 1169, 1394, 1327, 1333, 1169, 1331, 1306, 1306]
[30, 39321, 1435, 1352, 1301, 1314, 1306, 1232, 1230, 1268]
[30, 39321, 1345, 1252, 1343, 1292, 1356, 1282, 1382, 1282]
[30, 39321, 1362, 1351, 1289, 1335, 1326, 1274, 1391, 1307]
[30, 39321, 1268, 1269, 1290, 1348, 1316, 1335, 1344, 1334]
[30, 39321, 1310, 1247, 1286, 1343, 1294, 1292, 1363, 1328]
[30, 39321, 1339, 1220, 1312, 1300, 1421, 1296, 1300, 1260]
[30, 39321, 1354, 1310, 1326, 1320, 1307, 1369, 1309, 1262]
[30, 39321, 1274, 1314, 1304, 1320, 1313, 1376, 1330, 1283]
[30, 39321, 1433, 1293, 1239, 1251, 1264, 1290, 1259, 1306]
[30, 39321, 1268, 1327, 1284, 1230, 1290, 1310, 1361, 1280]
[30, 39321, 1350, 1293, 1263, 1316, 1362, 1338, 1278, 1282]
[30, 39321, 1348, 1286, 1341, 1290, 1328, 1323, 1313, 1305]
[35, 45875, 1821, 1674, 1768, 1720, 1691, 1701, 1739, 1755]
[35, 45875, 1737, 1747, 1778, 1865, 1686, 1746, 1614, 1655]
[35, 45875, 1670, 1719, 1707, 1754, 1680, 1662, 1841, 1677]
[35, 45875, 1735, 1730, 1720, 1718, 1710, 1633, 1692, 1766]
[35, 45875, 1711, 1730, 1829, 1674, 1849, 1771, 1702, 1744]
[35, 45875, 1623, 1756, 1660, 1716, 1743, 1776, 1841, 1607]
[35, 45875, 1781, 1670, 1721, 1846, 1640, 1709, 1789, 1785]
[35, 45875, 1755, 1812, 1635, 1794, 1780, 1744, 1745, 1729]
[35, 45875, 1665, 1713, 1653, 1770, 1750, 1690, 1723, 1808]
[35, 45875, 1792, 1687, 1570, 1705, 1677, 1846, 1813, 1683]
[35, 45875, 1706, 1804, 1756, 1845, 1678, 1782, 1602, 1662]
[35, 45875, 1754, 1670, 1811, 1807, 1627, 1795, 1722, 1755]
[35, 45875, 1776, 1672, 1718, 1669, 1722, 1867, 1764, 1737]
[35, 45875, 1751, 1748, 1724, 1655, 1737, 1639, 1751, 1781]
[35, 45875, 1774, 1671, 1843, 1640, 1692, 1757, 1720, 1782]
[35, 45875, 1812, 1607, 1784, 1658, 1715, 1765, 1632, 1713]
[35, 45875, 1764, 1637, 1546, 1794, 1794, 1765, 1899, 1709]
[35, 45875, 1663, 1722, 1748, 1829, 1694, 1851, 1727, 1750]
[35, 45875, 1757, 1657, 1723, 1791, 1764, 1708, 1806, 1753]
[35, 45875, 1768, 1682, 1718, 1737, 1711, 1789, 1782, 1666]
[35, 45875, 1657, 1775, 1649, 1666, 1689, 1696, 1899, 1811]
[35, 45875, 1731, 1787, 1760, 1757, 1746, 1635, 1695, 1815]
[35, 45875, 1803, 1671, 1811, 1636, 1795, 1667, 1662, 1746]
[35, 45875, 1708, 1685, 1685, 1796, 1765, 1704, 1731, 1688]
[35, 45875, 1644, 1786, 1813, 1787, 1678, 1705, 1726, 1727]
[35, 45875, 1854, 1827, 1749, 1700, 1720, 1750, 1672, 1820]
[35, 45875, 1700, 1820, 1683, 1769, 1759, 1698, 1688, 1661]
[35, 45875, 1603, 1753, 1716, 1749, 1739, 1703, 1686, 1763]
[35, 45875, 1858, 1692, 1671, 1755, 1649, 1834, 1733, 1757]
[35, 45875, 1758, 1717, 1656, 1744, 1751, 1889, 1721, 1697]
[35, 45875, 1772, 1742, 1763, 1721, 1757, 1754, 1656, 1774]
[35, 45875, 1735, 1776, 1808, 1757, 1697, 1680, 1720, 1797]
[35, 45875, 1753, 1703, 1798, 1751, 1712, 1770, 1799, 1685]
[35, 45875, 1784, 1759, 1624, 1750, 1683, 1688, 1703, 1767]
[35, 45875, 1786, 1755, 1747, 1811, 1783, 1670, 1754, 1772]
[35, 45875, 1757, 1695, 1826, 1738, 1745, 1725, 1750, 1689]
[35, 45875, 1758, 1742, 1776, 1754, 1677, 1776, 1775, 1784]
[35, 45875, 1817, 1776, 1801, 1776, 1781, 1805, 1700, 1709]
[35, 45875, 1747, 1752, 1701, 1755, 1634, 1796, 1700, 1734]
[35, 45875, 1714, 1785, 1910, 1678, 1744, 1827, 1718, 1759]
[35, 45875, 1825, 1743, 1652, 1613, 1807, 1597, 1734, 1675]
[35, 45875, 1785, 1805, 1684, 1657, 1715, 1740, 1653, 1665]
[35, 45875, 1734, 1794, 1886, 1713, 1788, 1729, 1744, 1770]
[35, 45875, 1715, 1686, 1754, 1745, 1819, 1665, 1823, 1653]
[35, 45875, 1662, 1729, 1637, 1834, 1702, 1795, 1710, 1830]
[35, 45875, 1671, 1731, 1753, 1746, 1748, 1653, 1819, 1745]
[35, 45875, 1602, 1675, 1743, 1762, 1727, 1776, 1689, 1898]
[35, 45875, 1837, 1758, 1699, 1773, 1654, 1729, 1673, 1700]
[35, 45875, 1717, 1741, 1799, 1704, 1723, 1754, 1763, 1654]
[35, 45875, 1722, 1775, 1708, 1736, 1725, 1667, 1771, 1687]
[35, 45875, 1708, 1795, 1704, 1735, 1708, 1833, 1660, 1842]
[35, 45875, 1663, 1792, 1687, 1835, 1673, 1798, 1686, 1762]
[35, 45875, 1640, 1686, 1832, 1713, 1781, 1719, 1628, 1711]
[35, 45875, 1754, 1716, 1807, 1727, 1762, 1712, 1784, 1680]
[35, 45875, 1795, 1764, 1753, 1687, 1626, 1760, 1706, 1796]
[35, 45875, 1676, 1792, 1777, 1691, 1696, 1694, 1816, 1736]
[35, 45875, 1731, 1718, 1764, 1680, 1704, 1767, 1652, 1676]
[35, 45875, 1719, 1743, 1796, 1634, 1808, 1772, 1772, 1632]
[35, 45875, 1788, 1658, 1688, 1728, 1753, 1788, 1751, 1701]
[35, 45875, 1658, 1775, 1824, 1709, 1598, 1752, 1714, 1808]
[35, 45875, 1744, 1653, 1645, 1652, 1769, 1740, 1799, 1714]
[35, 45875, 1681, 1816, 1801, 1719, 1627, 1775, 1715, 1704]
[35, 45875, 1716, 1651, 1683, 1798, 1786, 1683, 1749, 1776]
[35, 45875, 1712, 1808, 1638, 1763, 1581, 1678, 1802, 1766]
[35, 45875, 1750, 1795, 1695, 1725, 1682, 1642, 1761, 1744]
[35, 45875, 1759, 1712, 1706, 1718, 1786, 1673, 1721, 1778]
[35, 45875, 1793, 1735, 1871, 1791, 1678, 1704, 1691, 1708]
[35, 45875, 1799, 1771, 1690, 1826, 1657, 1666, 1663, 1696]
[35, 45875, 1748, 1680, 1762, 1648, 1762, 1832, 1693, 1685]
[35, 45875, 1625, 1748, 1747, 1809, 1692, 1745, 1773, 1758]
[35, 45875, 1749, 1626, 1703, 1817, 1717, 1713, 1846, 1726]
[35, 45875, 1722, 1723, 1761, 1696, 1800, 1730, 1765, 1705]
[35, 45875, 1727, 1677, 1753, 1676, 1785, 1710, 1824, 1781]
[35, 45875, 1706, 1758, 1753, 1759, 1727, 1691, 1729, 1698]
[35, 45875, 1781, 1821, 1739, 1856, 1610, 1707, 1687, 1794]
[35, 45875, 1751, 1786, 1740, 1728, 1703, 1703, 1752, 1789]
[35, 45875, 1745, 1826, 1584, 1757, 1807, 1692, 1682, 1719]
[35, 45875, 1743, 1822, 1743, 1689, 1725, 1645, 1677, 1818]
[35, 45875, 1677, 1711, 1746, 1739, 1762, 1670, 1742, 1754]
[35, 45875, 1797, 1716, 1676, 1675, 1841, 1673, 1686, 1803]
[35, 45875, 1729, 1755, 1690, 1703, 1858, 1738, 1711, 1760]
[35, 45875, 1697, 1717, 1759, 1717, 1745, 1733, 1783, 1792]
[35, 45875, 1704, 1754, 1831, 1791, 1705, 1724, 1676, 1681]
[35, 45875, 1714, 1700, 1706, 1706, 1694, 1658, 1654, 1625]
[35, 45875, 1723, 1812, 1621, 1679, 1769, 1739, 1758, 1659]
[35, 45875, 1739, 1661, 1750, 1710, 1802, 1749, 1595, 1905]
[35, 45875, 1810, 1635, 1763, 1784, 1800, 1751, 1679, 1841]
[35, 45875, 1585, 1787, 1731, 1776, 1602, 1756, 1709, 1712]
[35, 45875, 1912, 1768, 1757, 1734, 1684, 1634, 1646, 1687]
[35, 45875, 1778, 1662, 1791, 1716, 1780, 1681, 1824, 1722]
[35, 45875, 1812, 1777, 1723, 1766, 1689, 1726, 1867, 1755]
[35, 45875, 1753, 1653, 1703, 1813, 1729, 1758, 1774, 1746]
[35, 45875, 1743, 1681, 1724, 1777, 1724, 1679, 1771, 1726]
[35, 45875, 1754, 1653, 1651, 1760, 1859, 1716, 1754, 1701]
[35, 45875, 1810, 1791, 1757, 1688, 1710, 1798, 1731, 1693]
[35, 45875, 1710, 1727, 1759, 1733, 1700, 1836, 1759, 1701]
[35, 45875, 1847, 1743, 1702, 1675, 1675, 1650, 1691, 1753]
[35, 45875, 1651, 1758, 1737, 1688, 1722, 1726, 1800, 1704]
[35, 45875, 1733, 1691, 1660, 1741, 1816, 1794, 1728, 1691]
[35, 45875, 1779, 1747, 1784, 1722, 1806, 1731, 1744, 1731]
[40, 52428, 2305, 2182, 2188, 2211, 2140, 2208, 2171, 2219]
[40, 52428, 2148, 2172, 2258, 2305, 2133, 2164, 2050, 2163]
[40, 52428, 2188, 2189, 2175, 2188, 2160, 2155, 2330, 2121]
[40, 52428, 2223, 2250, 2209, 2146, 2189, 2129, 2196, 2253]
[40, 52428, 2146, 2165, 2295, 2144, 2334, 2242, 2124, 2257]
[40, 52428, 2073, 2154, 2119, 2182, 2185, 2278, 2297, 2069]
[40, 52428, 2237, 2115, 2234, 2279, 2067, 2201, 2248, 2239]
[40, 52428, 2169, 2295, 2085, 2253, 2322, 2253, 2187, 2155]
[40, 52428, 2141, 2191, 2140, 2220, 2201, 2155, 2197, 2296]
[40, 52428, 2331, 2130, 2045, 2221, 2101, 2314, 2308, 2139]
[40, 52428, 2225, 2288, 2185, 2374, 2132, 2234, 2091, 2125]
[40, 52428, 2218, 2203, 2325, 2253, 2088, 2262, 2184, 2181]
[40, 52428, 2247, 2149, 2214, 2154, 2210, 2368, 2300, 2241]
[40, 52428, 2229, 2215, 2262, 2134, 2235, 2129, 2191, 2214]
[40, 52428, 2224, 2119, 2297, 2119, 2174, 2185, 2171, 2252]
[40, 52428, 2274, 2068, 2257, 2128, 2201, 2234, 2131, 2159]
[40, 52428, 2263, 2088, 1927, 2299, 2263, 2246, 2371, 2225]
[40, 52428, 2103, 2191, 2186, 2318, 2202, 2333, 2250, 2231]
[40, 52428, 2261, 2107, 2197, 2230, 2254, 2182, 2225, 2239]
[40, 52428, 2234, 2170, 2196, 2194, 2146, 2235, 2274, 2182]
[40, 52428, 2124, 2230, 2109, 2173, 2150, 2189, 2384, 2316]
[40, 52428, 2226, 2210, 2248, 2299, 2204, 2135, 2168, 2285]
[40, 52428, 2267, 2148, 2311, 2082, 2274, 2117, 2169, 2237]
[40, 52428, 2165, 2082, 2171, 2287, 2267, 2167, 2197, 2168]
[40, 52428, 2128, 2285, 2285, 2344, 2153, 2196, 2184, 2233]
[40, 52428, 2323, 2282, 2226, 2127, 2226, 2212, 2118, 2296]
[40, 52428, 2133, 2337, 2117, 2251, 2172, 2174, 2157, 2079]
[40, 52428, 2037, 2266, 2147, 2189, 2285, 2204, 2123, 2229]
[40, 52428, 2298, 2195, 2119, 2244, 2109, 2282, 2204, 2245]
[40, 52428, 2219, 2162, 2144, 2221, 2241, 2335, 2217, 2161]
[40, 52428, 2265, 2243, 2209, 2154, 2222, 2225, 2121, 2263]
[40, 52428, 2209, 2231, 2280, 2240, 2183, 2139, 2216, 2245]
[40, 52428, 2200, 2188, 2261, 2241, 2150, 2183, 2283, 2152]
[40, 52428, 2267, 2214, 2057, 2210, 2149, 2132, 2170, 2225]
[40, 52428, 2284, 2157, 2219, 2312, 2205, 2174, 2198, 2189]
[40, 52428, 2190, 2190, 2298, 2183, 2232, 2201, 2247, 2088]
[40, 52428, 2240, 2199, 2242, 2227, 2165, 2228, 2247, 2238]
[40, 52428, 2298, 2251, 2240, 2258, 2251, 2308, 2183, 2240]
[40, 52428, 2180, 2235, 2181, 2210, 2103, 2250, 2196, 2189]
[40, 52428, 2153, 2275, 2428, 2134, 2280, 2295, 2196, 2178]
[40, 52428, 2308, 2220, 2137, 2074, 2344, 2038, 2187, 2172]
[40, 52428, 2316, 2282, 2182, 2133, 2206, 2199, 2112, 2108]
[40, 52428, 2229, 2218, 2375, 2201, 2271, 2192, 2214, 2250]
[40, 52428, 2174, 2185, 2293, 2218, 2288, 2107, 2294, 2050]
[40, 52428, 2116, 2235, 2089, 2287, 2186, 2208, 2182, 2311]
[40, 52428, 2086, 2222, 2259, 2243, 2199, 2094, 2267, 2206]
[40, 52428, 2066, 2126, 2173, 2217, 2206, 2244, 2126, 2407]
[40, 52428, 2273, 2215, 2152, 2265, 2101, 2221, 2169, 2181]
[40, 52428, 2152, 2160, 2275, 2174, 2189, 2240, 2211, 2163]
[40, 52428, 2247, 2233, 2175, 2225, 2198, 2150, 2222, 2140]
[40, 52428, 2163, 2239, 2201, 2237, 2147, 2285, 2167, 2267]
[40, 52428, 2034, 2265, 2143, 2346, 2210, 2306, 2178, 2276]
[40, 52428, 2117, 2130, 2297, 2178, 2254, 2268, 2082, 2216]
[40, 52428, 2199, 2163, 2296, 2136, 2270, 2174, 2290, 2112]
[40, 52428, 2252, 2210, 2236, 2119, 2092, 2206, 2162, 2221]
[40, 52428, 2131, 2248, 2230, 2184, 2157, 2202, 2251, 2222]
[40, 52428, 2218, 2212, 2249, 2124, 2196, 2220, 2121, 2136]
[40, 52428, 2210, 2207, 2224, 2064, 2251, 2241, 2267, 2127]
[40, 52428, 2266, 2169, 2167, 2247, 2201, 2193, 2259, 2175]
[40, 52428, 2137, 2263, 2293, 2117, 2054, 2259, 2237, 2261]
[40, 52428, 2243, 2152, 2142, 2090, 2204, 2226, 2280, 2138]
[40, 52428, 2112, 2313, 2272, 2228, 2078, 2223, 2196, 2172]
[40, 52428, 2173, 2146, 2179, 2312, 2279, 2150, 2217, 2260]
[40, 52428, 2226, 2272, 2118, 2266, 2002, 2184, 2312, 2253]
[40, 52428, 2194, 2254, 2191, 2177, 2173, 2088, 2258, 2207]
[40, 52428, 2199, 2137, 2137, 2248, 2248, 2158, 2206, 2183]
[40, 52428, 2264, 2185, 2286, 2266, 2139, 2159, 2188, 2236]
[40, 52428, 2271, 2209, 2185, 2286, 2122, 2120, 2142, 2147]
[40, 52428, 2224, 2158, 2172, 2127, 2209, 2289, 2157, 2129]
[40, 52428, 2108, 2246, 2195, 2275, 2186, 2166, 2282, 2196]
[40, 52428, 2240, 2099, 2181, 2275, 2199, 2202, 2313, 2217]
[40, 52428, 2190, 2153, 2203, 2143, 2247, 2162, 2276, 2209]
[40, 52428, 2207, 2152, 2222, 2199, 2273, 2139, 2341, 2219]
[40, 52428, 2165, 2206, 2208, 2218, 2218, 2207, 2190, 2148]
[40, 52428, 2241, 2263, 2153, 2321, 2029, 2158, 2131, 2257]
[40, 52428, 2197, 2233, 2199, 2195, 2192, 2141, 2256, 2291]
[40, 52428, 2203, 2241, 2049, 2221, 2283, 2164, 2127, 2189]
[40, 52428, 2150, 2261, 2185, 2200, 2234, 2156, 2141, 2316]
[40, 52428, 2163, 2185, 2176, 2217, 2266, 2147, 2235, 2187]
[40, 52428, 2265, 2162, 2132, 2165, 2310, 2169, 2134, 2344]
[40, 52428, 2147, 2269, 2221, 2199, 2314, 2183, 2209, 2200]
[40, 52428, 2196, 2209, 2236, 2216, 2194, 2217, 2221, 2270]
[40, 52428, 2138, 2230, 2351, 2302, 2243, 2193, 2150, 2140]
[40, 52428, 2217, 2160, 2169, 2246, 2206, 2133, 2093, 2108]
[40, 52428, 2230, 2289, 2085, 2199, 2244, 2209, 2243, 2109]
[40, 52428, 2180, 2151, 2197, 2207, 2238, 2235, 2113, 2354]
[40, 52428, 2323, 2143, 2247, 2225, 2263, 2207, 2093, 2334]
[40, 52428, 2058, 2313, 2237, 2254, 2084, 2230, 2146, 2179]
[40, 52428, 2343, 2243, 2311, 2234, 2130, 2087, 2082, 2116]
[40, 52428, 2257, 2108, 2285, 2165, 2251, 2142, 2326, 2168]
[40, 52428, 2211, 2254, 2243, 2184, 2151, 2198, 2372, 2186]
[40, 52428, 2242, 2077, 2169, 2282, 2187, 2233, 2295, 2168]
[40, 52428, 2218, 2140, 2113, 2260, 2189, 2128, 2233, 2198]
[40, 52428, 2192, 2133, 2118, 2199, 2372, 2253, 2247, 2126]
[40, 52428, 2263, 2246, 2255, 2165, 2150, 2279, 2174, 2143]
[40, 52428, 2234, 2156, 2232, 2238, 2153, 2359, 2234, 2177]
[40, 52428, 2299, 2226, 2175, 2108, 2198, 2092, 2159, 2254]
[40, 52428, 2152, 2198, 2207, 2181, 2223, 2156, 2269, 2206]
[40, 52428, 2217, 2200, 2153, 2219, 2350, 2263, 2176, 2159]
[40, 52428, 2262, 2250, 2292, 2192, 2244, 2178, 2203, 2162]
