[1, 1310, 0]
[1, 1310, 0]
[1, 1310, 1]
[1, 1310, 0]
[1, 1310, 0]
[1, 1310, 1]
[1, 1310, 0]
[1, 1310, 0]
[1, 1310, 0]
[1, 1310, 2]
[1, 1310, 0]
[1, 1310, 0]
[1, 1310, 0]
[1, 1310, 0]
[1, 1310, 1]
[1, 1310, 0]
[1, 1310, 0]
[1, 1310, 0]
[1, 1310, 0]
[1, 1310, 0]
[1, 1310, 0]
[1, 1310, 0]
[1, 1310, 0]
[1, 1310, 0]
[1, 1310, 1]
[1, 1310, 0]
[1, 1310, 0]
[1, 1310, 0]
[1, 1310, 0]
[1, 1310, 0]
[1, 1310, 3]
[1, 1310, 3]
[1, 1310, 0]
[1, 1310, 0]
[1, 1310, 1]
[1, 1310, 0]
[1, 1310, 0]
[1, 1310, 1]
[1, 1310, 0]
[1, 1310, 0]
[1, 1310, 0]
[1, 1310, 0]
[1, 1310, 0]
[1, 1310, 0]
[1, 1310, 0]
[1, 1310, 0]
[1, 1310, 0]
[1, 1310, 0]
[1, 1310, 0]
[1, 1310, 0]
[1, 1310, 0]
[1, 1310, 0]
[1, 1310, 0]
[1, 1310, 0]
[1, 1310, 1]
[1, 1310, 0]
[1, 1310, 0]
[1, 1310, 1]
[1, 1310, 0]
[1, 1310, 0]
[1, 1310, 1]
[1, 1310, 2]
[1, 1310, 2]
[1, 1310, 0]
[1, 1310, 0]
[1, 1310, 0]
[1, 1310, 0]
[1, 1310, 0]
[1, 1310, 1]
[1, 1310, 0]
[1, 1310, 0]
[1, 1310, 1]
[1, 1310, 0]
[1, 1310, 1]
[1, 1310, 0]
[1, 1310, 1]
[1, 1310, 0]
[1, 1310, 0]
[1, 1310, 0]
[1, 1310, 0]
[1, 1310, 0]
[1, 1310, 0]
[1, 1310, 2]
[1, 1310, 0]
[1, 1310, 0]
[1, 1310, 0]
[1, 1310, 0]
[1, 1310, 0]
[1, 1310, 1]
[1, 1310, 0]
[1, 1310, 3]
[1, 1310, 0]
[1, 1310, 0]
[1, 1310, 0]
[1, 1310, 0]
[1, 1310, 0]
[1, 1310, 0]
[1, 1310, 2]
[1, 1310, 0]
[1, 1310, 0]
[2, 2621, 2]
[2, 2621, 2]
[2, 2621, 2]
[2, 2621, 1]
[2, 2621, 1]
[2, 2621, 4]
[2, 2621, 0]
[2, 2621, 2]
[2, 2621, 1]
[2, 2621, 1]
[2, 2621, 0]
[2, 2621, 1]
[2, 2621, 0]
[2, 2621, 0]
[2, 2621, 2]
[2, 2621, 2]
[2, 2621, 0]
[2, 2621, 0]
[2, 2621, 0]
[2, 2621, 0]
[2, 2621, 0]
[2, 2621, 0]
[2, 2621, 2]
[2, 2621, 0]
[2, 2621, 1]
[2, 2621, 0]
[2, 2621, 1]
[2, 2621, 1]
[2, 2621, 0]
[2, 2621, 0]
[2, 2621, 4]
[2, 2621, 4]
[2, 2621, 0]
[2, 2621, 0]
[2, 2621, 3]
[2, 2621, 1]
[2, 2621, 0]
[2, 2621, 0]
[2, 2621, 0]
[2, 2621, 1]
[2, 2621, 3]
[2, 2621, 1]
[2, 2621, 3]
[2, 2621, 0]
[2, 2621, 0]
[2, 2621, 0]
[2, 2621, 2]
[2, 2621, 0]
[2, 2621, 3]
[2, 2621, 0]
[2, 2621, 2]
[2, 2621, 3]
[2, 2621, 5]
[2, 2621, 1]
[2, 2621, 2]
[2, 2621, 2]
[2, 2621, 0]
[2, 2621, 1]
[2, 2621, 1]
[2, 2621, 1]
[2, 2621, 1]
[2, 2621, 3]
[2, 2621, 4]
[2, 2621, 0]
[2, 2621, 1]
[2, 2621, 0]
[2, 2621, 1]
[2, 2621, 0]
[2, 2621, 5]
[2, 2621, 4]
[2, 2621, 4]
[2, 2621, 3]
[2, 2621, 0]
[2, 2621, 2]
[2, 2621, 0]
[2, 2621, 3]
[2, 2621, 0]
[2, 2621, 0]
[2, 2621, 3]
[2, 2621, 3]
[2, 2621, 0]
[2, 2621, 3]
[2, 2621, 2]
[2, 2621, 0]
[2, 2621, 1]
[2, 2621, 1]
[2, 2621, 1]
[2, 2621, 4]
[2, 2621, 1]
[2, 2621, 2]
[2, 2621, 6]
[2, 2621, 2]
[2, 2621, 0]
[2, 2621, 0]
[2, 2621, 0]
[2, 2621, 2]
[2, 2621, 2]
[2, 2621, 9]
[2, 2621, 0]
[2, 2621, 0]
[5, 6553, 1]
[5, 6553, 9]
[5, 6553, 12]
[5, 6553, 7]
[5, 6553, 5]
[5, 6553, 7]
[5, 6553, 13]
[5, 6553, 16]
[5, 6553, 10]
[5, 6553, 11]
[5, 6553, 11]
[5, 6553, 10]
[5, 6553, 7]
[5, 6553, 4]
[5, 6553, 7]
[5, 6553, 11]
[5, 6553, 3]
[5, 6553, 11]
[5, 6553, 13]
[5, 6553, 6]
[5, 6553, 5]
[5, 6553, 12]
[5, 6553, 7]
[5, 6553, 7]
[5, 6553, 7]
[5, 6553, 6]
[5, 6553, 11]
[5, 6553, 7]
[5, 6553, 9]
[5, 6553, 2]
[5, 6553, 25]
[5, 6553, 14]
[5, 6553, 15]
[5, 6553, 14]
[5, 6553, 8]
[5, 6553, 13]
[5, 6553, 9]
[5, 6553, 5]
[5, 6553, 13]
[5, 6553, 13]
[5, 6553, 8]
[5, 6553, 10]
[5, 6553, 14]
[5, 6553, 5]
[5, 6553, 9]
[5, 6553, 7]
[5, 6553, 12]
[5, 6553, 1]
[5, 6553, 7]
[5, 6553, 4]
[5, 6553, 7]
[5, 6553, 13]
[5, 6553, 11]
[5, 6553, 4]
[5, 6553, 16]
[5, 6553, 10]
[5, 6553, 3]
[5, 6553, 10]
[5, 6553, 8]
[5, 6553, 10]
[5, 6553, 13]
[5, 6553, 8]
[5, 6553, 9]
[5, 6553, 8]
[5, 6553, 12]
[5, 6553, 10]
[5, 6553, 14]
[5, 6553, 1]
[5, 6553, 13]
[5, 6553, 11]
[5, 6553, 11]
[5, 6553, 8]
[5, 6553, 6]
[5, 6553, 12]
[5, 6553, 7]
[5, 6553, 7]
[5, 6553, 12]
[5, 6553, 9]
[5, 6553, 4]
[5, 6553, 10]
[5, 6553, 2]
[5, 6553, 17]
[5, 6553, 11]
[5, 6553, 9]
[5, 6553, 9]
[5, 6553, 6]
[5, 6553, 11]
[5, 6553, 22]
[5, 6553, 12]
[5, 6553, 9]
[5, 6553, 5]
[5, 6553, 6]
[5, 6553, 16]
[5, 6553, 12]
[5, 6553, 10]
[5, 6553, 1]
[5, 6553, 15]
[5, 6553, 19]
[5, 6553, 10]
[5, 6553, 5]
[10, 13107, 37]
[10, 13107, 38]
[10, 13107, 57]
[10, 13107, 52]
[10, 13107, 29]
[10, 13107, 41]
[10, 13107, 61]
[10, 13107, 63]
[10, 13107, 58]
[10, 13107, 53]
[10, 13107, 49]
[10, 13107, 42]
[10, 13107, 61]
[10, 13107, 44]
[10, 13107, 45]
[10, 13107, 52]
[10, 13107, 50]
[10, 13107, 42]
[10, 13107, 47]
[10, 13107, 64]
[10, 13107, 54]
[10, 13107, 50]
[10, 13107, 56]
[10, 13107, 67]
[10, 13107, 36]
[10, 13107, 48]
[10, 13107, 61]
[10, 13107, 60]
[10, 13107, 61]
[10, 13107, 25]
[10, 13107, 61]
[10, 13107, 71]
[10, 13107, 61]
[10, 13107, 36]
[10, 13107, 43]
[10, 13107, 59]
[10, 13107, 52]
[10, 13107, 42]
[10, 13107, 51]
[10, 13107, 72]
[10, 13107, 60]
[10, 13107, 50]
[10, 13107, 56]
[10, 13107, 48]
[10, 13107, 52]
[10, 13107, 66]
[10, 13107, 53]
[10, 13107, 38]
[10, 13107, 48]
[10, 13107, 58]
[10, 13107, 56]
[10, 13107, 67]
[10, 13107, 54]
[10, 13107, 57]
[10, 13107, 59]
[10, 13107, 58]
[10, 13107, 56]
[10, 13107, 55]
[10, 13107, 49]
[10, 13107, 66]
[10, 13107, 33]
[10, 13107, 40]
[10, 13107, 41]
[10, 13107, 46]
[10, 13107, 60]
[10, 13107, 61]
[10, 13107, 54]
[10, 13107, 54]
[10, 13107, 68]
[10, 13107, 68]
[10, 13107, 42]
[10, 13107, 53]
[10, 13107, 38]
[10, 13107, 52]
[10, 13107, 43]
[10, 13107, 37]
[10, 13107, 48]
[10, 13107, 47]
[10, 13107, 47]
[10, 13107, 55]
[10, 13107, 58]
[10, 13107, 65]
[10, 13107, 52]
[10, 13107, 58]
[10, 13107, 53]
[10, 13107, 41]
[10, 13107, 53]
[10, 13107, 56]
[10, 13107, 52]
[10, 13107, 43]
[10, 13107, 50]
[10, 13107, 45]
[10, 13107, 81]
[10, 13107, 51]
[10, 13107, 47]
[10, 13107, 34]
[10, 13107, 49]
[10, 13107, 63]
[10, 13107, 53]
[10, 13107, 42]
[15, 19660, 136]
[15, 19660, 120]
[15, 19660, 143]
[15, 19660, 138]
[15, 19660, 124]
[15, 19660, 134]
[15, 19660, 159]
[15, 19660, 141]
[15, 19660, 133]
[15, 19660, 141]
[15, 19660, 142]
[15, 19660, 148]
[15, 19660, 177]
[15, 19660, 156]
[15, 19660, 168]
[15, 19660, 172]
[15, 19660, 155]
[15, 19660, 132]
[15, 19660, 131]
[15, 19660, 146]
[15, 19660, 150]
[15, 19660, 140]
[15, 19660, 141]
[15, 19660, 175]
[15, 19660, 141]
[15, 19660, 152]
[15, 19660, 181]
[15, 19660, 160]
[15, 19660, 149]
[15, 19660, 84]
[15, 19660, 152]
[15, 19660, 151]
[15, 19660, 159]
[15, 19660, 134]
[15, 19660, 150]
[15, 19660, 146]
[15, 19660, 147]
[15, 19660, 153]
[15, 19660, 132]
[15, 19660, 168]
[15, 19660, 151]
[15, 19660, 139]
[15, 19660, 141]
[15, 19660, 158]
[15, 19660, 125]
[15, 19660, 164]
[15, 19660, 151]
[15, 19660, 125]
[15, 19660, 139]
[15, 19660, 139]
[15, 19660, 160]
[15, 19660, 178]
[15, 19660, 149]
[15, 19660, 139]
[15, 19660, 115]
[15, 19660, 134]
[15, 19660, 138]
[15, 19660, 148]
[15, 19660, 143]
[15, 19660, 157]
[15, 19660, 125]
[15, 19660, 114]
[15, 19660, 150]
[15, 19660, 139]
[15, 19660, 167]
[15, 19660, 174]
[15, 19660, 150]
[15, 19660, 137]
[15, 19660, 149]
[15, 19660, 176]
[15, 19660, 150]
[15, 19660, 143]
[15, 19660, 155]
[15, 19660, 155]
[15, 19660, 151]
[15, 19660, 148]
[15, 19660, 126]
[15, 19660, 127]
[15, 19660, 176]
[15, 19660, 159]
[15, 19660, 156]
[15, 19660, 182]
[15, 19660, 170]
[15, 19660, 126]
[15, 19660, 161]
[15, 19660, 150]
[15, 19660, 133]
[15, 19660, 148]
[15, 19660, 152]
[15, 19660, 142]
[15, 19660, 172]
[15, 19660, 136]
[15, 19660, 175]
[15, 19660, 141]
[15, 19660, 157]
[15, 19660, 134]
[15, 19660, 147]
[15, 19660, 173]
[15, 19660, 137]
[15, 19660, 147]
[20, 26214, 299]
[20, 26214, 316]
[20, 26214, 315]
[20, 26214, 299]
[20, 26214, 297]
[20, 26214, 298]
[20, 26214, 339]
[20, 26214, 335]
[20, 26214, 283]
[20, 26214, 279]
[20, 26214, 298]
[20, 26214, 308]
[20, 26214, 337]
[20, 26214, 335]
[20, 26214, 308]
[20, 26214, 336]
[20, 26214, 315]
[20, 26214, 316]
[20, 26214, 306]
[20, 26214, 316]
[20, 26214, 324]
[20, 26214, 313]
[20, 26214, 310]
[20, 26214, 361]
[20, 26214, 300]
[20, 26214, 301]
[20, 26214, 338]
[20, 26214, 355]
[20, 26214, 313]
[20, 26214, 236]
[20, 26214, 302]
[20, 26214, 320]
[20, 26214, 309]
[20, 26214, 323]
[20, 26214, 339]
[20, 26214, 355]
[20, 26214, 304]
[20, 26214, 314]
[20, 26214, 308]
[20, 26214, 293]
[20, 26214, 318]
[20, 26214, 312]
[20, 26214, 285]
[20, 26214, 352]
[20, 26214, 339]
[20, 26214, 318]
[20, 26214, 328]
[20, 26214, 288]
[20, 26214, 323]
[20, 26214, 315]
[20, 26214, 323]
[20, 26214, 331]
[20, 26214, 326]
[20, 26214, 279]
[20, 26214, 285]
[20, 26214, 287]
[20, 26214, 299]
[20, 26214, 299]
[20, 26214, 272]
[20, 26214, 294]
[20, 26214, 315]
[20, 26214, 259]
[20, 26214, 333]
[20, 26214, 303]
[20, 26214, 328]
[20, 26214, 307]
[20, 26214, 290]
[20, 26214, 287]
[20, 26214, 319]
[20, 26214, 312]
[20, 26214, 307]
[20, 26214, 329]
[20, 26214, 306]
[20, 26214, 314]
[20, 26214, 265]
[20, 26214, 283]
[20, 26214, 306]
[20, 26214, 296]
[20, 26214, 364]
[20, 26214, 281]
[20, 26214, 333]
[20, 26214, 376]
[20, 26214, 346]
[20, 26214, 290]
[20, 26214, 339]
[20, 26214, 338]
[20, 26214, 280]
[20, 26214, 315]
[20, 26214, 326]
[20, 26214, 264]
[20, 26214, 358]
[20, 26214, 309]
[20, 26214, 341]
[20, 26214, 262]
[20, 26214, 338]
[20, 26214, 306]
[20, 26214, 322]
[20, 26214, 330]
[20, 26214, 317]
[20, 26214, 322]
[25, 32768, 536]
[25, 32768, 595]
[25, 32768, 573]
[25, 32768, 543]
[25, 32768, 569]
[25, 32768, 544]
[25, 32768, 564]
[25, 32768, 607]
[25, 32768, 535]
[25, 32768, 553]
[25, 32768, 562]
[25, 32768, 628]
[25, 32768, 576]
[25, 32768, 586]
[25, 32768, 556]
[25, 32768, 585]
[25, 32768, 577]
[25, 32768, 540]
[25, 32768, 543]
[25, 32768, 570]
[25, 32768, 565]
[25, 32768, 568]
[25, 32768, 574]
[25, 32768, 617]
[25, 32768, 535]
[25, 32768, 551]
[25, 32768, 597]
[25, 32768, 628]
[25, 32768, 558]
[25, 32768, 470]
[25, 32768, 543]
[25, 32768, 546]
[25, 32768, 566]
[25, 32768, 547]
[25, 32768, 580]
[25, 32768, 610]
[25, 32768, 561]
[25, 32768, 546]
[25, 32768, 574]
[25, 32768, 566]
[25, 32768, 573]
[25, 32768, 568]
[25, 32768, 521]
[25, 32768, 607]
[25, 32768, 555]
[25, 32768, 570]
[25, 32768, 546]
[25, 32768, 513]
[25, 32768, 570]
[25, 32768, 562]
[25, 32768, 584]
[25, 32768, 531]
[25, 32768, 558]
[25, 32768, 531]
[25, 32768, 509]
[25, 32768, 545]
[25, 32768, 526]
[25, 32768, 563]
[25, 32768, 485]
[25, 32768, 583]
[25, 32768, 572]
[25, 32768, 479]
[25, 32768, 601]
[25, 32768, 557]
[25, 32768, 565]
[25, 32768, 573]
[25, 32768, 537]
[25, 32768, 511]
[25, 32768, 573]
[25, 32768, 562]
[25, 32768, 549]
[25, 32768, 595]
[25, 32768, 525]
[25, 32768, 560]
[25, 32768, 494]
[25, 32768, 539]
[25, 32768, 541]
[25, 32768, 553]
[25, 32768, 602]
[25, 32768, 524]
[25, 32768, 548]
[25, 32768, 681]
[25, 32768, 595]
[25, 32768, 511]
[25, 32768, 559]
[25, 32768, 557]
[25, 32768, 502]
[25, 32768, 576]
[25, 32768, 545]
[25, 32768, 514]
[25, 32768, 570]
[25, 32768, 569]
[25, 32768, 607]
[25, 32768, 535]
[25, 32768, 551]
[25, 32768, 521]
[25, 32768, 579]
[25, 32768, 540]
[25, 32768, 536]
[25, 32768, 557]
[30, 39321, 876]
[30, 39321, 916]
[30, 39321, 954]
[30, 39321, 894]
[30, 39321, 895]
[30, 39321, 846]
[30, 39321, 913]
[30, 39321, 905]
[30, 39321, 833]
[30, 39321, 868]
[30, 39321, 879]
[30, 39321, 937]
[30, 39321, 957]
[30, 39321, 935]
[30, 39321, 875]
[30, 39321, 941]
[30, 39321, 901]
[30, 39321, 921]
[30, 39321, 886]
[30, 39321, 909]
[30, 39321, 929]
[30, 39321, 915]
[30, 39321, 917]
[30, 39321, 937]
[30, 39321, 879]
[30, 39321, 872]
[30, 39321, 936]
[30, 39321, 965]
[30, 39321, 890]
[30, 39321, 807]
[30, 39321, 896]
[30, 39321, 879]
[30, 39321, 898]
[30, 39321, 940]
[30, 39321, 878]
[30, 39321, 931]
[30, 39321, 882]
[30, 39321, 852]
[30, 39321, 970]
[30, 39321, 858]
[30, 39321, 875]
[30, 39321, 860]
[30, 39321, 822]
[30, 39321, 995]
[30, 39321, 904]
[30, 39321, 946]
[30, 39321, 921]
[30, 39321, 879]
[30, 39321, 929]
[30, 39321, 864]
[30, 39321, 941]
[30, 39321, 875]
[30, 39321, 867]
[30, 39321, 878]
[30, 39321, 867]
[30, 39321, 840]
[30, 39321, 846]
[30, 39321, 930]
[30, 39321, 819]
[30, 39321, 867]
[30, 39321, 893]
[30, 39321, 843]
[30, 39321, 916]
[30, 39321, 889]
[30, 39321, 905]
[30, 39321, 927]
[30, 39321, 879]
[30, 39321, 885]
[30, 39321, 904]
[30, 39321, 814]
[30, 39321, 878]
[30, 39321, 943]
[30, 39321, 928]
[30, 39321, 963]
[30, 39321, 850]
[30, 39321, 869]
[30, 39321, 953]
[30, 39321, 932]
[30, 39321, 992]
[30, 39321, 870]
[30, 39321, 921]
[30, 39321, 1026]
[30, 39321, 963]
[30, 39321, 817]
[30, 39321, 901]
[30, 39321, 911]
[30, 39321, 827]
[30, 39321, 902]
[30, 39321, 851]
[30, 39321, 826]
[30, 39321, 919]
[30, 39321, 850]
[30, 39321, 931]
[30, 39321, 845]
[30, 39321, 901]
[30, 39321, 816]
[30, 39321, 930]
[30, 39321, 878]
[30, 39321, 874]
[30, 39321, 899]
[35, 45875, 1272]
[35, 45875, 1315]
[35, 45875, 1409]
[35, 45875, 1342]
[35, 45875, 1333]
[35, 45875, 1295]
[35, 45875, 1323]
[35, 45875, 1256]
[35, 45875, 1282]
[35, 45875, 1271]
[35, 45875, 1311]
[35, 45875, 1400]
[35, 45875, 1368]
[35, 45875, 1407]
[35, 45875, 1257]
[35, 45875, 1391]
[35, 45875, 1338]
[35, 45875, 1387]
[35, 45875, 1349]
[35, 45875, 1314]
[35, 45875, 1324]
[35, 45875, 1358]
[35, 45875, 1394]
[35, 45875, 1358]
[35, 45875, 1299]
[35, 45875, 1322]
[35, 45875, 1362]
[35, 45875, 1354]
[35, 45875, 1326]
[35, 45875, 1261]
[35, 45875, 1277]
[35, 45875, 1334]
[35, 45875, 1370]
[35, 45875, 1306]
[35, 45875, 1371]
[35, 45875, 1383]
[35, 45875, 1327]
[35, 45875, 1311]
[35, 45875, 1403]
[35, 45875, 1302]
[35, 45875, 1276]
[35, 45875, 1324]
[35, 45875, 1318]
[35, 45875, 1388]
[35, 45875, 1302]
[35, 45875, 1370]
[35, 45875, 1291]
[35, 45875, 1330]
[35, 45875, 1331]
[35, 45875, 1259]
[35, 45875, 1368]
[35, 45875, 1288]
[35, 45875, 1283]
[35, 45875, 1324]
[35, 45875, 1340]
[35, 45875, 1270]
[35, 45875, 1321]
[35, 45875, 1306]
[35, 45875, 1259]
[35, 45875, 1310]
[35, 45875, 1321]
[35, 45875, 1222]
[35, 45875, 1369]
[35, 45875, 1291]
[35, 45875, 1360]
[35, 45875, 1358]
[35, 45875, 1324]
[35, 45875, 1290]
[35, 45875, 1351]
[35, 45875, 1299]
[35, 45875, 1367]
[35, 45875, 1409]
[35, 45875, 1356]
[35, 45875, 1416]
[35, 45875, 1272]
[35, 45875, 1333]
[35, 45875, 1449]
[35, 45875, 1431]
[35, 45875, 1460]
[35, 45875, 1330]
[35, 45875, 1335]
[35, 45875, 1460]
[35, 45875, 1442]
[35, 45875, 1206]
[35, 45875, 1297]
[35, 45875, 1306]
[35, 45875, 1271]
[35, 45875, 1311]
[35, 45875, 1255]
[35, 45875, 1280]
[35, 45875, 1339]
[35, 45875, 1315]
[35, 45875, 1381]
[35, 45875, 1296]
[35, 45875, 1310]
[35, 45875, 1213]
[35, 45875, 1310]
[35, 45875, 1348]
[35, 45875, 1314]
[35, 45875, 1326]
[40, 52428, 1776]
[40, 52428, 1839]
[40, 52428, 1929]
[40, 52428, 1904]
[40, 52428, 1786]
[40, 52428, 1803]
[40, 52428, 1830]
[40, 52428, 1802]
[40, 52428, 1753]
[40, 52428, 1815]
[40, 52428, 1826]
[40, 52428, 1931]
[40, 52428, 1915]
[40, 52428, 1899]
[40, 52428, 1804]
[40, 52428, 1874]
[40, 52428, 1876]
[40, 52428, 1932]
[40, 52428, 1929]
[40, 52428, 1823]
[40, 52428, 1844]
[40, 52428, 1844]
[40, 52428, 1904]
[40, 52428, 1899]
[40, 52428, 1775]
[40, 52428, 1818]
[40, 52428, 1866]
[40, 52428, 1899]
[40, 52428, 1828]
[40, 52428, 1766]
[40, 52428, 1859]
[40, 52428, 1800]
[40, 52428, 1896]
[40, 52428, 1846]
[40, 52428, 1929]
[40, 52428, 1847]
[40, 52428, 1893]
[40, 52428, 1818]
[40, 52428, 1910]
[40, 52428, 1933]
[40, 52428, 1882]
[40, 52428, 1794]
[40, 52428, 1834]
[40, 52428, 1945]
[40, 52428, 1865]
[40, 52428, 1856]
[40, 52428, 1789]
[40, 52428, 1899]
[40, 52428, 1880]
[40, 52428, 1750]
[40, 52428, 1839]
[40, 52428, 1846]
[40, 52428, 1789]
[40, 52428, 1845]
[40, 52428, 1847]
[40, 52428, 1812]
[40, 52428, 1798]
[40, 52428, 1805]
[40, 52428, 1868]
[40, 52428, 1733]
[40, 52428, 1894]
[40, 52428, 1716]
[40, 52428, 1830]
[40, 52428, 1815]
[40, 52428, 1861]
[40, 52428, 1874]
[40, 52428, 1842]
[40, 52428, 1751]
[40, 52428, 1912]
[40, 52428, 1799]
[40, 52428, 1903]
[40, 52428, 1998]
[40, 52428, 1833]
[40, 52428, 1940]
[40, 52428, 1750]
[40, 52428, 1775]
[40, 52428, 1904]
[40, 52428, 1971]
[40, 52428, 1942]
[40, 52428, 1823]
[40, 52428, 1875]
[40, 52428, 1925]
[40, 52428, 1954]
[40, 52428, 1755]
[40, 52428, 1796]
[40, 52428, 1885]
[40, 52428, 1809]
[40, 52428, 1874]
[40, 52428, 1754]
[40, 52428, 1787]
[40, 52428, 1862]
[40, 52428, 1887]
[40, 52428, 1920]
[40, 52428, 1838]
[40, 52428, 1816]
[40, 52428, 1733]
[40, 52428, 1816]
[40, 52428, 1840]
[40, 52428, 1903]
[40, 52428, 1787]
