[1, 1310, 1]
[1, 1310, 1]
[1, 1310, 0]
[1, 1310, 0]
[1, 1310, 2]
[1, 1310, 0]
[1, 1310, 0]
[1, 1310, 1]
[1, 1310, 0]
[1, 1310, 0]
[1, 1310, 1]
[1, 1310, 0]
[1, 1310, 0]
[1, 1310, 0]
[1, 1310, 1]
[1, 1310, 0]
[1, 1310, 0]
[1, 1310, 0]
[1, 1310, 0]
[1, 1310, 1]
[1, 1310, 3]
[1, 1310, 0]
[1, 1310, 0]
[1, 1310, 1]
[1, 1310, 0]
[1, 1310, 0]
[1, 1310, 0]
[1, 1310, 1]
[1, 1310, 0]
[1, 1310, 0]
[1, 1310, 0]
[1, 1310, 0]
[1, 1310, 1]
[1, 1310, 0]
[1, 1310, 1]
[1, 1310, 0]
[1, 1310, 0]
[1, 1310, 0]
[1, 1310, 1]
[1, 1310, 1]
[1, 1310, 0]
[1, 1310, 0]
[1, 1310, 0]
[1, 1310, 0]
[1, 1310, 0]
[1, 1310, 0]
[1, 1310, 0]
[1, 1310, 0]
[1, 1310, 0]
[1, 1310, 0]
[1, 1310, 0]
[1, 1310, 1]
[1, 1310, 0]
[1, 1310, 0]
[1, 1310, 1]
[1, 1310, 0]
[1, 1310, 0]
[1, 1310, 1]
[1, 1310, 2]
[1, 1310, 0]
[1, 1310, 3]
[1, 1310, 0]
[1, 1310, 0]
[1, 1310, 0]
[1, 1310, 0]
[1, 1310, 1]
[1, 1310, 0]
[1, 1310, 0]
[1, 1310, 0]
[1, 1310, 0]
[1, 1310, 0]
[1, 1310, 2]
[1, 1310, 3]
[1, 1310, 0]
[1, 1310, 0]
[1, 1310, 1]
[1, 1310, 0]
[1, 1310, 0]
[1, 1310, 0]
[1, 1310, 1]
[1, 1310, 0]
[1, 1310, 2]
[1, 1310, 3]
[1, 1310, 0]
[1, 1310, 0]
[1, 1310, 0]
[1, 1310, 0]
[1, 1310, 0]
[1, 1310, 0]
[1, 1310, 0]
[1, 1310, 0]
[1, 1310, 0]
[1, 1310, 0]
[1, 1310, 2]
[1, 1310, 0]
[1, 1310, 0]
[1, 1310, 0]
[1, 1310, 0]
[1, 1310, 0]
[1, 1310, 1]
[2, 2621, 1]
[2, 2621, 3]
[2, 2621, 1]
[2, 2621, 1]
[2, 2621, 1]
[2, 2621, 1]
[2, 2621, 0]
[2, 2621, 0]
[2, 2621, 0]
[2, 2621, 1]
[2, 2621, 2]
[2, 2621, 0]
[2, 2621, 1]
[2, 2621, 3]
[2, 2621, 3]
[2, 2621, 0]
[2, 2621, 1]
[2, 2621, 2]
[2, 2621, 0]
[2, 2621, 1]
[2, 2621, 3]
[2, 2621, 0]
[2, 2621, 0]
[2, 2621, 1]
[2, 2621, 2]
[2, 2621, 1]
[2, 2621, 2]
[2, 2621, 1]
[2, 2621, 0]
[2, 2621, 2]
[2, 2621, 2]
[2, 2621, 0]
[2, 2621, 3]
[2, 2621, 2]
[2, 2621, 1]
[2, 2621, 0]
[2, 2621, 0]
[2, 2621, 5]
[2, 2621, 0]
[2, 2621, 0]
[2, 2621, 0]
[2, 2621, 1]
[2, 2621, 1]
[2, 2621, 0]
[2, 2621, 1]
[2, 2621, 0]
[2, 2621, 1]
[2, 2621, 0]
[2, 2621, 2]
[2, 2621, 0]
[2, 2621, 0]
[2, 2621, 4]
[2, 2621, 4]
[2, 2621, 0]
[2, 2621, 2]
[2, 2621, 0]
[2, 2621, 0]
[2, 2621, 1]
[2, 2621, 4]
[2, 2621, 2]
[2, 2621, 3]
[2, 2621, 1]
[2, 2621, 1]
[2, 2621, 2]
[2, 2621, 5]
[2, 2621, 3]
[2, 2621, 0]
[2, 2621, 0]
[2, 2621, 3]
[2, 2621, 5]
[2, 2621, 0]
[2, 2621, 5]
[2, 2621, 4]
[2, 2621, 0]
[2, 2621, 3]
[2, 2621, 4]
[2, 2621, 2]
[2, 2621, 1]
[2, 2621, 1]
[2, 2621, 4]
[2, 2621, 2]
[2, 2621, 1]
[2, 2621, 4]
[2, 2621, 0]
[2, 2621, 0]
[2, 2621, 2]
[2, 2621, 0]
[2, 2621, 1]
[2, 2621, 0]
[2, 2621, 1]
[2, 2621, 2]
[2, 2621, 2]
[2, 2621, 0]
[2, 2621, 2]
[2, 2621, 0]
[2, 2621, 3]
[2, 2621, 0]
[2, 2621, 2]
[2, 2621, 2]
[2, 2621, 1]
[5, 6553, 8]
[5, 6553, 15]
[5, 6553, 5]
[5, 6553, 11]
[5, 6553, 5]
[5, 6553, 12]
[5, 6553, 5]
[5, 6553, 11]
[5, 6553, 6]
[5, 6553, 11]
[5, 6553, 4]
[5, 6553, 6]
[5, 6553, 10]
[5, 6553, 8]
[5, 6553, 12]
[5, 6553, 12]
[5, 6553, 9]
[5, 6553, 16]
[5, 6553, 3]
[5, 6553, 8]
[5, 6553, 8]
[5, 6553, 20]
[5, 6553, 6]
[5, 6553, 2]
[5, 6553, 10]
[5, 6553, 15]
[5, 6553, 4]
[5, 6553, 13]
[5, 6553, 7]
[5, 6553, 21]
[5, 6553, 5]
[5, 6553, 11]
[5, 6553, 8]
[5, 6553, 8]
[5, 6553, 10]
[5, 6553, 3]
[5, 6553, 8]
[5, 6553, 11]
[5, 6553, 4]
[5, 6553, 9]
[5, 6553, 12]
[5, 6553, 10]
[5, 6553, 4]
[5, 6553, 8]
[5, 6553, 11]
[5, 6553, 8]
[5, 6553, 8]
[5, 6553, 7]
[5, 6553, 16]
[5, 6553, 3]
[5, 6553, 10]
[5, 6553, 12]
[5, 6553, 9]
[5, 6553, 4]
[5, 6553, 7]
[5, 6553, 7]
[5, 6553, 9]
[5, 6553, 6]
[5, 6553, 10]
[5, 6553, 8]
[5, 6553, 9]
[5, 6553, 10]
[5, 6553, 6]
[5, 6553, 8]
[5, 6553, 14]
[5, 6553, 9]
[5, 6553, 9]
[5, 6553, 12]
[5, 6553, 13]
[5, 6553, 11]
[5, 6553, 5]
[5, 6553, 13]
[5, 6553, 9]
[5, 6553, 13]
[5, 6553, 4]
[5, 6553, 12]
[5, 6553, 9]
[5, 6553, 10]
[5, 6553, 5]
[5, 6553, 14]
[5, 6553, 11]
[5, 6553, 13]
[5, 6553, 9]
[5, 6553, 6]
[5, 6553, 9]
[5, 6553, 12]
[5, 6553, 10]
[5, 6553, 7]
[5, 6553, 13]
[5, 6553, 9]
[5, 6553, 11]
[5, 6553, 12]
[5, 6553, 3]
[5, 6553, 10]
[5, 6553, 8]
[5, 6553, 11]
[5, 6553, 8]
[5, 6553, 7]
[5, 6553, 6]
[5, 6553, 9]
[10, 13107, 45]
[10, 13107, 83]
[10, 13107, 41]
[10, 13107, 36]
[10, 13107, 59]
[10, 13107, 72]
[10, 13107, 62]
[10, 13107, 43]
[10, 13107, 35]
[10, 13107, 47]
[10, 13107, 27]
[10, 13107, 46]
[10, 13107, 56]
[10, 13107, 35]
[10, 13107, 56]
[10, 13107, 62]
[10, 13107, 50]
[10, 13107, 63]
[10, 13107, 69]
[10, 13107, 66]
[10, 13107, 44]
[10, 13107, 62]
[10, 13107, 38]
[10, 13107, 48]
[10, 13107, 48]
[10, 13107, 48]
[10, 13107, 65]
[10, 13107, 45]
[10, 13107, 48]
[10, 13107, 66]
[10, 13107, 46]
[10, 13107, 40]
[10, 13107, 51]
[10, 13107, 55]
[10, 13107, 51]
[10, 13107, 38]
[10, 13107, 57]
[10, 13107, 57]
[10, 13107, 49]
[10, 13107, 67]
[10, 13107, 59]
[10, 13107, 72]
[10, 13107, 41]
[10, 13107, 57]
[10, 13107, 34]
[10, 13107, 40]
[10, 13107, 47]
[10, 13107, 70]
[10, 13107, 56]
[10, 13107, 41]
[10, 13107, 66]
[10, 13107, 52]
[10, 13107, 48]
[10, 13107, 31]
[10, 13107, 46]
[10, 13107, 45]
[10, 13107, 57]
[10, 13107, 68]
[10, 13107, 47]
[10, 13107, 37]
[10, 13107, 69]
[10, 13107, 67]
[10, 13107, 46]
[10, 13107, 52]
[10, 13107, 59]
[10, 13107, 43]
[10, 13107, 49]
[10, 13107, 66]
[10, 13107, 60]
[10, 13107, 51]
[10, 13107, 46]
[10, 13107, 47]
[10, 13107, 40]
[10, 13107, 50]
[10, 13107, 50]
[10, 13107, 64]
[10, 13107, 53]
[10, 13107, 44]
[10, 13107, 52]
[10, 13107, 36]
[10, 13107, 47]
[10, 13107, 50]
[10, 13107, 58]
[10, 13107, 55]
[10, 13107, 49]
[10, 13107, 40]
[10, 13107, 45]
[10, 13107, 54]
[10, 13107, 40]
[10, 13107, 55]
[10, 13107, 49]
[10, 13107, 51]
[10, 13107, 49]
[10, 13107, 50]
[10, 13107, 25]
[10, 13107, 53]
[10, 13107, 42]
[10, 13107, 33]
[10, 13107, 44]
[10, 13107, 50]
[15, 19660, 152]
[15, 19660, 168]
[15, 19660, 140]
[15, 19660, 109]
[15, 19660, 167]
[15, 19660, 156]
[15, 19660, 158]
[15, 19660, 108]
[15, 19660, 155]
[15, 19660, 126]
[15, 19660, 117]
[15, 19660, 145]
[15, 19660, 160]
[15, 19660, 113]
[15, 19660, 145]
[15, 19660, 135]
[15, 19660, 155]
[15, 19660, 162]
[15, 19660, 165]
[15, 19660, 157]
[15, 19660, 170]
[15, 19660, 144]
[15, 19660, 126]
[15, 19660, 149]
[15, 19660, 149]
[15, 19660, 141]
[15, 19660, 171]
[15, 19660, 142]
[15, 19660, 137]
[15, 19660, 161]
[15, 19660, 120]
[15, 19660, 139]
[15, 19660, 146]
[15, 19660, 154]
[15, 19660, 141]
[15, 19660, 128]
[15, 19660, 149]
[15, 19660, 139]
[15, 19660, 125]
[15, 19660, 164]
[15, 19660, 160]
[15, 19660, 195]
[15, 19660, 135]
[15, 19660, 146]
[15, 19660, 145]
[15, 19660, 131]
[15, 19660, 115]
[15, 19660, 171]
[15, 19660, 162]
[15, 19660, 136]
[15, 19660, 155]
[15, 19660, 159]
[15, 19660, 156]
[15, 19660, 140]
[15, 19660, 159]
[15, 19660, 145]
[15, 19660, 154]
[15, 19660, 179]
[15, 19660, 164]
[15, 19660, 142]
[15, 19660, 151]
[15, 19660, 151]
[15, 19660, 122]
[15, 19660, 152]
[15, 19660, 152]
[15, 19660, 145]
[15, 19660, 152]
[15, 19660, 135]
[15, 19660, 140]
[15, 19660, 138]
[15, 19660, 146]
[15, 19660, 132]
[15, 19660, 135]
[15, 19660, 147]
[15, 19660, 123]
[15, 19660, 156]
[15, 19660, 157]
[15, 19660, 153]
[15, 19660, 162]
[15, 19660, 130]
[15, 19660, 132]
[15, 19660, 157]
[15, 19660, 134]
[15, 19660, 144]
[15, 19660, 129]
[15, 19660, 124]
[15, 19660, 161]
[15, 19660, 153]
[15, 19660, 166]
[15, 19660, 139]
[15, 19660, 147]
[15, 19660, 154]
[15, 19660, 152]
[15, 19660, 154]
[15, 19660, 126]
[15, 19660, 142]
[15, 19660, 138]
[15, 19660, 132]
[15, 19660, 127]
[15, 19660, 145]
[20, 26214, 324]
[20, 26214, 319]
[20, 26214, 295]
[20, 26214, 264]
[20, 26214, 349]
[20, 26214, 308]
[20, 26214, 321]
[20, 26214, 283]
[20, 26214, 303]
[20, 26214, 295]
[20, 26214, 280]
[20, 26214, 304]
[20, 26214, 351]
[20, 26214, 275]
[20, 26214, 311]
[20, 26214, 309]
[20, 26214, 297]
[20, 26214, 342]
[20, 26214, 291]
[20, 26214, 322]
[20, 26214, 326]
[20, 26214, 317]
[20, 26214, 305]
[20, 26214, 312]
[20, 26214, 295]
[20, 26214, 305]
[20, 26214, 354]
[20, 26214, 325]
[20, 26214, 281]
[20, 26214, 327]
[20, 26214, 303]
[20, 26214, 324]
[20, 26214, 279]
[20, 26214, 351]
[20, 26214, 291]
[20, 26214, 279]
[20, 26214, 307]
[20, 26214, 282]
[20, 26214, 270]
[20, 26214, 329]
[20, 26214, 294]
[20, 26214, 359]
[20, 26214, 289]
[20, 26214, 334]
[20, 26214, 299]
[20, 26214, 299]
[20, 26214, 283]
[20, 26214, 359]
[20, 26214, 342]
[20, 26214, 297]
[20, 26214, 329]
[20, 26214, 352]
[20, 26214, 314]
[20, 26214, 290]
[20, 26214, 300]
[20, 26214, 325]
[20, 26214, 345]
[20, 26214, 352]
[20, 26214, 339]
[20, 26214, 296]
[20, 26214, 351]
[20, 26214, 320]
[20, 26214, 304]
[20, 26214, 365]
[20, 26214, 298]
[20, 26214, 319]
[20, 26214, 282]
[20, 26214, 291]
[20, 26214, 331]
[20, 26214, 300]
[20, 26214, 314]
[20, 26214, 310]
[20, 26214, 311]
[20, 26214, 314]
[20, 26214, 253]
[20, 26214, 300]
[20, 26214, 327]
[20, 26214, 297]
[20, 26214, 327]
[20, 26214, 313]
[20, 26214, 292]
[20, 26214, 349]
[20, 26214, 335]
[20, 26214, 332]
[20, 26214, 310]
[20, 26214, 286]
[20, 26214, 359]
[20, 26214, 302]
[20, 26214, 330]
[20, 26214, 320]
[20, 26214, 293]
[20, 26214, 258]
[20, 26214, 335]
[20, 26214, 329]
[20, 26214, 310]
[20, 26214, 301]
[20, 26214, 300]
[20, 26214, 275]
[20, 26214, 280]
[20, 26214, 314]
[25, 32768, 550]
[25, 32768, 572]
[25, 32768, 501]
[25, 32768, 500]
[25, 32768, 617]
[25, 32768, 529]
[25, 32768, 583]
[25, 32768, 500]
[25, 32768, 553]
[25, 32768, 543]
[25, 32768, 514]
[25, 32768, 533]
[25, 32768, 575]
[25, 32768, 495]
[25, 32768, 583]
[25, 32768, 592]
[25, 32768, 583]
[25, 32768, 617]
[25, 32768, 560]
[25, 32768, 548]
[25, 32768, 577]
[25, 32768, 548]
[25, 32768, 574]
[25, 32768, 562]
[25, 32768, 562]
[25, 32768, 557]
[25, 32768, 615]
[25, 32768, 580]
[25, 32768, 556]
[25, 32768, 537]
[25, 32768, 589]
[25, 32768, 538]
[25, 32768, 550]
[25, 32768, 546]
[25, 32768, 550]
[25, 32768, 556]
[25, 32768, 529]
[25, 32768, 552]
[25, 32768, 552]
[25, 32768, 580]
[25, 32768, 520]
[25, 32768, 597]
[25, 32768, 554]
[25, 32768, 600]
[25, 32768, 595]
[25, 32768, 525]
[25, 32768, 553]
[25, 32768, 649]
[25, 32768, 571]
[25, 32768, 553]
[25, 32768, 599]
[25, 32768, 589]
[25, 32768, 532]
[25, 32768, 518]
[25, 32768, 512]
[25, 32768, 525]
[25, 32768, 604]
[25, 32768, 608]
[25, 32768, 568]
[25, 32768, 526]
[25, 32768, 573]
[25, 32768, 495]
[25, 32768, 563]
[25, 32768, 617]
[25, 32768, 531]
[25, 32768, 554]
[25, 32768, 547]
[25, 32768, 527]
[25, 32768, 604]
[25, 32768, 529]
[25, 32768, 584]
[25, 32768, 524]
[25, 32768, 565]
[25, 32768, 566]
[25, 32768, 516]
[25, 32768, 554]
[25, 32768, 573]
[25, 32768, 511]
[25, 32768, 602]
[25, 32768, 561]
[25, 32768, 551]
[25, 32768, 588]
[25, 32768, 592]
[25, 32768, 565]
[25, 32768, 589]
[25, 32768, 512]
[25, 32768, 566]
[25, 32768, 574]
[25, 32768, 612]
[25, 32768, 584]
[25, 32768, 513]
[25, 32768, 486]
[25, 32768, 592]
[25, 32768, 621]
[25, 32768, 550]
[25, 32768, 580]
[25, 32768, 535]
[25, 32768, 554]
[25, 32768, 526]
[25, 32768, 538]
[30, 39321, 866]
[30, 39321, 905]
[30, 39321, 858]
[30, 39321, 849]
[30, 39321, 986]
[30, 39321, 849]
[30, 39321, 914]
[30, 39321, 864]
[30, 39321, 898]
[30, 39321, 872]
[30, 39321, 855]
[30, 39321, 873]
[30, 39321, 860]
[30, 39321, 848]
[30, 39321, 934]
[30, 39321, 919]
[30, 39321, 847]
[30, 39321, 964]
[30, 39321, 920]
[30, 39321, 904]
[30, 39321, 897]
[30, 39321, 891]
[30, 39321, 901]
[30, 39321, 881]
[30, 39321, 907]
[30, 39321, 840]
[30, 39321, 945]
[30, 39321, 922]
[30, 39321, 817]
[30, 39321, 941]
[30, 39321, 928]
[30, 39321, 878]
[30, 39321, 866]
[30, 39321, 900]
[30, 39321, 882]
[30, 39321, 856]
[30, 39321, 928]
[30, 39321, 891]
[30, 39321, 881]
[30, 39321, 919]
[30, 39321, 847]
[30, 39321, 877]
[30, 39321, 869]
[30, 39321, 967]
[30, 39321, 956]
[30, 39321, 919]
[30, 39321, 856]
[30, 39321, 968]
[30, 39321, 914]
[30, 39321, 837]
[30, 39321, 932]
[30, 39321, 957]
[30, 39321, 831]
[30, 39321, 815]
[30, 39321, 787]
[30, 39321, 895]
[30, 39321, 986]
[30, 39321, 906]
[30, 39321, 917]
[30, 39321, 867]
[30, 39321, 972]
[30, 39321, 847]
[30, 39321, 858]
[30, 39321, 957]
[30, 39321, 854]
[30, 39321, 883]
[30, 39321, 873]
[30, 39321, 830]
[30, 39321, 926]
[30, 39321, 881]
[30, 39321, 931]
[30, 39321, 929]
[30, 39321, 931]
[30, 39321, 921]
[30, 39321, 830]
[30, 39321, 914]
[30, 39321, 908]
[30, 39321, 844]
[30, 39321, 934]
[30, 39321, 859]
[30, 39321, 850]
[30, 39321, 931]
[30, 39321, 897]
[30, 39321, 933]
[30, 39321, 931]
[30, 39321, 808]
[30, 39321, 918]
[30, 39321, 870]
[30, 39321, 926]
[30, 39321, 915]
[30, 39321, 897]
[30, 39321, 850]
[30, 39321, 1002]
[30, 39321, 937]
[30, 39321, 904]
[30, 39321, 887]
[30, 39321, 932]
[30, 39321, 881]
[30, 39321, 849]
[30, 39321, 880]
[35, 45875, 1248]
[35, 45875, 1338]
[35, 45875, 1226]
[35, 45875, 1302]
[35, 45875, 1377]
[35, 45875, 1266]
[35, 45875, 1308]
[35, 45875, 1259]
[35, 45875, 1349]
[35, 45875, 1257]
[35, 45875, 1293]
[35, 45875, 1311]
[35, 45875, 1286]
[35, 45875, 1269]
[35, 45875, 1353]
[35, 45875, 1334]
[35, 45875, 1271]
[35, 45875, 1364]
[35, 45875, 1342]
[35, 45875, 1303]
[35, 45875, 1279]
[35, 45875, 1307]
[35, 45875, 1395]
[35, 45875, 1296]
[35, 45875, 1318]
[35, 45875, 1249]
[35, 45875, 1372]
[35, 45875, 1319]
[35, 45875, 1218]
[35, 45875, 1405]
[35, 45875, 1324]
[35, 45875, 1316]
[35, 45875, 1270]
[35, 45875, 1327]
[35, 45875, 1268]
[35, 45875, 1267]
[35, 45875, 1423]
[35, 45875, 1316]
[35, 45875, 1343]
[35, 45875, 1328]
[35, 45875, 1249]
[35, 45875, 1333]
[35, 45875, 1333]
[35, 45875, 1375]
[35, 45875, 1359]
[35, 45875, 1353]
[35, 45875, 1301]
[35, 45875, 1433]
[35, 45875, 1342]
[35, 45875, 1298]
[35, 45875, 1323]
[35, 45875, 1381]
[35, 45875, 1262]
[35, 45875, 1256]
[35, 45875, 1199]
[35, 45875, 1263]
[35, 45875, 1407]
[35, 45875, 1291]
[35, 45875, 1348]
[35, 45875, 1306]
[35, 45875, 1438]
[35, 45875, 1232]
[35, 45875, 1263]
[35, 45875, 1361]
[35, 45875, 1272]
[35, 45875, 1284]
[35, 45875, 1313]
[35, 45875, 1208]
[35, 45875, 1331]
[35, 45875, 1305]
[35, 45875, 1396]
[35, 45875, 1298]
[35, 45875, 1353]
[35, 45875, 1325]
[35, 45875, 1258]
[35, 45875, 1399]
[35, 45875, 1371]
[35, 45875, 1258]
[35, 45875, 1360]
[35, 45875, 1266]
[35, 45875, 1214]
[35, 45875, 1393]
[35, 45875, 1309]
[35, 45875, 1359]
[35, 45875, 1377]
[35, 45875, 1313]
[35, 45875, 1328]
[35, 45875, 1242]
[35, 45875, 1367]
[35, 45875, 1366]
[35, 45875, 1311]
[35, 45875, 1286]
[35, 45875, 1415]
[35, 45875, 1370]
[35, 45875, 1301]
[35, 45875, 1323]
[35, 45875, 1368]
[35, 45875, 1333]
[35, 45875, 1305]
[35, 45875, 1364]
[40, 52428, 1832]
[40, 52428, 1899]
[40, 52428, 1782]
[40, 52428, 1783]
[40, 52428, 1899]
[40, 52428, 1788]
[40, 52428, 1872]
[40, 52428, 1756]
[40, 52428, 1860]
[40, 52428, 1731]
[40, 52428, 1822]
[40, 52428, 1904]
[40, 52428, 1871]
[40, 52428, 1802]
[40, 52428, 1886]
[40, 52428, 1755]
[40, 52428, 1788]
[40, 52428, 1953]
[40, 52428, 1892]
[40, 52428, 1872]
[40, 52428, 1752]
[40, 52428, 1854]
[40, 52428, 1947]
[40, 52428, 1848]
[40, 52428, 1830]
[40, 52428, 1829]
[40, 52428, 1899]
[40, 52428, 1831]
[40, 52428, 1769]
[40, 52428, 1907]
[40, 52428, 1810]
[40, 52428, 1805]
[40, 52428, 1758]
[40, 52428, 1882]
[40, 52428, 1814]
[40, 52428, 1820]
[40, 52428, 1960]
[40, 52428, 1842]
[40, 52428, 1849]
[40, 52428, 1874]
[40, 52428, 1734]
[40, 52428, 1783]
[40, 52428, 1773]
[40, 52428, 1921]
[40, 52428, 1854]
[40, 52428, 1852]
[40, 52428, 1801]
[40, 52428, 2049]
[40, 52428, 1939]
[40, 52428, 1799]
[40, 52428, 1891]
[40, 52428, 1978]
[40, 52428, 1794]
[40, 52428, 1733]
[40, 52428, 1804]
[40, 52428, 1826]
[40, 52428, 1960]
[40, 52428, 1817]
[40, 52428, 1853]
[40, 52428, 1854]
[40, 52428, 1979]
[40, 52428, 1707]
[40, 52428, 1773]
[40, 52428, 1894]
[40, 52428, 1821]
[40, 52428, 1809]
[40, 52428, 1797]
[40, 52428, 1722]
[40, 52428, 1833]
[40, 52428, 1763]
[40, 52428, 1925]
[40, 52428, 1795]
[40, 52428, 1842]
[40, 52428, 1841]
[40, 52428, 1792]
[40, 52428, 1888]
[40, 52428, 1887]
[40, 52428, 1790]
[40, 52428, 1877]
[40, 52428, 1732]
[40, 52428, 1724]
[40, 52428, 1895]
[40, 52428, 1795]
[40, 52428, 1851]
[40, 52428, 1982]
[40, 52428, 1764]
[40, 52428, 1875]
[40, 52428, 1757]
[40, 52428, 1880]
[40, 52428, 1842]
[40, 52428, 1884]
[40, 52428, 1786]
[40, 52428, 1948]
[40, 52428, 1913]
[40, 52428, 1862]
[40, 52428, 1809]
[40, 52428, 1934]
[40, 52428, 1847]
[40, 52428, 1880]
[40, 52428, 1897]
