[1, 1310, 177]
[1, 1310, 197]
[1, 1310, 182]
[1, 1310, 205]
[1, 1310, 222]
[1, 1310, 205]
[1, 1310, 196]
[1, 1310, 194]
[1, 1310, 211]
[1, 1310, 188]
[1, 1310, 184]
[1, 1310, 171]
[1, 1310, 207]
[1, 1310, 180]
[1, 1310, 204]
[1, 1310, 193]
[1, 1310, 183]
[1, 1310, 178]
[1, 1310, 179]
[1, 1310, 187]
[1, 1310, 217]
[1, 1310, 171]
[1, 1310, 198]
[1, 1310, 197]
[1, 1310, 188]
[1, 1310, 181]
[1, 1310, 194]
[1, 1310, 182]
[1, 1310, 187]
[1, 1310, 177]
[1, 1310, 185]
[1, 1310, 208]
[1, 1310, 171]
[1, 1310, 148]
[1, 1310, 195]
[1, 1310, 186]
[1, 1310, 208]
[1, 1310, 187]
[1, 1310, 236]
[1, 1310, 213]
[1, 1310, 210]
[1, 1310, 191]
[1, 1310, 164]
[1, 1310, 183]
[1, 1310, 209]
[1, 1310, 197]
[1, 1310, 183]
[1, 1310, 232]
[1, 1310, 185]
[1, 1310, 196]
[1, 1310, 197]
[1, 1310, 207]
[1, 1310, 186]
[1, 1310, 176]
[1, 1310, 195]
[1, 1310, 214]
[1, 1310, 178]
[1, 1310, 197]
[1, 1310, 186]
[1, 1310, 191]
[1, 1310, 195]
[1, 1310, 181]
[1, 1310, 172]
[1, 1310, 196]
[1, 1310, 179]
[1, 1310, 188]
[1, 1310, 204]
[1, 1310, 209]
[1, 1310, 158]
[1, 1310, 190]
[1, 1310, 208]
[1, 1310, 200]
[1, 1310, 212]
[1, 1310, 208]
[1, 1310, 199]
[1, 1310, 195]
[1, 1310, 174]
[1, 1310, 176]
[1, 1310, 204]
[1, 1310, 183]
[1, 1310, 205]
[1, 1310, 223]
[1, 1310, 190]
[1, 1310, 206]
[1, 1310, 181]
[1, 1310, 193]
[1, 1310, 206]
[1, 1310, 208]
[1, 1310, 199]
[1, 1310, 218]
[1, 1310, 201]
[1, 1310, 164]
[1, 1310, 182]
[1, 1310, 204]
[1, 1310, 194]
[1, 1310, 203]
[1, 1310, 164]
[1, 1310, 218]
[1, 1310, 179]
[1, 1310, 189]
[2, 2621, 553]
[2, 2621, 559]
[2, 2621, 536]
[2, 2621, 546]
[2, 2621, 586]
[2, 2621, 603]
[2, 2621, 534]
[2, 2621, 533]
[2, 2621, 520]
[2, 2621, 550]
[2, 2621, 548]
[2, 2621, 580]
[2, 2621, 597]
[2, 2621, 530]
[2, 2621, 563]
[2, 2621, 547]
[2, 2621, 552]
[2, 2621, 548]
[2, 2621, 557]
[2, 2621, 571]
[2, 2621, 559]
[2, 2621, 549]
[2, 2621, 571]
[2, 2621, 567]
[2, 2621, 513]
[2, 2621, 523]
[2, 2621, 555]
[2, 2621, 572]
[2, 2621, 529]
[2, 2621, 549]
[2, 2621, 529]
[2, 2621, 566]
[2, 2621, 551]
[2, 2621, 472]
[2, 2621, 552]
[2, 2621, 563]
[2, 2621, 546]
[2, 2621, 505]
[2, 2621, 627]
[2, 2621, 566]
[2, 2621, 575]
[2, 2621, 552]
[2, 2621, 548]
[2, 2621, 522]
[2, 2621, 577]
[2, 2621, 545]
[2, 2621, 581]
[2, 2621, 593]
[2, 2621, 557]
[2, 2621, 541]
[2, 2621, 546]
[2, 2621, 541]
[2, 2621, 544]
[2, 2621, 533]
[2, 2621, 575]
[2, 2621, 547]
[2, 2621, 558]
[2, 2621, 567]
[2, 2621, 574]
[2, 2621, 557]
[2, 2621, 574]
[2, 2621, 547]
[2, 2621, 556]
[2, 2621, 549]
[2, 2621, 537]
[2, 2621, 585]
[2, 2621, 595]
[2, 2621, 548]
[2, 2621, 540]
[2, 2621, 550]
[2, 2621, 575]
[2, 2621, 524]
[2, 2621, 587]
[2, 2621, 572]
[2, 2621, 542]
[2, 2621, 572]
[2, 2621, 520]
[2, 2621, 519]
[2, 2621, 559]
[2, 2621, 536]
[2, 2621, 597]
[2, 2621, 629]
[2, 2621, 565]
[2, 2621, 626]
[2, 2621, 529]
[2, 2621, 561]
[2, 2621, 576]
[2, 2621, 548]
[2, 2621, 570]
[2, 2621, 595]
[2, 2621, 583]
[2, 2621, 548]
[2, 2621, 536]
[2, 2621, 554]
[2, 2621, 581]
[2, 2621, 539]
[2, 2621, 545]
[2, 2621, 610]
[2, 2621, 552]
[2, 2621, 576]
[5, 6553, 2495]
[5, 6553, 2445]
[5, 6553, 2471]
[5, 6553, 2558]
[5, 6553, 2532]
[5, 6553, 2540]
[5, 6553, 2525]
[5, 6553, 2414]
[5, 6553, 2506]
[5, 6553, 2484]
[5, 6553, 2484]
[5, 6553, 2497]
[5, 6553, 2471]
[5, 6553, 2576]
[5, 6553, 2529]
[5, 6553, 2492]
[5, 6553, 2522]
[5, 6553, 2489]
[5, 6553, 2458]
[5, 6553, 2442]
[5, 6553, 2497]
[5, 6553, 2494]
[5, 6553, 2494]
[5, 6553, 2547]
[5, 6553, 2449]
[5, 6553, 2471]
[5, 6553, 2526]
[5, 6553, 2515]
[5, 6553, 2531]
[5, 6553, 2423]
[5, 6553, 2467]
[5, 6553, 2454]
[5, 6553, 2477]
[5, 6553, 2413]
[5, 6553, 2518]
[5, 6553, 2476]
[5, 6553, 2452]
[5, 6553, 2516]
[5, 6553, 2639]
[5, 6553, 2515]
[5, 6553, 2513]
[5, 6553, 2482]
[5, 6553, 2497]
[5, 6553, 2523]
[5, 6553, 2514]
[5, 6553, 2421]
[5, 6553, 2539]
[5, 6553, 2501]
[5, 6553, 2532]
[5, 6553, 2477]
[5, 6553, 2487]
[5, 6553, 2411]
[5, 6553, 2461]
[5, 6553, 2513]
[5, 6553, 2471]
[5, 6553, 2597]
[5, 6553, 2524]
[5, 6553, 2484]
[5, 6553, 2501]
[5, 6553, 2587]
[5, 6553, 2485]
[5, 6553, 2563]
[5, 6553, 2463]
[5, 6553, 2462]
[5, 6553, 2571]
[5, 6553, 2494]
[5, 6553, 2484]
[5, 6553, 2492]
[5, 6553, 2428]
[5, 6553, 2434]
[5, 6553, 2583]
[5, 6553, 2522]
[5, 6553, 2499]
[5, 6553, 2488]
[5, 6553, 2461]
[5, 6553, 2573]
[5, 6553, 2445]
[5, 6553, 2543]
[5, 6553, 2436]
[5, 6553, 2422]
[5, 6553, 2519]
[5, 6553, 2536]
[5, 6553, 2526]
[5, 6553, 2505]
[5, 6553, 2523]
[5, 6553, 2435]
[5, 6553, 2546]
[5, 6553, 2567]
[5, 6553, 2552]
[5, 6553, 2498]
[5, 6553, 2541]
[5, 6553, 2437]
[5, 6553, 2512]
[5, 6553, 2508]
[5, 6553, 2523]
[5, 6553, 2483]
[5, 6553, 2468]
[5, 6553, 2562]
[5, 6553, 2565]
[5, 6553, 2526]
[10, 13107, 7665]
[10, 13107, 7565]
[10, 13107, 7687]
[10, 13107, 7662]
[10, 13107, 7724]
[10, 13107, 7683]
[10, 13107, 7683]
[10, 13107, 7659]
[10, 13107, 7647]
[10, 13107, 7629]
[10, 13107, 7724]
[10, 13107, 7742]
[10, 13107, 7682]
[10, 13107, 7701]
[10, 13107, 7625]
[10, 13107, 7673]
[10, 13107, 7673]
[10, 13107, 7659]
[10, 13107, 7613]
[10, 13107, 7589]
[10, 13107, 7579]
[10, 13107, 7746]
[10, 13107, 7661]
[10, 13107, 7650]
[10, 13107, 7630]
[10, 13107, 7616]
[10, 13107, 7692]
[10, 13107, 7683]
[10, 13107, 7611]
[10, 13107, 7621]
[10, 13107, 7686]
[10, 13107, 7698]
[10, 13107, 7614]
[10, 13107, 7581]
[10, 13107, 7592]
[10, 13107, 7648]
[10, 13107, 7735]
[10, 13107, 7682]
[10, 13107, 7730]
[10, 13107, 7741]
[10, 13107, 7647]
[10, 13107, 7668]
[10, 13107, 7665]
[10, 13107, 7668]
[10, 13107, 7679]
[10, 13107, 7700]
[10, 13107, 7663]
[10, 13107, 7613]
[10, 13107, 7744]
[10, 13107, 7639]
[10, 13107, 7687]
[10, 13107, 7681]
[10, 13107, 7619]
[10, 13107, 7640]
[10, 13107, 7601]
[10, 13107, 7806]
[10, 13107, 7702]
[10, 13107, 7682]
[10, 13107, 7644]
[10, 13107, 7771]
[10, 13107, 7725]
[10, 13107, 7691]
[10, 13107, 7616]
[10, 13107, 7671]
[10, 13107, 7677]
[10, 13107, 7641]
[10, 13107, 7713]
[10, 13107, 7650]
[10, 13107, 7597]
[10, 13107, 7689]
[10, 13107, 7697]
[10, 13107, 7629]
[10, 13107, 7699]
[10, 13107, 7688]
[10, 13107, 7736]
[10, 13107, 7704]
[10, 13107, 7650]
[10, 13107, 7653]
[10, 13107, 7652]
[10, 13107, 7573]
[10, 13107, 7704]
[10, 13107, 7752]
[10, 13107, 7699]
[10, 13107, 7705]
[10, 13107, 7820]
[10, 13107, 7616]
[10, 13107, 7653]
[10, 13107, 7561]
[10, 13107, 7641]
[10, 13107, 7684]
[10, 13107, 7784]
[10, 13107, 7710]
[10, 13107, 7612]
[10, 13107, 7602]
[10, 13107, 7679]
[10, 13107, 7571]
[10, 13107, 7699]
[10, 13107, 7797]
[10, 13107, 7767]
[10, 13107, 7746]
[15, 19660, 14153]
[15, 19660, 14067]
[15, 19660, 14153]
[15, 19660, 14224]
[15, 19660, 14108]
[15, 19660, 14319]
[15, 19660, 14196]
[15, 19660, 14184]
[15, 19660, 14166]
[15, 19660, 14164]
[15, 19660, 14182]
[15, 19660, 14287]
[15, 19660, 14169]
[15, 19660, 14183]
[15, 19660, 14170]
[15, 19660, 14214]
[15, 19660, 14281]
[15, 19660, 14188]
[15, 19660, 14090]
[15, 19660, 14180]
[15, 19660, 14186]
[15, 19660, 14172]
[15, 19660, 14238]
[15, 19660, 14159]
[15, 19660, 14264]
[15, 19660, 14132]
[15, 19660, 14126]
[15, 19660, 14190]
[15, 19660, 14131]
[15, 19660, 14200]
[15, 19660, 14283]
[15, 19660, 14157]
[15, 19660, 14182]
[15, 19660, 14201]
[15, 19660, 14137]
[15, 19660, 14152]
[15, 19660, 14341]
[15, 19660, 14246]
[15, 19660, 14293]
[15, 19660, 14233]
[15, 19660, 14290]
[15, 19660, 14165]
[15, 19660, 14236]
[15, 19660, 14137]
[15, 19660, 14259]
[15, 19660, 14274]
[15, 19660, 14167]
[15, 19660, 14150]
[15, 19660, 14190]
[15, 19660, 14166]
[15, 19660, 14165]
[15, 19660, 14150]
[15, 19660, 14197]
[15, 19660, 14152]
[15, 19660, 14052]
[15, 19660, 14241]
[15, 19660, 14210]
[15, 19660, 14198]
[15, 19660, 14220]
[15, 19660, 14216]
[15, 19660, 14220]
[15, 19660, 14198]
[15, 19660, 14181]
[15, 19660, 14260]
[15, 19660, 14095]
[15, 19660, 14133]
[15, 19660, 14220]
[15, 19660, 14197]
[15, 19660, 14156]
[15, 19660, 14193]
[15, 19660, 14177]
[15, 19660, 14086]
[15, 19660, 14204]
[15, 19660, 14298]
[15, 19660, 14184]
[15, 19660, 14184]
[15, 19660, 14195]
[15, 19660, 14144]
[15, 19660, 14231]
[15, 19660, 14120]
[15, 19660, 14184]
[15, 19660, 14123]
[15, 19660, 14123]
[15, 19660, 14187]
[15, 19660, 14247]
[15, 19660, 14021]
[15, 19660, 14166]
[15, 19660, 14154]
[15, 19660, 14100]
[15, 19660, 14170]
[15, 19660, 14208]
[15, 19660, 14323]
[15, 19660, 14191]
[15, 19660, 14203]
[15, 19660, 14148]
[15, 19660, 14069]
[15, 19660, 14172]
[15, 19660, 14320]
[15, 19660, 14227]
[15, 19660, 14188]
[20, 26214, 21367]
[20, 26214, 21234]
[20, 26214, 21360]
[20, 26214, 21309]
[20, 26214, 21311]
[20, 26214, 21408]
[20, 26214, 21365]
[20, 26214, 21352]
[20, 26214, 21361]
[20, 26214, 21338]
[20, 26214, 21334]
[20, 26214, 21324]
[20, 26214, 21323]
[20, 26214, 21268]
[20, 26214, 21345]
[20, 26214, 21301]
[20, 26214, 21339]
[20, 26214, 21356]
[20, 26214, 21338]
[20, 26214, 21332]
[20, 26214, 21345]
[20, 26214, 21263]
[20, 26214, 21368]
[20, 26214, 21311]
[20, 26214, 21261]
[20, 26214, 21274]
[20, 26214, 21221]
[20, 26214, 21296]
[20, 26214, 21300]
[20, 26214, 21335]
[20, 26214, 21362]
[20, 26214, 21303]
[20, 26214, 21343]
[20, 26214, 21337]
[20, 26214, 21282]
[20, 26214, 21215]
[20, 26214, 21366]
[20, 26214, 21413]
[20, 26214, 21391]
[20, 26214, 21398]
[20, 26214, 21438]
[20, 26214, 21346]
[20, 26214, 21387]
[20, 26214, 21250]
[20, 26214, 21294]
[20, 26214, 21327]
[20, 26214, 21320]
[20, 26214, 21294]
[20, 26214, 21323]
[20, 26214, 21342]
[20, 26214, 21336]
[20, 26214, 21332]
[20, 26214, 21397]
[20, 26214, 21367]
[20, 26214, 21160]
[20, 26214, 21434]
[20, 26214, 21253]
[20, 26214, 21402]
[20, 26214, 21357]
[20, 26214, 21355]
[20, 26214, 21250]
[20, 26214, 21372]
[20, 26214, 21301]
[20, 26214, 21358]
[20, 26214, 21280]
[20, 26214, 21238]
[20, 26214, 21349]
[20, 26214, 21301]
[20, 26214, 21242]
[20, 26214, 21255]
[20, 26214, 21388]
[20, 26214, 21272]
[20, 26214, 21347]
[20, 26214, 21335]
[20, 26214, 21360]
[20, 26214, 21292]
[20, 26214, 21318]
[20, 26214, 21278]
[20, 26214, 21318]
[20, 26214, 21271]
[20, 26214, 21261]
[20, 26214, 21271]
[20, 26214, 21263]
[20, 26214, 21382]
[20, 26214, 21392]
[20, 26214, 21346]
[20, 26214, 21299]
[20, 26214, 21262]
[20, 26214, 21230]
[20, 26214, 21339]
[20, 26214, 21307]
[20, 26214, 21484]
[20, 26214, 21243]
[20, 26214, 21273]
[20, 26214, 21301]
[20, 26214, 21287]
[20, 26214, 21261]
[20, 26214, 21309]
[20, 26214, 21296]
[20, 26214, 21320]
[25, 32768, 28723]
[25, 32768, 28669]
[25, 32768, 28669]
[25, 32768, 28741]
[25, 32768, 28606]
[25, 32768, 28711]
[25, 32768, 28693]
[25, 32768, 28734]
[25, 32768, 28698]
[25, 32768, 28637]
[25, 32768, 28660]
[25, 32768, 28690]
[25, 32768, 28666]
[25, 32768, 28612]
[25, 32768, 28693]
[25, 32768, 28648]
[25, 32768, 28670]
[25, 32768, 28737]
[25, 32768, 28666]
[25, 32768, 28660]
[25, 32768, 28690]
[25, 32768, 28595]
[25, 32768, 28739]
[25, 32768, 28653]
[25, 32768, 28681]
[25, 32768, 28664]
[25, 32768, 28574]
[25, 32768, 28561]
[25, 32768, 28683]
[25, 32768, 28654]
[25, 32768, 28716]
[25, 32768, 28691]
[25, 32768, 28640]
[25, 32768, 28713]
[25, 32768, 28634]
[25, 32768, 28681]
[25, 32768, 28722]
[25, 32768, 28756]
[25, 32768, 28665]
[25, 32768, 28701]
[25, 32768, 28833]
[25, 32768, 28670]
[25, 32768, 28717]
[25, 32768, 28634]
[25, 32768, 28698]
[25, 32768, 28703]
[25, 32768, 28746]
[25, 32768, 28705]
[25, 32768, 28714]
[25, 32768, 28702]
[25, 32768, 28688]
[25, 32768, 28693]
[25, 32768, 28715]
[25, 32768, 28692]
[25, 32768, 28575]
[25, 32768, 28739]
[25, 32768, 28656]
[25, 32768, 28779]
[25, 32768, 28722]
[25, 32768, 28643]
[25, 32768, 28649]
[25, 32768, 28694]
[25, 32768, 28729]
[25, 32768, 28647]
[25, 32768, 28681]
[25, 32768, 28645]
[25, 32768, 28708]
[25, 32768, 28655]
[25, 32768, 28614]
[25, 32768, 28690]
[25, 32768, 28660]
[25, 32768, 28589]
[25, 32768, 28683]
[25, 32768, 28647]
[25, 32768, 28626]
[25, 32768, 28648]
[25, 32768, 28661]
[25, 32768, 28681]
[25, 32768, 28762]
[25, 32768, 28641]
[25, 32768, 28610]
[25, 32768, 28649]
[25, 32768, 28540]
[25, 32768, 28674]
[25, 32768, 28738]
[25, 32768, 28708]
[25, 32768, 28605]
[25, 32768, 28681]
[25, 32768, 28580]
[25, 32768, 28641]
[25, 32768, 28669]
[25, 32768, 28729]
[25, 32768, 28627]
[25, 32768, 28638]
[25, 32768, 28638]
[25, 32768, 28557]
[25, 32768, 28582]
[25, 32768, 28649]
[25, 32768, 28605]
[25, 32768, 28584]
[30, 39321, 36076]
[30, 39321, 35948]
[30, 39321, 35966]
[30, 39321, 36078]
[30, 39321, 36009]
[30, 39321, 36091]
[30, 39321, 35988]
[30, 39321, 36083]
[30, 39321, 36064]
[30, 39321, 36026]
[30, 39321, 36035]
[30, 39321, 35985]
[30, 39321, 35998]
[30, 39321, 35970]
[30, 39321, 36033]
[30, 39321, 36071]
[30, 39321, 35969]
[30, 39321, 36028]
[30, 39321, 35999]
[30, 39321, 35994]
[30, 39321, 36055]
[30, 39321, 36031]
[30, 39321, 36016]
[30, 39321, 36013]
[30, 39321, 36033]
[30, 39321, 36020]
[30, 39321, 36009]
[30, 39321, 36037]
[30, 39321, 36024]
[30, 39321, 35988]
[30, 39321, 36018]
[30, 39321, 36038]
[30, 39321, 36015]
[30, 39321, 36029]
[30, 39321, 35999]
[30, 39321, 36062]
[30, 39321, 36051]
[30, 39321, 36059]
[30, 39321, 35996]
[30, 39321, 36034]
[30, 39321, 36141]
[30, 39321, 36114]
[30, 39321, 36086]
[30, 39321, 36054]
[30, 39321, 35987]
[30, 39321, 36089]
[30, 39321, 36051]
[30, 39321, 36035]
[30, 39321, 36069]
[30, 39321, 36091]
[30, 39321, 36077]
[30, 39321, 36050]
[30, 39321, 36076]
[30, 39321, 36025]
[30, 39321, 35977]
[30, 39321, 36004]
[30, 39321, 36035]
[30, 39321, 36108]
[30, 39321, 36120]
[30, 39321, 36068]
[30, 39321, 35985]
[30, 39321, 36025]
[30, 39321, 36087]
[30, 39321, 36056]
[30, 39321, 36078]
[30, 39321, 35978]
[30, 39321, 36085]
[30, 39321, 36007]
[30, 39321, 35968]
[30, 39321, 36011]
[30, 39321, 36052]
[30, 39321, 35980]
[30, 39321, 35987]
[30, 39321, 35973]
[30, 39321, 36026]
[30, 39321, 36057]
[30, 39321, 36025]
[30, 39321, 36033]
[30, 39321, 36091]
[30, 39321, 36008]
[30, 39321, 35969]
[30, 39321, 36067]
[30, 39321, 35907]
[30, 39321, 36060]
[30, 39321, 35994]
[30, 39321, 36040]
[30, 39321, 35963]
[30, 39321, 35969]
[30, 39321, 35907]
[30, 39321, 35933]
[30, 39321, 36052]
[30, 39321, 36078]
[30, 39321, 35980]
[30, 39321, 35967]
[30, 39321, 36052]
[30, 39321, 35955]
[30, 39321, 35955]
[30, 39321, 36027]
[30, 39321, 36009]
[30, 39321, 36002]
[35, 45875, 43360]
[35, 45875, 43232]
[35, 45875, 43258]
[35, 45875, 43325]
[35, 45875, 43254]
[35, 45875, 43356]
[35, 45875, 43309]
[35, 45875, 43363]
[35, 45875, 43368]
[35, 45875, 43337]
[35, 45875, 43308]
[35, 45875, 43252]
[35, 45875, 43260]
[35, 45875, 43283]
[35, 45875, 43284]
[35, 45875, 43364]
[35, 45875, 43229]
[35, 45875, 43307]
[35, 45875, 43299]
[35, 45875, 43255]
[35, 45875, 43392]
[35, 45875, 43254]
[35, 45875, 43255]
[35, 45875, 43333]
[35, 45875, 43349]
[35, 45875, 43280]
[35, 45875, 43266]
[35, 45875, 43312]
[35, 45875, 43330]
[35, 45875, 43270]
[35, 45875, 43282]
[35, 45875, 43339]
[35, 45875, 43290]
[35, 45875, 43284]
[35, 45875, 43274]
[35, 45875, 43330]
[35, 45875, 43265]
[35, 45875, 43279]
[35, 45875, 43270]
[35, 45875, 43277]
[35, 45875, 43321]
[35, 45875, 43356]
[35, 45875, 43370]
[35, 45875, 43324]
[35, 45875, 43260]
[35, 45875, 43375]
[35, 45875, 43315]
[35, 45875, 43313]
[35, 45875, 43366]
[35, 45875, 43316]
[35, 45875, 43267]
[35, 45875, 43357]
[35, 45875, 43336]
[35, 45875, 43345]
[35, 45875, 43342]
[35, 45875, 43206]
[35, 45875, 43268]
[35, 45875, 43344]
[35, 45875, 43378]
[35, 45875, 43274]
[35, 45875, 43267]
[35, 45875, 43344]
[35, 45875, 43312]
[35, 45875, 43323]
[35, 45875, 43344]
[35, 45875, 43286]
[35, 45875, 43359]
[35, 45875, 43307]
[35, 45875, 43279]
[35, 45875, 43327]
[35, 45875, 43271]
[35, 45875, 43299]
[35, 45875, 43249]
[35, 45875, 43235]
[35, 45875, 43331]
[35, 45875, 43310]
[35, 45875, 43304]
[35, 45875, 43232]
[35, 45875, 43344]
[35, 45875, 43298]
[35, 45875, 43295]
[35, 45875, 43323]
[35, 45875, 43274]
[35, 45875, 43289]
[35, 45875, 43294]
[35, 45875, 43286]
[35, 45875, 43314]
[35, 45875, 43259]
[35, 45875, 43214]
[35, 45875, 43226]
[35, 45875, 43305]
[35, 45875, 43300]
[35, 45875, 43209]
[35, 45875, 43274]
[35, 45875, 43308]
[35, 45875, 43274]
[35, 45875, 43202]
[35, 45875, 43294]
[35, 45875, 43246]
[35, 45875, 43302]
[40, 52428, 50529]
[40, 52428, 50392]
[40, 52428, 50393]
[40, 52428, 50504]
[40, 52428, 50390]
[40, 52428, 50497]
[40, 52428, 50490]
[40, 52428, 50443]
[40, 52428, 50460]
[40, 52428, 50459]
[40, 52428, 50508]
[40, 52428, 50429]
[40, 52428, 50455]
[40, 52428, 50436]
[40, 52428, 50456]
[40, 52428, 50465]
[40, 52428, 50376]
[40, 52428, 50472]
[40, 52428, 50477]
[40, 52428, 50483]
[40, 52428, 50464]
[40, 52428, 50455]
[40, 52428, 50424]
[40, 52428, 50480]
[40, 52428, 50469]
[40, 52428, 50457]
[40, 52428, 50424]
[40, 52428, 50442]
[40, 52428, 50457]
[40, 52428, 50442]
[40, 52428, 50439]
[40, 52428, 50411]
[40, 52428, 50469]
[40, 52428, 50435]
[40, 52428, 50427]
[40, 52428, 50446]
[40, 52428, 50439]
[40, 52428, 50421]
[40, 52428, 50448]
[40, 52428, 50438]
[40, 52428, 50494]
[40, 52428, 50484]
[40, 52428, 50491]
[40, 52428, 50460]
[40, 52428, 50495]
[40, 52428, 50450]
[40, 52428, 50464]
[40, 52428, 50475]
[40, 52428, 50504]
[40, 52428, 50498]
[40, 52428, 50459]
[40, 52428, 50488]
[40, 52428, 50470]
[40, 52428, 50474]
[40, 52428, 50438]
[40, 52428, 50423]
[40, 52428, 50451]
[40, 52428, 50490]
[40, 52428, 50498]
[40, 52428, 50465]
[40, 52428, 50432]
[40, 52428, 50455]
[40, 52428, 50448]
[40, 52428, 50432]
[40, 52428, 50478]
[40, 52428, 50423]
[40, 52428, 50471]
[40, 52428, 50402]
[40, 52428, 50413]
[40, 52428, 50510]
[40, 52428, 50421]
[40, 52428, 50454]
[40, 52428, 50446]
[40, 52428, 50420]
[40, 52428, 50451]
[40, 52428, 50448]
[40, 52428, 50437]
[40, 52428, 50390]
[40, 52428, 50456]
[40, 52428, 50480]
[40, 52428, 50430]
[40, 52428, 50479]
[40, 52428, 50393]
[40, 52428, 50400]
[40, 52428, 50451]
[40, 52428, 50457]
[40, 52428, 50469]
[40, 52428, 50428]
[40, 52428, 50374]
[40, 52428, 50402]
[40, 52428, 50447]
[40, 52428, 50428]
[40, 52428, 50362]
[40, 52428, 50418]
[40, 52428, 50439]
[40, 52428, 50488]
[40, 52428, 50423]
[40, 52428, 50445]
[40, 52428, 50399]
[40, 52428, 50486]
