[1, 1310, 243]
[1, 1310, 276]
[1, 1310, 284]
[1, 1310, 292]
[1, 1310, 304]
[1, 1310, 299]
[1, 1310, 284]
[1, 1310, 267]
[1, 1310, 284]
[1, 1310, 281]
[1, 1310, 267]
[1, 1310, 270]
[1, 1310, 286]
[1, 1310, 283]
[1, 1310, 288]
[1, 1310, 279]
[1, 1310, 252]
[1, 1310, 248]
[1, 1310, 282]
[1, 1310, 289]
[1, 1310, 307]
[1, 1310, 256]
[1, 1310, 288]
[1, 1310, 295]
[1, 1310, 268]
[1, 1310, 279]
[1, 1310, 288]
[1, 1310, 255]
[1, 1310, 263]
[1, 1310, 257]
[1, 1310, 278]
[1, 1310, 305]
[1, 1310, 259]
[1, 1310, 249]
[1, 1310, 269]
[1, 1310, 286]
[1, 1310, 291]
[1, 1310, 293]
[1, 1310, 317]
[1, 1310, 294]
[1, 1310, 279]
[1, 1310, 279]
[1, 1310, 257]
[1, 1310, 263]
[1, 1310, 299]
[1, 1310, 288]
[1, 1310, 267]
[1, 1310, 311]
[1, 1310, 282]
[1, 1310, 280]
[1, 1310, 285]
[1, 1310, 297]
[1, 1310, 277]
[1, 1310, 277]
[1, 1310, 280]
[1, 1310, 299]
[1, 1310, 255]
[1, 1310, 265]
[1, 1310, 265]
[1, 1310, 268]
[1, 1310, 283]
[1, 1310, 257]
[1, 1310, 269]
[1, 1310, 288]
[1, 1310, 275]
[1, 1310, 273]
[1, 1310, 299]
[1, 1310, 298]
[1, 1310, 247]
[1, 1310, 272]
[1, 1310, 302]
[1, 1310, 283]
[1, 1310, 285]
[1, 1310, 288]
[1, 1310, 298]
[1, 1310, 290]
[1, 1310, 247]
[1, 1310, 243]
[1, 1310, 289]
[1, 1310, 278]
[1, 1310, 306]
[1, 1310, 313]
[1, 1310, 259]
[1, 1310, 288]
[1, 1310, 270]
[1, 1310, 276]
[1, 1310, 285]
[1, 1310, 292]
[1, 1310, 295]
[1, 1310, 319]
[1, 1310, 289]
[1, 1310, 268]
[1, 1310, 280]
[1, 1310, 286]
[1, 1310, 284]
[1, 1310, 291]
[1, 1310, 245]
[1, 1310, 303]
[1, 1310, 269]
[1, 1310, 277]
[2, 2621, 684]
[2, 2621, 710]
[2, 2621, 703]
[2, 2621, 727]
[2, 2621, 748]
[2, 2621, 761]
[2, 2621, 687]
[2, 2621, 694]
[2, 2621, 681]
[2, 2621, 717]
[2, 2621, 715]
[2, 2621, 760]
[2, 2621, 740]
[2, 2621, 712]
[2, 2621, 726]
[2, 2621, 702]
[2, 2621, 695]
[2, 2621, 670]
[2, 2621, 739]
[2, 2621, 748]
[2, 2621, 730]
[2, 2621, 704]
[2, 2621, 735]
[2, 2621, 743]
[2, 2621, 654]
[2, 2621, 689]
[2, 2621, 719]
[2, 2621, 710]
[2, 2621, 664]
[2, 2621, 702]
[2, 2621, 704]
[2, 2621, 717]
[2, 2621, 709]
[2, 2621, 654]
[2, 2621, 700]
[2, 2621, 727]
[2, 2621, 689]
[2, 2621, 673]
[2, 2621, 779]
[2, 2621, 710]
[2, 2621, 704]
[2, 2621, 713]
[2, 2621, 718]
[2, 2621, 682]
[2, 2621, 750]
[2, 2621, 707]
[2, 2621, 746]
[2, 2621, 745]
[2, 2621, 715]
[2, 2621, 700]
[2, 2621, 719]
[2, 2621, 705]
[2, 2621, 692]
[2, 2621, 697]
[2, 2621, 734]
[2, 2621, 711]
[2, 2621, 710]
[2, 2621, 702]
[2, 2621, 723]
[2, 2621, 719]
[2, 2621, 732]
[2, 2621, 691]
[2, 2621, 720]
[2, 2621, 697]
[2, 2621, 703]
[2, 2621, 755]
[2, 2621, 773]
[2, 2621, 711]
[2, 2621, 707]
[2, 2621, 697]
[2, 2621, 741]
[2, 2621, 676]
[2, 2621, 731]
[2, 2621, 719]
[2, 2621, 703]
[2, 2621, 744]
[2, 2621, 672]
[2, 2621, 663]
[2, 2621, 709]
[2, 2621, 697]
[2, 2621, 760]
[2, 2621, 795]
[2, 2621, 715]
[2, 2621, 781]
[2, 2621, 708]
[2, 2621, 709]
[2, 2621, 744]
[2, 2621, 703]
[2, 2621, 739]
[2, 2621, 778]
[2, 2621, 742]
[2, 2621, 724]
[2, 2621, 702]
[2, 2621, 710]
[2, 2621, 743]
[2, 2621, 712]
[2, 2621, 680]
[2, 2621, 763]
[2, 2621, 709]
[2, 2621, 742]
[5, 6553, 2805]
[5, 6553, 2761]
[5, 6553, 2793]
[5, 6553, 2872]
[5, 6553, 2844]
[5, 6553, 2877]
[5, 6553, 2815]
[5, 6553, 2756]
[5, 6553, 2796]
[5, 6553, 2795]
[5, 6553, 2809]
[5, 6553, 2831]
[5, 6553, 2771]
[5, 6553, 2883]
[5, 6553, 2851]
[5, 6553, 2788]
[5, 6553, 2813]
[5, 6553, 2803]
[5, 6553, 2791]
[5, 6553, 2782]
[5, 6553, 2834]
[5, 6553, 2780]
[5, 6553, 2821]
[5, 6553, 2881]
[5, 6553, 2744]
[5, 6553, 2805]
[5, 6553, 2844]
[5, 6553, 2836]
[5, 6553, 2815]
[5, 6553, 2727]
[5, 6553, 2795]
[5, 6553, 2751]
[5, 6553, 2785]
[5, 6553, 2715]
[5, 6553, 2840]
[5, 6553, 2784]
[5, 6553, 2746]
[5, 6553, 2835]
[5, 6553, 2941]
[5, 6553, 2839]
[5, 6553, 2808]
[5, 6553, 2798]
[5, 6553, 2812]
[5, 6553, 2839]
[5, 6553, 2845]
[5, 6553, 2737]
[5, 6553, 2843]
[5, 6553, 2808]
[5, 6553, 2840]
[5, 6553, 2784]
[5, 6553, 2811]
[5, 6553, 2722]
[5, 6553, 2745]
[5, 6553, 2825]
[5, 6553, 2762]
[5, 6553, 2889]
[5, 6553, 2817]
[5, 6553, 2792]
[5, 6553, 2797]
[5, 6553, 2883]
[5, 6553, 2782]
[5, 6553, 2832]
[5, 6553, 2768]
[5, 6553, 2767]
[5, 6553, 2876]
[5, 6553, 2817]
[5, 6553, 2798]
[5, 6553, 2803]
[5, 6553, 2751]
[5, 6553, 2753]
[5, 6553, 2896]
[5, 6553, 2815]
[5, 6553, 2810]
[5, 6553, 2786]
[5, 6553, 2766]
[5, 6553, 2914]
[5, 6553, 2743]
[5, 6553, 2822]
[5, 6553, 2726]
[5, 6553, 2752]
[5, 6553, 2826]
[5, 6553, 2847]
[5, 6553, 2838]
[5, 6553, 2827]
[5, 6553, 2856]
[5, 6553, 2746]
[5, 6553, 2862]
[5, 6553, 2869]
[5, 6553, 2863]
[5, 6553, 2842]
[5, 6553, 2849]
[5, 6553, 2773]
[5, 6553, 2832]
[5, 6553, 2812]
[5, 6553, 2851]
[5, 6553, 2815]
[5, 6553, 2771]
[5, 6553, 2847]
[5, 6553, 2867]
[5, 6553, 2846]
[10, 13107, 8092]
[10, 13107, 7972]
[10, 13107, 8114]
[10, 13107, 8082]
[10, 13107, 8138]
[10, 13107, 8101]
[10, 13107, 8077]
[10, 13107, 8067]
[10, 13107, 8041]
[10, 13107, 8071]
[10, 13107, 8148]
[10, 13107, 8185]
[10, 13107, 8104]
[10, 13107, 8114]
[10, 13107, 8056]
[10, 13107, 8102]
[10, 13107, 8099]
[10, 13107, 8087]
[10, 13107, 8064]
[10, 13107, 7993]
[10, 13107, 8003]
[10, 13107, 8152]
[10, 13107, 8099]
[10, 13107, 8083]
[10, 13107, 8069]
[10, 13107, 8057]
[10, 13107, 8097]
[10, 13107, 8111]
[10, 13107, 8022]
[10, 13107, 8002]
[10, 13107, 8112]
[10, 13107, 8103]
[10, 13107, 8049]
[10, 13107, 7985]
[10, 13107, 8029]
[10, 13107, 8083]
[10, 13107, 8120]
[10, 13107, 8097]
[10, 13107, 8136]
[10, 13107, 8142]
[10, 13107, 8044]
[10, 13107, 8073]
[10, 13107, 8084]
[10, 13107, 8052]
[10, 13107, 8116]
[10, 13107, 8137]
[10, 13107, 8088]
[10, 13107, 8012]
[10, 13107, 8173]
[10, 13107, 8078]
[10, 13107, 8100]
[10, 13107, 8096]
[10, 13107, 8013]
[10, 13107, 8047]
[10, 13107, 8013]
[10, 13107, 8210]
[10, 13107, 8106]
[10, 13107, 8095]
[10, 13107, 8050]
[10, 13107, 8160]
[10, 13107, 8138]
[10, 13107, 8116]
[10, 13107, 8047]
[10, 13107, 8081]
[10, 13107, 8094]
[10, 13107, 8084]
[10, 13107, 8114]
[10, 13107, 8076]
[10, 13107, 8008]
[10, 13107, 8086]
[10, 13107, 8116]
[10, 13107, 8047]
[10, 13107, 8113]
[10, 13107, 8098]
[10, 13107, 8135]
[10, 13107, 8115]
[10, 13107, 8079]
[10, 13107, 8057]
[10, 13107, 8052]
[10, 13107, 8022]
[10, 13107, 8134]
[10, 13107, 8170]
[10, 13107, 8120]
[10, 13107, 8104]
[10, 13107, 8234]
[10, 13107, 8010]
[10, 13107, 8056]
[10, 13107, 8005]
[10, 13107, 8069]
[10, 13107, 8114]
[10, 13107, 8183]
[10, 13107, 8129]
[10, 13107, 8009]
[10, 13107, 8016]
[10, 13107, 8115]
[10, 13107, 8012]
[10, 13107, 8095]
[10, 13107, 8211]
[10, 13107, 8148]
[10, 13107, 8183]
[15, 19660, 14586]
[15, 19660, 14507]
[15, 19660, 14586]
[15, 19660, 14656]
[15, 19660, 14531]
[15, 19660, 14741]
[15, 19660, 14591]
[15, 19660, 14587]
[15, 19660, 14543]
[15, 19660, 14594]
[15, 19660, 14615]
[15, 19660, 14728]
[15, 19660, 14576]
[15, 19660, 14611]
[15, 19660, 14594]
[15, 19660, 14651]
[15, 19660, 14689]
[15, 19660, 14619]
[15, 19660, 14552]
[15, 19660, 14595]
[15, 19660, 14603]
[15, 19660, 14602]
[15, 19660, 14642]
[15, 19660, 14590]
[15, 19660, 14696]
[15, 19660, 14525]
[15, 19660, 14557]
[15, 19660, 14633]
[15, 19660, 14549]
[15, 19660, 14585]
[15, 19660, 14698]
[15, 19660, 14573]
[15, 19660, 14578]
[15, 19660, 14605]
[15, 19660, 14584]
[15, 19660, 14574]
[15, 19660, 14726]
[15, 19660, 14658]
[15, 19660, 14689]
[15, 19660, 14642]
[15, 19660, 14693]
[15, 19660, 14576]
[15, 19660, 14668]
[15, 19660, 14558]
[15, 19660, 14664]
[15, 19660, 14691]
[15, 19660, 14596]
[15, 19660, 14579]
[15, 19660, 14623]
[15, 19660, 14587]
[15, 19660, 14576]
[15, 19660, 14581]
[15, 19660, 14588]
[15, 19660, 14599]
[15, 19660, 14460]
[15, 19660, 14657]
[15, 19660, 14645]
[15, 19660, 14623]
[15, 19660, 14608]
[15, 19660, 14652]
[15, 19660, 14650]
[15, 19660, 14622]
[15, 19660, 14603]
[15, 19660, 14654]
[15, 19660, 14504]
[15, 19660, 14550]
[15, 19660, 14617]
[15, 19660, 14614]
[15, 19660, 14577]
[15, 19660, 14596]
[15, 19660, 14592]
[15, 19660, 14503]
[15, 19660, 14615]
[15, 19660, 14707]
[15, 19660, 14596]
[15, 19660, 14565]
[15, 19660, 14646]
[15, 19660, 14589]
[15, 19660, 14664]
[15, 19660, 14564]
[15, 19660, 14629]
[15, 19660, 14539]
[15, 19660, 14561]
[15, 19660, 14592]
[15, 19660, 14711]
[15, 19660, 14436]
[15, 19660, 14581]
[15, 19660, 14585]
[15, 19660, 14538]
[15, 19660, 14589]
[15, 19660, 14627]
[15, 19660, 14743]
[15, 19660, 14573]
[15, 19660, 14619]
[15, 19660, 14592]
[15, 19660, 14517]
[15, 19660, 14572]
[15, 19660, 14760]
[15, 19660, 14641]
[15, 19660, 14607]
[20, 26214, 21769]
[20, 26214, 21628]
[20, 26214, 21723]
[20, 26214, 21702]
[20, 26214, 21699]
[20, 26214, 21781]
[20, 26214, 21750]
[20, 26214, 21706]
[20, 26214, 21709]
[20, 26214, 21723]
[20, 26214, 21718]
[20, 26214, 21702]
[20, 26214, 21663]
[20, 26214, 21635]
[20, 26214, 21718]
[20, 26214, 21705]
[20, 26214, 21716]
[20, 26214, 21738]
[20, 26214, 21721]
[20, 26214, 21713]
[20, 26214, 21713]
[20, 26214, 21636]
[20, 26214, 21730]
[20, 26214, 21669]
[20, 26214, 21637]
[20, 26214, 21636]
[20, 26214, 21615]
[20, 26214, 21692]
[20, 26214, 21674]
[20, 26214, 21694]
[20, 26214, 21723]
[20, 26214, 21682]
[20, 26214, 21716]
[20, 26214, 21713]
[20, 26214, 21674]
[20, 26214, 21587]
[20, 26214, 21731]
[20, 26214, 21795]
[20, 26214, 21721]
[20, 26214, 21756]
[20, 26214, 21805]
[20, 26214, 21720]
[20, 26214, 21766]
[20, 26214, 21650]
[20, 26214, 21649]
[20, 26214, 21702]
[20, 26214, 21704]
[20, 26214, 21689]
[20, 26214, 21708]
[20, 26214, 21729]
[20, 26214, 21725]
[20, 26214, 21677]
[20, 26214, 21782]
[20, 26214, 21751]
[20, 26214, 21570]
[20, 26214, 21795]
[20, 26214, 21653]
[20, 26214, 21787]
[20, 26214, 21711]
[20, 26214, 21727]
[20, 26214, 21635]
[20, 26214, 21763]
[20, 26214, 21666]
[20, 26214, 21718]
[20, 26214, 21636]
[20, 26214, 21610]
[20, 26214, 21707]
[20, 26214, 21679]
[20, 26214, 21631]
[20, 26214, 21635]
[20, 26214, 21737]
[20, 26214, 21661]
[20, 26214, 21736]
[20, 26214, 21717]
[20, 26214, 21714]
[20, 26214, 21656]
[20, 26214, 21698]
[20, 26214, 21658]
[20, 26214, 21720]
[20, 26214, 21662]
[20, 26214, 21656]
[20, 26214, 21640]
[20, 26214, 21647]
[20, 26214, 21745]
[20, 26214, 21787]
[20, 26214, 21726]
[20, 26214, 21647]
[20, 26214, 21657]
[20, 26214, 21635]
[20, 26214, 21709]
[20, 26214, 21675]
[20, 26214, 21872]
[20, 26214, 21602]
[20, 26214, 21664]
[20, 26214, 21691]
[20, 26214, 21667]
[20, 26214, 21638]
[20, 26214, 21701]
[20, 26214, 21677]
[20, 26214, 21680]
[25, 32768, 29059]
[25, 32768, 28969]
[25, 32768, 28974]
[25, 32768, 29069]
[25, 32768, 28915]
[25, 32768, 29014]
[25, 32768, 29014]
[25, 32768, 29016]
[25, 32768, 29013]
[25, 32768, 28983]
[25, 32768, 28995]
[25, 32768, 28981]
[25, 32768, 28940]
[25, 32768, 28922]
[25, 32768, 29012]
[25, 32768, 28986]
[25, 32768, 28977]
[25, 32768, 29049]
[25, 32768, 28988]
[25, 32768, 28964]
[25, 32768, 29007]
[25, 32768, 28900]
[25, 32768, 29033]
[25, 32768, 28956]
[25, 32768, 28967]
[25, 32768, 28990]
[25, 32768, 28929]
[25, 32768, 28881]
[25, 32768, 29008]
[25, 32768, 28968]
[25, 32768, 29029]
[25, 32768, 29019]
[25, 32768, 28956]
[25, 32768, 29021]
[25, 32768, 28953]
[25, 32768, 28993]
[25, 32768, 29020]
[25, 32768, 29081]
[25, 32768, 28964]
[25, 32768, 29024]
[25, 32768, 29133]
[25, 32768, 28994]
[25, 32768, 29048]
[25, 32768, 28960]
[25, 32768, 28993]
[25, 32768, 29026]
[25, 32768, 29080]
[25, 32768, 29035]
[25, 32768, 29030]
[25, 32768, 29018]
[25, 32768, 29010]
[25, 32768, 28980]
[25, 32768, 29044]
[25, 32768, 28996]
[25, 32768, 28914]
[25, 32768, 29039]
[25, 32768, 28981]
[25, 32768, 29110]
[25, 32768, 29014]
[25, 32768, 28953]
[25, 32768, 28974]
[25, 32768, 29016]
[25, 32768, 29014]
[25, 32768, 28954]
[25, 32768, 28978]
[25, 32768, 28962]
[25, 32768, 29002]
[25, 32768, 28945]
[25, 32768, 28938]
[25, 32768, 28999]
[25, 32768, 28960]
[25, 32768, 28903]
[25, 32768, 28998]
[25, 32768, 28972]
[25, 32768, 28925]
[25, 32768, 28947]
[25, 32768, 28967]
[25, 32768, 28983]
[25, 32768, 29086]
[25, 32768, 28958]
[25, 32768, 28919]
[25, 32768, 28968]
[25, 32768, 28853]
[25, 32768, 28989]
[25, 32768, 29038]
[25, 32768, 29033]
[25, 32768, 28916]
[25, 32768, 29039]
[25, 32768, 28933]
[25, 32768, 28944]
[25, 32768, 28985]
[25, 32768, 29057]
[25, 32768, 28928]
[25, 32768, 28962]
[25, 32768, 28986]
[25, 32768, 28867]
[25, 32768, 28899]
[25, 32768, 28972]
[25, 32768, 28933]
[25, 32768, 28903]
[30, 39321, 36338]
[30, 39321, 36211]
[30, 39321, 36218]
[30, 39321, 36338]
[30, 39321, 36248]
[30, 39321, 36327]
[30, 39321, 36241]
[30, 39321, 36323]
[30, 39321, 36318]
[30, 39321, 36293]
[30, 39321, 36284]
[30, 39321, 36228]
[30, 39321, 36216]
[30, 39321, 36229]
[30, 39321, 36298]
[30, 39321, 36328]
[30, 39321, 36219]
[30, 39321, 36309]
[30, 39321, 36269]
[30, 39321, 36245]
[30, 39321, 36309]
[30, 39321, 36269]
[30, 39321, 36254]
[30, 39321, 36249]
[30, 39321, 36265]
[30, 39321, 36294]
[30, 39321, 36282]
[30, 39321, 36274]
[30, 39321, 36295]
[30, 39321, 36235]
[30, 39321, 36271]
[30, 39321, 36303]
[30, 39321, 36271]
[30, 39321, 36276]
[30, 39321, 36238]
[30, 39321, 36306]
[30, 39321, 36283]
[30, 39321, 36316]
[30, 39321, 36231]
[30, 39321, 36300]
[30, 39321, 36387]
[30, 39321, 36375]
[30, 39321, 36358]
[30, 39321, 36306]
[30, 39321, 36218]
[30, 39321, 36334]
[30, 39321, 36314]
[30, 39321, 36308]
[30, 39321, 36330]
[30, 39321, 36344]
[30, 39321, 36319]
[30, 39321, 36295]
[30, 39321, 36318]
[30, 39321, 36270]
[30, 39321, 36246]
[30, 39321, 36244]
[30, 39321, 36294]
[30, 39321, 36362]
[30, 39321, 36355]
[30, 39321, 36310]
[30, 39321, 36250]
[30, 39321, 36289]
[30, 39321, 36307]
[30, 39321, 36303]
[30, 39321, 36308]
[30, 39321, 36222]
[30, 39321, 36304]
[30, 39321, 36255]
[30, 39321, 36234]
[30, 39321, 36272]
[30, 39321, 36282]
[30, 39321, 36246]
[30, 39321, 36247]
[30, 39321, 36242]
[30, 39321, 36258]
[30, 39321, 36304]
[30, 39321, 36284]
[30, 39321, 36305]
[30, 39321, 36349]
[30, 39321, 36284]
[30, 39321, 36207]
[30, 39321, 36324]
[30, 39321, 36150]
[30, 39321, 36318]
[30, 39321, 36242]
[30, 39321, 36314]
[30, 39321, 36225]
[30, 39321, 36262]
[30, 39321, 36182]
[30, 39321, 36182]
[30, 39321, 36302]
[30, 39321, 36318]
[30, 39321, 36227]
[30, 39321, 36212]
[30, 39321, 36328]
[30, 39321, 36215]
[30, 39321, 36211]
[30, 39321, 36286]
[30, 39321, 36281]
[30, 39321, 36254]
[35, 45875, 43551]
[35, 45875, 43431]
[35, 45875, 43460]
[35, 45875, 43533]
[35, 45875, 43448]
[35, 45875, 43537]
[35, 45875, 43493]
[35, 45875, 43552]
[35, 45875, 43557]
[35, 45875, 43538]
[35, 45875, 43496]
[35, 45875, 43447]
[35, 45875, 43438]
[35, 45875, 43478]
[35, 45875, 43489]
[35, 45875, 43583]
[35, 45875, 43435]
[35, 45875, 43524]
[35, 45875, 43491]
[35, 45875, 43450]
[35, 45875, 43590]
[35, 45875, 43455]
[35, 45875, 43436]
[35, 45875, 43518]
[35, 45875, 43513]
[35, 45875, 43493]
[35, 45875, 43478]
[35, 45875, 43490]
[35, 45875, 43524]
[35, 45875, 43467]
[35, 45875, 43473]
[35, 45875, 43529]
[35, 45875, 43485]
[35, 45875, 43471]
[35, 45875, 43471]
[35, 45875, 43514]
[35, 45875, 43449]
[35, 45875, 43471]
[35, 45875, 43459]
[35, 45875, 43495]
[35, 45875, 43528]
[35, 45875, 43544]
[35, 45875, 43601]
[35, 45875, 43523]
[35, 45875, 43441]
[35, 45875, 43546]
[35, 45875, 43532]
[35, 45875, 43518]
[35, 45875, 43573]
[35, 45875, 43507]
[35, 45875, 43458]
[35, 45875, 43546]
[35, 45875, 43527]
[35, 45875, 43537]
[35, 45875, 43529]
[35, 45875, 43411]
[35, 45875, 43470]
[35, 45875, 43548]
[35, 45875, 43558]
[35, 45875, 43485]
[35, 45875, 43477]
[35, 45875, 43546]
[35, 45875, 43489]
[35, 45875, 43499]
[35, 45875, 43530]
[35, 45875, 43466]
[35, 45875, 43532]
[35, 45875, 43501]
[35, 45875, 43474]
[35, 45875, 43522]
[35, 45875, 43447]
[35, 45875, 43507]
[35, 45875, 43466]
[35, 45875, 43466]
[35, 45875, 43509]
[35, 45875, 43513]
[35, 45875, 43489]
[35, 45875, 43439]
[35, 45875, 43549]
[35, 45875, 43512]
[35, 45875, 43476]
[35, 45875, 43525]
[35, 45875, 43454]
[35, 45875, 43497]
[35, 45875, 43474]
[35, 45875, 43492]
[35, 45875, 43489]
[35, 45875, 43488]
[35, 45875, 43434]
[35, 45875, 43425]
[35, 45875, 43496]
[35, 45875, 43486]
[35, 45875, 43414]
[35, 45875, 43487]
[35, 45875, 43526]
[35, 45875, 43485]
[35, 45875, 43411]
[35, 45875, 43487]
[35, 45875, 43477]
[35, 45875, 43475]
[40, 52428, 50675]
[40, 52428, 50542]
[40, 52428, 50553]
[40, 52428, 50663]
[40, 52428, 50539]
[40, 52428, 50632]
[40, 52428, 50633]
[40, 52428, 50591]
[40, 52428, 50597]
[40, 52428, 50609]
[40, 52428, 50663]
[40, 52428, 50572]
[40, 52428, 50604]
[40, 52428, 50581]
[40, 52428, 50610]
[40, 52428, 50631]
[40, 52428, 50534]
[40, 52428, 50629]
[40, 52428, 50613]
[40, 52428, 50630]
[40, 52428, 50622]
[40, 52428, 50616]
[40, 52428, 50570]
[40, 52428, 50622]
[40, 52428, 50603]
[40, 52428, 50625]
[40, 52428, 50589]
[40, 52428, 50575]
[40, 52428, 50608]
[40, 52428, 50601]
[40, 52428, 50585]
[40, 52428, 50562]
[40, 52428, 50605]
[40, 52428, 50570]
[40, 52428, 50571]
[40, 52428, 50591]
[40, 52428, 50569]
[40, 52428, 50582]
[40, 52428, 50607]
[40, 52428, 50606]
[40, 52428, 50669]
[40, 52428, 50631]
[40, 52428, 50666]
[40, 52428, 50611]
[40, 52428, 50627]
[40, 52428, 50595]
[40, 52428, 50628]
[40, 52428, 50616]
[40, 52428, 50670]
[40, 52428, 50642]
[40, 52428, 50602]
[40, 52428, 50635]
[40, 52428, 50605]
[40, 52428, 50626]
[40, 52428, 50591]
[40, 52428, 50578]
[40, 52428, 50586]
[40, 52428, 50640]
[40, 52428, 50636]
[40, 52428, 50615]
[40, 52428, 50583]
[40, 52428, 50621]
[40, 52428, 50582]
[40, 52428, 50559]
[40, 52428, 50628]
[40, 52428, 50571]
[40, 52428, 50603]
[40, 52428, 50548]
[40, 52428, 50565]
[40, 52428, 50655]
[40, 52428, 50568]
[40, 52428, 50629]
[40, 52428, 50616]
[40, 52428, 50602]
[40, 52428, 50601]
[40, 52428, 50605]
[40, 52428, 50595]
[40, 52428, 50548]
[40, 52428, 50624]
[40, 52428, 50632]
[40, 52428, 50571]
[40, 52428, 50623]
[40, 52428, 50525]
[40, 52428, 50536]
[40, 52428, 50587]
[40, 52428, 50619]
[40, 52428, 50603]
[40, 52428, 50588]
[40, 52428, 50541]
[40, 52428, 50548]
[40, 52428, 50598]
[40, 52428, 50562]
[40, 52428, 50525]
[40, 52428, 50587]
[40, 52428, 50604]
[40, 52428, 50644]
[40, 52428, 50569]
[40, 52428, 50585]
[40, 52428, 50565]
[40, 52428, 50621]
