[1, 1310, 0]
[1, 1310, 1]
[1, 1310, 0]
[1, 1310, 0]
[1, 1310, 0]
[1, 1310, 0]
[1, 1310, 0]
[1, 1310, 0]
[1, 1310, 0]
[1, 1310, 0]
[1, 1310, 0]
[1, 1310, 1]
[1, 1310, 0]
[1, 1310, 0]
[1, 1310, 0]
[1, 1310, 0]
[1, 1310, 0]
[1, 1310, 0]
[1, 1310, 0]
[1, 1310, 0]
[1, 1310, 0]
[1, 1310, 0]
[1, 1310, 0]
[1, 1310, 0]
[1, 1310, 0]
[1, 1310, 0]
[1, 1310, 0]
[1, 1310, 0]
[1, 1310, 0]
[1, 1310, 0]
[1, 1310, 0]
[1, 1310, 0]
[1, 1310, 1]
[1, 1310, 0]
[1, 1310, 0]
[1, 1310, 0]
[1, 1310, 0]
[1, 1310, 3]
[1, 1310, 0]
[1, 1310, 0]
[1, 1310, 0]
[1, 1310, 0]
[1, 1310, 0]
[1, 1310, 0]
[1, 1310, 0]
[1, 1310, 1]
[1, 1310, 0]
[1, 1310, 0]
[1, 1310, 0]
[1, 1310, 0]
[1, 1310, 0]
[1, 1310, 0]
[1, 1310, 0]
[1, 1310, 0]
[1, 1310, 0]
[1, 1310, 1]
[1, 1310, 0]
[1, 1310, 0]
[1, 1310, 0]
[1, 1310, 0]
[1, 1310, 0]
[1, 1310, 0]
[1, 1310, 0]
[1, 1310, 0]
[1, 1310, 0]
[1, 1310, 0]
[1, 1310, 0]
[1, 1310, 0]
[1, 1310, 0]
[1, 1310, 0]
[1, 1310, 0]
[1, 1310, 1]
[1, 1310, 0]
[1, 1310, 0]
[1, 1310, 0]
[1, 1310, 0]
[1, 1310, 0]
[1, 1310, 0]
[1, 1310, 0]
[1, 1310, 0]
[1, 1310, 0]
[1, 1310, 0]
[1, 1310, 0]
[1, 1310, 0]
[1, 1310, 0]
[1, 1310, 0]
[1, 1310, 0]
[1, 1310, 0]
[1, 1310, 0]
[1, 1310, 0]
[1, 1310, 0]
[1, 1310, 0]
[1, 1310, 0]
[1, 1310, 2]
[1, 1310, 1]
[1, 1310, 0]
[1, 1310, 0]
[1, 1310, 0]
[1, 1310, 0]
[1, 1310, 0]
[2, 2621, 0]
[2, 2621, 3]
[2, 2621, 0]
[2, 2621, 0]
[2, 2621, 3]
[2, 2621, 2]
[2, 2621, 2]
[2, 2621, 0]
[2, 2621, 0]
[2, 2621, 0]
[2, 2621, 1]
[2, 2621, 2]
[2, 2621, 2]
[2, 2621, 5]
[2, 2621, 0]
[2, 2621, 0]
[2, 2621, 0]
[2, 2621, 0]
[2, 2621, 0]
[2, 2621, 0]
[2, 2621, 1]
[2, 2621, 2]
[2, 2621, 0]
[2, 2621, 1]
[2, 2621, 0]
[2, 2621, 0]
[2, 2621, 0]
[2, 2621, 0]
[2, 2621, 1]
[2, 2621, 2]
[2, 2621, 0]
[2, 2621, 0]
[2, 2621, 1]
[2, 2621, 0]
[2, 2621, 0]
[2, 2621, 0]
[2, 2621, 0]
[2, 2621, 8]
[2, 2621, 0]
[2, 2621, 0]
[2, 2621, 0]
[2, 2621, 0]
[2, 2621, 1]
[2, 2621, 2]
[2, 2621, 0]
[2, 2621, 2]
[2, 2621, 1]
[2, 2621, 0]
[2, 2621, 0]
[2, 2621, 0]
[2, 2621, 0]
[2, 2621, 0]
[2, 2621, 0]
[2, 2621, 2]
[2, 2621, 0]
[2, 2621, 2]
[2, 2621, 3]
[2, 2621, 0]
[2, 2621, 0]
[2, 2621, 0]
[2, 2621, 2]
[2, 2621, 0]
[2, 2621, 3]
[2, 2621, 0]
[2, 2621, 0]
[2, 2621, 0]
[2, 2621, 0]
[2, 2621, 0]
[2, 2621, 0]
[2, 2621, 0]
[2, 2621, 2]
[2, 2621, 1]
[2, 2621, 0]
[2, 2621, 2]
[2, 2621, 0]
[2, 2621, 0]
[2, 2621, 2]
[2, 2621, 1]
[2, 2621, 3]
[2, 2621, 1]
[2, 2621, 0]
[2, 2621, 2]
[2, 2621, 0]
[2, 2621, 1]
[2, 2621, 0]
[2, 2621, 0]
[2, 2621, 1]
[2, 2621, 0]
[2, 2621, 0]
[2, 2621, 2]
[2, 2621, 0]
[2, 2621, 1]
[2, 2621, 3]
[2, 2621, 6]
[2, 2621, 1]
[2, 2621, 0]
[2, 2621, 0]
[2, 2621, 0]
[2, 2621, 0]
[2, 2621, 2]
[5, 6553, 5]
[5, 6553, 6]
[5, 6553, 1]
[5, 6553, 12]
[5, 6553, 5]
[5, 6553, 10]
[5, 6553, 5]
[5, 6553, 11]
[5, 6553, 3]
[5, 6553, 9]
[5, 6553, 11]
[5, 6553, 8]
[5, 6553, 11]
[5, 6553, 9]
[5, 6553, 3]
[5, 6553, 8]
[5, 6553, 4]
[5, 6553, 7]
[5, 6553, 5]
[5, 6553, 11]
[5, 6553, 7]
[5, 6553, 9]
[5, 6553, 8]
[5, 6553, 4]
[5, 6553, 10]
[5, 6553, 2]
[5, 6553, 2]
[5, 6553, 2]
[5, 6553, 2]
[5, 6553, 2]
[5, 6553, 11]
[5, 6553, 9]
[5, 6553, 5]
[5, 6553, 2]
[5, 6553, 4]
[5, 6553, 7]
[5, 6553, 5]
[5, 6553, 11]
[5, 6553, 2]
[5, 6553, 7]
[5, 6553, 9]
[5, 6553, 11]
[5, 6553, 5]
[5, 6553, 5]
[5, 6553, 3]
[5, 6553, 9]
[5, 6553, 5]
[5, 6553, 2]
[5, 6553, 11]
[5, 6553, 5]
[5, 6553, 7]
[5, 6553, 8]
[5, 6553, 2]
[5, 6553, 13]
[5, 6553, 4]
[5, 6553, 5]
[5, 6553, 6]
[5, 6553, 7]
[5, 6553, 4]
[5, 6553, 1]
[5, 6553, 4]
[5, 6553, 3]
[5, 6553, 7]
[5, 6553, 13]
[5, 6553, 6]
[5, 6553, 5]
[5, 6553, 6]
[5, 6553, 6]
[5, 6553, 2]
[5, 6553, 6]
[5, 6553, 9]
[5, 6553, 6]
[5, 6553, 9]
[5, 6553, 6]
[5, 6553, 10]
[5, 6553, 7]
[5, 6553, 12]
[5, 6553, 6]
[5, 6553, 5]
[5, 6553, 8]
[5, 6553, 4]
[5, 6553, 12]
[5, 6553, 7]
[5, 6553, 12]
[5, 6553, 6]
[5, 6553, 12]
[5, 6553, 5]
[5, 6553, 5]
[5, 6553, 7]
[5, 6553, 8]
[5, 6553, 9]
[5, 6553, 6]
[5, 6553, 6]
[5, 6553, 12]
[5, 6553, 9]
[5, 6553, 8]
[5, 6553, 7]
[5, 6553, 3]
[5, 6553, 2]
[5, 6553, 8]
[10, 13107, 55]
[10, 13107, 40]
[10, 13107, 39]
[10, 13107, 62]
[10, 13107, 51]
[10, 13107, 59]
[10, 13107, 31]
[10, 13107, 62]
[10, 13107, 43]
[10, 13107, 42]
[10, 13107, 56]
[10, 13107, 47]
[10, 13107, 42]
[10, 13107, 40]
[10, 13107, 33]
[10, 13107, 42]
[10, 13107, 55]
[10, 13107, 52]
[10, 13107, 51]
[10, 13107, 59]
[10, 13107, 55]
[10, 13107, 40]
[10, 13107, 61]
[10, 13107, 59]
[10, 13107, 41]
[10, 13107, 40]
[10, 13107, 46]
[10, 13107, 42]
[10, 13107, 32]
[10, 13107, 20]
[10, 13107, 41]
[10, 13107, 38]
[10, 13107, 31]
[10, 13107, 39]
[10, 13107, 45]
[10, 13107, 32]
[10, 13107, 35]
[10, 13107, 58]
[10, 13107, 20]
[10, 13107, 29]
[10, 13107, 39]
[10, 13107, 49]
[10, 13107, 38]
[10, 13107, 43]
[10, 13107, 37]
[10, 13107, 46]
[10, 13107, 56]
[10, 13107, 26]
[10, 13107, 54]
[10, 13107, 35]
[10, 13107, 45]
[10, 13107, 51]
[10, 13107, 33]
[10, 13107, 35]
[10, 13107, 44]
[10, 13107, 51]
[10, 13107, 56]
[10, 13107, 44]
[10, 13107, 33]
[10, 13107, 26]
[10, 13107, 31]
[10, 13107, 43]
[10, 13107, 49]
[10, 13107, 39]
[10, 13107, 44]
[10, 13107, 36]
[10, 13107, 34]
[10, 13107, 39]
[10, 13107, 37]
[10, 13107, 40]
[10, 13107, 35]
[10, 13107, 41]
[10, 13107, 45]
[10, 13107, 41]
[10, 13107, 50]
[10, 13107, 51]
[10, 13107, 69]
[10, 13107, 28]
[10, 13107, 41]
[10, 13107, 52]
[10, 13107, 47]
[10, 13107, 42]
[10, 13107, 49]
[10, 13107, 48]
[10, 13107, 53]
[10, 13107, 57]
[10, 13107, 42]
[10, 13107, 58]
[10, 13107, 45]
[10, 13107, 33]
[10, 13107, 53]
[10, 13107, 35]
[10, 13107, 31]
[10, 13107, 54]
[10, 13107, 49]
[10, 13107, 38]
[10, 13107, 35]
[10, 13107, 31]
[10, 13107, 61]
[10, 13107, 33]
[15, 19660, 146]
[15, 19660, 134]
[15, 19660, 121]
[15, 19660, 199]
[15, 19660, 106]
[15, 19660, 144]
[15, 19660, 128]
[15, 19660, 150]
[15, 19660, 132]
[15, 19660, 127]
[15, 19660, 142]
[15, 19660, 137]
[15, 19660, 144]
[15, 19660, 116]
[15, 19660, 118]
[15, 19660, 113]
[15, 19660, 144]
[15, 19660, 167]
[15, 19660, 135]
[15, 19660, 174]
[15, 19660, 140]
[15, 19660, 123]
[15, 19660, 153]
[15, 19660, 143]
[15, 19660, 126]
[15, 19660, 107]
[15, 19660, 133]
[15, 19660, 139]
[15, 19660, 111]
[15, 19660, 113]
[15, 19660, 117]
[15, 19660, 107]
[15, 19660, 108]
[15, 19660, 137]
[15, 19660, 156]
[15, 19660, 122]
[15, 19660, 132]
[15, 19660, 138]
[15, 19660, 97]
[15, 19660, 141]
[15, 19660, 149]
[15, 19660, 146]
[15, 19660, 130]
[15, 19660, 135]
[15, 19660, 130]
[15, 19660, 130]
[15, 19660, 138]
[15, 19660, 113]
[15, 19660, 141]
[15, 19660, 116]
[15, 19660, 158]
[15, 19660, 136]
[15, 19660, 120]
[15, 19660, 128]
[15, 19660, 150]
[15, 19660, 128]
[15, 19660, 154]
[15, 19660, 146]
[15, 19660, 124]
[15, 19660, 110]
[15, 19660, 97]
[15, 19660, 109]
[15, 19660, 116]
[15, 19660, 122]
[15, 19660, 124]
[15, 19660, 116]
[15, 19660, 142]
[15, 19660, 126]
[15, 19660, 109]
[15, 19660, 125]
[15, 19660, 119]
[15, 19660, 138]
[15, 19660, 129]
[15, 19660, 126]
[15, 19660, 126]
[15, 19660, 134]
[15, 19660, 167]
[15, 19660, 115]
[15, 19660, 147]
[15, 19660, 137]
[15, 19660, 123]
[15, 19660, 141]
[15, 19660, 115]
[15, 19660, 135]
[15, 19660, 135]
[15, 19660, 162]
[15, 19660, 138]
[15, 19660, 129]
[15, 19660, 124]
[15, 19660, 118]
[15, 19660, 131]
[15, 19660, 120]
[15, 19660, 89]
[15, 19660, 122]
[15, 19660, 137]
[15, 19660, 120]
[15, 19660, 120]
[15, 19660, 112]
[15, 19660, 140]
[15, 19660, 141]
[20, 26214, 291]
[20, 26214, 273]
[20, 26214, 278]
[20, 26214, 372]
[20, 26214, 274]
[20, 26214, 338]
[20, 26214, 305]
[20, 26214, 318]
[20, 26214, 324]
[20, 26214, 273]
[20, 26214, 317]
[20, 26214, 308]
[20, 26214, 313]
[20, 26214, 255]
[20, 26214, 271]
[20, 26214, 223]
[20, 26214, 326]
[20, 26214, 337]
[20, 26214, 272]
[20, 26214, 302]
[20, 26214, 304]
[20, 26214, 260]
[20, 26214, 323]
[20, 26214, 292]
[20, 26214, 279]
[20, 26214, 267]
[20, 26214, 320]
[20, 26214, 268]
[20, 26214, 266]
[20, 26214, 263]
[20, 26214, 269]
[20, 26214, 213]
[20, 26214, 239]
[20, 26214, 306]
[20, 26214, 301]
[20, 26214, 317]
[20, 26214, 267]
[20, 26214, 335]
[20, 26214, 254]
[20, 26214, 311]
[20, 26214, 284]
[20, 26214, 281]
[20, 26214, 265]
[20, 26214, 287]
[20, 26214, 296]
[20, 26214, 288]
[20, 26214, 265]
[20, 26214, 255]
[20, 26214, 288]
[20, 26214, 262]
[20, 26214, 304]
[20, 26214, 269]
[20, 26214, 282]
[20, 26214, 292]
[20, 26214, 303]
[20, 26214, 309]
[20, 26214, 274]
[20, 26214, 302]
[20, 26214, 273]
[20, 26214, 249]
[20, 26214, 266]
[20, 26214, 262]
[20, 26214, 257]
[20, 26214, 268]
[20, 26214, 300]
[20, 26214, 252]
[20, 26214, 286]
[20, 26214, 254]
[20, 26214, 297]
[20, 26214, 297]
[20, 26214, 288]
[20, 26214, 261]
[20, 26214, 307]
[20, 26214, 275]
[20, 26214, 297]
[20, 26214, 309]
[20, 26214, 320]
[20, 26214, 280]
[20, 26214, 266]
[20, 26214, 311]
[20, 26214, 312]
[20, 26214, 283]
[20, 26214, 238]
[20, 26214, 306]
[20, 26214, 312]
[20, 26214, 313]
[20, 26214, 282]
[20, 26214, 333]
[20, 26214, 317]
[20, 26214, 237]
[20, 26214, 283]
[20, 26214, 268]
[20, 26214, 256]
[20, 26214, 256]
[20, 26214, 293]
[20, 26214, 267]
[20, 26214, 245]
[20, 26214, 255]
[20, 26214, 317]
[20, 26214, 288]
[25, 32768, 569]
[25, 32768, 520]
[25, 32768, 539]
[25, 32768, 619]
[25, 32768, 509]
[25, 32768, 533]
[25, 32768, 531]
[25, 32768, 531]
[25, 32768, 570]
[25, 32768, 504]
[25, 32768, 514]
[25, 32768, 582]
[25, 32768, 554]
[25, 32768, 484]
[25, 32768, 534]
[25, 32768, 448]
[25, 32768, 500]
[25, 32768, 589]
[25, 32768, 488]
[25, 32768, 563]
[25, 32768, 520]
[25, 32768, 483]
[25, 32768, 566]
[25, 32768, 522]
[25, 32768, 486]
[25, 32768, 514]
[25, 32768, 528]
[25, 32768, 511]
[25, 32768, 486]
[25, 32768, 513]
[25, 32768, 508]
[25, 32768, 437]
[25, 32768, 474]
[25, 32768, 550]
[25, 32768, 549]
[25, 32768, 522]
[25, 32768, 487]
[25, 32768, 604]
[25, 32768, 431]
[25, 32768, 526]
[25, 32768, 543]
[25, 32768, 513]
[25, 32768, 498]
[25, 32768, 506]
[25, 32768, 506]
[25, 32768, 542]
[25, 32768, 476]
[25, 32768, 516]
[25, 32768, 529]
[25, 32768, 446]
[25, 32768, 538]
[25, 32768, 487]
[25, 32768, 494]
[25, 32768, 542]
[25, 32768, 534]
[25, 32768, 554]
[25, 32768, 528]
[25, 32768, 532]
[25, 32768, 525]
[25, 32768, 495]
[25, 32768, 504]
[25, 32768, 517]
[25, 32768, 498]
[25, 32768, 470]
[25, 32768, 516]
[25, 32768, 491]
[25, 32768, 555]
[25, 32768, 453]
[25, 32768, 518]
[25, 32768, 555]
[25, 32768, 545]
[25, 32768, 477]
[25, 32768, 539]
[25, 32768, 487]
[25, 32768, 532]
[25, 32768, 552]
[25, 32768, 559]
[25, 32768, 485]
[25, 32768, 525]
[25, 32768, 534]
[25, 32768, 538]
[25, 32768, 480]
[25, 32768, 507]
[25, 32768, 546]
[25, 32768, 556]
[25, 32768, 571]
[25, 32768, 505]
[25, 32768, 595]
[25, 32768, 528]
[25, 32768, 511]
[25, 32768, 491]
[25, 32768, 495]
[25, 32768, 482]
[25, 32768, 504]
[25, 32768, 546]
[25, 32768, 500]
[25, 32768, 460]
[25, 32768, 486]
[25, 32768, 533]
[25, 32768, 564]
[30, 39321, 907]
[30, 39321, 816]
[30, 39321, 889]
[30, 39321, 977]
[30, 39321, 865]
[30, 39321, 861]
[30, 39321, 786]
[30, 39321, 897]
[30, 39321, 885]
[30, 39321, 862]
[30, 39321, 871]
[30, 39321, 863]
[30, 39321, 855]
[30, 39321, 783]
[30, 39321, 860]
[30, 39321, 790]
[30, 39321, 854]
[30, 39321, 890]
[30, 39321, 834]
[30, 39321, 861]
[30, 39321, 866]
[30, 39321, 813]
[30, 39321, 851]
[30, 39321, 880]
[30, 39321, 873]
[30, 39321, 870]
[30, 39321, 845]
[30, 39321, 828]
[30, 39321, 836]
[30, 39321, 825]
[30, 39321, 782]
[30, 39321, 746]
[30, 39321, 775]
[30, 39321, 902]
[30, 39321, 883]
[30, 39321, 882]
[30, 39321, 851]
[30, 39321, 939]
[30, 39321, 775]
[30, 39321, 842]
[30, 39321, 832]
[30, 39321, 833]
[30, 39321, 789]
[30, 39321, 805]
[30, 39321, 856]
[30, 39321, 849]
[30, 39321, 779]
[30, 39321, 821]
[30, 39321, 808]
[30, 39321, 769]
[30, 39321, 877]
[30, 39321, 819]
[30, 39321, 780]
[30, 39321, 846]
[30, 39321, 905]
[30, 39321, 849]
[30, 39321, 810]
[30, 39321, 896]
[30, 39321, 856]
[30, 39321, 818]
[30, 39321, 804]
[30, 39321, 855]
[30, 39321, 803]
[30, 39321, 760]
[30, 39321, 841]
[30, 39321, 796]
[30, 39321, 879]
[30, 39321, 842]
[30, 39321, 854]
[30, 39321, 873]
[30, 39321, 869]
[30, 39321, 837]
[30, 39321, 894]
[30, 39321, 793]
[30, 39321, 818]
[30, 39321, 853]
[30, 39321, 930]
[30, 39321, 795]
[30, 39321, 847]
[30, 39321, 833]
[30, 39321, 849]
[30, 39321, 827]
[30, 39321, 840]
[30, 39321, 924]
[30, 39321, 817]
[30, 39321, 872]
[30, 39321, 815]
[30, 39321, 914]
[30, 39321, 901]
[30, 39321, 797]
[30, 39321, 816]
[30, 39321, 780]
[30, 39321, 763]
[30, 39321, 790]
[30, 39321, 879]
[30, 39321, 804]
[30, 39321, 794]
[30, 39321, 817]
[30, 39321, 865]
[30, 39321, 896]
[35, 45875, 1334]
[35, 45875, 1269]
[35, 45875, 1288]
[35, 45875, 1390]
[35, 45875, 1240]
[35, 45875, 1272]
[35, 45875, 1209]
[35, 45875, 1302]
[35, 45875, 1302]
[35, 45875, 1281]
[35, 45875, 1225]
[35, 45875, 1244]
[35, 45875, 1260]
[35, 45875, 1189]
[35, 45875, 1298]
[35, 45875, 1199]
[35, 45875, 1308]
[35, 45875, 1292]
[35, 45875, 1256]
[35, 45875, 1299]
[35, 45875, 1276]
[35, 45875, 1183]
[35, 45875, 1314]
[35, 45875, 1349]
[35, 45875, 1268]
[35, 45875, 1286]
[35, 45875, 1258]
[35, 45875, 1207]
[35, 45875, 1267]
[35, 45875, 1278]
[35, 45875, 1229]
[35, 45875, 1135]
[35, 45875, 1173]
[35, 45875, 1344]
[35, 45875, 1335]
[35, 45875, 1335]
[35, 45875, 1254]
[35, 45875, 1323]
[35, 45875, 1224]
[35, 45875, 1245]
[35, 45875, 1243]
[35, 45875, 1287]
[35, 45875, 1257]
[35, 45875, 1256]
[35, 45875, 1288]
[35, 45875, 1283]
[35, 45875, 1229]
[35, 45875, 1282]
[35, 45875, 1275]
[35, 45875, 1191]
[35, 45875, 1231]
[35, 45875, 1234]
[35, 45875, 1195]
[35, 45875, 1245]
[35, 45875, 1318]
[35, 45875, 1256]
[35, 45875, 1274]
[35, 45875, 1324]
[35, 45875, 1278]
[35, 45875, 1274]
[35, 45875, 1264]
[35, 45875, 1255]
[35, 45875, 1246]
[35, 45875, 1158]
[35, 45875, 1225]
[35, 45875, 1180]
[35, 45875, 1261]
[35, 45875, 1258]
[35, 45875, 1280]
[35, 45875, 1314]
[35, 45875, 1272]
[35, 45875, 1241]
[35, 45875, 1295]
[35, 45875, 1270]
[35, 45875, 1206]
[35, 45875, 1296]
[35, 45875, 1297]
[35, 45875, 1212]
[35, 45875, 1200]
[35, 45875, 1273]
[35, 45875, 1240]
[35, 45875, 1252]
[35, 45875, 1246]
[35, 45875, 1321]
[35, 45875, 1272]
[35, 45875, 1261]
[35, 45875, 1261]
[35, 45875, 1334]
[35, 45875, 1285]
[35, 45875, 1231]
[35, 45875, 1242]
[35, 45875, 1200]
[35, 45875, 1158]
[35, 45875, 1216]
[35, 45875, 1343]
[35, 45875, 1199]
[35, 45875, 1233]
[35, 45875, 1201]
[35, 45875, 1270]
[35, 45875, 1328]
[40, 52428, 1769]
[40, 52428, 1869]
[40, 52428, 1835]
[40, 52428, 1883]
[40, 52428, 1745]
[40, 52428, 1778]
[40, 52428, 1726]
[40, 52428, 1806]
[40, 52428, 1828]
[40, 52428, 1739]
[40, 52428, 1809]
[40, 52428, 1743]
[40, 52428, 1795]
[40, 52428, 1664]
[40, 52428, 1838]
[40, 52428, 1710]
[40, 52428, 1858]
[40, 52428, 1854]
[40, 52428, 1787]
[40, 52428, 1844]
[40, 52428, 1781]
[40, 52428, 1723]
[40, 52428, 1843]
[40, 52428, 1837]
[40, 52428, 1873]
[40, 52428, 1766]
[40, 52428, 1790]
[40, 52428, 1677]
[40, 52428, 1749]
[40, 52428, 1779]
[40, 52428, 1756]
[40, 52428, 1664]
[40, 52428, 1689]
[40, 52428, 1899]
[40, 52428, 1855]
[40, 52428, 1844]
[40, 52428, 1719]
[40, 52428, 1892]
[40, 52428, 1797]
[40, 52428, 1724]
[40, 52428, 1708]
[40, 52428, 1840]
[40, 52428, 1780]
[40, 52428, 1777]
[40, 52428, 1824]
[40, 52428, 1847]
[40, 52428, 1747]
[40, 52428, 1770]
[40, 52428, 1754]
[40, 52428, 1685]
[40, 52428, 1826]
[40, 52428, 1815]
[40, 52428, 1686]
[40, 52428, 1691]
[40, 52428, 1884]
[40, 52428, 1764]
[40, 52428, 1731]
[40, 52428, 1833]
[40, 52428, 1773]
[40, 52428, 1793]
[40, 52428, 1775]
[40, 52428, 1843]
[40, 52428, 1697]
[40, 52428, 1717]
[40, 52428, 1836]
[40, 52428, 1669]
[40, 52428, 1849]
[40, 52428, 1826]
[40, 52428, 1801]
[40, 52428, 1825]
[40, 52428, 1771]
[40, 52428, 1736]
[40, 52428, 1834]
[40, 52428, 1780]
[40, 52428, 1727]
[40, 52428, 1741]
[40, 52428, 1834]
[40, 52428, 1766]
[40, 52428, 1735]
[40, 52428, 1806]
[40, 52428, 1727]
[40, 52428, 1760]
[40, 52428, 1739]
[40, 52428, 1856]
[40, 52428, 1761]
[40, 52428, 1802]
[40, 52428, 1805]
[40, 52428, 1843]
[40, 52428, 1815]
[40, 52428, 1845]
[40, 52428, 1757]
[40, 52428, 1721]
[40, 52428, 1593]
[40, 52428, 1780]
[40, 52428, 1881]
[40, 52428, 1691]
[40, 52428, 1767]
[40, 52428, 1729]
[40, 52428, 1804]
[40, 52428, 1811]
