[1, 1310, 0]
[1, 1310, 0]
[1, 1310, 0]
[1, 1310, 0]
[1, 1310, 0]
[1, 1310, 2]
[1, 1310, 0]
[1, 1310, 0]
[1, 1310, 0]
[1, 1310, 0]
[1, 1310, 0]
[1, 1310, 0]
[1, 1310, 0]
[1, 1310, 0]
[1, 1310, 0]
[1, 1310, 0]
[1, 1310, 0]
[1, 1310, 0]
[1, 1310, 0]
[1, 1310, 1]
[1, 1310, 0]
[1, 1310, 0]
[1, 1310, 0]
[1, 1310, 0]
[1, 1310, 0]
[1, 1310, 0]
[1, 1310, 0]
[1, 1310, 0]
[1, 1310, 0]
[1, 1310, 0]
[1, 1310, 2]
[1, 1310, 2]
[1, 1310, 0]
[1, 1310, 0]
[1, 1310, 0]
[1, 1310, 0]
[1, 1310, 0]
[1, 1310, 0]
[1, 1310, 0]
[1, 1310, 0]
[1, 1310, 0]
[1, 1310, 0]
[1, 1310, 0]
[1, 1310, 0]
[1, 1310, 0]
[1, 1310, 0]
[1, 1310, 0]
[1, 1310, 0]
[1, 1310, 0]
[1, 1310, 0]
[1, 1310, 0]
[1, 1310, 0]
[1, 1310, 0]
[1, 1310, 0]
[1, 1310, 0]
[1, 1310, 0]
[1, 1310, 0]
[1, 1310, 0]
[1, 1310, 0]
[1, 1310, 0]
[1, 1310, 0]
[1, 1310, 0]
[1, 1310, 1]
[1, 1310, 0]
[1, 1310, 0]
[1, 1310, 0]
[1, 1310, 0]
[1, 1310, 0]
[1, 1310, 0]
[1, 1310, 0]
[1, 1310, 0]
[1, 1310, 0]
[1, 1310, 0]
[1, 1310, 2]
[1, 1310, 0]
[1, 1310, 1]
[1, 1310, 0]
[1, 1310, 0]
[1, 1310, 0]
[1, 1310, 0]
[1, 1310, 0]
[1, 1310, 0]
[1, 1310, 2]
[1, 1310, 0]
[1, 1310, 0]
[1, 1310, 0]
[1, 1310, 0]
[1, 1310, 0]
[1, 1310, 0]
[1, 1310, 0]
[1, 1310, 2]
[1, 1310, 0]
[1, 1310, 0]
[1, 1310, 0]
[1, 1310, 0]
[1, 1310, 0]
[1, 1310, 0]
[1, 1310, 1]
[1, 1310, 0]
[1, 1310, 0]
[2, 2621, 2]
[2, 2621, 2]
[2, 2621, 0]
[2, 2621, 0]
[2, 2621, 1]
[2, 2621, 1]
[2, 2621, 0]
[2, 2621, 2]
[2, 2621, 0]
[2, 2621, 0]
[2, 2621, 0]
[2, 2621, 0]
[2, 2621, 0]
[2, 2621, 0]
[2, 2621, 2]
[2, 2621, 1]
[2, 2621, 0]
[2, 2621, 0]
[2, 2621, 0]
[2, 2621, 1]
[2, 2621, 0]
[2, 2621, 0]
[2, 2621, 0]
[2, 2621, 0]
[2, 2621, 0]
[2, 2621, 0]
[2, 2621, 0]
[2, 2621, 0]
[2, 2621, 0]
[2, 2621, 0]
[2, 2621, 3]
[2, 2621, 3]
[2, 2621, 0]
[2, 2621, 0]
[2, 2621, 0]
[2, 2621, 0]
[2, 2621, 0]
[2, 2621, 0]
[2, 2621, 0]
[2, 2621, 0]
[2, 2621, 3]
[2, 2621, 0]
[2, 2621, 1]
[2, 2621, 0]
[2, 2621, 0]
[2, 2621, 1]
[2, 2621, 1]
[2, 2621, 0]
[2, 2621, 0]
[2, 2621, 0]
[2, 2621, 0]
[2, 2621, 0]
[2, 2621, 3]
[2, 2621, 0]
[2, 2621, 0]
[2, 2621, 1]
[2, 2621, 0]
[2, 2621, 0]
[2, 2621, 0]
[2, 2621, 0]
[2, 2621, 0]
[2, 2621, 0]
[2, 2621, 3]
[2, 2621, 0]
[2, 2621, 0]
[2, 2621, 0]
[2, 2621, 0]
[2, 2621, 0]
[2, 2621, 2]
[2, 2621, 4]
[2, 2621, 1]
[2, 2621, 0]
[2, 2621, 0]
[2, 2621, 2]
[2, 2621, 0]
[2, 2621, 3]
[2, 2621, 0]
[2, 2621, 0]
[2, 2621, 2]
[2, 2621, 2]
[2, 2621, 0]
[2, 2621, 3]
[2, 2621, 2]
[2, 2621, 0]
[2, 2621, 0]
[2, 2621, 0]
[2, 2621, 2]
[2, 2621, 2]
[2, 2621, 0]
[2, 2621, 2]
[2, 2621, 3]
[2, 2621, 1]
[2, 2621, 0]
[2, 2621, 0]
[2, 2621, 0]
[2, 2621, 0]
[2, 2621, 1]
[2, 2621, 6]
[2, 2621, 0]
[2, 2621, 0]
[5, 6553, 2]
[5, 6553, 10]
[5, 6553, 7]
[5, 6553, 3]
[5, 6553, 5]
[5, 6553, 3]
[5, 6553, 10]
[5, 6553, 11]
[5, 6553, 7]
[5, 6553, 9]
[5, 6553, 9]
[5, 6553, 10]
[5, 6553, 5]
[5, 6553, 3]
[5, 6553, 9]
[5, 6553, 7]
[5, 6553, 2]
[5, 6553, 7]
[5, 6553, 8]
[5, 6553, 5]
[5, 6553, 3]
[5, 6553, 9]
[5, 6553, 3]
[5, 6553, 5]
[5, 6553, 7]
[5, 6553, 5]
[5, 6553, 8]
[5, 6553, 6]
[5, 6553, 9]
[5, 6553, 4]
[5, 6553, 25]
[5, 6553, 16]
[5, 6553, 6]
[5, 6553, 10]
[5, 6553, 3]
[5, 6553, 11]
[5, 6553, 8]
[5, 6553, 5]
[5, 6553, 9]
[5, 6553, 8]
[5, 6553, 6]
[5, 6553, 6]
[5, 6553, 16]
[5, 6553, 4]
[5, 6553, 7]
[5, 6553, 6]
[5, 6553, 13]
[5, 6553, 1]
[5, 6553, 5]
[5, 6553, 2]
[5, 6553, 6]
[5, 6553, 7]
[5, 6553, 7]
[5, 6553, 1]
[5, 6553, 11]
[5, 6553, 8]
[5, 6553, 4]
[5, 6553, 8]
[5, 6553, 5]
[5, 6553, 7]
[5, 6553, 15]
[5, 6553, 4]
[5, 6553, 8]
[5, 6553, 6]
[5, 6553, 10]
[5, 6553, 9]
[5, 6553, 10]
[5, 6553, 0]
[5, 6553, 12]
[5, 6553, 10]
[5, 6553, 6]
[5, 6553, 4]
[5, 6553, 7]
[5, 6553, 7]
[5, 6553, 5]
[5, 6553, 5]
[5, 6553, 10]
[5, 6553, 12]
[5, 6553, 5]
[5, 6553, 10]
[5, 6553, 1]
[5, 6553, 16]
[5, 6553, 11]
[5, 6553, 7]
[5, 6553, 10]
[5, 6553, 6]
[5, 6553, 7]
[5, 6553, 15]
[5, 6553, 8]
[5, 6553, 8]
[5, 6553, 5]
[5, 6553, 1]
[5, 6553, 15]
[5, 6553, 8]
[5, 6553, 7]
[5, 6553, 0]
[5, 6553, 12]
[5, 6553, 13]
[5, 6553, 8]
[5, 6553, 2]
[10, 13107, 32]
[10, 13107, 40]
[10, 13107, 43]
[10, 13107, 41]
[10, 13107, 23]
[10, 13107, 38]
[10, 13107, 44]
[10, 13107, 54]
[10, 13107, 53]
[10, 13107, 41]
[10, 13107, 42]
[10, 13107, 35]
[10, 13107, 45]
[10, 13107, 47]
[10, 13107, 39]
[10, 13107, 40]
[10, 13107, 43]
[10, 13107, 38]
[10, 13107, 38]
[10, 13107, 54]
[10, 13107, 42]
[10, 13107, 41]
[10, 13107, 38]
[10, 13107, 60]
[10, 13107, 42]
[10, 13107, 42]
[10, 13107, 57]
[10, 13107, 61]
[10, 13107, 63]
[10, 13107, 24]
[10, 13107, 52]
[10, 13107, 61]
[10, 13107, 50]
[10, 13107, 32]
[10, 13107, 32]
[10, 13107, 47]
[10, 13107, 44]
[10, 13107, 41]
[10, 13107, 43]
[10, 13107, 57]
[10, 13107, 54]
[10, 13107, 42]
[10, 13107, 52]
[10, 13107, 43]
[10, 13107, 40]
[10, 13107, 61]
[10, 13107, 48]
[10, 13107, 26]
[10, 13107, 47]
[10, 13107, 47]
[10, 13107, 53]
[10, 13107, 56]
[10, 13107, 42]
[10, 13107, 51]
[10, 13107, 50]
[10, 13107, 43]
[10, 13107, 39]
[10, 13107, 50]
[10, 13107, 43]
[10, 13107, 50]
[10, 13107, 26]
[10, 13107, 32]
[10, 13107, 35]
[10, 13107, 38]
[10, 13107, 55]
[10, 13107, 49]
[10, 13107, 44]
[10, 13107, 45]
[10, 13107, 59]
[10, 13107, 60]
[10, 13107, 35]
[10, 13107, 50]
[10, 13107, 30]
[10, 13107, 42]
[10, 13107, 37]
[10, 13107, 34]
[10, 13107, 42]
[10, 13107, 35]
[10, 13107, 36]
[10, 13107, 54]
[10, 13107, 48]
[10, 13107, 67]
[10, 13107, 36]
[10, 13107, 47]
[10, 13107, 49]
[10, 13107, 35]
[10, 13107, 43]
[10, 13107, 48]
[10, 13107, 46]
[10, 13107, 39]
[10, 13107, 36]
[10, 13107, 37]
[10, 13107, 72]
[10, 13107, 37]
[10, 13107, 37]
[10, 13107, 36]
[10, 13107, 43]
[10, 13107, 57]
[10, 13107, 44]
[10, 13107, 33]
[15, 19660, 124]
[15, 19660, 111]
[15, 19660, 130]
[15, 19660, 126]
[15, 19660, 114]
[15, 19660, 127]
[15, 19660, 161]
[15, 19660, 135]
[15, 19660, 112]
[15, 19660, 134]
[15, 19660, 127]
[15, 19660, 127]
[15, 19660, 150]
[15, 19660, 144]
[15, 19660, 150]
[15, 19660, 146]
[15, 19660, 134]
[15, 19660, 107]
[15, 19660, 128]
[15, 19660, 139]
[15, 19660, 149]
[15, 19660, 122]
[15, 19660, 123]
[15, 19660, 162]
[15, 19660, 139]
[15, 19660, 143]
[15, 19660, 159]
[15, 19660, 141]
[15, 19660, 141]
[15, 19660, 73]
[15, 19660, 129]
[15, 19660, 147]
[15, 19660, 126]
[15, 19660, 116]
[15, 19660, 129]
[15, 19660, 132]
[15, 19660, 127]
[15, 19660, 142]
[15, 19660, 114]
[15, 19660, 160]
[15, 19660, 140]
[15, 19660, 128]
[15, 19660, 136]
[15, 19660, 150]
[15, 19660, 111]
[15, 19660, 152]
[15, 19660, 136]
[15, 19660, 103]
[15, 19660, 125]
[15, 19660, 128]
[15, 19660, 134]
[15, 19660, 154]
[15, 19660, 135]
[15, 19660, 119]
[15, 19660, 104]
[15, 19660, 116]
[15, 19660, 111]
[15, 19660, 125]
[15, 19660, 126]
[15, 19660, 139]
[15, 19660, 117]
[15, 19660, 109]
[15, 19660, 132]
[15, 19660, 130]
[15, 19660, 141]
[15, 19660, 149]
[15, 19660, 125]
[15, 19660, 119]
[15, 19660, 131]
[15, 19660, 162]
[15, 19660, 136]
[15, 19660, 132]
[15, 19660, 134]
[15, 19660, 130]
[15, 19660, 131]
[15, 19660, 130]
[15, 19660, 132]
[15, 19660, 109]
[15, 19660, 164]
[15, 19660, 132]
[15, 19660, 142]
[15, 19660, 177]
[15, 19660, 142]
[15, 19660, 105]
[15, 19660, 133]
[15, 19660, 143]
[15, 19660, 119]
[15, 19660, 136]
[15, 19660, 155]
[15, 19660, 130]
[15, 19660, 162]
[15, 19660, 129]
[15, 19660, 161]
[15, 19660, 135]
[15, 19660, 142]
[15, 19660, 110]
[15, 19660, 129]
[15, 19660, 161]
[15, 19660, 127]
[15, 19660, 133]
[20, 26214, 279]
[20, 26214, 292]
[20, 26214, 290]
[20, 26214, 275]
[20, 26214, 277]
[20, 26214, 276]
[20, 26214, 331]
[20, 26214, 303]
[20, 26214, 261]
[20, 26214, 266]
[20, 26214, 265]
[20, 26214, 287]
[20, 26214, 306]
[20, 26214, 309]
[20, 26214, 274]
[20, 26214, 301]
[20, 26214, 311]
[20, 26214, 299]
[20, 26214, 281]
[20, 26214, 305]
[20, 26214, 297]
[20, 26214, 281]
[20, 26214, 287]
[20, 26214, 334]
[20, 26214, 288]
[20, 26214, 265]
[20, 26214, 318]
[20, 26214, 312]
[20, 26214, 307]
[20, 26214, 235]
[20, 26214, 263]
[20, 26214, 289]
[20, 26214, 295]
[20, 26214, 305]
[20, 26214, 303]
[20, 26214, 328]
[20, 26214, 270]
[20, 26214, 273]
[20, 26214, 292]
[20, 26214, 285]
[20, 26214, 299]
[20, 26214, 297]
[20, 26214, 264]
[20, 26214, 332]
[20, 26214, 314]
[20, 26214, 317]
[20, 26214, 296]
[20, 26214, 253]
[20, 26214, 283]
[20, 26214, 281]
[20, 26214, 299]
[20, 26214, 290]
[20, 26214, 285]
[20, 26214, 260]
[20, 26214, 265]
[20, 26214, 258]
[20, 26214, 262]
[20, 26214, 284]
[20, 26214, 254]
[20, 26214, 279]
[20, 26214, 297]
[20, 26214, 249]
[20, 26214, 316]
[20, 26214, 279]
[20, 26214, 304]
[20, 26214, 291]
[20, 26214, 232]
[20, 26214, 262]
[20, 26214, 320]
[20, 26214, 284]
[20, 26214, 275]
[20, 26214, 311]
[20, 26214, 288]
[20, 26214, 291]
[20, 26214, 235]
[20, 26214, 263]
[20, 26214, 303]
[20, 26214, 253]
[20, 26214, 343]
[20, 26214, 263]
[20, 26214, 304]
[20, 26214, 345]
[20, 26214, 334]
[20, 26214, 245]
[20, 26214, 299]
[20, 26214, 306]
[20, 26214, 259]
[20, 26214, 306]
[20, 26214, 282]
[20, 26214, 253]
[20, 26214, 326]
[20, 26214, 281]
[20, 26214, 324]
[20, 26214, 269]
[20, 26214, 310]
[20, 26214, 276]
[20, 26214, 300]
[20, 26214, 314]
[20, 26214, 276]
[20, 26214, 294]
[25, 32768, 523]
[25, 32768, 549]
[25, 32768, 532]
[25, 32768, 507]
[25, 32768, 539]
[25, 32768, 501]
[25, 32768, 545]
[25, 32768, 571]
[25, 32768, 509]
[25, 32768, 519]
[25, 32768, 526]
[25, 32768, 565]
[25, 32768, 547]
[25, 32768, 561]
[25, 32768, 513]
[25, 32768, 575]
[25, 32768, 547]
[25, 32768, 538]
[25, 32768, 516]
[25, 32768, 520]
[25, 32768, 518]
[25, 32768, 525]
[25, 32768, 551]
[25, 32768, 578]
[25, 32768, 511]
[25, 32768, 501]
[25, 32768, 576]
[25, 32768, 595]
[25, 32768, 529]
[25, 32768, 459]
[25, 32768, 499]
[25, 32768, 515]
[25, 32768, 540]
[25, 32768, 520]
[25, 32768, 524]
[25, 32768, 561]
[25, 32768, 510]
[25, 32768, 509]
[25, 32768, 527]
[25, 32768, 516]
[25, 32768, 543]
[25, 32768, 554]
[25, 32768, 489]
[25, 32768, 581]
[25, 32768, 509]
[25, 32768, 533]
[25, 32768, 523]
[25, 32768, 488]
[25, 32768, 512]
[25, 32768, 516]
[25, 32768, 526]
[25, 32768, 508]
[25, 32768, 526]
[25, 32768, 521]
[25, 32768, 489]
[25, 32768, 520]
[25, 32768, 502]
[25, 32768, 544]
[25, 32768, 474]
[25, 32768, 546]
[25, 32768, 549]
[25, 32768, 469]
[25, 32768, 544]
[25, 32768, 500]
[25, 32768, 522]
[25, 32768, 553]
[25, 32768, 472]
[25, 32768, 453]
[25, 32768, 537]
[25, 32768, 506]
[25, 32768, 512]
[25, 32768, 548]
[25, 32768, 505]
[25, 32768, 553]
[25, 32768, 458]
[25, 32768, 500]
[25, 32768, 522]
[25, 32768, 545]
[25, 32768, 590]
[25, 32768, 506]
[25, 32768, 506]
[25, 32768, 651]
[25, 32768, 568]
[25, 32768, 468]
[25, 32768, 525]
[25, 32768, 514]
[25, 32768, 445]
[25, 32768, 537]
[25, 32768, 502]
[25, 32768, 482]
[25, 32768, 532]
[25, 32768, 532]
[25, 32768, 565]
[25, 32768, 515]
[25, 32768, 532]
[25, 32768, 477]
[25, 32768, 549]
[25, 32768, 524]
[25, 32768, 504]
[25, 32768, 532]
[30, 39321, 820]
[30, 39321, 890]
[30, 39321, 882]
[30, 39321, 821]
[30, 39321, 858]
[30, 39321, 799]
[30, 39321, 846]
[30, 39321, 858]
[30, 39321, 790]
[30, 39321, 845]
[30, 39321, 836]
[30, 39321, 900]
[30, 39321, 888]
[30, 39321, 912]
[30, 39321, 817]
[30, 39321, 880]
[30, 39321, 841]
[30, 39321, 854]
[30, 39321, 854]
[30, 39321, 873]
[30, 39321, 854]
[30, 39321, 845]
[30, 39321, 904]
[30, 39321, 880]
[30, 39321, 820]
[30, 39321, 806]
[30, 39321, 891]
[30, 39321, 918]
[30, 39321, 869]
[30, 39321, 732]
[30, 39321, 855]
[30, 39321, 842]
[30, 39321, 817]
[30, 39321, 877]
[30, 39321, 837]
[30, 39321, 889]
[30, 39321, 808]
[30, 39321, 857]
[30, 39321, 895]
[30, 39321, 847]
[30, 39321, 824]
[30, 39321, 843]
[30, 39321, 802]
[30, 39321, 958]
[30, 39321, 864]
[30, 39321, 902]
[30, 39321, 878]
[30, 39321, 823]
[30, 39321, 848]
[30, 39321, 848]
[30, 39321, 879]
[30, 39321, 861]
[30, 39321, 840]
[30, 39321, 837]
[30, 39321, 849]
[30, 39321, 829]
[30, 39321, 793]
[30, 39321, 862]
[30, 39321, 782]
[30, 39321, 829]
[30, 39321, 853]
[30, 39321, 783]
[30, 39321, 832]
[30, 39321, 848]
[30, 39321, 890]
[30, 39321, 875]
[30, 39321, 812]
[30, 39321, 829]
[30, 39321, 864]
[30, 39321, 775]
[30, 39321, 815]
[30, 39321, 888]
[30, 39321, 861]
[30, 39321, 894]
[30, 39321, 787]
[30, 39321, 832]
[30, 39321, 927]
[30, 39321, 885]
[30, 39321, 942]
[30, 39321, 824]
[30, 39321, 823]
[30, 39321, 975]
[30, 39321, 901]
[30, 39321, 760]
[30, 39321, 866]
[30, 39321, 863]
[30, 39321, 756]
[30, 39321, 868]
[30, 39321, 787]
[30, 39321, 753]
[30, 39321, 856]
[30, 39321, 823]
[30, 39321, 885]
[30, 39321, 806]
[30, 39321, 844]
[30, 39321, 765]
[30, 39321, 872]
[30, 39321, 830]
[30, 39321, 829]
[30, 39321, 849]
[35, 45875, 1221]
[35, 45875, 1309]
[35, 45875, 1378]
[35, 45875, 1261]
[35, 45875, 1257]
[35, 45875, 1229]
[35, 45875, 1259]
[35, 45875, 1238]
[35, 45875, 1213]
[35, 45875, 1253]
[35, 45875, 1234]
[35, 45875, 1322]
[35, 45875, 1294]
[35, 45875, 1381]
[35, 45875, 1228]
[35, 45875, 1294]
[35, 45875, 1276]
[35, 45875, 1298]
[35, 45875, 1268]
[35, 45875, 1285]
[35, 45875, 1274]
[35, 45875, 1286]
[35, 45875, 1291]
[35, 45875, 1299]
[35, 45875, 1245]
[35, 45875, 1284]
[35, 45875, 1296]
[35, 45875, 1332]
[35, 45875, 1259]
[35, 45875, 1168]
[35, 45875, 1190]
[35, 45875, 1286]
[35, 45875, 1299]
[35, 45875, 1268]
[35, 45875, 1312]
[35, 45875, 1316]
[35, 45875, 1225]
[35, 45875, 1237]
[35, 45875, 1347]
[35, 45875, 1241]
[35, 45875, 1221]
[35, 45875, 1266]
[35, 45875, 1286]
[35, 45875, 1356]
[35, 45875, 1214]
[35, 45875, 1308]
[35, 45875, 1228]
[35, 45875, 1316]
[35, 45875, 1274]
[35, 45875, 1205]
[35, 45875, 1259]
[35, 45875, 1246]
[35, 45875, 1223]
[35, 45875, 1267]
[35, 45875, 1281]
[35, 45875, 1214]
[35, 45875, 1228]
[35, 45875, 1247]
[35, 45875, 1233]
[35, 45875, 1262]
[35, 45875, 1288]
[35, 45875, 1164]
[35, 45875, 1281]
[35, 45875, 1257]
[35, 45875, 1289]
[35, 45875, 1309]
[35, 45875, 1266]
[35, 45875, 1193]
[35, 45875, 1306]
[35, 45875, 1233]
[35, 45875, 1293]
[35, 45875, 1334]
[35, 45875, 1296]
[35, 45875, 1338]
[35, 45875, 1184]
[35, 45875, 1262]
[35, 45875, 1367]
[35, 45875, 1338]
[35, 45875, 1421]
[35, 45875, 1253]
[35, 45875, 1275]
[35, 45875, 1376]
[35, 45875, 1362]
[35, 45875, 1161]
[35, 45875, 1210]
[35, 45875, 1221]
[35, 45875, 1219]
[35, 45875, 1253]
[35, 45875, 1203]
[35, 45875, 1191]
[35, 45875, 1275]
[35, 45875, 1242]
[35, 45875, 1343]
[35, 45875, 1215]
[35, 45875, 1239]
[35, 45875, 1148]
[35, 45875, 1265]
[35, 45875, 1277]
[35, 45875, 1264]
[35, 45875, 1260]
[40, 52428, 1754]
[40, 52428, 1793]
[40, 52428, 1882]
[40, 52428, 1802]
[40, 52428, 1677]
[40, 52428, 1740]
[40, 52428, 1783]
[40, 52428, 1725]
[40, 52428, 1654]
[40, 52428, 1754]
[40, 52428, 1777]
[40, 52428, 1825]
[40, 52428, 1835]
[40, 52428, 1859]
[40, 52428, 1752]
[40, 52428, 1797]
[40, 52428, 1824]
[40, 52428, 1848]
[40, 52428, 1865]
[40, 52428, 1763]
[40, 52428, 1758]
[40, 52428, 1778]
[40, 52428, 1869]
[40, 52428, 1872]
[40, 52428, 1753]
[40, 52428, 1789]
[40, 52428, 1838]
[40, 52428, 1846]
[40, 52428, 1755]
[40, 52428, 1657]
[40, 52428, 1708]
[40, 52428, 1746]
[40, 52428, 1841]
[40, 52428, 1794]
[40, 52428, 1811]
[40, 52428, 1763]
[40, 52428, 1808]
[40, 52428, 1754]
[40, 52428, 1848]
[40, 52428, 1804]
[40, 52428, 1790]
[40, 52428, 1774]
[40, 52428, 1741]
[40, 52428, 1833]
[40, 52428, 1784]
[40, 52428, 1759]
[40, 52428, 1737]
[40, 52428, 1779]
[40, 52428, 1859]
[40, 52428, 1651]
[40, 52428, 1778]
[40, 52428, 1764]
[40, 52428, 1735]
[40, 52428, 1785]
[40, 52428, 1809]
[40, 52428, 1777]
[40, 52428, 1743]
[40, 52428, 1749]
[40, 52428, 1801]
[40, 52428, 1667]
[40, 52428, 1847]
[40, 52428, 1673]
[40, 52428, 1757]
[40, 52428, 1781]
[40, 52428, 1775]
[40, 52428, 1833]
[40, 52428, 1802]
[40, 52428, 1718]
[40, 52428, 1896]
[40, 52428, 1781]
[40, 52428, 1830]
[40, 52428, 1900]
[40, 52428, 1789]
[40, 52428, 1890]
[40, 52428, 1685]
[40, 52428, 1728]
[40, 52428, 1859]
[40, 52428, 1900]
[40, 52428, 1855]
[40, 52428, 1747]
[40, 52428, 1743]
[40, 52428, 1885]
[40, 52428, 1878]
[40, 52428, 1682]
[40, 52428, 1737]
[40, 52428, 1802]
[40, 52428, 1754]
[40, 52428, 1787]
[40, 52428, 1743]
[40, 52428, 1719]
[40, 52428, 1778]
[40, 52428, 1817]
[40, 52428, 1827]
[40, 52428, 1767]
[40, 52428, 1775]
[40, 52428, 1670]
[40, 52428, 1777]
[40, 52428, 1785]
[40, 52428, 1791]
[40, 52428, 1704]
