[1, 1310, 0, 0]
[1, 1310, 0, 0]
[1, 1310, 0, 0]
[1, 1310, 0, 0]
[1, 1310, 0, 0]
[1, 1310, 0, 0]
[1, 1310, 0, 0]
[1, 1310, 0, 0]
[1, 1310, 0, 0]
[1, 1310, 0, 0]
[1, 1310, 0, 0]
[1, 1310, 0, 0]
[1, 1310, 0, 0]
[1, 1310, 0, 0]
[1, 1310, 0, 0]
[1, 1310, 0, 0]
[1, 1310, 0, 0]
[1, 1310, 0, 0]
[1, 1310, 0, 0]
[1, 1310, 0, 0]
[1, 1310, 0, 0]
[1, 1310, 0, 0]
[1, 1310, 0, 0]
[1, 1310, 0, 0]
[1, 1310, 0, 0]
[1, 1310, 0, 0]
[1, 1310, 0, 0]
[1, 1310, 0, 0]
[1, 1310, 0, 0]
[1, 1310, 0, 0]
[1, 1310, 0, 0]
[1, 1310, 0, 0]
[1, 1310, 0, 0]
[1, 1310, 0, 0]
[1, 1310, 0, 0]
[1, 1310, 0, 0]
[1, 1310, 0, 0]
[1, 1310, 0, 0]
[1, 1310, 0, 0]
[1, 1310, 0, 0]
[1, 1310, 0, 0]
[1, 1310, 0, 0]
[1, 1310, 0, 0]
[1, 1310, 0, 0]
[1, 1310, 0, 0]
[1, 1310, 0, 0]
[1, 1310, 0, 0]
[1, 1310, 0, 0]
[1, 1310, 0, 0]
[1, 1310, 0, 0]
[1, 1310, 0, 0]
[1, 1310, 0, 0]
[1, 1310, 0, 0]
[1, 1310, 0, 0]
[1, 1310, 0, 0]
[1, 1310, 0, 0]
[1, 1310, 0, 0]
[1, 1310, 0, 0]
[1, 1310, 0, 0]
[1, 1310, 0, 0]
[1, 1310, 0, 0]
[1, 1310, 0, 0]
[1, 1310, 0, 0]
[1, 1310, 0, 0]
[1, 1310, 0, 0]
[1, 1310, 0, 0]
[1, 1310, 0, 0]
[1, 1310, 0, 0]
[1, 1310, 0, 0]
[1, 1310, 0, 0]
[1, 1310, 0, 0]
[1, 1310, 0, 0]
[1, 1310, 0, 0]
[1, 1310, 0, 0]
[1, 1310, 0, 0]
[1, 1310, 0, 0]
[1, 1310, 0, 0]
[1, 1310, 0, 0]
[1, 1310, 0, 0]
[1, 1310, 0, 0]
[1, 1310, 0, 0]
[1, 1310, 0, 0]
[1, 1310, 0, 0]
[1, 1310, 0, 0]
[1, 1310, 0, 0]
[1, 1310, 0, 0]
[1, 1310, 0, 0]
[1, 1310, 0, 0]
[1, 1310, 0, 0]
[1, 1310, 0, 0]
[1, 1310, 0, 0]
[1, 1310, 0, 0]
[1, 1310, 0, 0]
[1, 1310, 0, 0]
[1, 1310, 0, 0]
[1, 1310, 0, 0]
[1, 1310, 0, 0]
[1, 1310, 0, 0]
[1, 1310, 0, 0]
[1, 1310, 0, 0]
[2, 2621, 0, 0]
[2, 2621, 0, 0]
[2, 2621, 0, 0]
[2, 2621, 0, 0]
[2, 2621, 0, 0]
[2, 2621, 0, 0]
[2, 2621, 0, 0]
[2, 2621, 0, 0]
[2, 2621, 0, 0]
[2, 2621, 0, 0]
[2, 2621, 0, 0]
[2, 2621, 0, 0]
[2, 2621, 0, 0]
[2, 2621, 0, 0]
[2, 2621, 0, 0]
[2, 2621, 0, 0]
[2, 2621, 0, 0]
[2, 2621, 0, 0]
[2, 2621, 0, 0]
[2, 2621, 0, 0]
[2, 2621, 0, 0]
[2, 2621, 0, 0]
[2, 2621, 0, 0]
[2, 2621, 0, 0]
[2, 2621, 0, 0]
[2, 2621, 0, 0]
[2, 2621, 0, 0]
[2, 2621, 0, 0]
[2, 2621, 0, 0]
[2, 2621, 0, 0]
[2, 2621, 0, 0]
[2, 2621, 0, 0]
[2, 2621, 0, 0]
[2, 2621, 0, 0]
[2, 2621, 0, 0]
[2, 2621, 0, 0]
[2, 2621, 0, 0]
[2, 2621, 0, 0]
[2, 2621, 0, 0]
[2, 2621, 0, 0]
[2, 2621, 0, 0]
[2, 2621, 0, 0]
[2, 2621, 0, 0]
[2, 2621, 0, 0]
[2, 2621, 0, 0]
[2, 2621, 0, 0]
[2, 2621, 0, 0]
[2, 2621, 0, 0]
[2, 2621, 0, 0]
[2, 2621, 0, 0]
[2, 2621, 0, 0]
[2, 2621, 0, 0]
[2, 2621, 0, 0]
[2, 2621, 0, 0]
[2, 2621, 0, 0]
[2, 2621, 0, 0]
[2, 2621, 0, 0]
[2, 2621, 0, 0]
[2, 2621, 0, 0]
[2, 2621, 0, 0]
[2, 2621, 0, 0]
[2, 2621, 0, 0]
[2, 2621, 0, 0]
[2, 2621, 0, 0]
[2, 2621, 0, 0]
[2, 2621, 0, 0]
[2, 2621, 0, 0]
[2, 2621, 0, 0]
[2, 2621, 0, 0]
[2, 2621, 0, 0]
[2, 2621, 0, 0]
[2, 2621, 0, 0]
[2, 2621, 0, 0]
[2, 2621, 0, 0]
[2, 2621, 0, 0]
[2, 2621, 0, 0]
[2, 2621, 0, 0]
[2, 2621, 0, 0]
[2, 2621, 0, 0]
[2, 2621, 0, 0]
[2, 2621, 0, 0]
[2, 2621, 0, 0]
[2, 2621, 0, 0]
[2, 2621, 0, 0]
[2, 2621, 0, 0]
[2, 2621, 0, 0]
[2, 2621, 0, 0]
[2, 2621, 0, 0]
[2, 2621, 0, 0]
[2, 2621, 0, 0]
[2, 2621, 0, 0]
[2, 2621, 0, 0]
[2, 2621, 0, 0]
[2, 2621, 0, 0]
[2, 2621, 0, 0]
[2, 2621, 0, 0]
[2, 2621, 0, 0]
[2, 2621, 0, 0]
[2, 2621, 0, 0]
[2, 2621, 0, 0]
[5, 6553, 0, 0]
[5, 6553, 0, 0]
[5, 6553, 0, 0]
[5, 6553, 0, 0]
[5, 6553, 0, 0]
[5, 6553, 0, 0]
[5, 6553, 0, 0]
[5, 6553, 0, 0]
[5, 6553, 0, 0]
[5, 6553, 0, 0]
[5, 6553, 0, 0]
[5, 6553, 0, 0]
[5, 6553, 0, 0]
[5, 6553, 0, 0]
[5, 6553, 0, 0]
[5, 6553, 0, 0]
[5, 6553, 0, 0]
[5, 6553, 0, 0]
[5, 6553, 0, 0]
[5, 6553, 0, 0]
[5, 6553, 0, 0]
[5, 6553, 0, 0]
[5, 6553, 0, 0]
[5, 6553, 0, 0]
[5, 6553, 0, 0]
[5, 6553, 0, 0]
[5, 6553, 0, 0]
[5, 6553, 0, 0]
[5, 6553, 0, 0]
[5, 6553, 0, 0]
[5, 6553, 0, 0]
[5, 6553, 0, 0]
[5, 6553, 0, 0]
[5, 6553, 0, 0]
[5, 6553, 0, 0]
[5, 6553, 0, 0]
[5, 6553, 0, 0]
[5, 6553, 0, 0]
[5, 6553, 0, 0]
[5, 6553, 0, 0]
[5, 6553, 0, 0]
[5, 6553, 0, 0]
[5, 6553, 0, 0]
[5, 6553, 0, 0]
[5, 6553, 0, 0]
[5, 6553, 0, 0]
[5, 6553, 0, 0]
[5, 6553, 0, 0]
[5, 6553, 0, 0]
[5, 6553, 0, 0]
[5, 6553, 0, 0]
[5, 6553, 0, 0]
[5, 6553, 0, 0]
[5, 6553, 0, 0]
[5, 6553, 0, 0]
[5, 6553, 0, 0]
[5, 6553, 0, 0]
[5, 6553, 0, 0]
[5, 6553, 0, 0]
[5, 6553, 0, 0]
[5, 6553, 0, 0]
[5, 6553, 0, 0]
[5, 6553, 0, 0]
[5, 6553, 0, 0]
[5, 6553, 0, 0]
[5, 6553, 0, 0]
[5, 6553, 0, 0]
[5, 6553, 0, 0]
[5, 6553, 0, 0]
[5, 6553, 0, 0]
[5, 6553, 0, 0]
[5, 6553, 0, 0]
[5, 6553, 0, 0]
[5, 6553, 0, 0]
[5, 6553, 0, 0]
[5, 6553, 0, 0]
[5, 6553, 0, 0]
[5, 6553, 0, 0]
[5, 6553, 0, 0]
[5, 6553, 0, 0]
[5, 6553, 0, 0]
[5, 6553, 0, 0]
[5, 6553, 0, 0]
[5, 6553, 0, 0]
[5, 6553, 0, 0]
[5, 6553, 0, 0]
[5, 6553, 0, 0]
[5, 6553, 0, 0]
[5, 6553, 0, 0]
[5, 6553, 0, 0]
[5, 6553, 0, 0]
[5, 6553, 0, 0]
[5, 6553, 0, 0]
[5, 6553, 0, 0]
[5, 6553, 0, 0]
[5, 6553, 0, 0]
[5, 6553, 0, 0]
[5, 6553, 0, 0]
[5, 6553, 0, 0]
[5, 6553, 0, 0]
[10, 13107, 0, 0]
[10, 13107, 0, 0]
[10, 13107, 0, 0]
[10, 13107, 0, 0]
[10, 13107, 0, 0]
[10, 13107, 0, 0]
[10, 13107, 0, 0]
[10, 13107, 0, 0]
[10, 13107, 0, 0]
[10, 13107, 0, 0]
[10, 13107, 0, 0]
[10, 13107, 0, 0]
[10, 13107, 0, 0]
[10, 13107, 0, 0]
[10, 13107, 0, 0]
[10, 13107, 0, 0]
[10, 13107, 0, 0]
[10, 13107, 0, 0]
[10, 13107, 0, 0]
[10, 13107, 0, 0]
[10, 13107, 0, 0]
[10, 13107, 0, 0]
[10, 13107, 0, 0]
[10, 13107, 0, 0]
[10, 13107, 0, 0]
[10, 13107, 0, 0]
[10, 13107, 0, 0]
[10, 13107, 0, 0]
[10, 13107, 0, 0]
[10, 13107, 0, 0]
[10, 13107, 0, 0]
[10, 13107, 0, 0]
[10, 13107, 0, 0]
[10, 13107, 0, 0]
[10, 13107, 0, 0]
[10, 13107, 0, 0]
[10, 13107, 0, 0]
[10, 13107, 0, 0]
[10, 13107, 0, 0]
[10, 13107, 0, 0]
[10, 13107, 0, 0]
[10, 13107, 0, 0]
[10, 13107, 0, 0]
[10, 13107, 0, 0]
[10, 13107, 0, 0]
[10, 13107, 0, 0]
[10, 13107, 0, 0]
[10, 13107, 0, 0]
[10, 13107, 0, 0]
[10, 13107, 0, 0]
[10, 13107, 0, 0]
[10, 13107, 0, 0]
[10, 13107, 0, 0]
[10, 13107, 0, 0]
[10, 13107, 0, 0]
[10, 13107, 0, 0]
[10, 13107, 0, 1]
[10, 13107, 0, 0]
[10, 13107, 0, 0]
[10, 13107, 0, 0]
[10, 13107, 0, 0]
[10, 13107, 0, 0]
[10, 13107, 0, 0]
[10, 13107, 0, 0]
[10, 13107, 0, 0]
[10, 13107, 0, 0]
[10, 13107, 0, 0]
[10, 13107, 0, 0]
[10, 13107, 0, 0]
[10, 13107, 0, 0]
[10, 13107, 0, 0]
[10, 13107, 0, 0]
[10, 13107, 0, 0]
[10, 13107, 0, 0]
[10, 13107, 0, 0]
[10, 13107, 0, 0]
[10, 13107, 0, 0]
[10, 13107, 0, 0]
[10, 13107, 0, 0]
[10, 13107, 0, 0]
[10, 13107, 0, 0]
[10, 13107, 0, 0]
[10, 13107, 0, 0]
[10, 13107, 0, 0]
[10, 13107, 0, 0]
[10, 13107, 0, 0]
[10, 13107, 0, 0]
[10, 13107, 0, 0]
[10, 13107, 0, 0]
[10, 13107, 0, 0]
[10, 13107, 0, 0]
[10, 13107, 0, 0]
[10, 13107, 0, 0]
[10, 13107, 0, 0]
[10, 13107, 0, 0]
[10, 13107, 0, 0]
[10, 13107, 0, 0]
[10, 13107, 0, 0]
[10, 13107, 0, 0]
[10, 13107, 0, 0]
[15, 19660, 0, 0]
[15, 19660, 0, 0]
[15, 19660, 0, 0]
[15, 19660, 0, 0]
[15, 19660, 0, 0]
[15, 19660, 1, 0]
[15, 19660, 0, 0]
[15, 19660, 0, 0]
[15, 19660, 0, 0]
[15, 19660, 0, 0]
[15, 19660, 0, 0]
[15, 19660, 0, 0]
[15, 19660, 0, 0]
[15, 19660, 0, 0]
[15, 19660, 4, 0]
[15, 19660, 0, 0]
[15, 19660, 0, 0]
[15, 19660, 0, 0]
[15, 19660, 0, 1]
[15, 19660, 0, 0]
[15, 19660, 2, 2]
[15, 19660, 0, 0]
[15, 19660, 0, 0]
[15, 19660, 0, 0]
[15, 19660, 1, 0]
[15, 19660, 0, 2]
[15, 19660, 0, 2]
[15, 19660, 0, 0]
[15, 19660, 0, 0]
[15, 19660, 0, 0]
[15, 19660, 0, 1]
[15, 19660, 1, 0]
[15, 19660, 0, 0]
[15, 19660, 0, 0]
[15, 19660, 0, 0]
[15, 19660, 0, 0]
[15, 19660, 0, 0]
[15, 19660, 3, 0]
[15, 19660, 0, 1]
[15, 19660, 0, 0]
[15, 19660, 0, 0]
[15, 19660, 0, 0]
[15, 19660, 0, 0]
[15, 19660, 0, 1]
[15, 19660, 0, 0]
[15, 19660, 0, 0]
[15, 19660, 0, 0]
[15, 19660, 0, 0]
[15, 19660, 0, 1]
[15, 19660, 0, 0]
[15, 19660, 0, 0]
[15, 19660, 1, 0]
[15, 19660, 1, 2]
[15, 19660, 0, 0]
[15, 19660, 0, 0]
[15, 19660, 0, 0]
[15, 19660, 0, 1]
[15, 19660, 0, 0]
[15, 19660, 0, 0]
[15, 19660, 0, 0]
[15, 19660, 0, 0]
[15, 19660, 0, 0]
[15, 19660, 0, 0]
[15, 19660, 0, 0]
[15, 19660, 2, 0]
[15, 19660, 0, 0]
[15, 19660, 0, 0]
[15, 19660, 0, 0]
[15, 19660, 0, 0]
[15, 19660, 0, 3]
[15, 19660, 0, 0]
[15, 19660, 0, 0]
[15, 19660, 0, 0]
[15, 19660, 0, 0]
[15, 19660, 0, 0]
[15, 19660, 2, 0]
[15, 19660, 0, 0]
[15, 19660, 0, 0]
[15, 19660, 1, 0]
[15, 19660, 0, 0]
[15, 19660, 0, 0]
[15, 19660, 0, 0]
[15, 19660, 0, 0]
[15, 19660, 0, 0]
[15, 19660, 0, 0]
[15, 19660, 0, 0]
[15, 19660, 0, 0]
[15, 19660, 0, 0]
[15, 19660, 1, 0]
[15, 19660, 1, 0]
[15, 19660, 0, 0]
[15, 19660, 2, 0]
[15, 19660, 0, 0]
[15, 19660, 0, 0]
[15, 19660, 0, 0]
[15, 19660, 0, 0]
[15, 19660, 0, 0]
[15, 19660, 0, 4]
[15, 19660, 1, 0]
[15, 19660, 0, 0]
[20, 26214, 0, 0]
[20, 26214, 0, 5]
[20, 26214, 0, 2]
[20, 26214, 0, 2]
[20, 26214, 0, 0]
[20, 26214, 6, 4]
[20, 26214, 1, 0]
[20, 26214, 1, 2]
[20, 26214, 3, 1]
[20, 26214, 1, 1]
[20, 26214, 1, 3]
[20, 26214, 0, 0]
[20, 26214, 0, 0]
[20, 26214, 0, 1]
[20, 26214, 6, 2]
[20, 26214, 0, 0]
[20, 26214, 0, 8]
[20, 26214, 0, 0]
[20, 26214, 2, 3]
[20, 26214, 0, 2]
[20, 26214, 4, 5]
[20, 26214, 0, 1]
[20, 26214, 2, 2]
[20, 26214, 5, 2]
[20, 26214, 3, 1]
[20, 26214, 0, 4]
[20, 26214, 6, 6]
[20, 26214, 0, 0]
[20, 26214, 1, 0]
[20, 26214, 0, 4]
[20, 26214, 0, 0]
[20, 26214, 4, 1]
[20, 26214, 0, 0]
[20, 26214, 3, 3]
[20, 26214, 0, 0]
[20, 26214, 1, 4]
[20, 26214, 0, 0]
[20, 26214, 2, 0]
[20, 26214, 2, 3]
[20, 26214, 1, 2]
[20, 26214, 2, 0]
[20, 26214, 2, 3]
[20, 26214, 0, 0]
[20, 26214, 1, 1]
[20, 26214, 3, 8]
[20, 26214, 0, 0]
[20, 26214, 0, 0]
[20, 26214, 4, 3]
[20, 26214, 0, 6]
[20, 26214, 1, 6]
[20, 26214, 0, 4]
[20, 26214, 1, 2]
[20, 26214, 5, 5]
[20, 26214, 0, 1]
[20, 26214, 2, 4]
[20, 26214, 0, 0]
[20, 26214, 3, 5]
[20, 26214, 5, 0]
[20, 26214, 3, 3]
[20, 26214, 2, 1]
[20, 26214, 1, 0]
[20, 26214, 0, 2]
[20, 26214, 2, 0]
[20, 26214, 4, 0]
[20, 26214, 3, 0]
[20, 26214, 0, 1]
[20, 26214, 0, 0]
[20, 26214, 2, 0]
[20, 26214, 0, 0]
[20, 26214, 0, 7]
[20, 26214, 0, 0]
[20, 26214, 0, 0]
[20, 26214, 1, 0]
[20, 26214, 1, 0]
[20, 26214, 0, 0]
[20, 26214, 3, 3]
[20, 26214, 0, 0]
[20, 26214, 3, 0]
[20, 26214, 4, 0]
[20, 26214, 0, 0]
[20, 26214, 1, 0]
[20, 26214, 1, 1]
[20, 26214, 1, 0]
[20, 26214, 0, 0]
[20, 26214, 1, 0]
[20, 26214, 0, 2]
[20, 26214, 2, 2]
[20, 26214, 0, 11]
[20, 26214, 4, 0]
[20, 26214, 1, 1]
[20, 26214, 0, 2]
[20, 26214, 3, 3]
[20, 26214, 1, 2]
[20, 26214, 2, 0]
[20, 26214, 0, 0]
[20, 26214, 0, 0]
[20, 26214, 1, 0]
[20, 26214, 4, 6]
[20, 26214, 2, 0]
[20, 26214, 1, 0]
[25, 32768, 4, 1]
[25, 32768, 5, 3]
[25, 32768, 2, 8]
[25, 32768, 2, 8]
[25, 32768, 9, 0]
[25, 32768, 14, 8]
[25, 32768, 5, 11]
[25, 32768, 7, 12]
[25, 32768, 5, 8]
[25, 32768, 3, 9]
[25, 32768, 4, 10]
[25, 32768, 3, 4]
[25, 32768, 3, 9]
[25, 32768, 6, 3]
[25, 32768, 11, 7]
[25, 32768, 8, 3]
[25, 32768, 0, 16]
[25, 32768, 7, 12]
[25, 32768, 9, 9]
[25, 32768, 1, 7]
[25, 32768, 12, 9]
[25, 32768, 3, 5]
[25, 32768, 10, 5]
[25, 32768, 12, 3]
[25, 32768, 10, 6]
[25, 32768, 9, 14]
[25, 32768, 6, 11]
[25, 32768, 8, 0]
[25, 32768, 9, 10]
[25, 32768, 6, 12]
[25, 32768, 5, 7]
[25, 32768, 7, 15]
[25, 32768, 4, 9]
[25, 32768, 3, 4]
[25, 32768, 5, 2]
[25, 32768, 4, 15]
[25, 32768, 5, 1]
[25, 32768, 11, 4]
[25, 32768, 9, 14]
[25, 32768, 1, 6]
[25, 32768, 5, 4]
[25, 32768, 10, 4]
[25, 32768, 3, 8]
[25, 32768, 8, 8]
[25, 32768, 6, 6]
[25, 32768, 5, 1]
[25, 32768, 11, 1]
[25, 32768, 11, 11]
[25, 32768, 3, 11]
[25, 32768, 8, 21]
[25, 32768, 3, 12]
[25, 32768, 4, 5]
[25, 32768, 5, 11]
[25, 32768, 2, 14]
[25, 32768, 8, 9]
[25, 32768, 11, 6]
[25, 32768, 6, 18]
[25, 32768, 20, 1]
[25, 32768, 8, 14]
[25, 32768, 5, 9]
[25, 32768, 10, 2]
[25, 32768, 0, 6]
[25, 32768, 9, 0]
[25, 32768, 10, 5]
[25, 32768, 6, 3]
[25, 32768, 7, 8]
[25, 32768, 2, 1]
[25, 32768, 8, 3]
[25, 32768, 10, 8]
[25, 32768, 10, 17]
[25, 32768, 3, 3]
[25, 32768, 7, 6]
[25, 32768, 5, 7]
[25, 32768, 4, 2]
[25, 32768, 5, 0]
[25, 32768, 7, 7]
[25, 32768, 5, 4]
[25, 32768, 3, 8]
[25, 32768, 15, 3]
[25, 32768, 2, 4]
[25, 32768, 11, 3]
[25, 32768, 13, 7]
[25, 32768, 7, 4]
[25, 32768, 7, 4]
[25, 32768, 8, 7]
[25, 32768, 3, 11]
[25, 32768, 10, 10]
[25, 32768, 7, 14]
[25, 32768, 12, 0]
[25, 32768, 5, 4]
[25, 32768, 5, 9]
[25, 32768, 3, 5]
[25, 32768, 8, 5]
[25, 32768, 6, 2]
[25, 32768, 6, 5]
[25, 32768, 3, 1]
[25, 32768, 3, 0]
[25, 32768, 7, 8]
[25, 32768, 11, 10]
[25, 32768, 11, 4]
[30, 39321, 21, 16]
[30, 39321, 16, 18]
[30, 39321, 32, 17]
[30, 39321, 6, 26]
[30, 39321, 26, 9]
[30, 39321, 21, 22]
[30, 39321, 26, 23]
[30, 39321, 37, 21]
[30, 39321, 16, 12]
[30, 39321, 18, 31]
[30, 39321, 13, 32]
[30, 39321, 16, 24]
[30, 39321, 18, 33]
[30, 39321, 27, 27]
[30, 39321, 21, 29]
[30, 39321, 16, 14]
[30, 39321, 29, 36]
[30, 39321, 23, 21]
[30, 39321, 27, 34]
[30, 39321, 24, 12]
[30, 39321, 29, 41]
[30, 39321, 26, 32]
[30, 39321, 27, 11]
[30, 39321, 39, 32]
[30, 39321, 17, 12]
[30, 39321, 29, 29]
[30, 39321, 35, 25]
[30, 39321, 23, 17]
[30, 39321, 24, 18]
[30, 39321, 21, 29]
[30, 39321, 41, 30]
[30, 39321, 22, 38]
[30, 39321, 13, 35]
[30, 39321, 21, 28]
[30, 39321, 12, 16]
[30, 39321, 8, 31]
[30, 39321, 13, 9]
[30, 39321, 26, 17]
[30, 39321, 37, 29]
[30, 39321, 30, 16]
[30, 39321, 19, 21]
[30, 39321, 22, 18]
[30, 39321, 20, 18]
[30, 39321, 24, 33]
[30, 39321, 13, 19]
[30, 39321, 17, 18]
[30, 39321, 20, 20]
[30, 39321, 28, 38]
[30, 39321, 21, 30]
[30, 39321, 25, 31]
[30, 39321, 28, 33]
[30, 39321, 12, 28]
[30, 39321, 22, 39]
[30, 39321, 13, 21]
[30, 39321, 24, 30]
[30, 39321, 16, 20]
[30, 39321, 33, 34]
[30, 39321, 45, 19]
[30, 39321, 26, 17]
[30, 39321, 28, 19]
[30, 39321, 19, 13]
[30, 39321, 4, 20]
[30, 39321, 37, 14]
[30, 39321, 30, 35]
[30, 39321, 28, 16]
[30, 39321, 27, 31]
[30, 39321, 10, 24]
[30, 39321, 32, 18]
[30, 39321, 25, 34]
[30, 39321, 37, 35]
[30, 39321, 19, 39]
[30, 39321, 17, 25]
[30, 39321, 22, 21]
[30, 39321, 25, 17]
[30, 39321, 13, 16]
[30, 39321, 29, 18]
[30, 39321, 20, 23]
[30, 39321, 12, 23]
[30, 39321, 37, 28]
[30, 39321, 26, 15]
[30, 39321, 18, 14]
[30, 39321, 21, 13]
[30, 39321, 28, 23]
[30, 39321, 18, 13]
[30, 39321, 17, 29]
[30, 39321, 7, 22]
[30, 39321, 36, 28]
[30, 39321, 35, 24]
[30, 39321, 37, 14]
[30, 39321, 15, 17]
[30, 39321, 21, 26]
[30, 39321, 21, 21]
[30, 39321, 36, 26]
[30, 39321, 23, 18]
[30, 39321, 31, 27]
[30, 39321, 16, 26]
[30, 39321, 20, 12]
[30, 39321, 24, 21]
[30, 39321, 28, 37]
[30, 39321, 37, 21]
[35, 45875, 60, 42]
[35, 45875, 55, 55]
[35, 45875, 76, 79]
[35, 45875, 52, 69]
[35, 45875, 57, 41]
[35, 45875, 44, 67]
[35, 45875, 74, 59]
[35, 45875, 80, 84]
[35, 45875, 62, 63]
[35, 45875, 53, 76]
[35, 45875, 62, 91]
[35, 45875, 64, 65]
[35, 45875, 62, 76]
[35, 45875, 72, 76]
[35, 45875, 66, 74]
[35, 45875, 55, 57]
[35, 45875, 84, 85]
[35, 45875, 61, 50]
[35, 45875, 70, 83]
[35, 45875, 52, 69]
[35, 45875, 58, 92]
[35, 45875, 58, 75]
[35, 45875, 70, 55]
[35, 45875, 108, 62]
[35, 45875, 57, 43]
[35, 45875, 76, 81]
[35, 45875, 67, 79]
[35, 45875, 62, 65]
[35, 45875, 49, 59]
[35, 45875, 52, 60]
[35, 45875, 76, 67]
[35, 45875, 70, 77]
[35, 45875, 40, 72]
[35, 45875, 45, 85]
[35, 45875, 54, 51]
[35, 45875, 48, 89]
[35, 45875, 70, 44]
[35, 45875, 65, 82]
[35, 45875, 86, 63]
[35, 45875, 58, 64]
[35, 45875, 52, 60]
[35, 45875, 70, 54]
[35, 45875, 61, 87]
[35, 45875, 64, 84]
[35, 45875, 54, 41]
[35, 45875, 53, 64]
[35, 45875, 64, 57]
[35, 45875, 64, 74]
[35, 45875, 77, 68]
[35, 45875, 59, 82]
[35, 45875, 70, 65]
[35, 45875, 57, 74]
[35, 45875, 41, 80]
[35, 45875, 82, 65]
[35, 45875, 90, 74]
[35, 45875, 53, 62]
[35, 45875, 90, 66]
[35, 45875, 65, 49]
[35, 45875, 75, 68]
[35, 45875, 69, 53]
[35, 45875, 76, 49]
[35, 45875, 47, 48]
[35, 45875, 74, 51]
[35, 45875, 78, 57]
[35, 45875, 87, 81]
[35, 45875, 55, 66]
[35, 45875, 42, 90]
[35, 45875, 65, 48]
[35, 45875, 59, 85]
[35, 45875, 68, 69]
[35, 45875, 50, 96]
[35, 45875, 53, 67]
[35, 45875, 62, 49]
[35, 45875, 75, 65]
[35, 45875, 50, 51]
[35, 45875, 76, 80]
[35, 45875, 72, 63]
[35, 45875, 44, 52]
[35, 45875, 90, 82]
[35, 45875, 83, 54]
[35, 45875, 63, 52]
[35, 45875, 71, 51]
[35, 45875, 60, 55]
[35, 45875, 51, 55]
[35, 45875, 63, 75]
[35, 45875, 39, 84]
[35, 45875, 99, 87]
[35, 45875, 85, 74]
[35, 45875, 83, 56]
[35, 45875, 57, 73]
[35, 45875, 68, 81]
[35, 45875, 67, 79]
[35, 45875, 65, 55]
[35, 45875, 54, 47]
[35, 45875, 62, 69]
[35, 45875, 67, 54]
[35, 45875, 70, 52]
[35, 45875, 63, 59]
[35, 45875, 53, 85]
[35, 45875, 88, 46]
[40, 52428, 170, 159]
[40, 52428, 145, 153]
[40, 52428, 149, 175]
[40, 52428, 150, 153]
[40, 52428, 146, 120]
[40, 52428, 147, 167]
[40, 52428, 172, 127]
[40, 52428, 165, 146]
[40, 52428, 160, 153]
[40, 52428, 101, 152]
[40, 52428, 152, 169]
[40, 52428, 158, 156]
[40, 52428, 156, 175]
[40, 52428, 154, 147]
[40, 52428, 186, 165]
[40, 52428, 132, 149]
[40, 52428, 165, 155]
[40, 52428, 146, 130]
[40, 52428, 179, 161]
[40, 52428, 163, 151]
[40, 52428, 153, 176]
[40, 52428, 160, 164]
[40, 52428, 146, 121]
[40, 52428, 233, 139]
[40, 52428, 130, 123]
[40, 52428, 148, 160]
[40, 52428, 159, 164]
[40, 52428, 125, 131]
[40, 52428, 109, 130]
[40, 52428, 122, 153]
[40, 52428, 171, 134]
[40, 52428, 154, 160]
[40, 52428, 118, 187]
[40, 52428, 136, 168]
[40, 52428, 120, 152]
[40, 52428, 130, 203]
[40, 52428, 154, 134]
[40, 52428, 151, 178]
[40, 52428, 168, 148]
[40, 52428, 125, 155]
[40, 52428, 148, 129]
[40, 52428, 178, 161]
[40, 52428, 133, 162]
[40, 52428, 147, 179]
[40, 52428, 161, 144]
[40, 52428, 127, 146]
[40, 52428, 157, 129]
[40, 52428, 179, 179]
[40, 52428, 167, 164]
[40, 52428, 146, 179]
[40, 52428, 151, 163]
[40, 52428, 164, 152]
[40, 52428, 138, 177]
[40, 52428, 178, 147]
[40, 52428, 181, 175]
[40, 52428, 145, 138]
[40, 52428, 170, 170]
[40, 52428, 144, 125]
[40, 52428, 164, 157]
[40, 52428, 159, 164]
[40, 52428, 181, 135]
[40, 52428, 115, 126]
[40, 52428, 161, 137]
[40, 52428, 146, 126]
[40, 52428, 172, 175]
[40, 52428, 132, 133]
[40, 52428, 120, 214]
[40, 52428, 146, 147]
[40, 52428, 144, 155]
[40, 52428, 148, 188]
[40, 52428, 153, 207]
[40, 52428, 135, 147]
[40, 52428, 143, 129]
[40, 52428, 155, 127]
[40, 52428, 145, 139]
[40, 52428, 162, 164]
[40, 52428, 160, 133]
[40, 52428, 157, 138]
[40, 52428, 132, 151]
[40, 52428, 191, 156]
[40, 52428, 149, 140]
[40, 52428, 147, 136]
[40, 52428, 155, 147]
[40, 52428, 133, 135]
[40, 52428, 131, 174]
[40, 52428, 127, 177]
[40, 52428, 181, 186]
[40, 52428, 172, 176]
[40, 52428, 153, 141]
[40, 52428, 147, 148]
[40, 52428, 157, 156]
[40, 52428, 163, 158]
[40, 52428, 163, 145]
[40, 52428, 162, 117]
[40, 52428, 135, 134]
[40, 52428, 147, 130]
[40, 52428, 159, 140]
[40, 52428, 130, 140]
[40, 52428, 143, 171]
[40, 52428, 170, 138]
