[1, 1310, 3, 5, 0, 1, 1, 4, 0, 2, 0, 0, 0, 2, 1, 2, 0, 1]
[1, 1310, 3, 1, 3, 1, 0, 0, 0, 1, 1, 2, 1, 2, 1, 0, 2, 0]
[1, 1310, 2, 1, 1, 1, 0, 3, 0, 0, 0, 0, 0, 0, 0, 2, 2, 0]
[1, 1310, 1, 3, 1, 0, 5, 0, 1, 2, 0, 3, 0, 1, 4, 2, 2, 0]
[1, 1310, 2, 2, 0, 2, 2, 1, 0, 2, 3, 2, 1, 2, 0, 0, 5, 0]
[1, 1310, 4, 0, 1, 1, 0, 1, 0, 2, 1, 0, 0, 0, 1, 0, 1, 0]
[1, 1310, 1, 1, 2, 0, 0, 1, 0, 0, 0, 4, 5, 2, 0, 1, 0, 2]
[1, 1310, 0, 0, 1, 3, 2, 0, 1, 0, 0, 1, 1, 0, 1, 1, 2, 2]
[1, 1310, 0, 0, 0, 1, 1, 2, 2, 0, 4, 0, 1, 1, 2, 2, 1, 1]
[1, 1310, 2, 0, 4, 2, 4, 3, 0, 2, 2, 2, 0, 0, 0, 1, 0, 2]
[1, 1310, 3, 1, 0, 0, 0, 2, 1, 1, 1, 1, 2, 2, 0, 0, 0, 2]
[1, 1310, 2, 2, 1, 1, 2, 0, 0, 0, 6, 1, 1, 0, 1, 2, 0, 0]
[1, 1310, 3, 2, 3, 0, 0, 0, 3, 2, 1, 1, 0, 1, 2, 2, 2, 0]
[1, 1310, 3, 0, 0, 5, 0, 0, 1, 1, 1, 1, 1, 1, 3, 0, 1, 0]
[1, 1310, 1, 0, 0, 0, 0, 3, 1, 1, 1, 1, 0, 0, 0, 0, 0, 0]
[1, 1310, 3, 0, 3, 0, 1, 0, 0, 1, 2, 2, 0, 0, 2, 0, 1, 1]
[1, 1310, 0, 0, 0, 1, 0, 0, 5, 1, 0, 0, 1, 1, 1, 0, 1, 1]
[1, 1310, 2, 1, 0, 1, 1, 1, 2, 2, 2, 0, 1, 0, 0, 0, 2, 3]
[1, 1310, 3, 0, 2, 1, 0, 0, 1, 2, 0, 5, 0, 1, 3, 0, 1, 0]
[1, 1310, 0, 1, 1, 1, 1, 1, 1, 1, 1, 3, 1, 3, 0, 2, 3, 0]
[1, 1310, 0, 0, 1, 2, 0, 2, 0, 3, 2, 3, 2, 0, 1, 3, 1, 1]
[1, 1310, 1, 1, 2, 2, 1, 0, 0, 0, 2, 5, 1, 0, 0, 0, 5, 1]
[1, 1310, 2, 2, 0, 4, 1, 1, 0, 0, 2, 5, 1, 4, 3, 1, 0, 2]
[1, 1310, 1, 0, 0, 1, 2, 3, 2, 1, 1, 3, 1, 0, 0, 1, 5, 1]
[1, 1310, 0, 2, 2, 3, 5, 2, 0, 5, 0, 0, 2, 2, 1, 3, 2, 1]
[1, 1310, 0, 0, 0, 0, 0, 0, 0, 0, 1, 1, 0, 2, 5, 2, 2, 0]
[1, 1310, 5, 0, 1, 1, 0, 0, 0, 1, 1, 3, 0, 3, 0, 0, 4, 1]
[1, 1310, 0, 3, 1, 0, 3, 3, 1, 3, 1, 1, 1, 2, 5, 2, 0, 0]
[1, 1310, 2, 1, 1, 0, 0, 0, 0, 1, 2, 1, 2, 6, 0, 3, 1, 0]
[1, 1310, 2, 1, 1, 1, 0, 0, 1, 1, 0, 1, 0, 2, 1, 0, 4, 0]
[1, 1310, 0, 1, 2, 0, 2, 1, 2, 1, 0, 1, 1, 0, 1, 0, 6, 1]
[1, 1310, 2, 0, 1, 0, 0, 0, 1, 1, 1, 0, 0, 0, 2, 3, 1, 0]
[1, 1310, 1, 0, 3, 0, 0, 0, 0, 2, 0, 0, 3, 3, 1, 0, 2, 0]
[1, 1310, 1, 1, 2, 2, 2, 1, 0, 2, 0, 0, 0, 0, 4, 0, 3, 0]
[1, 1310, 2, 7, 0, 3, 2, 1, 0, 1, 1, 1, 2, 0, 0, 1, 0, 1]
[1, 1310, 3, 1, 4, 0, 3, 1, 3, 1, 0, 1, 1, 0, 2, 3, 2, 0]
[1, 1310, 1, 2, 1, 0, 0, 0, 3, 0, 1, 0, 0, 1, 2, 2, 0, 1]
[1, 1310, 0, 1, 1, 2, 1, 3, 0, 0, 0, 2, 2, 1, 0, 0, 2, 3]
[1, 1310, 3, 0, 2, 2, 1, 1, 2, 0, 3, 4, 2, 1, 0, 0, 1, 0]
[1, 1310, 1, 1, 1, 0, 1, 1, 1, 1, 0, 2, 1, 2, 0, 1, 4, 0]
[1, 1310, 0, 0, 1, 0, 0, 1, 1, 2, 2, 0, 0, 1, 3, 4, 1, 2]
[1, 1310, 1, 0, 1, 2, 2, 0, 5, 1, 2, 1, 0, 1, 6, 5, 0, 0]
[1, 1310, 1, 0, 0, 3, 1, 2, 1, 1, 0, 0, 5, 2, 3, 2, 3, 1]
[1, 1310, 1, 2, 4, 0, 2, 1, 1, 1, 0, 3, 1, 0, 5, 3, 1, 2]
[1, 1310, 2, 2, 4, 0, 0, 2, 1, 0, 0, 3, 1, 1, 1, 1, 0, 2]
[1, 1310, 1, 0, 1, 1, 0, 1, 3, 0, 2, 0, 0, 0, 1, 2, 0, 1]
[1, 1310, 2, 1, 1, 0, 2, 1, 1, 3, 3, 2, 2, 0, 1, 0, 1, 0]
[1, 1310, 2, 2, 1, 3, 2, 2, 0, 0, 0, 0, 1, 0, 3, 1, 0, 0]
[1, 1310, 0, 0, 1, 0, 5, 2, 1, 5, 0, 1, 1, 0, 3, 0, 1, 1]
[1, 1310, 0, 2, 1, 1, 3, 4, 2, 3, 3, 2, 3, 3, 0, 3, 2, 0]
[1, 1310, 3, 0, 3, 1, 0, 0, 3, 1, 1, 1, 0, 1, 1, 1, 0, 2]
[1, 1310, 2, 1, 0, 2, 1, 3, 0, 0, 1, 3, 2, 0, 1, 0, 0, 0]
[1, 1310, 2, 5, 4, 5, 0, 1, 2, 2, 1, 0, 4, 1, 0, 0, 1, 0]
[1, 1310, 1, 1, 2, 1, 1, 1, 0, 4, 3, 2, 3, 1, 3, 0, 1, 1]
[1, 1310, 0, 4, 2, 3, 1, 3, 2, 3, 0, 0, 2, 0, 1, 1, 3, 2]
[1, 1310, 1, 1, 5, 0, 0, 0, 3, 0, 0, 2, 0, 2, 0, 2, 0, 1]
[1, 1310, 1, 1, 1, 2, 0, 2, 2, 1, 1, 0, 1, 1, 0, 0, 2, 1]
[1, 1310, 4, 1, 0, 0, 2, 0, 0, 1, 0, 2, 0, 1, 2, 1, 1, 2]
[1, 1310, 1, 0, 1, 0, 2, 1, 1, 2, 2, 3, 1, 3, 3, 1, 0, 2]
[1, 1310, 3, 1, 0, 0, 3, 1, 0, 2, 2, 1, 1, 0, 1, 0, 3, 1]
[1, 1310, 0, 1, 1, 4, 1, 2, 2, 5, 3, 1, 2, 0, 0, 0, 1, 2]
[1, 1310, 3, 1, 0, 0, 2, 4, 0, 2, 1, 0, 2, 4, 4, 2, 3, 2]
[1, 1310, 1, 0, 0, 2, 0, 0, 2, 2, 0, 1, 2, 1, 0, 0, 1, 2]
[1, 1310, 2, 2, 2, 1, 1, 2, 4, 1, 4, 1, 0, 2, 0, 3, 2, 1]
[1, 1310, 1, 1, 0, 1, 2, 0, 1, 0, 0, 0, 0, 1, 2, 0, 0, 0]
[1, 1310, 0, 0, 1, 2, 1, 0, 1, 0, 1, 1, 3, 2, 0, 2, 4, 0]
[1, 1310, 1, 1, 0, 0, 1, 3, 0, 0, 0, 1, 4, 1, 3, 1, 1, 0]
[1, 1310, 0, 0, 2, 0, 2, 0, 0, 0, 1, 2, 0, 0, 0, 1, 0, 2]
[1, 1310, 3, 1, 2, 0, 0, 0, 1, 3, 1, 0, 3, 2, 0, 1, 3, 0]
[1, 1310, 2, 0, 3, 2, 4, 1, 1, 0, 1, 0, 0, 1, 2, 0, 2, 3]
[1, 1310, 3, 0, 0, 1, 2, 1, 0, 1, 1, 0, 1, 2, 2, 0, 0, 0]
[1, 1310, 1, 2, 2, 3, 2, 0, 1, 3, 1, 0, 4, 0, 3, 0, 3, 1]
[1, 1310, 1, 1, 2, 0, 2, 1, 1, 1, 0, 1, 2, 2, 3, 1, 0, 0]
[1, 1310, 0, 4, 0, 3, 1, 1, 1, 1, 1, 1, 0, 2, 1, 0, 3, 1]
[1, 1310, 3, 1, 1, 2, 1, 0, 0, 2, 1, 2, 1, 0, 0, 1, 0, 2]
[1, 1310, 0, 3, 0, 2, 1, 1, 3, 0, 0, 0, 1, 3, 0, 0, 1, 2]
[1, 1310, 0, 0, 0, 0, 2, 0, 0, 1, 1, 0, 4, 2, 0, 2, 0, 1]
[1, 1310, 1, 0, 2, 3, 1, 0, 1, 1, 3, 1, 0, 0, 4, 2, 0, 1]
[1, 1310, 0, 2, 2, 3, 0, 0, 2, 0, 1, 1, 0, 1, 2, 5, 1, 1]
[1, 1310, 0, 2, 1, 3, 1, 1, 3, 1, 1, 3, 0, 1, 0, 0, 0, 0]
[1, 1310, 1, 3, 2, 0, 1, 0, 3, 0, 2, 4, 1, 0, 2, 0, 2, 1]
[1, 1310, 1, 1, 0, 1, 2, 0, 0, 0, 0, 0, 0, 1, 0, 1, 2, 0]
[1, 1310, 3, 0, 1, 2, 0, 1, 1, 1, 4, 1, 1, 0, 4, 0, 0, 1]
[1, 1310, 0, 1, 0, 0, 4, 0, 0, 2, 0, 0, 3, 1, 1, 4, 1, 3]
[1, 1310, 0, 0, 1, 3, 0, 1, 1, 1, 3, 0, 4, 3, 1, 2, 0, 0]
[1, 1310, 1, 1, 4, 3, 0, 0, 1, 2, 1, 3, 1, 1, 1, 1, 0, 1]
[1, 1310, 0, 0, 2, 2, 1, 1, 2, 1, 0, 2, 0, 2, 0, 1, 0, 1]
[1, 1310, 0, 2, 0, 4, 0, 0, 5, 3, 1, 2, 0, 2, 1, 1, 1, 0]
[1, 1310, 0, 0, 2, 2, 0, 1, 1, 0, 4, 3, 1, 0, 0, 3, 2, 0]
[1, 1310, 0, 1, 3, 0, 2, 1, 1, 0, 0, 1, 0, 2, 1, 0, 3, 2]
[1, 1310, 1, 0, 0, 0, 1, 1, 0, 0, 4, 1, 1, 0, 3, 0, 0, 2]
[1, 1310, 2, 1, 0, 0, 3, 2, 1, 2, 0, 0, 0, 1, 3, 1, 0, 0]
[1, 1310, 0, 0, 0, 3, 2, 2, 0, 0, 3, 0, 1, 0, 1, 1, 2, 0]
[1, 1310, 1, 0, 0, 0, 0, 2, 1, 1, 3, 1, 6, 1, 1, 1, 4, 1]
[1, 1310, 1, 1, 0, 2, 1, 3, 1, 1, 1, 1, 0, 0, 2, 0, 4, 3]
[1, 1310, 1, 1, 0, 1, 1, 1, 0, 4, 1, 4, 2, 2, 0, 0, 1, 3]
[1, 1310, 0, 0, 1, 0, 0, 1, 3, 0, 3, 6, 4, 2, 0, 3, 1, 2]
[1, 1310, 0, 2, 0, 0, 2, 0, 1, 0, 1, 2, 1, 0, 1, 1, 0, 1]
[1, 1310, 0, 2, 3, 1, 2, 3, 2, 2, 3, 0, 4, 0, 0, 0, 1, 3]
[1, 1310, 5, 0, 0, 0, 1, 3, 1, 0, 1, 2, 2, 0, 0, 0, 0, 0]
[2, 2621, 3, 8, 2, 1, 3, 5, 2, 5, 1, 1, 0, 3, 2, 6, 0, 3]
[2, 2621, 3, 5, 4, 5, 4, 2, 1, 4, 4, 4, 2, 5, 3, 4, 2, 0]
[2, 2621, 4, 4, 3, 1, 0, 5, 4, 1, 2, 2, 3, 0, 2, 7, 9, 5]
[2, 2621, 4, 4, 4, 0, 5, 2, 4, 2, 1, 6, 1, 1, 5, 6, 6, 0]
[2, 2621, 8, 3, 4, 4, 7, 1, 3, 5, 3, 6, 1, 3, 1, 3, 6, 2]
[2, 2621, 6, 0, 1, 3, 5, 3, 4, 4, 2, 2, 4, 4, 2, 3, 7, 0]
[2, 2621, 1, 1, 2, 2, 2, 1, 2, 1, 1, 6, 5, 5, 0, 1, 4, 6]
[2, 2621, 1, 1, 3, 8, 4, 0, 3, 3, 7, 5, 3, 1, 7, 1, 6, 4]
[2, 2621, 0, 4, 2, 3, 7, 3, 5, 2, 4, 4, 4, 4, 2, 4, 1, 1]
[2, 2621, 3, 3, 7, 3, 4, 5, 2, 3, 3, 2, 0, 0, 4, 5, 5, 2]
[2, 2621, 4, 4, 0, 2, 4, 7, 4, 3, 3, 1, 4, 3, 5, 0, 5, 2]
[2, 2621, 5, 2, 3, 6, 3, 2, 1, 1, 8, 3, 8, 3, 5, 2, 0, 3]
[2, 2621, 5, 4, 5, 1, 7, 2, 6, 8, 8, 2, 3, 3, 4, 9, 6, 0]
[2, 2621, 5, 1, 1, 7, 4, 4, 2, 5, 2, 2, 3, 3, 9, 4, 1, 2]
[2, 2621, 4, 0, 0, 2, 0, 4, 1, 3, 6, 3, 6, 7, 0, 2, 0, 4]
[2, 2621, 9, 4, 3, 0, 1, 3, 4, 1, 4, 3, 0, 0, 9, 1, 3, 2]
[2, 2621, 4, 0, 1, 6, 0, 6, 8, 2, 0, 7, 5, 5, 4, 2, 2, 3]
[2, 2621, 9, 5, 0, 4, 4, 1, 3, 2, 2, 4, 1, 3, 7, 2, 3, 3]
[2, 2621, 3, 1, 4, 4, 1, 1, 1, 6, 1, 10, 0, 3, 7, 1, 5, 2]
[2, 2621, 9, 1, 3, 6, 2, 2, 6, 7, 3, 5, 4, 4, 0, 2, 8, 2]
[2, 2621, 0, 3, 1, 2, 4, 3, 1, 4, 2, 4, 5, 1, 1, 7, 3, 5]
[2, 2621, 6, 3, 7, 3, 3, 3, 9, 3, 3, 8, 3, 6, 0, 2, 7, 1]
[2, 2621, 3, 3, 3, 7, 1, 3, 3, 0, 6, 8, 3, 7, 4, 1, 1, 4]
[2, 2621, 4, 3, 0, 3, 4, 5, 2, 4, 3, 3, 7, 0, 4, 1, 9, 4]
[2, 2621, 4, 2, 2, 6, 7, 4, 1, 7, 5, 0, 3, 7, 1, 3, 3, 3]
[2, 2621, 2, 1, 4, 4, 0, 2, 1, 0, 3, 1, 8, 3, 10, 4, 5, 2]
[2, 2621, 9, 1, 5, 3, 1, 0, 2, 8, 3, 7, 2, 8, 2, 4, 10, 2]
[2, 2621, 1, 3, 5, 1, 7, 4, 1, 5, 3, 2, 10, 6, 7, 2, 1, 4]
[2, 2621, 5, 4, 3, 1, 1, 0, 2, 4, 3, 3, 2, 8, 0, 6, 3, 1]
[2, 2621, 9, 2, 2, 1, 2, 5, 4, 1, 5, 1, 2, 3, 4, 2, 6, 2]
[2, 2621, 0, 1, 3, 2, 3, 5, 9, 5, 3, 2, 3, 5, 4, 1, 7, 4]
[2, 2621, 2, 3, 3, 2, 0, 1, 6, 1, 3, 2, 0, 4, 6, 5, 2, 5]
[2, 2621, 6, 1, 5, 0, 4, 2, 0, 3, 4, 2, 4, 3, 6, 1, 5, 8]
[2, 2621, 2, 2, 2, 2, 3, 3, 2, 5, 2, 1, 2, 1, 6, 0, 4, 2]
[2, 2621, 2, 8, 0, 3, 2, 5, 5, 6, 5, 3, 2, 1, 1, 2, 0, 4]
[2, 2621, 6, 7, 5, 0, 5, 11, 9, 1, 5, 2, 4, 2, 6, 6, 2, 0]
[2, 2621, 5, 3, 5, 1, 6, 2, 5, 0, 2, 3, 0, 3, 2, 4, 2, 3]
[2, 2621, 0, 2, 4, 2, 4, 5, 3, 0, 0, 3, 5, 1, 0, 1, 3, 4]
[2, 2621, 7, 0, 7, 7, 2, 3, 2, 3, 3, 6, 3, 3, 0, 4, 3, 0]
[2, 2621, 4, 1, 3, 2, 5, 3, 3, 1, 3, 7, 4, 2, 0, 6, 5, 0]
[2, 2621, 1, 4, 1, 0, 0, 3, 1, 2, 2, 2, 2, 3, 6, 4, 1, 7]
[2, 2621, 4, 4, 1, 2, 5, 0, 8, 4, 4, 1, 1, 3, 7, 10, 2, 0]
[2, 2621, 3, 1, 4, 4, 3, 7, 1, 2, 2, 5, 7, 3, 5, 3, 6, 3]
[2, 2621, 3, 3, 4, 2, 5, 1, 1, 3, 1, 8, 3, 0, 5, 9, 6, 6]
[2, 2621, 5, 4, 9, 3, 1, 5, 3, 0, 2, 4, 4, 4, 6, 1, 2, 2]
[2, 2621, 2, 2, 6, 3, 0, 3, 8, 1, 5, 3, 0, 2, 2, 7, 3, 12]
[2, 2621, 5, 1, 3, 0, 4, 4, 1, 6, 6, 3, 5, 4, 2, 3, 4, 3]
[2, 2621, 4, 3, 1, 5, 5, 2, 3, 2, 2, 6, 1, 6, 6, 4, 3, 1]
[2, 2621, 1, 0, 3, 1, 7, 5, 2, 7, 0, 2, 1, 5, 8, 0, 1, 3]
[2, 2621, 1, 2, 4, 4, 4, 8, 7, 4, 3, 2, 3, 4, 2, 7, 7, 1]
[2, 2621, 6, 1, 7, 4, 1, 0, 9, 1, 1, 7, 2, 5, 5, 3, 0, 3]
[2, 2621, 3, 2, 1, 4, 2, 5, 3, 0, 5, 5, 6, 2, 6, 2, 4, 5]
[2, 2621, 3, 7, 5, 6, 8, 2, 3, 3, 2, 2, 4, 5, 0, 5, 6, 5]
[2, 2621, 7, 1, 5, 2, 2, 3, 1, 7, 6, 4, 6, 3, 6, 6, 2, 3]
[2, 2621, 0, 10, 3, 4, 2, 3, 4, 4, 1, 0, 3, 0, 1, 4, 5, 5]
[2, 2621, 10, 2, 6, 2, 1, 2, 6, 9, 2, 4, 0, 8, 1, 2, 1, 1]
[2, 2621, 3, 5, 6, 3, 4, 6, 2, 1, 3, 2, 4, 3, 0, 2, 6, 6]
[2, 2621, 7, 4, 3, 0, 2, 4, 0, 5, 0, 3, 4, 2, 7, 1, 2, 4]
[2, 2621, 2, 2, 2, 1, 3, 2, 1, 3, 4, 7, 6, 5, 3, 3, 3, 5]
[2, 2621, 5, 7, 2, 0, 5, 3, 0, 9, 3, 1, 5, 0, 4, 1, 5, 2]
[2, 2621, 2, 1, 2, 5, 6, 2, 4, 9, 5, 3, 5, 0, 1, 2, 3, 7]
[2, 2621, 3, 4, 1, 0, 3, 9, 2, 2, 1, 2, 4, 11, 5, 5, 8, 5]
[2, 2621, 1, 2, 3, 4, 0, 3, 3, 6, 0, 2, 2, 5, 4, 2, 2, 4]
[2, 2621, 5, 10, 4, 4, 3, 4, 6, 6, 6, 1, 0, 8, 0, 8, 3, 4]
[2, 2621, 6, 4, 0, 5, 5, 1, 1, 3, 1, 0, 3, 5, 2, 4, 0, 1]
[2, 2621, 3, 2, 6, 3, 3, 2, 5, 3, 2, 2, 5, 5, 1, 3, 4, 4]
[2, 2621, 3, 1, 3, 5, 1, 4, 2, 1, 0, 10, 6, 4, 6, 1, 3, 4]
[2, 2621, 0, 3, 5, 0, 5, 0, 2, 4, 3, 4, 8, 7, 1, 6, 0, 5]
[2, 2621, 7, 4, 8, 5, 1, 2, 3, 6, 4, 5, 6, 3, 2, 1, 7, 5]
[2, 2621, 5, 1, 3, 6, 10, 2, 3, 5, 3, 5, 1, 5, 5, 4, 2, 5]
[2, 2621, 5, 0, 2, 4, 4, 4, 6, 3, 2, 0, 2, 4, 5, 1, 1, 3]
[2, 2621, 2, 3, 2, 8, 5, 3, 3, 6, 3, 5, 7, 3, 10, 1, 3, 3]
[2, 2621, 3, 5, 4, 1, 3, 4, 5, 2, 2, 5, 2, 6, 7, 1, 1, 1]
[2, 2621, 2, 5, 1, 7, 4, 2, 4, 2, 2, 5, 2, 2, 1, 0, 9, 5]
[2, 2621, 4, 3, 2, 3, 1, 3, 0, 3, 4, 6, 4, 1, 3, 3, 3, 2]
[2, 2621, 0, 10, 1, 2, 3, 3, 3, 3, 2, 0, 6, 6, 3, 0, 5, 3]
[2, 2621, 1, 2, 1, 5, 2, 1, 0, 8, 2, 0, 7, 5, 4, 2, 1, 4]
[2, 2621, 1, 7, 3, 5, 1, 3, 1, 1, 5, 1, 2, 5, 6, 9, 5, 3]
[2, 2621, 1, 7, 3, 3, 0, 3, 5, 2, 1, 1, 1, 7, 6, 10, 2, 1]
[2, 2621, 0, 7, 1, 8, 4, 3, 3, 1, 1, 6, 0, 1, 0, 2, 4, 0]
[2, 2621, 1, 3, 5, 3, 4, 4, 5, 0, 5, 6, 3, 4, 4, 1, 4, 1]
[2, 2621, 3, 5, 1, 7, 6, 1, 2, 0, 2, 3, 0, 1, 1, 4, 4, 0]
[2, 2621, 5, 0, 1, 2, 0, 2, 4, 3, 7, 2, 5, 4, 5, 1, 2, 4]
[2, 2621, 0, 2, 1, 0, 6, 2, 2, 4, 5, 3, 5, 11, 4, 6, 3, 4]
[2, 2621, 1, 1, 2, 5, 0, 2, 2, 3, 3, 4, 5, 4, 2, 3, 3, 4]
[2, 2621, 2, 5, 7, 4, 3, 5, 2, 2, 1, 3, 4, 2, 2, 1, 3, 5]
[2, 2621, 2, 3, 3, 6, 6, 2, 2, 2, 5, 2, 3, 2, 0, 4, 0, 3]
[2, 2621, 3, 2, 3, 4, 4, 0, 7, 4, 2, 7, 4, 2, 4, 2, 3, 3]
[2, 2621, 3, 4, 5, 4, 2, 5, 5, 3, 8, 4, 4, 2, 1, 4, 6, 4]
[2, 2621, 1, 3, 4, 1, 6, 4, 1, 4, 5, 4, 2, 5, 2, 3, 5, 3]
[2, 2621, 2, 3, 10, 2, 7, 3, 5, 3, 4, 1, 3, 7, 3, 1, 1, 2]
[2, 2621, 3, 1, 6, 0, 3, 7, 1, 4, 4, 2, 3, 3, 6, 1, 2, 2]
[2, 2621, 4, 2, 0, 7, 2, 4, 2, 4, 6, 1, 7, 4, 2, 2, 5, 0]
[2, 2621, 6, 3, 2, 2, 3, 2, 2, 1, 4, 3, 8, 3, 1, 1, 9, 3]
[2, 2621, 5, 2, 0, 4, 1, 4, 3, 4, 3, 1, 1, 6, 3, 2, 4, 6]
[2, 2621, 1, 3, 2, 9, 1, 1, 2, 8, 1, 7, 4, 5, 6, 0, 2, 9]
[2, 2621, 2, 0, 4, 4, 1, 2, 8, 2, 7, 6, 4, 4, 2, 5, 6, 4]
[2, 2621, 5, 5, 6, 0, 5, 1, 3, 2, 4, 3, 4, 4, 3, 7, 3, 3]
[2, 2621, 4, 4, 8, 4, 5, 8, 2, 5, 4, 0, 5, 0, 4, 2, 2, 4]
[2, 2621, 5, 4, 1, 3, 1, 4, 2, 5, 8, 4, 4, 1, 4, 1, 1, 0]
[5, 6553, 18, 15, 14, 10, 15, 20, 11, 19, 10, 15, 8, 11, 4, 25, 10, 8]
[5, 6553, 19, 12, 11, 12, 19, 9, 6, 12, 8, 11, 17, 23, 12, 13, 21, 15]
[5, 6553, 17, 14, 16, 10, 9, 12, 17, 10, 10, 16, 7, 11, 11, 14, 20, 18]
[5, 6553, 16, 10, 10, 4, 6, 14, 14, 27, 10, 19, 15, 19, 14, 18, 15, 9]
[5, 6553, 17, 7, 18, 12, 18, 15, 10, 19, 15, 20, 16, 16, 10, 17, 13, 6]
[5, 6553, 16, 4, 3, 15, 14, 13, 17, 9, 11, 19, 18, 9, 10, 16, 23, 16]
[5, 6553, 19, 6, 18, 24, 14, 12, 14, 13, 14, 21, 23, 19, 11, 15, 17, 13]
[5, 6553, 8, 20, 11, 18, 10, 5, 17, 11, 16, 14, 21, 15, 16, 8, 15, 26]
[5, 6553, 8, 10, 13, 18, 28, 12, 19, 5, 7, 18, 11, 14, 7, 14, 9, 9]
[5, 6553, 14, 8, 26, 14, 18, 22, 20, 17, 14, 14, 11, 16, 12, 10, 17, 9]
[5, 6553, 11, 9, 11, 15, 18, 18, 9, 20, 13, 12, 10, 17, 8, 9, 10, 11]
[5, 6553, 24, 9, 18, 16, 9, 7, 11, 21, 23, 12, 16, 12, 19, 10, 12, 15]
[5, 6553, 14, 14, 15, 12, 17, 11, 11, 15, 18, 19, 12, 22, 17, 19, 20, 11]
[5, 6553, 11, 11, 5, 17, 14, 10, 9, 22, 20, 18, 29, 15, 23, 25, 17, 20]
[5, 6553, 8, 17, 11, 10, 7, 16, 15, 10, 19, 17, 16, 15, 12, 7, 14, 27]
[5, 6553, 26, 17, 11, 19, 11, 15, 9, 15, 17, 26, 8, 13, 15, 4, 17, 8]
[5, 6553, 15, 10, 12, 22, 22, 11, 19, 8, 12, 25, 15, 18, 19, 12, 14, 16]
[5, 6553, 24, 14, 7, 10, 16, 11, 21, 7, 17, 14, 7, 11, 20, 9, 11, 20]
[5, 6553, 16, 10, 16, 10, 15, 12, 12, 16, 14, 18, 10, 15, 12, 5, 14, 20]
[5, 6553, 15, 8, 17, 15, 15, 6, 25, 19, 12, 16, 14, 26, 2, 10, 13, 20]
[5, 6553, 15, 26, 17, 17, 15, 19, 12, 17, 14, 16, 20, 9, 15, 18, 14, 36]
[5, 6553, 13, 13, 18, 14, 13, 13, 23, 14, 19, 13, 13, 17, 9, 13, 17, 4]
[5, 6553, 13, 14, 19, 10, 13, 17, 16, 10, 18, 24, 17, 17, 12, 1, 15, 14]
[5, 6553, 16, 7, 4, 9, 17, 11, 11, 8, 15, 14, 17, 3, 8, 9, 18, 14]
[5, 6553, 19, 7, 8, 16, 15, 22, 18, 25, 15, 5, 9, 15, 7, 14, 14, 12]
[5, 6553, 10, 20, 15, 10, 2, 9, 5, 27, 10, 22, 16, 18, 19, 8, 14, 11]
[5, 6553, 23, 7, 15, 21, 12, 7, 14, 16, 15, 18, 13, 20, 16, 19, 21, 9]
[5, 6553, 8, 9, 9, 19, 18, 14, 11, 12, 19, 14, 23, 13, 18, 10, 12, 15]
[5, 6553, 14, 17, 7, 11, 7, 10, 16, 16, 7, 12, 5, 18, 3, 13, 11, 19]
[5, 6553, 20, 16, 16, 9, 7, 11, 17, 3, 16, 13, 14, 18, 10, 13, 12, 9]
[5, 6553, 8, 14, 11, 13, 16, 10, 25, 19, 17, 19, 13, 23, 16, 20, 15, 15]
[5, 6553, 15, 14, 18, 6, 8, 15, 19, 3, 14, 21, 5, 14, 24, 16, 10, 17]
[5, 6553, 19, 11, 18, 5, 13, 9, 12, 16, 15, 11, 21, 13, 21, 11, 17, 17]
[5, 6553, 21, 19, 28, 8, 19, 24, 6, 20, 15, 17, 8, 10, 27, 9, 14, 11]
[5, 6553, 13, 21, 14, 8, 17, 16, 11, 11, 28, 9, 13, 11, 10, 8, 7, 13]
[5, 6553, 15, 20, 18, 6, 12, 19, 18, 12, 17, 15, 9, 13, 17, 18, 18, 9]
[5, 6553, 6, 14, 16, 20, 16, 13, 20, 9, 10, 12, 18, 12, 19, 13, 17, 15]
[5, 6553, 16, 19, 10, 9, 23, 18, 11, 3, 17, 10, 13, 11, 3, 12, 11, 21]
[5, 6553, 18, 11, 15, 11, 14, 17, 10, 11, 13, 17, 15, 19, 7, 20, 9, 6]
[5, 6553, 15, 12, 13, 8, 8, 16, 4, 13, 20, 16, 16, 11, 14, 29, 14, 19]
[5, 6553, 4, 14, 14, 23, 10, 13, 11, 10, 10, 17, 12, 12, 17, 12, 8, 18]
[5, 6553, 17, 22, 8, 16, 18, 15, 17, 9, 12, 7, 13, 16, 17, 25, 12, 10]
[5, 6553, 14, 9, 19, 18, 12, 16, 13, 10, 11, 7, 21, 7, 10, 12, 15, 13]
[5, 6553, 13, 10, 16, 11, 24, 11, 11, 12, 13, 19, 10, 13, 23, 21, 23, 16]
[5, 6553, 11, 15, 18, 8, 8, 12, 15, 11, 8, 14, 19, 13, 17, 12, 12, 9]
[5, 6553, 16, 8, 22, 9, 16, 11, 9, 9, 21, 16, 19, 16, 6, 14, 12, 28]
[5, 6553, 20, 15, 14, 11, 16, 17, 9, 21, 17, 18, 15, 11, 12, 14, 22, 13]
[5, 6553, 12, 18, 13, 16, 15, 12, 22, 15, 17, 21, 19, 15, 12, 11, 11, 10]
[5, 6553, 14, 5, 11, 6, 18, 29, 11, 21, 8, 15, 8, 8, 17, 9, 10, 11]
[5, 6553, 8, 10, 16, 15, 13, 11, 20, 12, 15, 14, 10, 22, 19, 19, 21, 16]
[5, 6553, 11, 11, 30, 25, 3, 17, 18, 13, 16, 14, 14, 11, 15, 19, 8, 16]
[5, 6553, 18, 11, 13, 13, 21, 21, 16, 6, 19, 20, 13, 6, 21, 11, 21, 17]
[5, 6553, 11, 10, 16, 11, 18, 7, 13, 8, 6, 13, 13, 11, 12, 14, 29, 21]
[5, 6553, 9, 15, 19, 8, 17, 11, 7, 17, 18, 10, 19, 18, 15, 21, 17, 12]
[5, 6553, 13, 16, 9, 12, 10, 21, 13, 16, 11, 13, 6, 7, 9, 18, 12, 25]
[5, 6553, 23, 9, 24, 14, 12, 5, 16, 17, 9, 16, 12, 16, 8, 16, 14, 6]
[5, 6553, 9, 23, 22, 12, 17, 19, 8, 8, 18, 11, 14, 10, 14, 13, 17, 13]
[5, 6553, 17, 19, 13, 11, 4, 20, 12, 12, 17, 10, 18, 15, 22, 8, 13, 14]
[5, 6553, 4, 13, 17, 12, 17, 16, 12, 11, 14, 19, 15, 19, 9, 29, 16, 13]
[5, 6553, 19, 17, 14, 12, 16, 13, 8, 14, 14, 10, 13, 12, 15, 11, 27, 8]
[5, 6553, 22, 18, 10, 15, 18, 18, 8, 13, 21, 9, 14, 16, 11, 22, 12, 18]
[5, 6553, 9, 10, 16, 8, 13, 30, 8, 9, 11, 11, 17, 27, 14, 14, 25, 20]
[5, 6553, 11, 13, 9, 20, 16, 14, 8, 22, 14, 11, 11, 14, 20, 10, 10, 14]
[5, 6553, 21, 25, 8, 11, 11, 7, 18, 15, 20, 7, 7, 22, 14, 16, 12, 8]
[5, 6553, 16, 16, 18, 17, 19, 15, 9, 15, 16, 16, 17, 11, 8, 14, 12, 14]
[5, 6553, 15, 11, 22, 15, 9, 14, 22, 13, 18, 12, 16, 14, 21, 12, 13, 24]
[5, 6553, 9, 14, 7, 18, 4, 15, 11, 10, 12, 22, 13, 20, 19, 11, 19, 11]
[5, 6553, 9, 12, 14, 6, 15, 11, 13, 24, 8, 15, 19, 15, 8, 11, 8, 17]
[5, 6553, 17, 13, 18, 10, 4, 13, 10, 22, 17, 15, 10, 9, 22, 13, 18, 20]
[5, 6553, 15, 12, 9, 20, 22, 13, 15, 23, 18, 17, 9, 17, 23, 12, 8, 21]
[5, 6553, 7, 10, 10, 15, 20, 21, 18, 15, 7, 12, 8, 24, 20, 15, 11, 13]
[5, 6553, 22, 9, 9, 17, 16, 14, 17, 19, 16, 10, 28, 18, 20, 10, 4, 23]
[5, 6553, 9, 20, 15, 9, 13, 7, 13, 7, 9, 28, 12, 11, 17, 16, 13, 7]
[5, 6553, 18, 15, 17, 16, 13, 8, 12, 8, 14, 11, 8, 10, 12, 21, 19, 21]
[5, 6553, 11, 16, 17, 16, 12, 14, 10, 19, 22, 18, 12, 12, 17, 14, 6, 12]
[5, 6553, 9, 16, 14, 12, 11, 8, 9, 18, 8, 12, 13, 14, 18, 17, 25, 17]
[5, 6553, 9, 15, 12, 13, 18, 12, 6, 20, 11, 5, 21, 13, 11, 18, 15, 18]
[5, 6553, 14, 19, 15, 22, 19, 13, 5, 10, 9, 5, 13, 7, 19, 20, 14, 17]
[5, 6553, 12, 26, 10, 6, 13, 13, 30, 11, 9, 24, 11, 14, 16, 22, 10, 11]
[5, 6553, 12, 20, 6, 13, 23, 14, 11, 10, 5, 14, 15, 10, 7, 19, 16, 19]
[5, 6553, 7, 7, 24, 11, 18, 14, 24, 11, 11, 11, 25, 16, 14, 16, 10, 13]
[5, 6553, 20, 22, 18, 21, 17, 14, 17, 5, 11, 16, 13, 5, 10, 13, 11, 1]
[5, 6553, 30, 24, 16, 16, 4, 13, 22, 9, 20, 25, 15, 10, 19, 9, 9, 11]
[5, 6553, 7, 17, 12, 7, 21, 8, 11, 13, 16, 16, 19, 20, 13, 9, 11, 23]
[5, 6553, 6, 13, 7, 20, 9, 10, 16, 10, 15, 18, 19, 13, 13, 14, 18, 7]
[5, 6553, 14, 19, 13, 17, 9, 10, 21, 12, 12, 23, 12, 19, 5, 7, 14, 13]
[5, 6553, 5, 8, 10, 6, 18, 12, 13, 6, 18, 13, 12, 7, 11, 15, 14, 13]
[5, 6553, 16, 15, 13, 17, 25, 14, 14, 21, 15, 24, 12, 15, 16, 23, 11, 11]
[5, 6553, 15, 17, 10, 17, 14, 15, 19, 14, 14, 15, 14, 10, 5, 25, 19, 14]
[5, 6553, 10, 22, 10, 10, 14, 18, 7, 16, 17, 10, 20, 16, 2, 12, 17, 8]
[5, 6553, 17, 12, 27, 14, 17, 8, 18, 21, 15, 13, 14, 15, 18, 11, 9, 22]
[5, 6553, 14, 7, 18, 8, 12, 18, 16, 18, 24, 9, 17, 14, 18, 17, 14, 16]
[5, 6553, 19, 10, 4, 27, 5, 13, 10, 11, 21, 12, 12, 12, 12, 12, 18, 13]
[5, 6553, 17, 12, 10, 10, 17, 6, 10, 7, 20, 17, 19, 17, 6, 11, 28, 13]
[5, 6553, 13, 20, 13, 16, 15, 14, 9, 22, 12, 14, 7, 16, 9, 8, 16, 18]
[5, 6553, 15, 14, 18, 19, 12, 10, 4, 23, 17, 22, 13, 19, 14, 13, 9, 14]
[5, 6553, 13, 6, 11, 11, 13, 17, 25, 10, 18, 14, 20, 18, 14, 10, 17, 21]
[5, 6553, 14, 20, 15, 15, 12, 10, 9, 4, 6, 16, 17, 19, 20, 19, 10, 12]
[5, 6553, 21, 10, 17, 16, 5, 15, 17, 19, 8, 5, 15, 18, 14, 20, 14, 8]
[5, 6553, 12, 8, 14, 10, 14, 14, 16, 10, 14, 13, 20, 7, 9, 12, 20, 12]
[10, 13107, 50, 47, 46, 36, 36, 48, 54, 52, 39, 61, 36, 56, 36, 57, 54, 32]
[10, 13107, 50, 47, 55, 54, 50, 38, 38, 43, 41, 52, 63, 51, 47, 46, 53, 53]
[10, 13107, 58, 40, 51, 47, 40, 31, 51, 33, 30, 48, 44, 42, 51, 41, 65, 60]
[10, 13107, 45, 42, 26, 44, 38, 53, 50, 58, 47, 61, 46, 52, 54, 50, 48, 27]
[10, 13107, 48, 46, 56, 43, 56, 49, 52, 42, 40, 60, 52, 50, 46, 38, 42, 32]
[10, 13107, 54, 32, 48, 51, 62, 41, 41, 58, 39, 61, 50, 52, 51, 49, 60, 63]
[10, 13107, 52, 53, 57, 66, 47, 46, 59, 47, 61, 62, 48, 42, 44, 45, 58, 41]
[10, 13107, 41, 52, 53, 60, 49, 37, 57, 40, 42, 42, 70, 58, 54, 61, 48, 60]
[10, 13107, 40, 37, 34, 55, 80, 61, 50, 46, 32, 50, 48, 63, 48, 38, 57, 54]
[10, 13107, 60, 35, 55, 61, 58, 47, 50, 28, 49, 46, 43, 37, 48, 58, 48, 38]
[10, 13107, 39, 39, 35, 59, 59, 47, 48, 51, 54, 49, 44, 68, 46, 38, 31, 53]
[10, 13107, 52, 45, 59, 59, 33, 43, 48, 56, 61, 55, 76, 54, 54, 31, 40, 52]
[10, 13107, 46, 47, 34, 61, 41, 51, 45, 39, 46, 50, 40, 60, 42, 54, 66, 41]
[10, 13107, 43, 46, 36, 51, 43, 28, 41, 53, 66, 57, 57, 53, 58, 49, 51, 66]
[10, 13107, 37, 41, 42, 39, 33, 55, 43, 40, 50, 58, 53, 52, 50, 55, 58, 50]
[10, 13107, 48, 54, 35, 47, 46, 28, 40, 43, 63, 71, 43, 37, 53, 40, 43, 32]
[10, 13107, 66, 49, 52, 70, 52, 46, 44, 43, 58, 80, 38, 35, 46, 47, 38, 53]
[10, 13107, 61, 34, 50, 41, 49, 35, 48, 38, 47, 51, 47, 46, 56, 47, 35, 42]
[10, 13107, 46, 40, 60, 52, 53, 47, 50, 47, 53, 44, 49, 55, 48, 47, 52, 42]
[10, 13107, 47, 36, 42, 51, 43, 28, 50, 65, 57, 37, 49, 76, 36, 44, 44, 61]
[10, 13107, 51, 69, 58, 52, 54, 61, 47, 52, 54, 46, 63, 46, 49, 45, 30, 70]
[10, 13107, 52, 38, 58, 51, 45, 35, 61, 43, 47, 64, 42, 57, 48, 52, 52, 50]
[10, 13107, 48, 34, 58, 51, 48, 53, 44, 34, 72, 46, 64, 64, 41, 33, 38, 50]
[10, 13107, 44, 45, 44, 51, 43, 44, 48, 32, 68, 49, 48, 33, 44, 39, 62, 29]
[10, 13107, 48, 46, 39, 51, 42, 54, 59, 67, 38, 34, 48, 32, 44, 43, 59, 62]
[10, 13107, 62, 56, 59, 44, 32, 50, 32, 66, 54, 48, 63, 42, 54, 36, 54, 30]
[10, 13107, 60, 46, 37, 64, 38, 43, 59, 58, 46, 41, 48, 61, 50, 63, 65, 52]
[10, 13107, 50, 46, 40, 52, 36, 51, 36, 50, 45, 63, 73, 47, 48, 43, 34, 45]
[10, 13107, 53, 76, 36, 46, 38, 52, 44, 47, 55, 58, 29, 47, 41, 54, 43, 57]
[10, 13107, 49, 40, 48, 32, 43, 48, 50, 33, 43, 36, 48, 37, 49, 42, 61, 40]
[10, 13107, 44, 60, 41, 50, 50, 34, 53, 46, 47, 51, 47, 61, 59, 59, 43, 58]
[10, 13107, 52, 49, 48, 39, 27, 48, 64, 18, 40, 56, 42, 37, 54, 61, 43, 36]
[10, 13107, 54, 52, 46, 37, 45, 30, 50, 47, 58, 55, 60, 44, 53, 42, 59, 44]
[10, 13107, 59, 46, 54, 43, 56, 47, 31, 59, 29, 45, 47, 39, 60, 44, 42, 40]
[10, 13107, 46, 64, 50, 42, 61, 47, 34, 41, 55, 40, 40, 40, 48, 40, 56, 45]
[10, 13107, 58, 57, 54, 51, 44, 56, 68, 29, 52, 48, 39, 62, 58, 55, 56, 36]
[10, 13107, 47, 46, 54, 48, 27, 54, 51, 41, 48, 45, 57, 51, 44, 45, 52, 47]
[10, 13107, 56, 54, 34, 41, 69, 51, 36, 18, 51, 38, 39, 44, 43, 44, 51, 70]
[10, 13107, 49, 34, 44, 41, 50, 56, 50, 37, 46, 45, 57, 45, 42, 46, 39, 36]
[10, 13107, 48, 40, 52, 46, 57, 48, 36, 44, 58, 35, 50, 45, 45, 71, 54, 42]
[10, 13107, 31, 49, 53, 43, 59, 46, 40, 32, 55, 46, 33, 42, 74, 44, 42, 69]
[10, 13107, 65, 53, 39, 64, 42, 58, 40, 40, 51, 27, 40, 63, 45, 45, 40, 37]
[10, 13107, 50, 37, 50, 42, 44, 42, 45, 49, 55, 22, 63, 30, 41, 48, 46, 42]
[10, 13107, 49, 46, 49, 38, 49, 42, 42, 52, 44, 57, 42, 48, 63, 54, 42, 56]
[10, 13107, 30, 46, 41, 34, 38, 58, 54, 41, 45, 45, 63, 35, 54, 51, 49, 40]
[10, 13107, 43, 40, 57, 36, 40, 42, 47, 41, 43, 45, 63, 44, 47, 54, 60, 53]
[10, 13107, 48, 34, 41, 32, 50, 51, 46, 45, 53, 53, 48, 44, 42, 61, 54, 40]
[10, 13107, 54, 52, 46, 39, 39, 56, 58, 56, 59, 62, 53, 43, 49, 52, 48, 33]
[10, 13107, 43, 50, 47, 37, 51, 53, 51, 56, 39, 45, 43, 35, 43, 44, 52, 42]
[10, 13107, 37, 43, 59, 47, 42, 40, 46, 36, 48, 54, 35, 51, 59, 58, 51, 43]
[10, 13107, 59, 42, 62, 58, 48, 53, 52, 34, 41, 45, 44, 48, 54, 55, 40, 50]
[10, 13107, 36, 52, 38, 41, 53, 52, 51, 59, 51, 49, 51, 53, 61, 34, 45, 55]
[10, 13107, 42, 42, 40, 53, 55, 50, 54, 37, 47, 45, 43, 46, 63, 43, 58, 49]
[10, 13107, 35, 46, 58, 32, 61, 47, 44, 45, 42, 45, 58, 40, 33, 41, 46, 53]
[10, 13107, 34, 61, 30, 52, 46, 60, 46, 48, 52, 41, 51, 41, 29, 58, 35, 55]
[10, 13107, 53, 35, 58, 45, 48, 52, 52, 50, 39, 32, 39, 38, 28, 58, 38, 30]
[10, 13107, 58, 54, 50, 44, 46, 42, 39, 45, 48, 43, 71, 30, 65, 43, 45, 40]
[10, 13107, 58, 57, 41, 49, 41, 65, 59, 39, 52, 40, 32, 52, 50, 34, 44, 49]
[10, 13107, 36, 43, 57, 42, 51, 45, 61, 43, 48, 51, 27, 43, 44, 62, 53, 43]
[10, 13107, 59, 58, 50, 47, 53, 38, 39, 50, 53, 38, 46, 45, 54, 45, 46, 31]
[10, 13107, 64, 55, 48, 59, 55, 51, 50, 41, 54, 35, 58, 42, 45, 56, 36, 47]
[10, 13107, 28, 30, 48, 28, 41, 59, 54, 41, 55, 41, 45, 64, 70, 48, 69, 59]
[10, 13107, 34, 50, 42, 54, 57, 53, 46, 54, 47, 33, 58, 44, 49, 44, 61, 41]
[10, 13107, 51, 50, 39, 39, 45, 57, 50, 50, 59, 49, 30, 59, 63, 46, 49, 46]
[10, 13107, 56, 46, 43, 47, 51, 49, 36, 61, 62, 54, 36, 52, 38, 63, 54, 39]
[10, 13107, 65, 37, 51, 40, 48, 50, 54, 52, 66, 54, 36, 53, 57, 60, 53, 57]
[10, 13107, 38, 41, 36, 76, 37, 43, 40, 32, 42, 59, 45, 61, 53, 45, 59, 46]
[10, 13107, 57, 38, 51, 59, 43, 40, 37, 75, 36, 49, 59, 46, 35, 59, 43, 57]
[10, 13107, 45, 47, 58, 31, 43, 38, 57, 58, 32, 43, 34, 59, 54, 53, 46, 56]
[10, 13107, 39, 45, 29, 52, 49, 53, 43, 58, 48, 66, 46, 40, 52, 44, 42, 61]
[10, 13107, 50, 29, 53, 49, 48, 58, 53, 42, 36, 58, 47, 58, 64, 46, 48, 42]
[10, 13107, 64, 41, 30, 59, 52, 43, 54, 56, 38, 32, 57, 68, 51, 38, 35, 44]
[10, 13107, 35, 45, 60, 40, 57, 53, 47, 38, 32, 53, 54, 53, 44, 39, 42, 31]
[10, 13107, 55, 58, 49, 43, 49, 38, 56, 48, 37, 59, 42, 72, 43, 54, 41, 51]
[10, 13107, 46, 54, 37, 45, 42, 54, 43, 66, 53, 43, 42, 53, 49, 45, 36, 52]
[10, 13107, 45, 54, 49, 42, 42, 53, 26, 55, 44, 42, 39, 50, 64, 50, 63, 51]
[10, 13107, 57, 48, 58, 62, 38, 52, 36, 61, 49, 41, 39, 45, 31, 47, 47, 55]
[10, 13107, 51, 50, 45, 63, 62, 50, 32, 34, 51, 32, 42, 42, 68, 38, 56, 48]
[10, 13107, 43, 43, 41, 39, 39, 50, 66, 39, 41, 76, 50, 45, 50, 58, 47, 39]
[10, 13107, 48, 52, 37, 53, 49, 50, 49, 44, 33, 44, 62, 54, 22, 46, 44, 52]
[10, 13107, 36, 47, 63, 48, 51, 47, 59, 46, 42, 69, 66, 40, 39, 42, 38, 51]
[10, 13107, 45, 41, 48, 59, 51, 39, 62, 39, 34, 45, 53, 46, 40, 49, 38, 29]
[10, 13107, 53, 59, 55, 39, 33, 45, 54, 35, 53, 53, 57, 62, 45, 29, 50, 47]
[10, 13107, 45, 45, 58, 39, 58, 61, 53, 49, 65, 58, 54, 57, 53, 36, 42, 54]
[10, 13107, 34, 45, 26, 47, 27, 37, 57, 24, 52, 62, 41, 43, 42, 60, 54, 38]
[10, 13107, 47, 43, 50, 53, 37, 44, 69, 44, 48, 54, 46, 44, 43, 26, 57, 52]
[10, 13107, 30, 46, 41, 42, 61, 46, 38, 31, 54, 47, 45, 36, 36, 39, 49, 64]
[10, 13107, 47, 37, 48, 49, 58, 39, 55, 57, 46, 49, 40, 53, 39, 50, 39, 47]
[10, 13107, 48, 53, 45, 46, 33, 46, 58, 59, 53, 46, 45, 38, 47, 48, 54, 49]
[10, 13107, 50, 43, 43, 31, 42, 64, 46, 47, 57, 51, 35, 60, 53, 44, 64, 60]
[10, 13107, 63, 62, 68, 52, 46, 41, 46, 57, 56, 51, 45, 61, 51, 53, 32, 61]
[10, 13107, 56, 33, 55, 30, 47, 56, 39, 58, 61, 50, 52, 58, 54, 38, 37, 49]
[10, 13107, 55, 52, 28, 58, 29, 41, 35, 54, 45, 44, 40, 44, 49, 38, 46, 43]
[10, 13107, 65, 48, 36, 45, 58, 22, 36, 43, 49, 48, 53, 53, 31, 35, 54, 39]
[10, 13107, 41, 69, 59, 51, 65, 28, 32, 56, 57, 47, 42, 63, 31, 33, 45, 45]
[10, 13107, 41, 50, 50, 38, 47, 25, 47, 56, 55, 54, 55, 61, 39, 41, 42, 44]
[10, 13107, 38, 41, 53, 36, 44, 60, 52, 46, 41, 56, 81, 44, 57, 38, 44, 59]
[10, 13107, 45, 62, 35, 50, 45, 42, 43, 45, 37, 50, 56, 46, 58, 59, 45, 45]
[10, 13107, 52, 62, 52, 48, 40, 42, 57, 50, 48, 29, 50, 47, 52, 53, 45, 36]
[10, 13107, 49, 40, 48, 45, 37, 63, 52, 31, 52, 50, 47, 58, 51, 52, 43, 54]
[15, 19660, 101, 78, 104, 96, 77, 111, 96, 95, 70, 114, 86, 97, 79, 111, 112, 77]
[15, 19660, 108, 96, 103, 102, 90, 104, 76, 87, 102, 93, 113, 107, 85, 112, 118, 95]
[15, 19660, 98, 92, 103, 77, 88, 71, 103, 92, 103, 93, 104, 85, 84, 96, 110, 135]
[15, 19660, 105, 127, 88, 114, 97, 107, 99, 97, 97, 97, 111, 92, 113, 87, 117, 106]
[15, 19660, 113, 90, 120, 97, 118, 103, 112, 96, 100, 113, 112, 107, 102, 93, 101, 72]
[15, 19660, 100, 99, 109, 85, 137, 98, 103, 94, 104, 96, 98, 113, 108, 117, 109, 146]
[15, 19660, 112, 119, 103, 115, 91, 90, 102, 112, 115, 120, 102, 104, 125, 89, 100, 114]
[15, 19660, 79, 89, 111, 121, 98, 94, 102, 102, 109, 90, 114, 116, 120, 124, 104, 137]
[15, 19660, 81, 78, 99, 116, 126, 115, 97, 105, 80, 105, 81, 114, 96, 110, 105, 96]
[15, 19660, 118, 97, 98, 116, 106, 90, 108, 69, 91, 106, 108, 89, 106, 90, 118, 94]
[15, 19660, 79, 88, 104, 103, 105, 77, 105, 105, 111, 119, 89, 110, 125, 83, 72, 123]
[15, 19660, 117, 103, 119, 133, 84, 78, 89, 100, 119, 97, 136, 114, 116, 71, 87, 96]
[15, 19660, 85, 110, 83, 105, 88, 93, 99, 80, 112, 109, 84, 95, 119, 98, 111, 75]
[15, 19660, 86, 103, 77, 98, 93, 83, 90, 113, 117, 95, 120, 96, 110, 91, 89, 120]
[15, 19660, 76, 86, 89, 86, 79, 108, 84, 98, 96, 129, 96, 109, 96, 124, 111, 95]
[15, 19660, 93, 96, 101, 101, 92, 88, 114, 81, 112, 123, 107, 96, 107, 108, 111, 90]
[15, 19660, 130, 116, 106, 141, 124, 87, 84, 96, 121, 132, 96, 89, 97, 105, 94, 103]
[15, 19660, 116, 96, 99, 90, 112, 87, 80, 104, 96, 100, 106, 82, 112, 82, 97, 81]
[15, 19660, 93, 101, 95, 115, 104, 94, 136, 85, 98, 104, 117, 107, 107, 86, 112, 124]
[15, 19660, 102, 91, 100, 107, 112, 85, 95, 110, 117, 85, 84, 131, 81, 98, 95, 114]
[15, 19660, 101, 119, 126, 105, 102, 112, 102, 118, 110, 93, 118, 87, 108, 86, 81, 120]
[15, 19660, 105, 88, 123, 95, 102, 90, 124, 102, 101, 118, 106, 99, 114, 106, 114, 101]
[15, 19660, 94, 105, 102, 106, 88, 95, 111, 90, 109, 97, 114, 116, 86, 72, 99, 110]
[15, 19660, 82, 82, 86, 104, 91, 96, 91, 94, 113, 114, 99, 102, 105, 89, 118, 72]
[15, 19660, 112, 92, 83, 109, 104, 111, 118, 119, 68, 88, 93, 75, 111, 95, 112, 105]
[15, 19660, 98, 106, 108, 98, 80, 104, 87, 122, 106, 121, 104, 72, 121, 82, 102, 112]
[15, 19660, 115, 88, 87, 107, 76, 95, 104, 124, 98, 109, 98, 109, 109, 109, 118, 102]
[15, 19660, 89, 105, 107, 101, 93, 102, 86, 103, 102, 111, 142, 90, 94, 103, 89, 116]
[15, 19660, 106, 120, 82, 96, 82, 103, 105, 116, 101, 128, 85, 96, 76, 87, 96, 112]
[15, 19660, 99, 105, 104, 82, 106, 108, 96, 82, 93, 86, 103, 84, 97, 84, 127, 91]
[15, 19660, 97, 109, 97, 105, 105, 72, 106, 89, 97, 115, 82, 92, 96, 103, 94, 109]
[15, 19660, 112, 104, 110, 81, 95, 96, 112, 54, 120, 119, 97, 92, 107, 108, 96, 72]
[15, 19660, 111, 96, 75, 86, 87, 79, 116, 111, 128, 111, 114, 91, 125, 92, 100, 80]
[15, 19660, 108, 115, 94, 97, 112, 94, 62, 110, 98, 94, 91, 99, 91, 113, 92, 89]
[15, 19660, 88, 149, 116, 95, 112, 95, 57, 92, 113, 108, 96, 94, 98, 102, 102, 100]
[15, 19660, 109, 131, 97, 110, 93, 118, 141, 73, 108, 116, 71, 110, 108, 106, 98, 68]
[15, 19660, 100, 83, 118, 116, 86, 99, 81, 104, 114, 83, 134, 111, 71, 112, 112, 100]
[15, 19660, 112, 118, 111, 91, 125, 107, 97, 51, 107, 84, 103, 98, 94, 92, 89, 138]
[15, 19660, 88, 73, 92, 80, 98, 108, 111, 85, 86, 75, 115, 91, 103, 97, 91, 96]
[15, 19660, 94, 96, 117, 112, 105, 117, 68, 104, 130, 95, 87, 86, 101, 103, 106, 84]
[15, 19660, 93, 100, 116, 86, 99, 109, 86, 71, 113, 97, 79, 118, 126, 87, 91, 116]
[15, 19660, 111, 107, 93, 111, 94, 108, 90, 93, 112, 69, 100, 104, 95, 112, 99, 71]
[15, 19660, 99, 84, 116, 100, 97, 76, 112, 112, 103, 85, 106, 76, 81, 81, 96, 102]
[15, 19660, 106, 106, 109, 98, 109, 104, 96, 96, 105, 112, 78, 99, 115, 116, 96, 111]
[15, 19660, 81, 93, 91, 87, 106, 122, 112, 92, 101, 103, 109, 80, 109, 111, 97, 96]
[15, 19660, 99, 78, 87, 87, 86, 82, 105, 93, 101, 106, 116, 84, 74, 106, 113, 116]
[15, 19660, 82, 92, 82, 87, 97, 100, 105, 102, 89, 90, 95, 103, 100, 107, 105, 98]
[15, 19660, 109, 98, 114, 90, 96, 119, 115, 101, 123, 114, 85, 91, 99, 106, 104, 97]
[15, 19660, 89, 111, 104, 85, 123, 90, 97, 116, 93, 93, 108, 78, 90, 90, 102, 101]
[15, 19660, 82, 112, 87, 86, 100, 105, 109, 91, 82, 118, 99, 100, 103, 111, 102, 79]
[15, 19660, 120, 94, 113, 98, 111, 88, 102, 90, 110, 98, 101, 91, 104, 108, 102, 77]
[15, 19660, 88, 107, 69, 85, 99, 104, 95, 110, 81, 95, 104, 112, 119, 96, 88, 108]
[15, 19660, 105, 80, 83, 120, 110, 115, 98, 88, 99, 81, 103, 105, 122, 81, 127, 93]
[15, 19660, 82, 95, 112, 74, 113, 104, 107, 102, 104, 95, 106, 89, 76, 96, 120, 94]
[15, 19660, 77, 112, 89, 104, 83, 101, 104, 104, 111, 83, 94, 98, 77, 122, 80, 118]
[15, 19660, 100, 102, 116, 94, 106, 108, 109, 106, 87, 73, 80, 91, 72, 105, 101, 83]
[15, 19660, 119, 112, 91, 108, 99, 86, 84, 99, 99, 97, 142, 75, 119, 89, 101, 100]
[15, 19660, 117, 104, 96, 118, 96, 109, 101, 97, 127, 95, 90, 116, 94, 92, 94, 98]
[15, 19660, 70, 92, 112, 86, 101, 112, 133, 99, 120, 90, 67, 112, 92, 117, 118, 92]
[15, 19660, 94, 106, 94, 104, 94, 82, 91, 114, 105, 87, 105, 93, 107, 110, 92, 83]
[15, 19660, 124, 110, 126, 96, 117, 87, 101, 126, 109, 89, 102, 87, 105, 106, 77, 99]
[15, 19660, 72, 74, 106, 84, 82, 111, 120, 101, 105, 107, 100, 121, 125, 91, 124, 114]
[15, 19660, 108, 114, 107, 117, 100, 99, 95, 119, 81, 99, 97, 90, 116, 104, 104, 82]
[15, 19660, 98, 122, 95, 70, 96, 118, 101, 95, 102, 123, 84, 120, 104, 120, 111, 107]
[15, 19660, 99, 91, 87, 92, 96, 97, 85, 121, 132, 106, 105, 90, 83, 128, 123, 88]
[15, 19660, 125, 89, 102, 95, 104, 97, 89, 112, 114, 108, 94, 105, 105, 121, 102, 124]
[15, 19660, 83, 99, 94, 123, 82, 110, 98, 98, 85, 96, 86, 112, 113, 104, 121, 99]
[15, 19660, 96, 99, 112, 107, 101, 86, 75, 123, 93, 111, 104, 114, 79, 108, 83, 97]
[15, 19660, 104, 93, 111, 74, 95, 97, 106, 125, 81, 101, 75, 113, 103, 114, 117, 103]
[15, 19660, 100, 103, 68, 110, 96, 91, 117, 102, 102, 119, 99, 104, 122, 97, 86, 107]
[15, 19660, 93, 102, 112, 96, 94, 112, 91, 106, 86, 114, 102, 106, 109, 87, 80, 87]
[15, 19660, 96, 108, 94, 107, 110, 97, 113, 103, 89, 81, 110, 122, 111, 89, 77, 95]
[15, 19660, 78, 111, 119, 88, 112, 107, 104, 76, 92, 95, 110, 101, 107, 100, 93, 63]
[15, 19660, 116, 121, 94, 84, 100, 91, 115, 112, 98, 106, 93, 127, 86, 91, 85, 115]
[15, 19660, 104, 102, 97, 85, 91, 139, 100, 115, 113, 97, 83, 90, 111, 86, 82, 108]
[15, 19660, 91, 102, 105, 106, 111, 94, 101, 114, 107, 106, 84, 115, 121, 101, 113, 101]
[15, 19660, 112, 106, 111, 136, 106, 89, 84, 105, 94, 100, 95, 98, 65, 87, 102, 97]
[15, 19660, 98, 118, 90, 113, 115, 105, 75, 88, 115, 82, 92, 85, 111, 93, 109, 86]
[15, 19660, 102, 84, 92, 98, 82, 102, 112, 97, 107, 107, 105, 84, 105, 95, 85, 75]
[15, 19660, 110, 99, 69, 114, 100, 97, 103, 90, 87, 89, 120, 111, 76, 98, 90, 99]
[15, 19660, 73, 99, 110, 80, 86, 96, 128, 109, 90, 118, 126, 92, 97, 101, 88, 106]
[15, 19660, 100, 89, 98, 98, 115, 93, 106, 75, 69, 101, 112, 97, 98, 110, 88, 102]
[15, 19660, 108, 108, 95, 82, 87, 107, 115, 78, 104, 130, 117, 106, 87, 72, 124, 98]
[15, 19660, 100, 83, 106, 110, 103, 115, 103, 104, 133, 107, 109, 100, 106, 73, 98, 101]
[15, 19660, 92, 109, 72, 101, 71, 90, 100, 80, 112, 118, 109, 111, 103, 103, 91, 73]
[15, 19660, 82, 99, 95, 96, 100, 87, 117, 107, 101, 93, 116, 67, 106, 96, 115, 98]
[15, 19660, 64, 107, 86, 100, 115, 107, 103, 76, 111, 85, 88, 105, 91, 84, 95, 111]
[15, 19660, 98, 74, 97, 102, 121, 79, 101, 106, 105, 103, 83, 97, 82, 98, 98, 91]
[15, 19660, 114, 93, 87, 111, 75, 94, 108, 104, 109, 105, 102, 79, 88, 72, 88, 114]
[15, 19660, 96, 101, 103, 76, 107, 105, 87, 119, 98, 88, 105, 110, 120, 85, 114, 139]
[15, 19660, 112, 132, 111, 102, 107, 83, 96, 112, 113, 95, 90, 103, 108, 107, 81, 119]
[15, 19660, 122, 91, 94, 87, 100, 114, 81, 96, 118, 114, 109, 117, 90, 87, 90, 101]
[15, 19660, 120, 104, 86, 125, 83, 104, 120, 118, 81, 109, 91, 116, 98, 99, 103, 101]
[15, 19660, 117, 104, 94, 90, 102, 60, 85, 90, 98, 116, 94, 97, 79, 90, 97, 97]
[15, 19660, 85, 120, 115, 97, 121, 74, 83, 137, 106, 97, 112, 94, 72, 83, 84, 106]
[15, 19660, 110, 99, 115, 71, 98, 73, 99, 101, 101, 105, 103, 128, 96, 96, 88, 102]
[15, 19660, 95, 99, 102, 91, 101, 122, 104, 101, 100, 110, 137, 78, 117, 111, 90, 108]
[15, 19660, 109, 107, 104, 99, 95, 91, 88, 94, 70, 113, 98, 103, 110, 110, 101, 95]
[15, 19660, 98, 116, 88, 101, 97, 77, 127, 116, 83, 84, 91, 90, 101, 96, 93, 96]
[15, 19660, 109, 100, 99, 115, 86, 104, 86, 97, 104, 99, 114, 93, 93, 97, 78, 89]
[20, 26214, 168, 167, 151, 196, 147, 177, 163, 156, 130, 153, 175, 177, 152, 189, 181, 141]
[20, 26214, 185, 158, 174, 184, 146, 180, 141, 147, 176, 137, 191, 178, 157, 191, 188, 172]
[20, 26214, 194, 155, 176, 126, 143, 134, 187, 157, 172, 168, 189, 159, 160, 160, 182, 199]
[20, 26214, 179, 208, 156, 179, 161, 152, 175, 160, 188, 171, 202, 152, 188, 160, 153, 159]
[20, 26214, 168, 159, 179, 170, 173, 184, 173, 164, 167, 196, 171, 172, 166, 173, 165, 170]
[20, 26214, 177, 188, 164, 168, 225, 190, 181, 182, 167, 163, 161, 179, 182, 190, 179, 220]
[20, 26214, 195, 210, 181, 159, 167, 167, 178, 178, 178, 200, 162, 179, 199, 151, 157, 217]
[20, 26214, 142, 152, 179, 196, 170, 153, 165, 170, 166, 160, 181, 197, 198, 193, 168, 193]
[20, 26214, 139, 146, 159, 203, 191, 186, 174, 157, 128, 190, 157, 204, 162, 173, 157, 153]
[20, 26214, 160, 164, 168, 185, 168, 153, 165, 135, 162, 184, 183, 142, 178, 159, 185, 150]
[20, 26214, 146, 165, 182, 164, 170, 161, 168, 167, 181, 182, 141, 154, 188, 153, 143, 196]
[20, 26214, 179, 170, 177, 202, 156, 132, 156, 151, 195, 156, 229, 211, 198, 145, 144, 166]
[20, 26214, 151, 186, 145, 179, 178, 161, 180, 138, 174, 178, 150, 170, 209, 148, 183, 131]
[20, 26214, 134, 202, 156, 181, 149, 150, 164, 209, 196, 179, 187, 176, 192, 173, 161, 192]
[20, 26214, 147, 146, 163, 148, 143, 191, 136, 165, 167, 221, 178, 169, 178, 193, 197, 172]
[20, 26214, 181, 159, 185, 173, 174, 143, 181, 150, 171, 208, 168, 182, 168, 180, 185, 168]
[20, 26214, 186, 196, 174, 211, 191, 133, 173, 164, 193, 198, 178, 154, 153, 192, 172, 153]
[20, 26214, 189, 161, 168, 169, 184, 150, 135, 167, 156, 171, 176, 131, 194, 163, 189, 162]
[20, 26214, 155, 187, 162, 180, 205, 171, 177, 139, 169, 174, 173, 191, 175, 159, 174, 183]
[20, 26214, 163, 164, 186, 203, 205, 152, 166, 182, 181, 136, 166, 193, 179, 159, 156, 174]
[20, 26214, 193, 193, 209, 171, 179, 170, 166, 198, 203, 154, 190, 165, 177, 152, 149, 191]
[20, 26214, 171, 149, 192, 171, 168, 154, 190, 184, 140, 176, 177, 154, 186, 187, 191, 174]
[20, 26214, 164, 189, 167, 169, 157, 161, 186, 142, 203, 178, 190, 200, 160, 135, 172, 176]
[20, 26214, 159, 173, 153, 163, 141, 198, 189, 169, 203, 187, 172, 150, 169, 137, 203, 130]
[20, 26214, 167, 173, 140, 186, 161, 171, 197, 179, 126, 172, 148, 149, 179, 166, 187, 174]
[20, 26214, 175, 181, 194, 170, 157, 172, 136, 207, 181, 181, 184, 135, 197, 148, 173, 164]
[20, 26214, 210, 174, 134, 169, 148, 151, 166, 177, 178, 184, 167, 181, 149, 190, 184, 187]
[20, 26214, 181, 172, 187, 181, 170, 179, 159, 160, 184, 184, 213, 152, 154, 163, 153, 190]
[20, 26214, 171, 204, 154, 157, 153, 202, 197, 174, 166, 213, 143, 168, 133, 165, 164, 181]
[20, 26214, 171, 155, 161, 180, 171, 182, 166, 155, 150, 148, 178, 144, 164, 153, 204, 162]
[20, 26214, 172, 193, 150, 187, 171, 141, 176, 169, 185, 192, 143, 160, 175, 169, 178, 182]
[20, 26214, 174, 175, 174, 155, 149, 182, 176, 124, 190, 198, 165, 176, 172, 186, 156, 153]
[20, 26214, 200, 176, 146, 175, 168, 159, 192, 174, 181, 163, 191, 159, 181, 167, 161, 156]
[20, 26214, 163, 210, 162, 174, 181, 137, 127, 174, 175, 177, 165, 172, 159, 182, 162, 146]
[20, 26214, 173, 215, 174, 163, 173, 149, 135, 155, 186, 173, 174, 169, 153, 164, 168, 159]
[20, 26214, 191, 208, 179, 178, 175, 194, 229, 141, 180, 176, 154, 179, 169, 168, 149, 120]
[20, 26214, 151, 163, 175, 173, 153, 176, 156, 170, 182, 159, 207, 173, 145, 167, 165, 174]
[20, 26214, 173, 186, 187, 147, 204, 199, 168, 109, 167, 177, 160, 173, 163, 154, 170, 212]
[20, 26214, 173, 134, 177, 149, 182, 211, 180, 167, 145, 136, 181, 166, 167, 152, 155, 175]
[20, 26214, 153, 183, 191, 183, 188, 195, 156, 169, 194, 164, 152, 178, 159, 170, 195, 151]
[20, 26214, 189, 178, 173, 171, 149, 175, 148, 123, 195, 165, 167, 192, 208, 161, 171, 180]
[20, 26214, 215, 175, 152, 188, 154, 178, 177, 158, 173, 153, 182, 161, 171, 178, 146, 122]
[20, 26214, 165, 159, 212, 162, 164, 147, 184, 195, 162, 158, 180, 129, 139, 160, 158, 187]
[20, 26214, 174, 182, 198, 157, 201, 181, 165, 170, 154, 190, 141, 155, 177, 190, 161, 182]
[20, 26214, 153, 174, 187, 139, 179, 200, 189, 175, 188, 138, 189, 149, 192, 177, 189, 154]
[20, 26214, 172, 136, 174, 162, 165, 190, 179, 149, 181, 171, 197, 157, 128, 173, 188, 183]
[20, 26214, 149, 183, 146, 164, 178, 148, 187, 177, 162, 161, 158, 173, 170, 162, 179, 175]
[20, 26214, 178, 176, 176, 161, 181, 202, 182, 172, 187, 187, 151, 153, 173, 163, 163, 150]
[20, 26214, 145, 187, 164, 137, 178, 148, 160, 188, 165, 180, 170, 151, 167, 155, 199, 161]
[20, 26214, 131, 165, 137, 149, 179, 158, 185, 156, 184, 179, 147, 159, 163, 179, 182, 155]
[20, 26214, 179, 151, 187, 168, 188, 171, 152, 160, 173, 197, 181, 174, 160, 180, 166, 155]
[20, 26214, 142, 176, 135, 150, 150, 180, 185, 188, 149, 172, 167, 189, 194, 155, 156, 160]
[20, 26214, 185, 165, 160, 196, 178, 193, 155, 169, 160, 137, 175, 175, 191, 157, 207, 159]
[20, 26214, 144, 150, 196, 149, 155, 174, 179, 173, 172, 182, 167, 175, 129, 182, 199, 168]
[20, 26214, 152, 187, 161, 156, 158, 160, 187, 172, 190, 141, 143, 155, 140, 194, 149, 173]
[20, 26214, 186, 193, 193, 175, 183, 176, 166, 160, 148, 132, 163, 147, 157, 178, 169, 148]
[20, 26214, 177, 180, 142, 195, 158, 152, 160, 183, 187, 190, 215, 125, 171, 169, 182, 188]
[20, 26214, 203, 177, 153, 188, 159, 189, 181, 175, 200, 151, 151, 179, 142, 163, 171, 161]
[20, 26214, 131, 167, 181, 166, 170, 182, 201, 183, 182, 165, 133, 172, 175, 191, 190, 157]
[20, 26214, 154, 165, 158, 169, 167, 151, 184, 175, 175, 162, 170, 164, 181, 189, 164, 171]
[20, 26214, 202, 178, 183, 163, 185, 158, 177, 201, 192, 162, 172, 159, 164, 194, 138, 167]
[20, 26214, 130, 132, 177, 149, 157, 198, 171, 193, 182, 181, 169, 205, 211, 165, 212, 198]
[20, 26214, 192, 158, 157, 182, 161, 172, 166, 167, 134, 181, 179, 176, 170, 198, 182, 154]
[20, 26214, 166, 191, 179, 145, 170, 182, 154, 195, 159, 196, 136, 188, 183, 192, 187, 206]
[20, 26214, 203, 154, 152, 144, 180, 166, 161, 196, 218, 158, 177, 163, 157, 180, 197, 152]
[20, 26214, 197, 169, 165, 163, 137, 167, 170, 185, 184, 177, 181, 175, 182, 191, 146, 208]
[20, 26214, 157, 177, 171, 191, 150, 187, 180, 155, 151, 145, 159, 202, 177, 189, 202, 167]
[20, 26214, 167, 176, 182, 151, 194, 164, 150, 198, 165, 172, 158, 181, 141, 191, 149, 165]
[20, 26214, 182, 156, 182, 139, 163, 171, 163, 191, 161, 168, 147, 173, 193, 159, 185, 175]
[20, 26214, 171, 171, 139, 166, 162, 150, 205, 162, 170, 161, 160, 170, 210, 180, 132, 167]
[20, 26214, 183, 159, 186, 160, 172, 185, 166, 174, 146, 188, 156, 186, 192, 149, 144, 161]
[20, 26214, 166, 191, 167, 185, 172, 166, 152, 183, 171, 167, 178, 186, 174, 161, 158, 155]
[20, 26214, 152, 186, 195, 151, 170, 174, 181, 148, 150, 163, 178, 183, 182, 178, 180, 117]
[20, 26214, 184, 204, 156, 173, 160, 147, 190, 180, 170, 172, 152, 220, 155, 147, 142, 194]
[20, 26214, 170, 179, 189, 170, 154, 209, 182, 173, 211, 184, 127, 164, 166, 172, 136, 185]
[20, 26214, 193, 180, 177, 186, 181, 157, 169, 173, 176, 182, 171, 204, 178, 178, 184, 158]
[20, 26214, 178, 189, 175, 197, 171, 151, 156, 185, 168, 170, 174, 164, 126, 148, 168, 161]
[20, 26214, 160, 167, 149, 178, 155, 188, 151, 142, 199, 150, 178, 140, 172, 155, 189, 141]
[20, 26214, 180, 159, 155, 161, 145, 176, 183, 177, 169, 161, 175, 154, 193, 165, 157, 132]
[20, 26214, 164, 165, 145, 192, 187, 191, 176, 149, 168, 177, 190, 194, 166, 162, 172, 160]
[20, 26214, 156, 163, 162, 165, 165, 173, 182, 181, 158, 176, 186, 148, 164, 181, 150, 173]
[20, 26214, 191, 169, 177, 185, 186, 165, 167, 142, 145, 170, 191, 164, 180, 182, 164, 169]
[20, 26214, 169, 163, 166, 158, 147, 158, 172, 165, 152, 190, 199, 197, 165, 142, 182, 195]
[20, 26214, 171, 170, 181, 194, 155, 177, 168, 173, 200, 180, 186, 185, 193, 143, 177, 170]
[20, 26214, 162, 186, 151, 159, 129, 157, 170, 154, 176, 182, 172, 220, 185, 194, 159, 135]
[20, 26214, 137, 160, 173, 174, 172, 159, 218, 176, 186, 151, 187, 138, 181, 178, 177, 167]
[20, 26214, 113, 178, 163, 163, 178, 170, 161, 158, 169, 149, 162, 171, 185, 143, 176, 171]
[20, 26214, 165, 144, 161, 157, 196, 151, 173, 174, 175, 190, 160, 155, 162, 175, 177, 151]
[20, 26214, 180, 162, 179, 177, 149, 157, 199, 174, 170, 174, 170, 141, 163, 156, 130, 195]
[20, 26214, 167, 170, 184, 153, 180, 169, 145, 171, 183, 166, 179, 188, 177, 130, 189, 186]
[20, 26214, 191, 208, 188, 167, 176, 175, 169, 172, 186, 160, 159, 159, 174, 166, 157, 188]
[20, 26214, 186, 163, 166, 175, 186, 194, 150, 161, 178, 200, 186, 178, 160, 177, 154, 171]
[20, 26214, 200, 180, 140, 200, 152, 178, 195, 190, 139, 178, 150, 172, 167, 174, 144, 193]
[20, 26214, 183, 178, 175, 192, 165, 108, 162, 176, 159, 181, 162, 163, 148, 133, 153, 185]
[20, 26214, 160, 191, 189, 173, 200, 139, 161, 222, 191, 169, 170, 147, 143, 157, 170, 182]
[20, 26214, 164, 174, 149, 145, 164, 139, 166, 172, 162, 169, 190, 214, 166, 158, 172, 185]
[20, 26214, 179, 150, 166, 143, 167, 208, 187, 182, 155, 195, 235, 166, 185, 166, 149, 176]
[20, 26214, 180, 193, 184, 171, 159, 166, 183, 156, 130, 175, 191, 187, 164, 164, 167, 145]
[20, 26214, 158, 181, 155, 190, 160, 153, 195, 192, 165, 152, 157, 170, 164, 171, 174, 181]
[20, 26214, 197, 175, 162, 185, 163, 165, 160, 169, 199, 167, 194, 159, 172, 177, 130, 151]
[25, 32768, 228, 257, 225, 298, 240, 267, 261, 251, 218, 238, 249, 241, 241, 282, 276, 220]
[25, 32768, 262, 250, 252, 276, 243, 293, 224, 245, 251, 238, 288, 281, 239, 288, 275, 257]
[25, 32768, 272, 250, 278, 193, 228, 222, 265, 247, 277, 255, 257, 244, 235, 265, 273, 302]
[25, 32768, 263, 279, 253, 263, 251, 249, 256, 233, 279, 256, 290, 224, 286, 255, 234, 251]
[25, 32768, 264, 245, 269, 249, 277, 295, 268, 247, 288, 302, 272, 247, 226, 244, 256, 249]
[25, 32768, 260, 274, 241, 255, 315, 275, 273, 264, 240, 262, 248, 276, 257, 294, 273, 304]
[25, 32768, 292, 289, 254, 255, 255, 250, 286, 247, 293, 292, 227, 273, 279, 239, 246, 291]
[25, 32768, 229, 244, 270, 255, 241, 244, 247, 255, 262, 270, 260, 289, 288, 295, 246, 288]
[25, 32768, 205, 233, 241, 290, 274, 288, 256, 244, 213, 257, 244, 297, 239, 229, 260, 243]
[25, 32768, 237, 246, 264, 266, 270, 243, 270, 208, 227, 267, 265, 219, 254, 243, 284, 245]
[25, 32768, 238, 257, 270, 259, 244, 246, 263, 246, 271, 292, 234, 240, 278, 255, 226, 311]
[25, 32768, 304, 253, 287, 278, 232, 204, 248, 253, 256, 240, 308, 307, 303, 235, 223, 257]
[25, 32768, 232, 265, 238, 265, 273, 230, 240, 253, 261, 256, 232, 243, 309, 212, 248, 221]
[25, 32768, 231, 284, 242, 254, 262, 235, 250, 284, 279, 245, 264, 262, 274, 242, 241, 312]
[25, 32768, 224, 231, 234, 223, 239, 305, 218, 254, 259, 290, 278, 241, 260, 294, 295, 256]
[25, 32768, 263, 243, 258, 248, 281, 224, 268, 234, 260, 283, 267, 258, 266, 265, 273, 267]
[25, 32768, 256, 296, 261, 285, 291, 194, 235, 252, 301, 271, 256, 211, 226, 293, 266, 246]
[25, 32768, 274, 245, 258, 247, 241, 244, 238, 275, 260, 248, 278, 217, 268, 257, 278, 241]
[25, 32768, 245, 291, 246, 275, 288, 264, 259, 228, 264, 263, 254, 271, 271, 259, 268, 309]
[25, 32768, 270, 240, 287, 282, 268, 240, 242, 258, 283, 259, 248, 299, 282, 263, 207, 269]
[25, 32768, 271, 308, 276, 259, 248, 267, 265, 304, 302, 252, 299, 235, 267, 237, 238, 296]
[25, 32768, 259, 255, 287, 257, 259, 238, 273, 252, 241, 278, 277, 256, 267, 254, 276, 260]
[25, 32768, 286, 259, 264, 244, 247, 243, 284, 246, 305, 270, 281, 311, 238, 221, 253, 262]
[25, 32768, 249, 253, 234, 262, 209, 309, 275, 260, 308, 268, 255, 244, 228, 208, 273, 231]
[25, 32768, 265, 245, 235, 279, 240, 272, 281, 253, 209, 266, 229, 232, 266, 239, 288, 274]
[25, 32768, 276, 253, 262, 235, 251, 267, 206, 286, 269, 279, 295, 205, 280, 232, 252, 261]
[25, 32768, 300, 267, 202, 236, 243, 219, 239, 269, 270, 269, 236, 276, 253, 268, 278, 272]
[25, 32768, 276, 265, 271, 292, 249, 272, 233, 263, 278, 263, 267, 214, 249, 247, 234, 276]
[25, 32768, 245, 298, 244, 230, 248, 296, 288, 282, 233, 304, 205, 271, 216, 264, 262, 269]
[25, 32768, 285, 263, 252, 265, 235, 255, 272, 231, 237, 240, 252, 240, 265, 250, 284, 253]
[25, 32768, 260, 287, 238, 242, 280, 230, 266, 257, 269, 277, 223, 225, 257, 271, 267, 286]
[25, 32768, 272, 258, 265, 225, 239, 292, 272, 221, 273, 286, 264, 268, 246, 270, 260, 225]
[25, 32768, 281, 258, 233, 279, 261, 241, 291, 266, 266, 255, 299, 237, 253, 244, 228, 253]
[25, 32768, 268, 312, 231, 260, 275, 209, 217, 286, 261, 248, 258, 255, 240, 277, 245, 232]
[25, 32768, 261, 285, 253, 257, 254, 232, 243, 250, 273, 267, 253, 256, 244, 234, 251, 250]
[25, 32768, 288, 286, 250, 280, 270, 280, 322, 234, 264, 284, 234, 268, 246, 261, 251, 206]
[25, 32768, 232, 233, 279, 258, 225, 253, 250, 243, 285, 261, 281, 274, 215, 257, 260, 264]
[25, 32768, 246, 283, 293, 218, 300, 286, 241, 250, 261, 264, 230, 240, 230, 269, 242, 312]
[25, 32768, 267, 204, 274, 256, 281, 330, 262, 262, 230, 229, 276, 266, 245, 231, 269, 255]
[25, 32768, 257, 278, 284, 270, 277, 276, 250, 252, 298, 271, 256, 257, 222, 246, 284, 233]
[25, 32768, 288, 277, 260, 279, 237, 262, 233, 198, 305, 258, 258, 269, 276, 240, 246, 287]
[25, 32768, 292, 262, 250, 280, 244, 281, 278, 232, 245, 241, 257, 239, 251, 260, 218, 210]
[25, 32768, 240, 233, 315, 247, 265, 223, 284, 286, 235, 234, 252, 221, 214, 225, 255, 283]
[25, 32768, 270, 286, 313, 252, 277, 280, 249, 246, 252, 265, 231, 259, 256, 280, 234, 257]
[25, 32768, 259, 266, 284, 228, 275, 291, 289, 259, 282, 222, 279, 231, 254, 262, 262, 242]
[25, 32768, 262, 215, 264, 235, 254, 296, 250, 226, 275, 263, 275, 257, 216, 270, 278, 291]
[25, 32768, 222, 274, 233, 262, 294, 250, 282, 247, 263, 241, 249, 265, 276, 248, 271, 274]
[25, 32768, 264, 242, 292, 245, 274, 291, 279, 268, 271, 264, 216, 249, 257, 246, 274, 225]
[25, 32768, 228, 245, 253, 214, 254, 250, 249, 267, 232, 277, 248, 233, 241, 252, 312, 251]
[25, 32768, 228, 242, 235, 255, 261, 254, 275, 245, 275, 269, 225, 260, 270, 256, 287, 219]
[25, 32768, 260, 226, 267, 287, 289, 241, 258, 261, 236, 282, 271, 271, 225, 255, 252, 232]
[25, 32768, 230, 280, 221, 238, 240, 268, 281, 306, 233, 265, 240, 275, 287, 258, 258, 265]
[25, 32768, 289, 240, 234, 286, 256, 282, 239, 247, 239, 235, 256, 250, 285, 239, 305, 241]
[25, 32768, 245, 233, 283, 223, 232, 253, 278, 262, 277, 284, 241, 260, 208, 270, 285, 283]
[25, 32768, 246, 286, 260, 242, 241, 233, 304, 254, 287, 233, 220, 247, 228, 272, 232, 256]
[25, 32768, 287, 289, 293, 251, 278, 279, 264, 267, 223, 219, 257, 256, 233, 261, 267, 229]
[25, 32768, 263, 264, 233, 265, 243, 239, 269, 272, 280, 286, 290, 221, 253, 246, 239, 285]
[25, 32768, 270, 253, 236, 290, 241, 279, 279, 263, 279, 249, 237, 282, 248, 249, 253, 258]
[25, 32768, 237, 245, 255, 259, 255, 271, 285, 256, 300, 270, 225, 264, 269, 279, 279, 249]
[25, 32768, 232, 271, 232, 251, 256, 237, 264, 257, 270, 248, 275, 261, 279, 292, 250, 258]
[25, 32768, 288, 249, 250, 249, 286, 239, 282, 287, 280, 243, 269, 214, 268, 274, 233, 239]
[25, 32768, 202, 214, 281, 229, 258, 311, 267, 291, 256, 277, 269, 295, 298, 235, 291, 278]
[25, 32768, 274, 265, 253, 270, 246, 250, 242, 256, 208, 273, 263, 256, 253, 262, 260, 247]
[25, 32768, 261, 289, 286, 208, 264, 262, 276, 289, 255, 276, 218, 263, 278, 285, 273, 286]
[25, 32768, 278, 226, 236, 220, 269, 254, 273, 290, 300, 224, 251, 238, 254, 271, 283, 249]
[25, 32768, 276, 255, 276, 236, 201, 234, 258, 252, 264, 261, 270, 244, 249, 288, 268, 304]
[25, 32768, 263, 258, 291, 273, 233, 263, 309, 235, 222, 234, 241, 280, 278, 294, 264, 262]
[25, 32768, 247, 259, 258, 223, 276, 257, 261, 297, 227, 283, 239, 296, 228, 286, 239, 266]
[25, 32768, 285, 266, 290, 229, 271, 278, 242, 263, 237, 250, 236, 254, 282, 231, 269, 250]
[25, 32768, 266, 251, 228, 256, 228, 230, 276, 245, 257, 237, 264, 270, 303, 258, 208, 259]
[25, 32768, 270, 251, 273, 254, 274, 269, 265, 272, 244, 290, 269, 296, 295, 224, 254, 257]
[25, 32768, 246, 276, 259, 270, 255, 248, 231, 265, 245, 264, 271, 287, 318, 255, 274, 216]
[25, 32768, 250, 270, 284, 240, 250, 265, 257, 237, 237, 251, 271, 260, 277, 267, 277, 219]
[25, 32768, 294, 303, 232, 291, 238, 224, 304, 253, 256, 229, 234, 310, 258, 238, 228, 279]
[25, 32768, 253, 274, 274, 255, 243, 291, 269, 259, 305, 276, 225, 226, 238, 266, 232, 251]
[25, 32768, 290, 272, 272, 249, 254, 262, 257, 262, 245, 258, 278, 305, 265, 276, 251, 261]
[25, 32768, 269, 284, 252, 297, 257, 223, 264, 291, 251, 266, 259, 259, 221, 235, 293, 238]
[25, 32768, 237, 249, 213, 291, 244, 265, 243, 254, 308, 236, 275, 235, 269, 257, 295, 240]
[25, 32768, 266, 256, 256, 244, 225, 255, 262, 299, 248, 255, 253, 238, 288, 242, 235, 221]
[25, 32768, 252, 258, 235, 263, 285, 273, 261, 246, 257, 250, 309, 278, 226, 248, 268, 263]
[25, 32768, 253, 267, 270, 241, 270, 251, 259, 269, 226, 269, 270, 203, 237, 294, 233, 274]
[25, 32768, 290, 250, 275, 265, 292, 256, 250, 216, 230, 264, 279, 257, 278, 279, 246, 244]
[25, 32768, 260, 259, 268, 240, 251, 280, 282, 244, 238, 275, 272, 286, 230, 221, 295, 283]
[25, 32768, 241, 262, 281, 279, 240, 263, 258, 260, 272, 278, 277, 266, 302, 252, 272, 255]
[25, 32768, 274, 258, 261, 271, 230, 236, 246, 236, 270, 260, 263, 282, 279, 278, 257, 204]
[25, 32768, 229, 237, 239, 268, 236, 237, 297, 251, 263, 255, 263, 193, 290, 266, 266, 230]
[25, 32768, 207, 264, 243, 243, 263, 258, 256, 243, 246, 248, 256, 287, 286, 252, 275, 264]
[25, 32768, 246, 212, 266, 235, 286, 239, 244, 260, 263, 303, 244, 245, 242, 246, 256, 237]
[25, 32768, 312, 230, 268, 284, 214, 251, 295, 300, 256, 265, 243, 237, 257, 271, 217, 282]
[25, 32768, 241, 237, 261, 245, 283, 239, 245, 279, 256, 260, 244, 261, 273, 206, 285, 277]
[25, 32768, 258, 287, 283, 261, 254, 264, 249, 266, 305, 256, 243, 237, 265, 237, 229, 281]
[25, 32768, 282, 235, 249, 261, 293, 258, 236, 253, 265, 278, 268, 274, 240, 269, 232, 274]
[25, 32768, 283, 275, 245, 292, 229, 269, 285, 278, 216, 251, 223, 272, 257, 251, 238, 271]
[25, 32768, 256, 265, 268, 272, 273, 192, 247, 285, 260, 260, 286, 239, 244, 208, 226, 253]
[25, 32768, 251, 265, 290, 275, 293, 243, 248, 337, 268, 248, 259, 232, 220, 227, 260, 245]
[25, 32768, 255, 238, 238, 231, 271, 222, 251, 233, 257, 256, 283, 314, 263, 236, 257, 287]
[25, 32768, 269, 218, 259, 227, 255, 310, 272, 275, 257, 265, 332, 270, 247, 258, 243, 249]
[25, 32768, 288, 293, 290, 254, 266, 251, 261, 227, 195, 273, 279, 279, 265, 226, 248, 238]
[25, 32768, 236, 284, 250, 282, 226, 240, 265, 297, 247, 236, 239, 243, 256, 274, 269, 278]
[25, 32768, 294, 258, 255, 261, 252, 272, 253, 271, 309, 239, 314, 232, 266, 241, 217, 257]
[30, 39321, 310, 362, 368, 387, 350, 353, 387, 360, 339, 341, 317, 334, 349, 396, 396, 323]
[30, 39321, 358, 357, 353, 378, 360, 409, 345, 345, 387, 333, 383, 389, 341, 410, 363, 364]
[30, 39321, 383, 355, 387, 279, 330, 351, 352, 367, 384, 351, 360, 357, 356, 346, 381, 401]
[30, 39321, 370, 379, 384, 383, 366, 338, 372, 343, 413, 358, 396, 322, 384, 352, 335, 346]
[30, 39321, 373, 359, 358, 341, 387, 399, 400, 318, 421, 397, 355, 369, 362, 320, 365, 338]
[30, 39321, 346, 373, 340, 365, 417, 345, 370, 386, 335, 367, 376, 387, 372, 420, 370, 410]
[30, 39321, 373, 418, 340, 335, 347, 359, 398, 350, 389, 385, 332, 390, 407, 330, 380, 442]
[30, 39321, 330, 333, 375, 328, 346, 380, 352, 366, 357, 355, 397, 370, 374, 388, 349, 403]
[30, 39321, 325, 350, 377, 397, 370, 397, 345, 323, 325, 369, 336, 400, 346, 346, 377, 351]
[30, 39321, 355, 363, 393, 364, 394, 329, 394, 326, 326, 367, 369, 319, 353, 342, 415, 354]
[30, 39321, 338, 366, 402, 393, 378, 353, 352, 345, 366, 376, 328, 334, 370, 367, 348, 433]
[30, 39321, 414, 354, 428, 378, 326, 286, 377, 355, 362, 341, 388, 414, 397, 360, 329, 373]
[30, 39321, 351, 355, 324, 376, 379, 344, 320, 360, 364, 366, 353, 359, 410, 320, 331, 329]
[30, 39321, 358, 386, 348, 351, 388, 334, 354, 402, 386, 354, 347, 375, 428, 372, 340, 419]
[30, 39321, 341, 315, 351, 333, 350, 419, 297, 348, 369, 371, 377, 367, 363, 377, 397, 354]
[30, 39321, 375, 350, 375, 342, 387, 307, 371, 334, 382, 391, 367, 351, 378, 363, 383, 353]
[30, 39321, 343, 393, 366, 394, 393, 317, 361, 361, 382, 380, 376, 318, 326, 390, 389, 357]
[30, 39321, 393, 334, 377, 352, 355, 374, 366, 370, 374, 357, 376, 325, 368, 342, 375, 370]
[30, 39321, 350, 400, 352, 364, 390, 357, 365, 340, 379, 365, 353, 371, 375, 371, 357, 419]
[30, 39321, 386, 343, 396, 385, 395, 329, 339, 371, 391, 391, 366, 382, 412, 387, 289, 360]
[30, 39321, 387, 417, 380, 370, 341, 360, 373, 399, 403, 321, 403, 340, 382, 343, 324, 398]
[30, 39321, 363, 364, 400, 352, 358, 372, 387, 342, 352, 415, 376, 374, 401, 332, 392, 364]
[30, 39321, 409, 357, 368, 375, 349, 340, 372, 352, 384, 381, 400, 425, 350, 297, 337, 358]
[30, 39321, 339, 349, 348, 386, 280, 411, 379, 373, 401, 387, 351, 336, 332, 294, 371, 301]
[30, 39321, 372, 358, 353, 397, 308, 377, 379, 354, 321, 356, 320, 360, 374, 362, 366, 396]
[30, 39321, 391, 357, 352, 339, 354, 368, 325, 413, 388, 365, 402, 306, 413, 314, 339, 360]
[30, 39321, 414, 360, 307, 339, 361, 315, 360, 368, 382, 381, 339, 379, 356, 397, 381, 376]
[30, 39321, 380, 372, 383, 399, 349, 382, 343, 351, 381, 371, 368, 313, 362, 345, 330, 381]
[30, 39321, 329, 403, 355, 331, 328, 435, 402, 379, 360, 410, 296, 365, 351, 369, 364, 370]
[30, 39321, 406, 371, 362, 361, 355, 348, 372, 333, 349, 338, 344, 350, 360, 358, 387, 349]
[30, 39321, 357, 389, 322, 320, 365, 308, 376, 359, 365, 402, 333, 333, 368, 384, 351, 375]
[30, 39321, 372, 351, 379, 302, 327, 420, 392, 314, 387, 370, 387, 385, 361, 386, 345, 315]
[30, 39321, 384, 365, 347, 371, 362, 340, 403, 360, 396, 373, 413, 342, 344, 361, 315, 370]
[30, 39321, 396, 407, 329, 339, 403, 324, 339, 386, 369, 356, 350, 342, 363, 364, 350, 345]
[30, 39321, 368, 393, 363, 372, 361, 345, 333, 341, 353, 379, 345, 352, 359, 378, 376, 380]
[30, 39321, 396, 386, 333, 390, 361, 386, 429, 319, 375, 387, 368, 351, 357, 341, 352, 307]
[30, 39321, 347, 334, 377, 370, 322, 351, 346, 361, 388, 368, 397, 373, 318, 359, 373, 380]
[30, 39321, 352, 369, 397, 321, 409, 371, 349, 382, 336, 396, 338, 373, 336, 349, 353, 420]
[30, 39321, 381, 292, 395, 330, 352, 435, 356, 363, 346, 334, 393, 385, 329, 368, 390, 340]
[30, 39321, 367, 380, 393, 371, 400, 389, 352, 370, 389, 398, 370, 381, 327, 348, 376, 333]
[30, 39321, 398, 399, 350, 368, 339, 360, 353, 288, 427, 370, 349, 341, 389, 343, 365, 394]
[30, 39321, 359, 375, 359, 382, 338, 384, 371, 346, 328, 348, 348, 361, 354, 363, 337, 333]
[30, 39321, 321, 351, 450, 365, 347, 327, 390, 384, 327, 349, 344, 348, 323, 322, 347, 378]
[30, 39321, 375, 405, 421, 394, 363, 389, 348, 345, 338, 355, 328, 374, 370, 394, 336, 374]
[30, 39321, 351, 373, 382, 330, 364, 387, 420, 353, 421, 323, 378, 341, 363, 370, 373, 349]
[30, 39321, 331, 314, 335, 334, 356, 409, 358, 347, 391, 373, 393, 376, 337, 387, 382, 375]
[30, 39321, 303, 391, 354, 351, 377, 382, 377, 363, 370, 353, 348, 389, 361, 372, 359, 371]
[30, 39321, 358, 375, 427, 334, 364, 400, 403, 375, 371, 376, 342, 344, 362, 361, 356, 351]
[30, 39321, 321, 355, 363, 315, 384, 364, 354, 378, 335, 382, 368, 349, 354, 358, 404, 347]
[30, 39321, 352, 361, 327, 373, 379, 329, 403, 340, 350, 389, 353, 382, 355, 392, 371, 329]
[30, 39321, 346, 343, 374, 383, 399, 348, 345, 365, 358, 400, 382, 350, 331, 352, 363, 344]
[30, 39321, 324, 395, 321, 367, 345, 382, 399, 415, 309, 362, 336, 362, 404, 380, 357, 360]
[30, 39321, 390, 362, 360, 376, 371, 388, 357, 367, 335, 340, 361, 350, 378, 331, 406, 345]
[30, 39321, 348, 350, 391, 345, 342, 348, 376, 408, 382, 382, 342, 362, 321, 366, 398, 398]
[30, 39321, 363, 389, 374, 347, 345, 330, 416, 356, 399, 352, 311, 367, 350, 394, 333, 357]
[30, 39321, 377, 401, 391, 366, 375, 374, 377, 400, 326, 331, 406, 357, 339, 347, 367, 319]
[30, 39321, 358, 392, 347, 376, 342, 346, 368, 387, 386, 378, 390, 344, 347, 341, 347, 391]
[30, 39321, 389, 372, 334, 397, 340, 402, 371, 350, 372, 357, 343, 383, 346, 357, 361, 379]
[30, 39321, 327, 364, 343, 351, 352, 362, 389, 371, 415, 378, 306, 363, 366, 388, 390, 349]
[30, 39321, 355, 376, 340, 351, 370, 341, 371, 354, 376, 385, 374, 360, 396, 413, 355, 356]
[30, 39321, 415, 338, 346, 335, 398, 363, 406, 373, 402, 347, 383, 288, 364, 391, 338, 365]
[30, 39321, 306, 303, 369, 324, 366, 397, 382, 402, 367, 385, 375, 389, 418, 335, 376, 366]
[30, 39321, 388, 367, 356, 367, 345, 379, 337, 352, 290, 401, 382, 370, 363, 360, 366, 369]
[30, 39321, 384, 385, 413, 334, 366, 373, 360, 395, 346, 389, 323, 370, 406, 381, 371, 402]
[30, 39321, 368, 316, 348, 309, 376, 376, 385, 405, 398, 326, 363, 336, 328, 369, 398, 327]
[30, 39321, 369, 380, 380, 333, 304, 346, 368, 366, 378, 362, 366, 330, 350, 406, 366, 415]
[30, 39321, 366, 379, 392, 388, 337, 386, 437, 334, 332, 354, 366, 392, 379, 413, 370, 353]
[30, 39321, 341, 354, 362, 360, 366, 353, 353, 386, 343, 386, 378, 401, 318, 395, 332, 369]
[30, 39321, 380, 368, 402, 342, 359, 380, 365, 376, 331, 357, 309, 376, 404, 364, 377, 335]
[30, 39321, 377, 332, 306, 351, 330, 346, 373, 340, 359, 350, 372, 389, 399, 361, 306, 378]
[30, 39321, 366, 356, 366, 351, 365, 391, 364, 379, 338, 399, 367, 380, 380, 340, 352, 359]
[30, 39321, 353, 386, 397, 362, 341, 361, 328, 380, 362, 372, 366, 387, 415, 377, 381, 331]
[30, 39321, 356, 382, 395, 341, 372, 362, 351, 355, 338, 369, 368, 364, 380, 369, 355, 337]
[30, 39321, 414, 392, 320, 387, 342, 342, 407, 337, 362, 307, 317, 438, 372, 352, 308, 389]
[30, 39321, 378, 364, 382, 359, 349, 400, 383, 362, 410, 381, 334, 315, 358, 361, 367, 357]
[30, 39321, 402, 362, 374, 355, 351, 380, 364, 359, 349, 368, 379, 430, 370, 374, 353, 380]
[30, 39321, 373, 403, 342, 393, 358, 335, 367, 427, 363, 367, 356, 364, 325, 333, 380, 337]
[30, 39321, 318, 390, 313, 372, 356, 368, 331, 358, 398, 330, 388, 324, 397, 347, 402, 350]
[30, 39321, 395, 349, 365, 348, 336, 365, 367, 417, 373, 351, 370, 330, 366, 334, 355, 369]
[30, 39321, 377, 355, 338, 369, 366, 349, 375, 363, 367, 326, 400, 374, 343, 347, 379, 362]
[30, 39321, 356, 369, 367, 333, 392, 347, 382, 361, 333, 403, 362, 285, 329, 385, 343, 396]
[30, 39321, 389, 349, 377, 367, 384, 364, 364, 312, 317, 364, 362, 355, 371, 401, 354, 348]
[30, 39321, 361, 400, 357, 359, 354, 383, 376, 367, 353, 393, 391, 359, 329, 316, 406, 404]
[30, 39321, 331, 346, 380, 375, 346, 372, 375, 364, 362, 391, 380, 361, 403, 346, 374, 355]
[30, 39321, 369, 364, 379, 376, 379, 330, 355, 341, 352, 351, 375, 396, 389, 359, 360, 294]
[30, 39321, 334, 340, 352, 380, 347, 334, 385, 349, 352, 360, 379, 283, 400, 370, 349, 326]
[30, 39321, 310, 358, 351, 348, 346, 359, 384, 335, 325, 334, 374, 411, 399, 354, 394, 367]
[30, 39321, 356, 322, 369, 323, 389, 336, 333, 368, 354, 408, 346, 332, 348, 355, 358, 337]
[30, 39321, 422, 337, 376, 385, 337, 360, 385, 389, 347, 365, 363, 329, 356, 397, 322, 376]
[30, 39321, 371, 355, 371, 361, 414, 320, 368, 379, 335, 360, 367, 382, 399, 335, 357, 358]
[30, 39321, 377, 384, 386, 356, 372, 371, 353, 371, 429, 398, 338, 340, 360, 338, 361, 372]
[30, 39321, 356, 358, 344, 371, 369, 348, 373, 347, 361, 382, 365, 366, 365, 402, 343, 347]
[30, 39321, 379, 373, 348, 379, 332, 378, 400, 411, 327, 351, 320, 375, 370, 335, 335, 393]
[30, 39321, 369, 397, 344, 417, 375, 308, 336, 392, 370, 375, 401, 346, 344, 300, 352, 359]
[30, 39321, 356, 385, 384, 377, 397, 369, 349, 449, 370, 357, 380, 328, 321, 326, 357, 342]
[30, 39321, 366, 348, 339, 320, 376, 343, 344, 314, 348, 359, 400, 405, 331, 335, 376, 424]
[30, 39321, 375, 301, 361, 321, 345, 414, 379, 386, 376, 369, 444, 389, 334, 363, 361, 346]
[30, 39321, 424, 404, 377, 356, 386, 348, 362, 363, 283, 380, 363, 363, 357, 344, 363, 338]
[30, 39321, 333, 374, 365, 397, 333, 362, 387, 425, 355, 342, 347, 343, 349, 344, 363, 383]
[30, 39321, 394, 350, 366, 361, 367, 375, 360, 391, 397, 341, 432, 326, 360, 336, 324, 373]
[35, 45875, 432, 481, 496, 519, 473, 444, 523, 488, 472, 480, 437, 488, 472, 516, 500, 446]
[35, 45875, 497, 479, 453, 525, 467, 522, 459, 462, 515, 467, 471, 503, 457, 540, 490, 456]
[35, 45875, 491, 489, 493, 407, 456, 479, 481, 490, 513, 448, 459, 499, 498, 462, 498, 554]
[35, 45875, 495, 493, 495, 518, 498, 462, 475, 443, 547, 475, 520, 446, 517, 496, 438, 459]
[35, 45875, 488, 482, 508, 465, 484, 529, 505, 433, 539, 498, 464, 511, 493, 443, 476, 450]
[35, 45875, 467, 520, 454, 495, 535, 480, 473, 480, 443, 482, 492, 506, 509, 538, 471, 563]
[35, 45875, 507, 550, 454, 471, 465, 477, 508, 467, 494, 509, 452, 504, 531, 457, 528, 553]
[35, 45875, 456, 462, 472, 437, 466, 470, 478, 492, 492, 472, 495, 511, 501, 490, 484, 514]
[35, 45875, 442, 466, 512, 497, 482, 515, 460, 445, 448, 492, 468, 527, 489, 468, 508, 480]
[35, 45875, 504, 482, 522, 497, 515, 439, 507, 417, 431, 489, 478, 438, 473, 447, 525, 478]
[35, 45875, 467, 487, 532, 503, 508, 466, 466, 491, 468, 500, 469, 454, 500, 465, 483, 552]
[35, 45875, 529, 475, 547, 500, 434, 371, 504, 452, 492, 476, 496, 537, 491, 496, 453, 533]
[35, 45875, 487, 494, 446, 489, 480, 463, 431, 481, 466, 471, 476, 498, 523, 466, 448, 452]
[35, 45875, 507, 521, 465, 457, 499, 429, 466, 535, 540, 487, 455, 494, 566, 514, 456, 541]
[35, 45875, 467, 435, 473, 454, 453, 570, 411, 473, 497, 502, 508, 483, 496, 498, 521, 488]
[35, 45875, 499, 480, 486, 451, 496, 440, 493, 468, 528, 512, 509, 461, 485, 496, 501, 469]
[35, 45875, 461, 496, 477, 498, 531, 438, 478, 463, 491, 504, 494, 418, 440, 522, 522, 453]
[35, 45875, 520, 444, 494, 471, 472, 484, 488, 493, 524, 458, 491, 460, 486, 444, 531, 489]
[35, 45875, 477, 517, 456, 463, 501, 486, 501, 485, 533, 515, 473, 472, 485, 468, 475, 527]
[35, 45875, 509, 456, 536, 509, 506, 443, 473, 511, 521, 521, 493, 515, 542, 493, 391, 482]
[35, 45875, 530, 551, 503, 484, 437, 465, 500, 498, 496, 454, 522, 468, 499, 434, 434, 533]
[35, 45875, 480, 512, 506, 459, 502, 485, 509, 451, 476, 557, 493, 504, 514, 455, 528, 466]
[35, 45875, 484, 456, 505, 518, 467, 441, 488, 491, 504, 500, 546, 527, 456, 450, 474, 466]
[35, 45875, 458, 468, 454, 495, 408, 519, 493, 495, 511, 497, 487, 454, 441, 426, 522, 430]
[35, 45875, 522, 472, 492, 516, 419, 491, 527, 474, 435, 455, 452, 460, 487, 500, 470, 511]
[35, 45875, 511, 450, 494, 457, 469, 479, 493, 536, 488, 531, 503, 393, 542, 460, 460, 478]
[35, 45875, 525, 470, 422, 467, 451, 461, 466, 490, 509, 479, 447, 482, 474, 530, 514, 479]
[35, 45875, 528, 486, 516, 512, 464, 514, 485, 498, 514, 498, 480, 434, 488, 458, 456, 517]
[35, 45875, 464, 508, 497, 459, 434, 573, 514, 499, 480, 526, 406, 510, 470, 474, 474, 516]
[35, 45875, 512, 515, 476, 454, 473, 476, 494, 469, 461, 460, 476, 461, 450, 493, 543, 467]
[35, 45875, 485, 496, 439, 425, 502, 421, 501, 516, 498, 527, 470, 479, 491, 507, 471, 471]
[35, 45875, 489, 491, 511, 422, 427, 526, 493, 444, 502, 505, 520, 493, 474, 487, 462, 447]
[35, 45875, 520, 490, 482, 486, 476, 462, 519, 490, 495, 492, 509, 476, 468, 461, 453, 469]
[35, 45875, 496, 518, 476, 470, 520, 431, 473, 504, 509, 471, 458, 462, 498, 489, 467, 458]
[35, 45875, 502, 502, 488, 499, 483, 461, 444, 458, 458, 502, 482, 469, 491, 476, 498, 477]
[35, 45875, 533, 505, 481, 530, 491, 517, 526, 445, 504, 508, 509, 485, 464, 480, 467, 418]
[35, 45875, 471, 467, 516, 479, 457, 452, 458, 482, 515, 474, 508, 491, 447, 466, 484, 472]
[35, 45875, 461, 505, 501, 432, 511, 496, 471, 525, 445, 537, 442, 485, 468, 493, 480, 529]
[35, 45875, 503, 420, 521, 446, 457, 559, 456, 511, 465, 481, 511, 517, 445, 497, 508, 446]
[35, 45875, 480, 493, 497, 484, 515, 512, 467, 504, 509, 530, 489, 471, 490, 473, 487, 468]
[35, 45875, 528, 535, 471, 491, 436, 494, 475, 392, 564, 487, 470, 463, 491, 452, 499, 508]
[35, 45875, 495, 481, 474, 507, 432, 508, 506, 449, 471, 471, 437, 482, 475, 489, 437, 461]
[35, 45875, 417, 463, 545, 460, 456, 459, 509, 481, 467, 469, 470, 457, 454, 417, 474, 520]
[35, 45875, 507, 539, 518, 525, 487, 506, 486, 479, 469, 467, 454, 518, 482, 504, 447, 507]
[35, 45875, 498, 541, 493, 468, 501, 555, 535, 471, 553, 467, 487, 451, 485, 472, 494, 474]
[35, 45875, 424, 442, 465, 467, 482, 519, 501, 483, 514, 496, 512, 522, 449, 540, 499, 489]
[35, 45875, 402, 536, 482, 465, 481, 512, 478, 486, 474, 469, 472, 518, 480, 488, 480, 506]
[35, 45875, 483, 504, 526, 459, 467, 492, 544, 515, 504, 511, 470, 451, 477, 488, 470, 493]
[35, 45875, 450, 503, 479, 427, 510, 487, 475, 496, 435, 484, 487, 477, 479, 466, 542, 458]
[35, 45875, 481, 473, 475, 506, 489, 441, 526, 463, 479, 490, 446, 502, 476, 503, 496, 447]
[35, 45875, 488, 449, 503, 487, 513, 457, 469, 473, 492, 506, 526, 486, 445, 482, 471, 452]
[35, 45875, 455, 524, 430, 486, 501, 474, 494, 539, 409, 479, 503, 490, 485, 521, 480, 487]
[35, 45875, 524, 485, 499, 490, 504, 520, 489, 469, 456, 470, 529, 501, 490, 436, 542, 463]
[35, 45875, 468, 455, 544, 461, 479, 479, 511, 530, 514, 494, 468, 492, 446, 486, 530, 531]
[35, 45875, 481, 520, 465, 461, 443, 468, 536, 462, 528, 463, 450, 480, 473, 523, 433, 489]
[35, 45875, 481, 492, 537, 466, 504, 479, 462, 509, 455, 456, 490, 518, 453, 469, 508, 452]
[35, 45875, 487, 486, 463, 495, 478, 502, 498, 492, 508, 502, 532, 453, 445, 469, 468, 525]
[35, 45875, 522, 481, 466, 514, 476, 497, 478, 495, 489, 457, 486, 503, 490, 499, 481, 503]
[35, 45875, 472, 481, 460, 473, 479, 480, 534, 497, 539, 487, 427, 473, 487, 508, 487, 473]
[35, 45875, 478, 514, 482, 460, 500, 447, 485, 448, 517, 503, 510, 499, 505, 492, 492, 472]
[35, 45875, 511, 464, 445, 456, 523, 497, 512, 505, 526, 484, 511, 417, 501, 496, 454, 475]
[35, 45875, 426, 415, 497, 454, 495, 539, 488, 523, 474, 507, 474, 506, 532, 447, 497, 489]
[35, 45875, 499, 494, 487, 491, 475, 494, 477, 457, 392, 525, 508, 498, 502, 488, 505, 489]
[35, 45875, 505, 483, 529, 449, 478, 474, 472, 524, 446, 514, 444, 514, 538, 490, 506, 524]
[35, 45875, 474, 428, 470, 435, 499, 515, 485, 531, 519, 460, 463, 472, 430, 495, 521, 436]
[35, 45875, 484, 481, 511, 445, 427, 460, 506, 498, 526, 479, 494, 435, 447, 529, 494, 546]
[35, 45875, 515, 485, 508, 502, 419, 487, 549, 454, 449, 483, 472, 521, 493, 511, 488, 486]
[35, 45875, 469, 466, 513, 458, 500, 475, 471, 510, 476, 491, 489, 526, 415, 510, 481, 498]
[35, 45875, 487, 499, 500, 482, 500, 520, 490, 453, 484, 485, 439, 512, 542, 479, 507, 449]
[35, 45875, 484, 444, 432, 453, 437, 445, 474, 461, 493, 466, 480, 544, 525, 490, 449, 483]
[35, 45875, 483, 489, 502, 474, 506, 495, 494, 518, 471, 506, 484, 485, 491, 463, 468, 487]
[35, 45875, 460, 496, 525, 485, 479, 485, 459, 532, 481, 482, 496, 540, 524, 517, 505, 454]
[35, 45875, 495, 501, 478, 457, 483, 461, 482, 472, 449, 505, 488, 469, 482, 472, 477, 458]
[35, 45875, 546, 530, 419, 495, 474, 491, 539, 469, 489, 442, 415, 582, 505, 465, 443, 498]
[35, 45875, 481, 502, 521, 471, 452, 521, 506, 482, 541, 488, 486, 440, 497, 478, 447, 484]
[35, 45875, 513, 455, 469, 462, 479, 508, 468, 472, 486, 470, 506, 546, 507, 491, 456, 506]
[35, 45875, 524, 498, 454, 502, 464, 438, 491, 525, 468, 507, 496, 498, 458, 445, 501, 490]
[35, 45875, 435, 505, 427, 484, 458, 495, 467, 455, 508, 454, 497, 472, 514, 462, 526, 467]
[35, 45875, 488, 461, 517, 478, 484, 495, 465, 522, 510, 457, 493, 437, 485, 474, 478, 483]
[35, 45875, 512, 483, 474, 485, 495, 459, 494, 473, 510, 458, 508, 501, 449, 464, 492, 482]
[35, 45875, 489, 510, 495, 460, 542, 476, 488, 494, 472, 541, 487, 417, 447, 516, 488, 509]
[35, 45875, 488, 457, 516, 508, 521, 486, 509, 423, 484, 500, 475, 479, 485, 545, 462, 491]
[35, 45875, 460, 529, 477, 477, 464, 498, 491, 516, 449, 516, 526, 480, 498, 417, 514, 511]
[35, 45875, 475, 468, 516, 485, 454, 448, 515, 479, 458, 517, 508, 468, 544, 449, 480, 490]
[35, 45875, 490, 478, 486, 477, 505, 466, 465, 488, 464, 462, 494, 528, 485, 508, 469, 456]
[35, 45875, 476, 432, 502, 502, 485, 427, 508, 450, 470, 491, 523, 405, 528, 481, 457, 456]
[35, 45875, 398, 480, 444, 466, 463, 502, 503, 494, 450, 473, 489, 542, 504, 465, 499, 470]
[35, 45875, 493, 418, 500, 428, 519, 464, 451, 466, 466, 521, 462, 431, 453, 513, 487, 468]
[35, 45875, 539, 465, 513, 512, 460, 481, 536, 533, 449, 474, 490, 443, 487, 540, 445, 492]
[35, 45875, 499, 448, 489, 500, 536, 421, 495, 531, 459, 470, 495, 492, 536, 446, 482, 475]
[35, 45875, 508, 484, 491, 485, 471, 505, 480, 480, 553, 494, 464, 466, 499, 478, 477, 467]
[35, 45875, 485, 457, 465, 480, 483, 468, 513, 457, 504, 506, 484, 478, 505, 525, 514, 461]
[35, 45875, 500, 467, 465, 516, 441, 468, 517, 546, 426, 445, 438, 486, 482, 467, 450, 525]
[35, 45875, 513, 542, 442, 541, 521, 434, 439, 513, 490, 509, 505, 452, 444, 438, 470, 487]
[35, 45875, 497, 500, 521, 509, 550, 519, 474, 568, 493, 485, 505, 440, 416, 466, 485, 473]
[35, 45875, 493, 466, 457, 454, 471, 437, 455, 454, 488, 488, 506, 543, 464, 463, 501, 515]
[35, 45875, 476, 409, 479, 428, 476, 544, 508, 497, 495, 498, 538, 510, 463, 456, 499, 461]
[35, 45875, 556, 519, 500, 457, 490, 462, 480, 470, 414, 513, 467, 489, 480, 449, 499, 475]
[35, 45875, 433, 511, 492, 539, 453, 490, 511, 553, 456, 471, 486, 480, 445, 471, 496, 496]
[35, 45875, 540, 484, 476, 487, 493, 484, 486, 511, 511, 466, 564, 429, 472, 451, 452, 488]
[40, 52428, 582, 627, 621, 656, 632, 589, 678, 604, 592, 606, 592, 638, 602, 644, 621, 596]
[40, 52428, 635, 639, 587, 629, 606, 642, 564, 611, 656, 598, 624, 601, 604, 705, 640, 618]
[40, 52428, 612, 620, 623, 539, 590, 634, 611, 626, 670, 578, 579, 640, 652, 589, 672, 697]
[40, 52428, 626, 612, 626, 632, 633, 607, 625, 581, 666, 620, 634, 592, 610, 627, 560, 590]
[40, 52428, 604, 637, 645, 605, 657, 689, 667, 538, 679, 651, 576, 673, 625, 560, 616, 569]
[40, 52428, 616, 688, 597, 628, 664, 620, 594, 609, 575, 595, 622, 649, 624, 681, 599, 661]
[40, 52428, 621, 705, 595, 613, 597, 601, 652, 614, 608, 663, 543, 653, 692, 578, 664, 678]
[40, 52428, 611, 597, 631, 570, 603, 646, 616, 605, 636, 647, 627, 627, 683, 637, 632, 635]
[40, 52428, 584, 596, 670, 643, 595, 660, 599, 592, 559, 638, 609, 640, 631, 608, 662, 618]
[40, 52428, 627, 624, 650, 650, 645, 590, 628, 577, 590, 632, 608, 548, 615, 577, 670, 628]
[40, 52428, 611, 619, 648, 650, 653, 605, 598, 630, 591, 651, 618, 582, 624, 619, 625, 719]
[40, 52428, 626, 608, 714, 635, 587, 478, 634, 580, 621, 608, 662, 668, 614, 626, 592, 673]
[40, 52428, 606, 617, 582, 605, 639, 605, 579, 604, 611, 601, 604, 626, 681, 601, 564, 603]
[40, 52428, 623, 666, 610, 595, 651, 550, 595, 674, 679, 652, 597, 644, 699, 648, 602, 668]
[40, 52428, 603, 574, 614, 592, 595, 701, 535, 609, 647, 661, 655, 612, 627, 643, 664, 612]
[40, 52428, 646, 624, 615, 578, 633, 561, 617, 591, 652, 672, 661, 582, 612, 653, 614, 611]
[40, 52428, 626, 620, 614, 645, 664, 556, 621, 613, 634, 654, 659, 548, 602, 676, 647, 585]
[40, 52428, 647, 577, 621, 649, 619, 634, 635, 622, 699, 599, 623, 580, 645, 562, 679, 621]
[40, 52428, 615, 638, 612, 631, 643, 606, 610, 633, 653, 665, 595, 622, 613, 627, 621, 647]
[40, 52428, 650, 545, 665, 644, 657, 585, 615, 657, 645, 660, 629, 688, 685, 614, 523, 596]
[40, 52428, 657, 694, 636, 625, 591, 601, 660, 613, 637, 590, 643, 607, 632, 575, 543, 666]
[40, 52428, 587, 686, 665, 623, 645, 634, 634, 610, 600, 704, 626, 656, 643, 574, 669, 607]
[40, 52428, 609, 592, 629, 662, 634, 604, 627, 616, 658, 640, 685, 655, 590, 584, 636, 593]
[40, 52428, 586, 607, 616, 663, 546, 654, 621, 628, 642, 643, 634, 611, 577, 557, 663, 589]
[40, 52428, 631, 571, 635, 661, 567, 635, 684, 639, 536, 570, 586, 592, 609, 643, 608, 660]
[40, 52428, 655, 575, 593, 592, 595, 604, 647, 678, 655, 679, 633, 537, 687, 609, 578, 601]
[40, 52428, 673, 618, 536, 612, 561, 611, 631, 642, 634, 627, 568, 631, 638, 667, 668, 617]
[40, 52428, 674, 607, 645, 668, 589, 635, 616, 631, 663, 628, 618, 557, 614, 617, 601, 644]
[40, 52428, 588, 658, 652, 602, 557, 726, 649, 624, 619, 647, 551, 642, 620, 601, 620, 684]
[40, 52428, 631, 640, 628, 589, 616, 618, 635, 601, 592, 587, 616, 604, 618, 601, 694, 586]
[40, 52428, 603, 636, 574, 582, 646, 577, 643, 668, 636, 666, 600, 621, 615, 671, 617, 604]
[40, 52428, 628, 635, 666, 589, 565, 673, 619, 610, 685, 656, 645, 648, 595, 628, 602, 572]
[40, 52428, 673, 630, 625, 617, 596, 605, 628, 602, 632, 597, 643, 618, 599, 573, 622, 595]
[40, 52428, 621, 650, 616, 593, 645, 577, 606, 640, 638, 581, 594, 617, 614, 618, 637, 602]
[40, 52428, 631, 666, 643, 632, 611, 596, 591, 595, 607, 646, 647, 599, 621, 607, 670, 610]
[40, 52428, 645, 647, 614, 656, 633, 649, 650, 572, 646, 649, 635, 622, 607, 649, 599, 547]
[40, 52428, 611, 625, 655, 638, 578, 598, 570, 594, 657, 605, 617, 626, 592, 605, 622, 619]
[40, 52428, 594, 638, 640, 552, 657, 666, 596, 667, 607, 685, 572, 631, 619, 618, 594, 634]
[40, 52428, 656, 554, 669, 565, 608, 705, 593, 655, 603, 620, 633, 649, 584, 661, 650, 587]
[40, 52428, 618, 635, 623, 618, 629, 660, 611, 649, 639, 654, 630, 608, 630, 602, 624, 614]
[40, 52428, 671, 678, 618, 643, 576, 645, 635, 508, 693, 604, 602, 598, 643, 608, 641, 662]
[40, 52428, 632, 608, 598, 625, 575, 635, 645, 559, 608, 625, 561, 603, 626, 624, 555, 584]
[40, 52428, 610, 597, 696, 607, 604, 593, 640, 610, 609, 618, 597, 575, 604, 552, 603, 644]
[40, 52428, 687, 680, 640, 652, 630, 649, 621, 594, 598, 593, 581, 675, 630, 659, 601, 635]
[40, 52428, 626, 693, 632, 593, 637, 699, 688, 605, 708, 595, 622, 600, 613, 587, 632, 638]
[40, 52428, 590, 538, 606, 592, 603, 650, 660, 639, 645, 637, 664, 657, 603, 637, 649, 615]
[40, 52428, 540, 670, 631, 599, 622, 646, 617, 624, 598, 637, 615, 679, 595, 617, 610, 656]
[40, 52428, 657, 643, 666, 583, 604, 626, 685, 670, 661, 688, 583, 662, 611, 609, 618, 639]
[40, 52428, 590, 637, 598, 591, 641, 584, 595, 634, 582, 622, 630, 626, 609, 596, 679, 587]
[40, 52428, 642, 599, 601, 647, 664, 586, 658, 604, 587, 648, 591, 650, 618, 656, 621, 588]
[40, 52428, 625, 575, 643, 625, 676, 610, 612, 621, 643, 653, 647, 628, 585, 607, 591, 561]
[40, 52428, 596, 659, 569, 617, 614, 603, 622, 696, 550, 621, 643, 644, 609, 678, 591, 615]
[40, 52428, 699, 632, 616, 644, 647, 664, 641, 598, 586, 609, 652, 658, 618, 560, 682, 621]
[40, 52428, 603, 607, 684, 601, 615, 632, 649, 675, 659, 627, 612, 639, 596, 626, 668, 651]
[40, 52428, 652, 666, 602, 598, 595, 589, 676, 579, 656, 596, 589, 629, 629, 651, 559, 618]
[40, 52428, 604, 661, 683, 587, 624, 612, 596, 636, 582, 571, 628, 674, 570, 599, 615, 598]
[40, 52428, 622, 614, 592, 655, 665, 653, 623, 613, 649, 650, 673, 613, 622, 629, 648, 659]
[40, 52428, 658, 630, 605, 645, 594, 644, 581, 654, 595, 590, 630, 656, 647, 642, 597, 643]
[40, 52428, 601, 620, 594, 613, 637, 601, 688, 617, 696, 619, 559, 608, 634, 665, 624, 625]
[40, 52428, 612, 657, 638, 597, 644, 572, 614, 584, 633, 625, 664, 634, 648, 635, 612, 627]
[40, 52428, 628, 596, 578, 605, 650, 634, 627, 621, 669, 603, 664, 560, 641, 627, 627, 624]
[40, 52428, 557, 576, 604, 576, 650, 688, 638, 676, 605, 644, 607, 677, 660, 577, 640, 615]
[40, 52428, 666, 616, 637, 589, 599, 621, 617, 601, 544, 669, 615, 640, 603, 622, 678, 617]
[40, 52428, 630, 634, 669, 588, 613, 632, 624, 636, 598, 639, 584, 615, 653, 637, 629, 646]
[40, 52428, 585, 547, 606, 578, 656, 652, 632, 655, 706, 594, 578, 602, 561, 629, 647, 549]
[40, 52428, 616, 613, 676, 622, 535, 600, 648, 631, 637, 612, 630, 555, 583, 689, 626, 724]
[40, 52428, 660, 603, 665, 631, 565, 643, 702, 616, 582, 626, 635, 685, 611, 644, 629, 629]
[40, 52428, 577, 604, 648, 586, 615, 642, 593, 663, 601, 649, 610, 681, 532, 648, 604, 668]
[40, 52428, 633, 652, 604, 633, 661, 654, 613, 604, 637, 622, 580, 671, 672, 624, 633, 562]
[40, 52428, 620, 583, 574, 594, 570, 551, 589, 620, 627, 605, 627, 664, 665, 632, 584, 642]
[40, 52428, 639, 641, 620, 629, 653, 659, 611, 661, 606, 689, 625, 616, 632, 622, 589, 623]
[40, 52428, 603, 618, 676, 629, 621, 626, 594, 655, 614, 607, 624, 636, 682, 657, 647, 558]
[40, 52428, 662, 642, 589, 587, 653, 627, 634, 615, 578, 659, 624, 587, 606, 611, 603, 615]
[40, 52428, 673, 654, 560, 632, 603, 636, 679, 621, 649, 586, 569, 687, 650, 588, 579, 670]
[40, 52428, 601, 637, 651, 607, 581, 672, 657, 656, 664, 632, 611, 582, 650, 621, 578, 626]
[40, 52428, 649, 575, 610, 603, 629, 641, 610, 603, 648, 598, 672, 654, 628, 604, 597, 664]
[40, 52428, 649, 618, 588, 619, 589, 564, 634, 663, 582, 625, 649, 627, 591, 600, 640, 652]
[40, 52428, 580, 631, 562, 614, 570, 659, 604, 587, 613, 585, 622, 645, 654, 601, 662, 604]
[40, 52428, 633, 621, 639, 599, 617, 625, 573, 652, 636, 603, 631, 605, 628, 617, 604, 634]
[40, 52428, 651, 619, 651, 628, 626, 582, 635, 612, 629, 586, 651, 640, 610, 591, 618, 650]
[40, 52428, 622, 603, 639, 617, 694, 603, 630, 633, 585, 671, 618, 587, 560, 627, 623, 624]
[40, 52428, 628, 589, 628, 624, 673, 630, 627, 580, 650, 640, 610, 623, 630, 690, 567, 653]
[40, 52428, 604, 658, 605, 626, 609, 643, 636, 646, 586, 647, 683, 628, 634, 564, 647, 642]
[40, 52428, 600, 616, 644, 648, 593, 590, 679, 598, 604, 666, 637, 609, 672, 596, 623, 630]
[40, 52428, 617, 576, 627, 616, 640, 624, 611, 647, 603, 596, 636, 686, 631, 618, 619, 580]
[40, 52428, 630, 548, 637, 671, 643, 529, 653, 599, 597, 627, 672, 567, 649, 594, 622, 579]
[40, 52428, 563, 616, 556, 616, 608, 675, 606, 616, 594, 644, 637, 692, 629, 629, 623, 595]
[40, 52428, 642, 540, 638, 565, 713, 613, 571, 644, 613, 638, 594, 566, 601, 639, 632, 598]
[40, 52428, 648, 569, 639, 651, 615, 621, 701, 665, 606, 598, 605, 570, 598, 686, 571, 634]
[40, 52428, 654, 599, 618, 655, 673, 567, 645, 664, 608, 639, 612, 639, 673, 594, 611, 621]
[40, 52428, 663, 596, 638, 617, 612, 650, 623, 620, 692, 632, 584, 596, 658, 610, 628, 589]
[40, 52428, 623, 576, 596, 619, 616, 586, 664, 621, 640, 621, 616, 623, 682, 631, 657, 568]
[40, 52428, 628, 613, 594, 657, 577, 644, 643, 673, 553, 571, 544, 641, 615, 596, 607, 648]
[40, 52428, 642, 663, 568, 691, 669, 590, 576, 645, 603, 634, 613, 605, 581, 611, 619, 643]
[40, 52428, 642, 607, 671, 636, 688, 649, 614, 702, 623, 610, 625, 569, 560, 584, 616, 608]
[40, 52428, 629, 625, 611, 601, 586, 554, 602, 569, 648, 620, 628, 677, 558, 608, 633, 645]
[40, 52428, 607, 548, 581, 550, 590, 698, 669, 632, 630, 650, 667, 640, 601, 579, 625, 586]
[40, 52428, 691, 646, 623, 597, 619, 581, 619, 605, 571, 642, 606, 646, 607, 580, 635, 605]
[40, 52428, 545, 659, 661, 675, 588, 631, 633, 692, 571, 586, 605, 603, 567, 590, 645, 627]
[40, 52428, 696, 613, 623, 621, 653, 620, 649, 639, 644, 586, 702, 566, 599, 581, 556, 627]
