[1, 655, 0]
[1, 655, 0]
[1, 655, 0]
[1, 655, 0]
[1, 655, 0]
[1, 655, 0]
[1, 655, 0]
[1, 655, 0]
[1, 655, 0]
[1, 655, 0]
[1, 655, 0]
[1, 655, 0]
[1, 655, 0]
[1, 655, 0]
[1, 655, 0]
[1, 655, 0]
[1, 655, 0]
[1, 655, 0]
[1, 655, 0]
[1, 655, 0]
[1, 655, 0]
[1, 655, 0]
[1, 655, 0]
[1, 655, 0]
[1, 655, 0]
[1, 655, 0]
[1, 655, 0]
[1, 655, 0]
[1, 655, 0]
[1, 655, 0]
[1, 655, 0]
[1, 655, 0]
[1, 655, 0]
[1, 655, 0]
[1, 655, 0]
[1, 655, 0]
[1, 655, 0]
[1, 655, 0]
[1, 655, 0]
[1, 655, 0]
[1, 655, 0]
[1, 655, 0]
[1, 655, 0]
[1, 655, 0]
[1, 655, 0]
[1, 655, 0]
[1, 655, 0]
[1, 655, 0]
[1, 655, 0]
[1, 655, 0]
[1, 655, 0]
[1, 655, 0]
[1, 655, 0]
[1, 655, 0]
[1, 655, 0]
[1, 655, 0]
[1, 655, 0]
[1, 655, 0]
[1, 655, 0]
[1, 655, 0]
[1, 655, 0]
[1, 655, 0]
[1, 655, 0]
[1, 655, 0]
[1, 655, 0]
[1, 655, 0]
[1, 655, 0]
[1, 655, 0]
[1, 655, 0]
[1, 655, 0]
[1, 655, 0]
[1, 655, 0]
[1, 655, 0]
[1, 655, 0]
[1, 655, 0]
[1, 655, 0]
[1, 655, 0]
[1, 655, 0]
[1, 655, 0]
[1, 655, 0]
[1, 655, 0]
[1, 655, 0]
[1, 655, 0]
[1, 655, 0]
[1, 655, 0]
[1, 655, 0]
[1, 655, 0]
[1, 655, 0]
[1, 655, 0]
[1, 655, 0]
[1, 655, 0]
[1, 655, 0]
[1, 655, 0]
[1, 655, 0]
[1, 655, 0]
[1, 655, 0]
[1, 655, 0]
[1, 655, 0]
[1, 655, 0]
[1, 655, 0]
[2, 1310, 0]
[2, 1310, 0]
[2, 1310, 0]
[2, 1310, 0]
[2, 1310, 0]
[2, 1310, 0]
[2, 1310, 0]
[2, 1310, 0]
[2, 1310, 0]
[2, 1310, 0]
[2, 1310, 0]
[2, 1310, 0]
[2, 1310, 0]
[2, 1310, 0]
[2, 1310, 0]
[2, 1310, 0]
[2, 1310, 0]
[2, 1310, 0]
[2, 1310, 0]
[2, 1310, 0]
[2, 1310, 0]
[2, 1310, 0]
[2, 1310, 0]
[2, 1310, 0]
[2, 1310, 0]
[2, 1310, 0]
[2, 1310, 0]
[2, 1310, 0]
[2, 1310, 0]
[2, 1310, 0]
[2, 1310, 0]
[2, 1310, 0]
[2, 1310, 0]
[2, 1310, 0]
[2, 1310, 0]
[2, 1310, 0]
[2, 1310, 0]
[2, 1310, 0]
[2, 1310, 0]
[2, 1310, 0]
[2, 1310, 0]
[2, 1310, 0]
[2, 1310, 0]
[2, 1310, 0]
[2, 1310, 0]
[2, 1310, 0]
[2, 1310, 0]
[2, 1310, 0]
[2, 1310, 0]
[2, 1310, 0]
[2, 1310, 0]
[2, 1310, 0]
[2, 1310, 0]
[2, 1310, 0]
[2, 1310, 0]
[2, 1310, 0]
[2, 1310, 0]
[2, 1310, 0]
[2, 1310, 0]
[2, 1310, 0]
[2, 1310, 0]
[2, 1310, 0]
[2, 1310, 0]
[2, 1310, 0]
[2, 1310, 0]
[2, 1310, 0]
[2, 1310, 0]
[2, 1310, 0]
[2, 1310, 0]
[2, 1310, 0]
[2, 1310, 0]
[2, 1310, 0]
[2, 1310, 0]
[2, 1310, 0]
[2, 1310, 0]
[2, 1310, 0]
[2, 1310, 0]
[2, 1310, 0]
[2, 1310, 0]
[2, 1310, 0]
[2, 1310, 0]
[2, 1310, 0]
[2, 1310, 0]
[2, 1310, 0]
[2, 1310, 0]
[2, 1310, 0]
[2, 1310, 0]
[2, 1310, 0]
[2, 1310, 0]
[2, 1310, 0]
[2, 1310, 0]
[2, 1310, 0]
[2, 1310, 0]
[2, 1310, 0]
[2, 1310, 0]
[2, 1310, 0]
[2, 1310, 0]
[2, 1310, 0]
[2, 1310, 0]
[2, 1310, 0]
[5, 3276, 0]
[5, 3276, 0]
[5, 3276, 0]
[5, 3276, 0]
[5, 3276, 0]
[5, 3276, 0]
[5, 3276, 0]
[5, 3276, 0]
[5, 3276, 0]
[5, 3276, 0]
[5, 3276, 0]
[5, 3276, 0]
[5, 3276, 0]
[5, 3276, 0]
[5, 3276, 0]
[5, 3276, 0]
[5, 3276, 0]
[5, 3276, 0]
[5, 3276, 0]
[5, 3276, 0]
[5, 3276, 0]
[5, 3276, 0]
[5, 3276, 0]
[5, 3276, 0]
[5, 3276, 0]
[5, 3276, 0]
[5, 3276, 0]
[5, 3276, 0]
[5, 3276, 0]
[5, 3276, 0]
[5, 3276, 0]
[5, 3276, 0]
[5, 3276, 0]
[5, 3276, 0]
[5, 3276, 0]
[5, 3276, 0]
[5, 3276, 0]
[5, 3276, 0]
[5, 3276, 0]
[5, 3276, 0]
[5, 3276, 0]
[5, 3276, 0]
[5, 3276, 0]
[5, 3276, 0]
[5, 3276, 0]
[5, 3276, 0]
[5, 3276, 0]
[5, 3276, 0]
[5, 3276, 0]
[5, 3276, 0]
[5, 3276, 0]
[5, 3276, 0]
[5, 3276, 0]
[5, 3276, 0]
[5, 3276, 0]
[5, 3276, 0]
[5, 3276, 0]
[5, 3276, 0]
[5, 3276, 0]
[5, 3276, 0]
[5, 3276, 0]
[5, 3276, 0]
[5, 3276, 0]
[5, 3276, 0]
[5, 3276, 0]
[5, 3276, 0]
[5, 3276, 0]
[5, 3276, 0]
[5, 3276, 0]
[5, 3276, 0]
[5, 3276, 0]
[5, 3276, 0]
[5, 3276, 0]
[5, 3276, 0]
[5, 3276, 0]
[5, 3276, 0]
[5, 3276, 0]
[5, 3276, 0]
[5, 3276, 0]
[5, 3276, 0]
[5, 3276, 0]
[5, 3276, 0]
[5, 3276, 0]
[5, 3276, 0]
[5, 3276, 0]
[5, 3276, 0]
[5, 3276, 0]
[5, 3276, 0]
[5, 3276, 0]
[5, 3276, 0]
[5, 3276, 0]
[5, 3276, 0]
[5, 3276, 0]
[5, 3276, 0]
[5, 3276, 0]
[5, 3276, 0]
[5, 3276, 0]
[5, 3276, 0]
[5, 3276, 0]
[5, 3276, 0]
[10, 6553, 0]
[10, 6553, 0]
[10, 6553, 0]
[10, 6553, 0]
[10, 6553, 0]
[10, 6553, 0]
[10, 6553, 0]
[10, 6553, 0]
[10, 6553, 0]
[10, 6553, 0]
[10, 6553, 0]
[10, 6553, 0]
[10, 6553, 0]
[10, 6553, 0]
[10, 6553, 0]
[10, 6553, 0]
[10, 6553, 0]
[10, 6553, 0]
[10, 6553, 0]
[10, 6553, 0]
[10, 6553, 0]
[10, 6553, 0]
[10, 6553, 0]
[10, 6553, 0]
[10, 6553, 0]
[10, 6553, 0]
[10, 6553, 0]
[10, 6553, 0]
[10, 6553, 0]
[10, 6553, 0]
[10, 6553, 0]
[10, 6553, 0]
[10, 6553, 0]
[10, 6553, 0]
[10, 6553, 0]
[10, 6553, 0]
[10, 6553, 0]
[10, 6553, 0]
[10, 6553, 0]
[10, 6553, 0]
[10, 6553, 0]
[10, 6553, 0]
[10, 6553, 0]
[10, 6553, 0]
[10, 6553, 0]
[10, 6553, 0]
[10, 6553, 0]
[10, 6553, 0]
[10, 6553, 0]
[10, 6553, 0]
[10, 6553, 0]
[10, 6553, 0]
[10, 6553, 0]
[10, 6553, 0]
[10, 6553, 0]
[10, 6553, 0]
[10, 6553, 0]
[10, 6553, 0]
[10, 6553, 0]
[10, 6553, 0]
[10, 6553, 1]
[10, 6553, 0]
[10, 6553, 0]
[10, 6553, 0]
[10, 6553, 0]
[10, 6553, 0]
[10, 6553, 0]
[10, 6553, 0]
[10, 6553, 0]
[10, 6553, 0]
[10, 6553, 0]
[10, 6553, 0]
[10, 6553, 0]
[10, 6553, 0]
[10, 6553, 0]
[10, 6553, 0]
[10, 6553, 0]
[10, 6553, 0]
[10, 6553, 0]
[10, 6553, 0]
[10, 6553, 0]
[10, 6553, 0]
[10, 6553, 0]
[10, 6553, 0]
[10, 6553, 0]
[10, 6553, 0]
[10, 6553, 0]
[10, 6553, 0]
[10, 6553, 0]
[10, 6553, 1]
[10, 6553, 0]
[10, 6553, 0]
[10, 6553, 0]
[10, 6553, 0]
[10, 6553, 0]
[10, 6553, 0]
[10, 6553, 0]
[10, 6553, 0]
[10, 6553, 0]
[10, 6553, 0]
[15, 9830, 0]
[15, 9830, 0]
[15, 9830, 0]
[15, 9830, 0]
[15, 9830, 1]
[15, 9830, 0]
[15, 9830, 0]
[15, 9830, 0]
[15, 9830, 0]
[15, 9830, 1]
[15, 9830, 0]
[15, 9830, 0]
[15, 9830, 0]
[15, 9830, 0]
[15, 9830, 1]
[15, 9830, 0]
[15, 9830, 0]
[15, 9830, 0]
[15, 9830, 0]
[15, 9830, 0]
[15, 9830, 0]
[15, 9830, 1]
[15, 9830, 0]
[15, 9830, 0]
[15, 9830, 0]
[15, 9830, 0]
[15, 9830, 0]
[15, 9830, 0]
[15, 9830, 0]
[15, 9830, 0]
[15, 9830, 0]
[15, 9830, 0]
[15, 9830, 1]
[15, 9830, 0]
[15, 9830, 0]
[15, 9830, 0]
[15, 9830, 0]
[15, 9830, 0]
[15, 9830, 0]
[15, 9830, 0]
[15, 9830, 0]
[15, 9830, 2]
[15, 9830, 1]
[15, 9830, 0]
[15, 9830, 0]
[15, 9830, 0]
[15, 9830, 1]
[15, 9830, 0]
[15, 9830, 2]
[15, 9830, 3]
[15, 9830, 0]
[15, 9830, 0]
[15, 9830, 1]
[15, 9830, 0]
[15, 9830, 1]
[15, 9830, 0]
[15, 9830, 0]
[15, 9830, 0]
[15, 9830, 5]
[15, 9830, 0]
[15, 9830, 2]
[15, 9830, 0]
[15, 9830, 0]
[15, 9830, 0]
[15, 9830, 0]
[15, 9830, 3]
[15, 9830, 0]
[15, 9830, 0]
[15, 9830, 0]
[15, 9830, 0]
[15, 9830, 0]
[15, 9830, 0]
[15, 9830, 0]
[15, 9830, 2]
[15, 9830, 1]
[15, 9830, 0]
[15, 9830, 0]
[15, 9830, 0]
[15, 9830, 1]
[15, 9830, 0]
[15, 9830, 0]
[15, 9830, 0]
[15, 9830, 0]
[15, 9830, 0]
[15, 9830, 0]
[15, 9830, 0]
[15, 9830, 0]
[15, 9830, 2]
[15, 9830, 0]
[15, 9830, 1]
[15, 9830, 0]
[15, 9830, 0]
[15, 9830, 0]
[15, 9830, 1]
[15, 9830, 2]
[15, 9830, 0]
[15, 9830, 0]
[15, 9830, 0]
[15, 9830, 0]
[15, 9830, 2]
[20, 13107, 2]
[20, 13107, 1]
[20, 13107, 6]
[20, 13107, 1]
[20, 13107, 1]
[20, 13107, 4]
[20, 13107, 3]
[20, 13107, 3]
[20, 13107, 6]
[20, 13107, 2]
[20, 13107, 2]
[20, 13107, 0]
[20, 13107, 0]
[20, 13107, 2]
[20, 13107, 9]
[20, 13107, 0]
[20, 13107, 0]
[20, 13107, 1]
[20, 13107, 2]
[20, 13107, 0]
[20, 13107, 1]
[20, 13107, 2]
[20, 13107, 2]
[20, 13107, 0]
[20, 13107, 2]
[20, 13107, 0]
[20, 13107, 4]
[20, 13107, 0]
[20, 13107, 4]
[20, 13107, 1]
[20, 13107, 3]
[20, 13107, 4]
[20, 13107, 2]
[20, 13107, 1]
[20, 13107, 2]
[20, 13107, 2]
[20, 13107, 1]
[20, 13107, 2]
[20, 13107, 0]
[20, 13107, 1]
[20, 13107, 6]
[20, 13107, 4]
[20, 13107, 7]
[20, 13107, 0]
[20, 13107, 5]
[20, 13107, 1]
[20, 13107, 4]
[20, 13107, 0]
[20, 13107, 4]
[20, 13107, 5]
[20, 13107, 6]
[20, 13107, 1]
[20, 13107, 4]
[20, 13107, 1]
[20, 13107, 1]
[20, 13107, 3]
[20, 13107, 3]
[20, 13107, 2]
[20, 13107, 4]
[20, 13107, 0]
[20, 13107, 2]
[20, 13107, 0]
[20, 13107, 6]
[20, 13107, 1]
[20, 13107, 1]
[20, 13107, 2]
[20, 13107, 0]
[20, 13107, 0]
[20, 13107, 6]
[20, 13107, 2]
[20, 13107, 8]
[20, 13107, 2]
[20, 13107, 0]
[20, 13107, 6]
[20, 13107, 5]
[20, 13107, 3]
[20, 13107, 1]
[20, 13107, 0]
[20, 13107, 1]
[20, 13107, 3]
[20, 13107, 4]
[20, 13107, 1]
[20, 13107, 0]
[20, 13107, 3]
[20, 13107, 6]
[20, 13107, 2]
[20, 13107, 1]
[20, 13107, 6]
[20, 13107, 3]
[20, 13107, 5]
[20, 13107, 3]
[20, 13107, 0]
[20, 13107, 1]
[20, 13107, 7]
[20, 13107, 4]
[20, 13107, 1]
[20, 13107, 6]
[20, 13107, 2]
[20, 13107, 1]
[20, 13107, 1]
[25, 16384, 10]
[25, 16384, 7]
[25, 16384, 17]
[25, 16384, 14]
[25, 16384, 12]
[25, 16384, 10]
[25, 16384, 4]
[25, 16384, 15]
[25, 16384, 22]
[25, 16384, 11]
[25, 16384, 14]
[25, 16384, 7]
[25, 16384, 11]
[25, 16384, 12]
[25, 16384, 10]
[25, 16384, 6]
[25, 16384, 6]
[25, 16384, 9]
[25, 16384, 10]
[25, 16384, 16]
[25, 16384, 21]
[25, 16384, 8]
[25, 16384, 10]
[25, 16384, 7]
[25, 16384, 19]
[25, 16384, 7]
[25, 16384, 6]
[25, 16384, 11]
[25, 16384, 9]
[25, 16384, 7]
[25, 16384, 15]
[25, 16384, 9]
[25, 16384, 11]
[25, 16384, 6]
[25, 16384, 9]
[25, 16384, 9]
[25, 16384, 7]
[25, 16384, 8]
[25, 16384, 5]
[25, 16384, 9]
[25, 16384, 27]
[25, 16384, 9]
[25, 16384, 27]
[25, 16384, 17]
[25, 16384, 11]
[25, 16384, 7]
[25, 16384, 14]
[25, 16384, 19]
[25, 16384, 13]
[25, 16384, 13]
[25, 16384, 26]
[25, 16384, 10]
[25, 16384, 11]
[25, 16384, 9]
[25, 16384, 13]
[25, 16384, 3]
[25, 16384, 11]
[25, 16384, 7]
[25, 16384, 7]
[25, 16384, 13]
[25, 16384, 11]
[25, 16384, 5]
[25, 16384, 10]
[25, 16384, 6]
[25, 16384, 6]
[25, 16384, 6]
[25, 16384, 8]
[25, 16384, 15]
[25, 16384, 12]
[25, 16384, 11]
[25, 16384, 21]
[25, 16384, 7]
[25, 16384, 9]
[25, 16384, 12]
[25, 16384, 13]
[25, 16384, 16]
[25, 16384, 11]
[25, 16384, 8]
[25, 16384, 4]
[25, 16384, 9]
[25, 16384, 18]
[25, 16384, 13]
[25, 16384, 2]
[25, 16384, 6]
[25, 16384, 22]
[25, 16384, 13]
[25, 16384, 7]
[25, 16384, 16]
[25, 16384, 6]
[25, 16384, 13]
[25, 16384, 10]
[25, 16384, 8]
[25, 16384, 16]
[25, 16384, 18]
[25, 16384, 16]
[25, 16384, 15]
[25, 16384, 11]
[25, 16384, 8]
[25, 16384, 2]
[25, 16384, 11]
[30, 19660, 24]
[30, 19660, 19]
[30, 19660, 27]
[30, 19660, 32]
[30, 19660, 25]
[30, 19660, 27]
[30, 19660, 28]
[30, 19660, 29]
[30, 19660, 37]
[30, 19660, 35]
[30, 19660, 44]
[30, 19660, 24]
[30, 19660, 36]
[30, 19660, 41]
[30, 19660, 36]
[30, 19660, 38]
[30, 19660, 28]
[30, 19660, 25]
[30, 19660, 37]
[30, 19660, 36]
[30, 19660, 52]
[30, 19660, 32]
[30, 19660, 34]
[30, 19660, 44]
[30, 19660, 47]
[30, 19660, 22]
[30, 19660, 39]
[30, 19660, 45]
[30, 19660, 28]
[30, 19660, 34]
[30, 19660, 46]
[30, 19660, 23]
[30, 19660, 43]
[30, 19660, 19]
[30, 19660, 24]
[30, 19660, 34]
[30, 19660, 32]
[30, 19660, 36]
[30, 19660, 24]
[30, 19660, 39]
[30, 19660, 48]
[30, 19660, 36]
[30, 19660, 43]
[30, 19660, 51]
[30, 19660, 36]
[30, 19660, 32]
[30, 19660, 44]
[30, 19660, 48]
[30, 19660, 31]
[30, 19660, 32]
[30, 19660, 42]
[30, 19660, 30]
[30, 19660, 31]
[30, 19660, 23]
[30, 19660, 28]
[30, 19660, 23]
[30, 19660, 26]
[30, 19660, 36]
[30, 19660, 26]
[30, 19660, 58]
[30, 19660, 26]
[30, 19660, 19]
[30, 19660, 26]
[30, 19660, 21]
[30, 19660, 23]
[30, 19660, 17]
[30, 19660, 34]
[30, 19660, 57]
[30, 19660, 26]
[30, 19660, 38]
[30, 19660, 44]
[30, 19660, 32]
[30, 19660, 57]
[30, 19660, 32]
[30, 19660, 36]
[30, 19660, 40]
[30, 19660, 31]
[30, 19660, 32]
[30, 19660, 32]
[30, 19660, 32]
[30, 19660, 60]
[30, 19660, 39]
[30, 19660, 30]
[30, 19660, 33]
[30, 19660, 45]
[30, 19660, 29]
[30, 19660, 39]
[30, 19660, 41]
[30, 19660, 31]
[30, 19660, 46]
[30, 19660, 46]
[30, 19660, 47]
[30, 19660, 45]
[30, 19660, 40]
[30, 19660, 41]
[30, 19660, 27]
[30, 19660, 36]
[30, 19660, 21]
[30, 19660, 24]
[30, 19660, 28]
[35, 22937, 50]
[35, 22937, 58]
[35, 22937, 99]
[35, 22937, 104]
[35, 22937, 81]
[35, 22937, 98]
[35, 22937, 87]
[35, 22937, 83]
[35, 22937, 85]
[35, 22937, 102]
[35, 22937, 99]
[35, 22937, 76]
[35, 22937, 92]
[35, 22937, 79]
[35, 22937, 76]
[35, 22937, 105]
[35, 22937, 80]
[35, 22937, 99]
[35, 22937, 85]
[35, 22937, 98]
[35, 22937, 104]
[35, 22937, 86]
[35, 22937, 83]
[35, 22937, 93]
[35, 22937, 88]
[35, 22937, 80]
[35, 22937, 74]
[35, 22937, 100]
[35, 22937, 85]
[35, 22937, 89]
[35, 22937, 101]
[35, 22937, 99]
[35, 22937, 120]
[35, 22937, 71]
[35, 22937, 84]
[35, 22937, 87]
[35, 22937, 81]
[35, 22937, 90]
[35, 22937, 80]
[35, 22937, 86]
[35, 22937, 104]
[35, 22937, 69]
[35, 22937, 114]
[35, 22937, 93]
[35, 22937, 87]
[35, 22937, 76]
[35, 22937, 120]
[35, 22937, 116]
[35, 22937, 95]
[35, 22937, 108]
[35, 22937, 116]
[35, 22937, 93]
[35, 22937, 88]
[35, 22937, 77]
[35, 22937, 75]
[35, 22937, 65]
[35, 22937, 75]
[35, 22937, 96]
[35, 22937, 75]
[35, 22937, 110]
[35, 22937, 70]
[35, 22937, 66]
[35, 22937, 86]
[35, 22937, 84]
[35, 22937, 77]
[35, 22937, 103]
[35, 22937, 108]
[35, 22937, 103]
[35, 22937, 80]
[35, 22937, 87]
[35, 22937, 81]
[35, 22937, 81]
[35, 22937, 115]
[35, 22937, 72]
[35, 22937, 87]
[35, 22937, 80]
[35, 22937, 65]
[35, 22937, 78]
[35, 22937, 89]
[35, 22937, 104]
[35, 22937, 93]
[35, 22937, 72]
[35, 22937, 89]
[35, 22937, 79]
[35, 22937, 125]
[35, 22937, 66]
[35, 22937, 75]
[35, 22937, 86]
[35, 22937, 87]
[35, 22937, 84]
[35, 22937, 98]
[35, 22937, 90]
[35, 22937, 101]
[35, 22937, 104]
[35, 22937, 73]
[35, 22937, 73]
[35, 22937, 87]
[35, 22937, 76]
[35, 22937, 70]
[35, 22937, 88]
[40, 26214, 164]
[40, 26214, 168]
[40, 26214, 204]
[40, 26214, 224]
[40, 26214, 203]
[40, 26214, 242]
[40, 26214, 195]
[40, 26214, 173]
[40, 26214, 188]
[40, 26214, 223]
[40, 26214, 202]
[40, 26214, 158]
[40, 26214, 218]
[40, 26214, 175]
[40, 26214, 163]
[40, 26214, 236]
[40, 26214, 169]
[40, 26214, 213]
[40, 26214, 219]
[40, 26214, 206]
[40, 26214, 186]
[40, 26214, 187]
[40, 26214, 183]
[40, 26214, 198]
[40, 26214, 184]
[40, 26214, 232]
[40, 26214, 191]
[40, 26214, 215]
[40, 26214, 162]
[40, 26214, 214]
[40, 26214, 249]
[40, 26214, 203]
[40, 26214, 232]
[40, 26214, 190]
[40, 26214, 168]
[40, 26214, 198]
[40, 26214, 201]
[40, 26214, 203]
[40, 26214, 201]
[40, 26214, 172]
[40, 26214, 220]
[40, 26214, 184]
[40, 26214, 224]
[40, 26214, 182]
[40, 26214, 229]
[40, 26214, 191]
[40, 26214, 240]
[40, 26214, 254]
[40, 26214, 205]
[40, 26214, 195]
[40, 26214, 241]
[40, 26214, 231]
[40, 26214, 225]
[40, 26214, 189]
[40, 26214, 189]
[40, 26214, 155]
[40, 26214, 173]
[40, 26214, 191]
[40, 26214, 180]
[40, 26214, 211]
[40, 26214, 182]
[40, 26214, 161]
[40, 26214, 213]
[40, 26214, 222]
[40, 26214, 166]
[40, 26214, 212]
[40, 26214, 196]
[40, 26214, 212]
[40, 26214, 192]
[40, 26214, 226]
[40, 26214, 171]
[40, 26214, 185]
[40, 26214, 242]
[40, 26214, 194]
[40, 26214, 192]
[40, 26214, 188]
[40, 26214, 152]
[40, 26214, 172]
[40, 26214, 190]
[40, 26214, 188]
[40, 26214, 184]
[40, 26214, 205]
[40, 26214, 178]
[40, 26214, 171]
[40, 26214, 256]
[40, 26214, 158]
[40, 26214, 198]
[40, 26214, 191]
[40, 26214, 171]
[40, 26214, 181]
[40, 26214, 223]
[40, 26214, 200]
[40, 26214, 214]
[40, 26214, 187]
[40, 26214, 184]
[40, 26214, 157]
[40, 26214, 171]
[40, 26214, 192]
[40, 26214, 192]
[40, 26214, 189]
