[1, 1310, 1]
[1, 1310, 2]
[1, 1310, 2]
[1, 1310, 1]
[1, 1310, 2]
[1, 1310, 1]
[1, 1310, 4]
[1, 1310, 1]
[1, 1310, 1]
[1, 1310, 2]
[1, 1310, 3]
[1, 1310, 1]
[1, 1310, 2]
[1, 1310, 3]
[1, 1310, 2]
[1, 1310, 1]
[1, 1310, 3]
[1, 1310, 0]
[1, 1310, 4]
[1, 1310, 2]
[1, 1310, 0]
[1, 1310, 0]
[1, 1310, 4]
[1, 1310, 3]
[1, 1310, 2]
[1, 1310, 4]
[1, 1310, 3]
[1, 1310, 4]
[1, 1310, 4]
[1, 1310, 2]
[1, 1310, 0]
[1, 1310, 1]
[1, 1310, 5]
[1, 1310, 4]
[1, 1310, 4]
[1, 1310, 1]
[1, 1310, 1]
[1, 1310, 4]
[1, 1310, 2]
[1, 1310, 2]
[1, 1310, 1]
[1, 1310, 3]
[1, 1310, 5]
[1, 1310, 1]
[1, 1310, 1]
[1, 1310, 3]
[1, 1310, 0]
[1, 1310, 14]
[1, 1310, 0]
[1, 1310, 6]
[1, 1310, 4]
[1, 1310, 2]
[1, 1310, 3]
[1, 1310, 2]
[1, 1310, 2]
[1, 1310, 2]
[1, 1310, 2]
[1, 1310, 2]
[1, 1310, 2]
[1, 1310, 2]
[1, 1310, 5]
[1, 1310, 4]
[1, 1310, 3]
[1, 1310, 4]
[1, 1310, 1]
[1, 1310, 4]
[1, 1310, 3]
[1, 1310, 6]
[1, 1310, 1]
[1, 1310, 3]
[1, 1310, 3]
[1, 1310, 4]
[1, 1310, 1]
[1, 1310, 1]
[1, 1310, 6]
[1, 1310, 2]
[1, 1310, 2]
[1, 1310, 4]
[1, 1310, 5]
[1, 1310, 5]
[1, 1310, 1]
[1, 1310, 4]
[1, 1310, 5]
[1, 1310, 0]
[1, 1310, 3]
[1, 1310, 4]
[1, 1310, 8]
[1, 1310, 3]
[1, 1310, 1]
[1, 1310, 2]
[1, 1310, 2]
[1, 1310, 6]
[1, 1310, 4]
[1, 1310, 3]
[1, 1310, 5]
[1, 1310, 0]
[1, 1310, 2]
[1, 1310, 1]
[1, 1310, 1]
[1, 1310, 4]
[2, 2621, 7]
[2, 2621, 5]
[2, 2621, 8]
[2, 2621, 9]
[2, 2621, 7]
[2, 2621, 3]
[2, 2621, 8]
[2, 2621, 7]
[2, 2621, 15]
[2, 2621, 10]
[2, 2621, 9]
[2, 2621, 9]
[2, 2621, 12]
[2, 2621, 9]
[2, 2621, 14]
[2, 2621, 17]
[2, 2621, 12]
[2, 2621, 2]
[2, 2621, 11]
[2, 2621, 8]
[2, 2621, 9]
[2, 2621, 8]
[2, 2621, 8]
[2, 2621, 11]
[2, 2621, 7]
[2, 2621, 13]
[2, 2621, 9]
[2, 2621, 6]
[2, 2621, 5]
[2, 2621, 8]
[2, 2621, 10]
[2, 2621, 6]
[2, 2621, 8]
[2, 2621, 9]
[2, 2621, 10]
[2, 2621, 3]
[2, 2621, 11]
[2, 2621, 9]
[2, 2621, 5]
[2, 2621, 13]
[2, 2621, 8]
[2, 2621, 10]
[2, 2621, 11]
[2, 2621, 11]
[2, 2621, 10]
[2, 2621, 6]
[2, 2621, 9]
[2, 2621, 24]
[2, 2621, 5]
[2, 2621, 12]
[2, 2621, 5]
[2, 2621, 6]
[2, 2621, 13]
[2, 2621, 6]
[2, 2621, 5]
[2, 2621, 5]
[2, 2621, 6]
[2, 2621, 8]
[2, 2621, 16]
[2, 2621, 7]
[2, 2621, 18]
[2, 2621, 13]
[2, 2621, 15]
[2, 2621, 10]
[2, 2621, 3]
[2, 2621, 12]
[2, 2621, 10]
[2, 2621, 17]
[2, 2621, 4]
[2, 2621, 9]
[2, 2621, 7]
[2, 2621, 9]
[2, 2621, 4]
[2, 2621, 16]
[2, 2621, 12]
[2, 2621, 9]
[2, 2621, 11]
[2, 2621, 6]
[2, 2621, 8]
[2, 2621, 14]
[2, 2621, 7]
[2, 2621, 10]
[2, 2621, 8]
[2, 2621, 2]
[2, 2621, 7]
[2, 2621, 9]
[2, 2621, 16]
[2, 2621, 6]
[2, 2621, 3]
[2, 2621, 9]
[2, 2621, 9]
[2, 2621, 5]
[2, 2621, 7]
[2, 2621, 8]
[2, 2621, 10]
[2, 2621, 6]
[2, 2621, 11]
[2, 2621, 6]
[2, 2621, 14]
[2, 2621, 11]
[5, 6553, 52]
[5, 6553, 57]
[5, 6553, 72]
[5, 6553, 63]
[5, 6553, 85]
[5, 6553, 75]
[5, 6553, 85]
[5, 6553, 79]
[5, 6553, 66]
[5, 6553, 103]
[5, 6553, 67]
[5, 6553, 66]
[5, 6553, 86]
[5, 6553, 63]
[5, 6553, 60]
[5, 6553, 90]
[5, 6553, 76]
[5, 6553, 73]
[5, 6553, 73]
[5, 6553, 73]
[5, 6553, 78]
[5, 6553, 45]
[5, 6553, 69]
[5, 6553, 86]
[5, 6553, 68]
[5, 6553, 65]
[5, 6553, 59]
[5, 6553, 72]
[5, 6553, 81]
[5, 6553, 64]
[5, 6553, 65]
[5, 6553, 59]
[5, 6553, 69]
[5, 6553, 56]
[5, 6553, 74]
[5, 6553, 75]
[5, 6553, 61]
[5, 6553, 78]
[5, 6553, 65]
[5, 6553, 67]
[5, 6553, 57]
[5, 6553, 72]
[5, 6553, 78]
[5, 6553, 65]
[5, 6553, 70]
[5, 6553, 71]
[5, 6553, 58]
[5, 6553, 99]
[5, 6553, 73]
[5, 6553, 63]
[5, 6553, 54]
[5, 6553, 63]
[5, 6553, 62]
[5, 6553, 58]
[5, 6553, 77]
[5, 6553, 65]
[5, 6553, 61]
[5, 6553, 79]
[5, 6553, 64]
[5, 6553, 64]
[5, 6553, 64]
[5, 6553, 80]
[5, 6553, 77]
[5, 6553, 56]
[5, 6553, 56]
[5, 6553, 70]
[5, 6553, 55]
[5, 6553, 89]
[5, 6553, 65]
[5, 6553, 61]
[5, 6553, 72]
[5, 6553, 78]
[5, 6553, 83]
[5, 6553, 78]
[5, 6553, 72]
[5, 6553, 60]
[5, 6553, 57]
[5, 6553, 84]
[5, 6553, 61]
[5, 6553, 76]
[5, 6553, 58]
[5, 6553, 50]
[5, 6553, 66]
[5, 6553, 61]
[5, 6553, 70]
[5, 6553, 76]
[5, 6553, 51]
[5, 6553, 65]
[5, 6553, 75]
[5, 6553, 43]
[5, 6553, 72]
[5, 6553, 59]
[5, 6553, 69]
[5, 6553, 64]
[5, 6553, 75]
[5, 6553, 65]
[5, 6553, 105]
[5, 6553, 71]
[5, 6553, 69]
[5, 6553, 69]
[10, 13107, 382]
[10, 13107, 344]
[10, 13107, 386]
[10, 13107, 370]
[10, 13107, 401]
[10, 13107, 372]
[10, 13107, 329]
[10, 13107, 365]
[10, 13107, 339]
[10, 13107, 405]
[10, 13107, 371]
[10, 13107, 313]
[10, 13107, 387]
[10, 13107, 378]
[10, 13107, 332]
[10, 13107, 367]
[10, 13107, 399]
[10, 13107, 389]
[10, 13107, 356]
[10, 13107, 341]
[10, 13107, 390]
[10, 13107, 352]
[10, 13107, 371]
[10, 13107, 367]
[10, 13107, 376]
[10, 13107, 347]
[10, 13107, 331]
[10, 13107, 404]
[10, 13107, 386]
[10, 13107, 353]
[10, 13107, 314]
[10, 13107, 363]
[10, 13107, 417]
[10, 13107, 349]
[10, 13107, 363]
[10, 13107, 339]
[10, 13107, 345]
[10, 13107, 422]
[10, 13107, 355]
[10, 13107, 312]
[10, 13107, 374]
[10, 13107, 405]
[10, 13107, 340]
[10, 13107, 329]
[10, 13107, 410]
[10, 13107, 329]
[10, 13107, 362]
[10, 13107, 379]
[10, 13107, 349]
[10, 13107, 364]
[10, 13107, 368]
[10, 13107, 330]
[10, 13107, 379]
[10, 13107, 352]
[10, 13107, 362]
[10, 13107, 346]
[10, 13107, 325]
[10, 13107, 340]
[10, 13107, 348]
[10, 13107, 352]
[10, 13107, 326]
[10, 13107, 370]
[10, 13107, 410]
[10, 13107, 329]
[10, 13107, 310]
[10, 13107, 355]
[10, 13107, 383]
[10, 13107, 430]
[10, 13107, 388]
[10, 13107, 346]
[10, 13107, 407]
[10, 13107, 404]
[10, 13107, 398]
[10, 13107, 368]
[10, 13107, 375]
[10, 13107, 343]
[10, 13107, 357]
[10, 13107, 349]
[10, 13107, 381]
[10, 13107, 389]
[10, 13107, 385]
[10, 13107, 321]
[10, 13107, 395]
[10, 13107, 415]
[10, 13107, 305]
[10, 13107, 369]
[10, 13107, 389]
[10, 13107, 343]
[10, 13107, 383]
[10, 13107, 374]
[10, 13107, 375]
[10, 13107, 407]
[10, 13107, 361]
[10, 13107, 331]
[10, 13107, 353]
[10, 13107, 352]
[10, 13107, 381]
[10, 13107, 352]
[10, 13107, 353]
[10, 13107, 350]
[15, 19660, 1034]
[15, 19660, 990]
[15, 19660, 988]
[15, 19660, 1009]
[15, 19660, 996]
[15, 19660, 974]
[15, 19660, 899]
[15, 19660, 977]
[15, 19660, 1003]
[15, 19660, 1064]
[15, 19660, 1010]
[15, 19660, 897]
[15, 19660, 1052]
[15, 19660, 1013]
[15, 19660, 997]
[15, 19660, 1013]
[15, 19660, 1046]
[15, 19660, 1005]
[15, 19660, 996]
[15, 19660, 984]
[15, 19660, 1004]
[15, 19660, 985]
[15, 19660, 995]
[15, 19660, 957]
[15, 19660, 1078]
[15, 19660, 939]
[15, 19660, 949]
[15, 19660, 1015]
[15, 19660, 1017]
[15, 19660, 970]
[15, 19660, 896]
[15, 19660, 1033]
[15, 19660, 1017]
[15, 19660, 1051]
[15, 19660, 974]
[15, 19660, 906]
[15, 19660, 982]
[15, 19660, 1033]
[15, 19660, 1020]
[15, 19660, 959]
[15, 19660, 960]
[15, 19660, 1025]
[15, 19660, 977]
[15, 19660, 962]
[15, 19660, 1002]
[15, 19660, 894]
[15, 19660, 917]
[15, 19660, 987]
[15, 19660, 984]
[15, 19660, 1005]
[15, 19660, 984]
[15, 19660, 1013]
[15, 19660, 977]
[15, 19660, 884]
[15, 19660, 1003]
[15, 19660, 1034]
[15, 19660, 939]
[15, 19660, 966]
[15, 19660, 944]
[15, 19660, 961]
[15, 19660, 924]
[15, 19660, 957]
[15, 19660, 1022]
[15, 19660, 943]
[15, 19660, 939]
[15, 19660, 1003]
[15, 19660, 1005]
[15, 19660, 1026]
[15, 19660, 1017]
[15, 19660, 953]
[15, 19660, 1015]
[15, 19660, 1000]
[15, 19660, 1000]
[15, 19660, 993]
[15, 19660, 941]
[15, 19660, 1003]
[15, 19660, 993]
[15, 19660, 1019]
[15, 19660, 964]
[15, 19660, 953]
[15, 19660, 976]
[15, 19660, 892]
[15, 19660, 1015]
[15, 19660, 979]
[15, 19660, 944]
[15, 19660, 991]
[15, 19660, 986]
[15, 19660, 916]
[15, 19660, 979]
[15, 19660, 1060]
[15, 19660, 942]
[15, 19660, 973]
[15, 19660, 1032]
[15, 19660, 951]
[15, 19660, 972]
[15, 19660, 959]
[15, 19660, 1018]
[15, 19660, 992]
[15, 19660, 968]
[15, 19660, 974]
[20, 26214, 1982]
[20, 26214, 2026]
[20, 26214, 2025]
[20, 26214, 1964]
[20, 26214, 1949]
[20, 26214, 1911]
[20, 26214, 1852]
[20, 26214, 1966]
[20, 26214, 2018]
[20, 26214, 2045]
[20, 26214, 2085]
[20, 26214, 1836]
[20, 26214, 2034]
[20, 26214, 1956]
[20, 26214, 2010]
[20, 26214, 2008]
[20, 26214, 2039]
[20, 26214, 2082]
[20, 26214, 1982]
[20, 26214, 2019]
[20, 26214, 1934]
[20, 26214, 1979]
[20, 26214, 2041]
[20, 26214, 1978]
[20, 26214, 2038]
[20, 26214, 1995]
[20, 26214, 1985]
[20, 26214, 1970]
[20, 26214, 2043]
[20, 26214, 1997]
[20, 26214, 1937]
[20, 26214, 2007]
[20, 26214, 2015]
[20, 26214, 2058]
[20, 26214, 1952]
[20, 26214, 1895]
[20, 26214, 1985]
[20, 26214, 2010]
[20, 26214, 2034]
[20, 26214, 2020]
[20, 26214, 1948]
[20, 26214, 2073]
[20, 26214, 2016]
[20, 26214, 1985]
[20, 26214, 1981]
[20, 26214, 1840]
[20, 26214, 1828]
[20, 26214, 2014]
[20, 26214, 1950]
[20, 26214, 2012]
[20, 26214, 1913]
[20, 26214, 1962]
[20, 26214, 1976]
[20, 26214, 1861]
[20, 26214, 1950]
[20, 26214, 2025]
[20, 26214, 1938]
[20, 26214, 1893]
[20, 26214, 1903]
[20, 26214, 1935]
[20, 26214, 1902]
[20, 26214, 1946]
[20, 26214, 1997]
[20, 26214, 1920]
[20, 26214, 1967]
[20, 26214, 1991]
[20, 26214, 1978]
[20, 26214, 2030]
[20, 26214, 2007]
[20, 26214, 1953]
[20, 26214, 1966]
[20, 26214, 2008]
[20, 26214, 2015]
[20, 26214, 1966]
[20, 26214, 1911]
[20, 26214, 2055]
[20, 26214, 1921]
[20, 26214, 2009]
[20, 26214, 1929]
[20, 26214, 1885]
[20, 26214, 2009]
[20, 26214, 1888]
[20, 26214, 1933]
[20, 26214, 1939]
[20, 26214, 1901]
[20, 26214, 2019]
[20, 26214, 2004]
[20, 26214, 1883]
[20, 26214, 2040]
[20, 26214, 2017]
[20, 26214, 1895]
[20, 26214, 2016]
[20, 26214, 1993]
[20, 26214, 1934]
[20, 26214, 1963]
[20, 26214, 2032]
[20, 26214, 1991]
[20, 26214, 1855]
[20, 26214, 1983]
[20, 26214, 1851]
[25, 32768, 3342]
[25, 32768, 3458]
[25, 32768, 3390]
[25, 32768, 3331]
[25, 32768, 3339]
[25, 32768, 3241]
[25, 32768, 3368]
[25, 32768, 3392]
[25, 32768, 3455]
[25, 32768, 3371]
[25, 32768, 3454]
[25, 32768, 3216]
[25, 32768, 3398]
[25, 32768, 3279]
[25, 32768, 3430]
[25, 32768, 3438]
[25, 32768, 3344]
[25, 32768, 3403]
[25, 32768, 3312]
[25, 32768, 3366]
[25, 32768, 3261]
[25, 32768, 3394]
[25, 32768, 3386]
[25, 32768, 3392]
[25, 32768, 3441]
[25, 32768, 3387]
[25, 32768, 3318]
[25, 32768, 3424]
[25, 32768, 3534]
[25, 32768, 3400]
[25, 32768, 3376]
[25, 32768, 3384]
[25, 32768, 3426]
[25, 32768, 3468]
[25, 32768, 3345]
[25, 32768, 3287]
[25, 32768, 3463]
[25, 32768, 3477]
[25, 32768, 3460]
[25, 32768, 3388]
[25, 32768, 3388]
[25, 32768, 3415]
[25, 32768, 3431]
[25, 32768, 3472]
[25, 32768, 3374]
[25, 32768, 3265]
[25, 32768, 3225]
[25, 32768, 3377]
[25, 32768, 3349]
[25, 32768, 3351]
[25, 32768, 3325]
[25, 32768, 3336]
[25, 32768, 3407]
[25, 32768, 3267]
[25, 32768, 3420]
[25, 32768, 3365]
[25, 32768, 3383]
[25, 32768, 3343]
[25, 32768, 3284]
[25, 32768, 3387]
[25, 32768, 3143]
[25, 32768, 3375]
[25, 32768, 3413]
[25, 32768, 3306]
[25, 32768, 3324]
[25, 32768, 3348]
[25, 32768, 3416]
[25, 32768, 3400]
[25, 32768, 3302]
[25, 32768, 3347]
[25, 32768, 3411]
[25, 32768, 3418]
[25, 32768, 3451]
[25, 32768, 3336]
[25, 32768, 3240]
[25, 32768, 3506]
[25, 32768, 3350]
[25, 32768, 3313]
[25, 32768, 3320]
[25, 32768, 3331]
[25, 32768, 3407]
[25, 32768, 3228]
[25, 32768, 3302]
[25, 32768, 3297]
[25, 32768, 3289]
[25, 32768, 3356]
[25, 32768, 3382]
[25, 32768, 3210]
[25, 32768, 3538]
[25, 32768, 3363]
[25, 32768, 3292]
[25, 32768, 3367]
[25, 32768, 3401]
[25, 32768, 3254]
[25, 32768, 3351]
[25, 32768, 3479]
[25, 32768, 3332]
[25, 32768, 3215]
[25, 32768, 3419]
[25, 32768, 3215]
[30, 39321, 5171]
[30, 39321, 5222]
[30, 39321, 5240]
[30, 39321, 5080]
[30, 39321, 5113]
[30, 39321, 4987]
[30, 39321, 5002]
[30, 39321, 5106]
[30, 39321, 5170]
[30, 39321, 5172]
[30, 39321, 5194]
[30, 39321, 4926]
[30, 39321, 5135]
[30, 39321, 5079]
[30, 39321, 5144]
[30, 39321, 5117]
[30, 39321, 5122]
[30, 39321, 5208]
[30, 39321, 5143]
[30, 39321, 5213]
[30, 39321, 5068]
[30, 39321, 5214]
[30, 39321, 5149]
[30, 39321, 5199]
[30, 39321, 5216]
[30, 39321, 5244]
[30, 39321, 5028]
[30, 39321, 5112]
[30, 39321, 5273]
[30, 39321, 5164]
[30, 39321, 5113]
[30, 39321, 5090]
[30, 39321, 5218]
[30, 39321, 5308]
[30, 39321, 5193]
[30, 39321, 5164]
[30, 39321, 5159]
[30, 39321, 5213]
[30, 39321, 5298]
[30, 39321, 5168]
[30, 39321, 5192]
[30, 39321, 5272]
[30, 39321, 5141]
[30, 39321, 5264]
[30, 39321, 5123]
[30, 39321, 5141]
[30, 39321, 5053]
[30, 39321, 5136]
[30, 39321, 5073]
[30, 39321, 5110]
[30, 39321, 5174]
[30, 39321, 5093]
[30, 39321, 5193]
[30, 39321, 4993]
[30, 39321, 5095]
[30, 39321, 5102]
[30, 39321, 5114]
[30, 39321, 5081]
[30, 39321, 4934]
[30, 39321, 5187]
[30, 39321, 5065]
[30, 39321, 5162]
[30, 39321, 5195]
[30, 39321, 5126]
[30, 39321, 5099]
[30, 39321, 5132]
[30, 39321, 5185]
[30, 39321, 5177]
[30, 39321, 5148]
[30, 39321, 5192]
[30, 39321, 5161]
[30, 39321, 5195]
[30, 39321, 5091]
[30, 39321, 5113]
[30, 39321, 4981]
[30, 39321, 5267]
[30, 39321, 5106]
[30, 39321, 5138]
[30, 39321, 5110]
[30, 39321, 5113]
[30, 39321, 5051]
[30, 39321, 5055]
[30, 39321, 5094]
[30, 39321, 4940]
[30, 39321, 5080]
[30, 39321, 5253]
[30, 39321, 5262]
[30, 39321, 5009]
[30, 39321, 5309]
[30, 39321, 5147]
[30, 39321, 5016]
[30, 39321, 5083]
[30, 39321, 5110]
[30, 39321, 5042]
[30, 39321, 5251]
[30, 39321, 5254]
[30, 39321, 4889]
[30, 39321, 5012]
[30, 39321, 5158]
[30, 39321, 5094]
[35, 45875, 7391]
[35, 45875, 7379]
[35, 45875, 7232]
[35, 45875, 7242]
[35, 45875, 7234]
[35, 45875, 7059]
[35, 45875, 7120]
[35, 45875, 7213]
[35, 45875, 7343]
[35, 45875, 7417]
[35, 45875, 7431]
[35, 45875, 7057]
[35, 45875, 7213]
[35, 45875, 7069]
[35, 45875, 7267]
[35, 45875, 7216]
[35, 45875, 7213]
[35, 45875, 7321]
[35, 45875, 7226]
[35, 45875, 7268]
[35, 45875, 7255]
[35, 45875, 7277]
[35, 45875, 7249]
[35, 45875, 7332]
[35, 45875, 7330]
[35, 45875, 7300]
[35, 45875, 7213]
[35, 45875, 7190]
[35, 45875, 7422]
[35, 45875, 7191]
[35, 45875, 7299]
[35, 45875, 7329]
[35, 45875, 7241]
[35, 45875, 7518]
[35, 45875, 7210]
[35, 45875, 7307]
[35, 45875, 7203]
[35, 45875, 7209]
[35, 45875, 7502]
[35, 45875, 7255]
[35, 45875, 7246]
[35, 45875, 7337]
[35, 45875, 7305]
[35, 45875, 7444]
[35, 45875, 7286]
[35, 45875, 7273]
[35, 45875, 7156]
[35, 45875, 7285]
[35, 45875, 7245]
[35, 45875, 7165]
[35, 45875, 7193]
[35, 45875, 7007]
[35, 45875, 7276]
[35, 45875, 7030]
[35, 45875, 7177]
[35, 45875, 7237]
[35, 45875, 7337]
[35, 45875, 7314]
[35, 45875, 7090]
[35, 45875, 7420]
[35, 45875, 7319]
[35, 45875, 7300]
[35, 45875, 7258]
[35, 45875, 7314]
[35, 45875, 7301]
[35, 45875, 7293]
[35, 45875, 7235]
[35, 45875, 7256]
[35, 45875, 7180]
[35, 45875, 7419]
[35, 45875, 7273]
[35, 45875, 7304]
[35, 45875, 7232]
[35, 45875, 7338]
[35, 45875, 7145]
[35, 45875, 7295]
[35, 45875, 7121]
[35, 45875, 7215]
[35, 45875, 7278]
[35, 45875, 7175]
[35, 45875, 7137]
[35, 45875, 7153]
[35, 45875, 7196]
[35, 45875, 7093]
[35, 45875, 7256]
[35, 45875, 7289]
[35, 45875, 7283]
[35, 45875, 7122]
[35, 45875, 7307]
[35, 45875, 7251]
[35, 45875, 7210]
[35, 45875, 7303]
[35, 45875, 7270]
[35, 45875, 7221]
[35, 45875, 7416]
[35, 45875, 7458]
[35, 45875, 7088]
[35, 45875, 7102]
[35, 45875, 7116]
[35, 45875, 7155]
[40, 52428, 9767]
[40, 52428, 9877]
[40, 52428, 9748]
[40, 52428, 9718]
[40, 52428, 9699]
[40, 52428, 9623]
[40, 52428, 9531]
[40, 52428, 9741]
[40, 52428, 9748]
[40, 52428, 9916]
[40, 52428, 9867]
[40, 52428, 9590]
[40, 52428, 9569]
[40, 52428, 9494]
[40, 52428, 9842]
[40, 52428, 9584]
[40, 52428, 9684]
[40, 52428, 9738]
[40, 52428, 9885]
[40, 52428, 9794]
[40, 52428, 9629]
[40, 52428, 9809]
[40, 52428, 9671]
[40, 52428, 9924]
[40, 52428, 9730]
[40, 52428, 9863]
[40, 52428, 9713]
[40, 52428, 9682]
[40, 52428, 9936]
[40, 52428, 9667]
[40, 52428, 9699]
[40, 52428, 9639]
[40, 52428, 9752]
[40, 52428, 9981]
[40, 52428, 9601]
[40, 52428, 9741]
[40, 52428, 9566]
[40, 52428, 9718]
[40, 52428, 10050]
[40, 52428, 9698]
[40, 52428, 9768]
[40, 52428, 9724]
[40, 52428, 9751]
[40, 52428, 9951]
[40, 52428, 9779]
[40, 52428, 9763]
[40, 52428, 9664]
[40, 52428, 9727]
[40, 52428, 9699]
[40, 52428, 9544]
[40, 52428, 9591]
[40, 52428, 9465]
[40, 52428, 9832]
[40, 52428, 9630]
[40, 52428, 9670]
[40, 52428, 9647]
[40, 52428, 9728]
[40, 52428, 9794]
[40, 52428, 9506]
[40, 52428, 10003]
[40, 52428, 9804]
[40, 52428, 9665]
[40, 52428, 9760]
[40, 52428, 9838]
[40, 52428, 9781]
[40, 52428, 9655]
[40, 52428, 9807]
[40, 52428, 9764]
[40, 52428, 9745]
[40, 52428, 9781]
[40, 52428, 9741]
[40, 52428, 9776]
[40, 52428, 9826]
[40, 52428, 9816]
[40, 52428, 9636]
[40, 52428, 9724]
[40, 52428, 9638]
[40, 52428, 9651]
[40, 52428, 9689]
[40, 52428, 9814]
[40, 52428, 9590]
[40, 52428, 9606]
[40, 52428, 9738]
[40, 52428, 9554]
[40, 52428, 9823]
[40, 52428, 9877]
[40, 52428, 9762]
[40, 52428, 9507]
[40, 52428, 9724]
[40, 52428, 9772]
[40, 52428, 9814]
[40, 52428, 9727]
[40, 52428, 9611]
[40, 52428, 9593]
[40, 52428, 9901]
[40, 52428, 9851]
[40, 52428, 9517]
[40, 52428, 9628]
[40, 52428, 9647]
[40, 52428, 9687]
