[1, 1310, 263]
[1, 1310, 273]
[1, 1310, 280]
[1, 1310, 262]
[1, 1310, 288]
[1, 1310, 261]
[1, 1310, 290]
[1, 1310, 269]
[1, 1310, 273]
[1, 1310, 293]
[1, 1310, 254]
[1, 1310, 304]
[1, 1310, 277]
[1, 1310, 293]
[1, 1310, 301]
[1, 1310, 281]
[1, 1310, 289]
[1, 1310, 288]
[1, 1310, 278]
[1, 1310, 293]
[1, 1310, 303]
[1, 1310, 274]
[1, 1310, 295]
[1, 1310, 281]
[1, 1310, 301]
[1, 1310, 306]
[1, 1310, 264]
[1, 1310, 280]
[1, 1310, 275]
[1, 1310, 265]
[1, 1310, 262]
[1, 1310, 314]
[1, 1310, 278]
[1, 1310, 269]
[1, 1310, 268]
[1, 1310, 293]
[1, 1310, 310]
[1, 1310, 283]
[1, 1310, 284]
[1, 1310, 292]
[1, 1310, 256]
[1, 1310, 272]
[1, 1310, 299]
[1, 1310, 288]
[1, 1310, 276]
[1, 1310, 289]
[1, 1310, 273]
[1, 1310, 276]
[1, 1310, 293]
[1, 1310, 264]
[1, 1310, 274]
[1, 1310, 273]
[1, 1310, 279]
[1, 1310, 269]
[1, 1310, 284]
[1, 1310, 280]
[1, 1310, 274]
[1, 1310, 269]
[1, 1310, 272]
[1, 1310, 313]
[1, 1310, 301]
[1, 1310, 279]
[1, 1310, 281]
[1, 1310, 290]
[1, 1310, 269]
[1, 1310, 265]
[1, 1310, 272]
[1, 1310, 306]
[1, 1310, 293]
[1, 1310, 260]
[1, 1310, 257]
[1, 1310, 287]
[1, 1310, 267]
[1, 1310, 269]
[1, 1310, 307]
[1, 1310, 276]
[1, 1310, 248]
[1, 1310, 264]
[1, 1310, 276]
[1, 1310, 272]
[1, 1310, 265]
[1, 1310, 267]
[1, 1310, 292]
[1, 1310, 293]
[1, 1310, 264]
[1, 1310, 273]
[1, 1310, 268]
[1, 1310, 244]
[1, 1310, 267]
[1, 1310, 278]
[1, 1310, 295]
[1, 1310, 279]
[1, 1310, 261]
[1, 1310, 272]
[1, 1310, 292]
[1, 1310, 273]
[1, 1310, 267]
[1, 1310, 316]
[1, 1310, 292]
[1, 1310, 294]
[2, 2621, 744]
[2, 2621, 747]
[2, 2621, 722]
[2, 2621, 721]
[2, 2621, 736]
[2, 2621, 741]
[2, 2621, 727]
[2, 2621, 681]
[2, 2621, 702]
[2, 2621, 729]
[2, 2621, 711]
[2, 2621, 716]
[2, 2621, 697]
[2, 2621, 731]
[2, 2621, 714]
[2, 2621, 736]
[2, 2621, 725]
[2, 2621, 742]
[2, 2621, 734]
[2, 2621, 735]
[2, 2621, 740]
[2, 2621, 748]
[2, 2621, 738]
[2, 2621, 743]
[2, 2621, 723]
[2, 2621, 767]
[2, 2621, 698]
[2, 2621, 701]
[2, 2621, 737]
[2, 2621, 672]
[2, 2621, 686]
[2, 2621, 760]
[2, 2621, 741]
[2, 2621, 712]
[2, 2621, 692]
[2, 2621, 731]
[2, 2621, 729]
[2, 2621, 715]
[2, 2621, 683]
[2, 2621, 744]
[2, 2621, 689]
[2, 2621, 719]
[2, 2621, 726]
[2, 2621, 735]
[2, 2621, 705]
[2, 2621, 744]
[2, 2621, 708]
[2, 2621, 695]
[2, 2621, 746]
[2, 2621, 700]
[2, 2621, 683]
[2, 2621, 734]
[2, 2621, 706]
[2, 2621, 705]
[2, 2621, 696]
[2, 2621, 739]
[2, 2621, 762]
[2, 2621, 722]
[2, 2621, 731]
[2, 2621, 747]
[2, 2621, 731]
[2, 2621, 711]
[2, 2621, 726]
[2, 2621, 725]
[2, 2621, 722]
[2, 2621, 701]
[2, 2621, 721]
[2, 2621, 730]
[2, 2621, 754]
[2, 2621, 682]
[2, 2621, 691]
[2, 2621, 712]
[2, 2621, 729]
[2, 2621, 668]
[2, 2621, 740]
[2, 2621, 662]
[2, 2621, 697]
[2, 2621, 696]
[2, 2621, 726]
[2, 2621, 680]
[2, 2621, 669]
[2, 2621, 707]
[2, 2621, 733]
[2, 2621, 737]
[2, 2621, 678]
[2, 2621, 705]
[2, 2621, 721]
[2, 2621, 649]
[2, 2621, 712]
[2, 2621, 699]
[2, 2621, 734]
[2, 2621, 712]
[2, 2621, 737]
[2, 2621, 704]
[2, 2621, 734]
[2, 2621, 713]
[2, 2621, 690]
[2, 2621, 752]
[2, 2621, 761]
[2, 2621, 734]
[5, 6553, 2819]
[5, 6553, 2832]
[5, 6553, 2867]
[5, 6553, 2792]
[5, 6553, 2780]
[5, 6553, 2829]
[5, 6553, 2815]
[5, 6553, 2803]
[5, 6553, 2736]
[5, 6553, 2855]
[5, 6553, 2759]
[5, 6553, 2850]
[5, 6553, 2786]
[5, 6553, 2861]
[5, 6553, 2838]
[5, 6553, 2813]
[5, 6553, 2831]
[5, 6553, 2815]
[5, 6553, 2825]
[5, 6553, 2799]
[5, 6553, 2748]
[5, 6553, 2821]
[5, 6553, 2815]
[5, 6553, 2831]
[5, 6553, 2833]
[5, 6553, 2830]
[5, 6553, 2788]
[5, 6553, 2857]
[5, 6553, 2820]
[5, 6553, 2739]
[5, 6553, 2792]
[5, 6553, 2815]
[5, 6553, 2815]
[5, 6553, 2780]
[5, 6553, 2819]
[5, 6553, 2785]
[5, 6553, 2806]
[5, 6553, 2851]
[5, 6553, 2732]
[5, 6553, 2838]
[5, 6553, 2783]
[5, 6553, 2763]
[5, 6553, 2806]
[5, 6553, 2793]
[5, 6553, 2842]
[5, 6553, 2807]
[5, 6553, 2782]
[5, 6553, 2746]
[5, 6553, 2811]
[5, 6553, 2864]
[5, 6553, 2785]
[5, 6553, 2805]
[5, 6553, 2815]
[5, 6553, 2825]
[5, 6553, 2829]
[5, 6553, 2830]
[5, 6553, 2893]
[5, 6553, 2790]
[5, 6553, 2808]
[5, 6553, 2792]
[5, 6553, 2779]
[5, 6553, 2874]
[5, 6553, 2865]
[5, 6553, 2814]
[5, 6553, 2797]
[5, 6553, 2797]
[5, 6553, 2770]
[5, 6553, 2828]
[5, 6553, 2830]
[5, 6553, 2771]
[5, 6553, 2777]
[5, 6553, 2761]
[5, 6553, 2796]
[5, 6553, 2771]
[5, 6553, 2859]
[5, 6553, 2661]
[5, 6553, 2788]
[5, 6553, 2745]
[5, 6553, 2818]
[5, 6553, 2762]
[5, 6553, 2821]
[5, 6553, 2813]
[5, 6553, 2783]
[5, 6553, 2789]
[5, 6553, 2769]
[5, 6553, 2820]
[5, 6553, 2826]
[5, 6553, 2758]
[5, 6553, 2804]
[5, 6553, 2836]
[5, 6553, 2886]
[5, 6553, 2696]
[5, 6553, 2810]
[5, 6553, 2762]
[5, 6553, 2780]
[5, 6553, 2826]
[5, 6553, 2850]
[5, 6553, 2839]
[5, 6553, 2798]
[5, 6553, 2833]
[10, 13107, 7979]
[10, 13107, 8154]
[10, 13107, 8168]
[10, 13107, 8019]
[10, 13107, 8080]
[10, 13107, 8027]
[10, 13107, 8079]
[10, 13107, 8118]
[10, 13107, 7947]
[10, 13107, 8208]
[10, 13107, 8041]
[10, 13107, 8135]
[10, 13107, 8064]
[10, 13107, 8088]
[10, 13107, 8094]
[10, 13107, 8058]
[10, 13107, 8043]
[10, 13107, 8129]
[10, 13107, 8125]
[10, 13107, 8098]
[10, 13107, 8031]
[10, 13107, 8034]
[10, 13107, 8138]
[10, 13107, 8021]
[10, 13107, 8111]
[10, 13107, 8053]
[10, 13107, 8045]
[10, 13107, 8021]
[10, 13107, 8115]
[10, 13107, 8132]
[10, 13107, 8141]
[10, 13107, 8136]
[10, 13107, 8093]
[10, 13107, 8096]
[10, 13107, 8025]
[10, 13107, 8090]
[10, 13107, 8108]
[10, 13107, 8121]
[10, 13107, 7970]
[10, 13107, 8152]
[10, 13107, 8142]
[10, 13107, 7993]
[10, 13107, 8061]
[10, 13107, 8064]
[10, 13107, 8125]
[10, 13107, 8062]
[10, 13107, 8045]
[10, 13107, 8111]
[10, 13107, 8009]
[10, 13107, 8058]
[10, 13107, 8063]
[10, 13107, 8135]
[10, 13107, 8061]
[10, 13107, 8125]
[10, 13107, 8134]
[10, 13107, 8108]
[10, 13107, 8105]
[10, 13107, 7929]
[10, 13107, 8176]
[10, 13107, 8040]
[10, 13107, 8152]
[10, 13107, 8145]
[10, 13107, 8159]
[10, 13107, 8192]
[10, 13107, 8067]
[10, 13107, 8028]
[10, 13107, 7976]
[10, 13107, 8046]
[10, 13107, 8134]
[10, 13107, 8033]
[10, 13107, 8048]
[10, 13107, 8039]
[10, 13107, 7991]
[10, 13107, 7999]
[10, 13107, 8092]
[10, 13107, 7969]
[10, 13107, 8090]
[10, 13107, 8044]
[10, 13107, 8076]
[10, 13107, 8123]
[10, 13107, 8179]
[10, 13107, 8130]
[10, 13107, 8141]
[10, 13107, 8152]
[10, 13107, 8105]
[10, 13107, 8065]
[10, 13107, 8147]
[10, 13107, 7995]
[10, 13107, 8046]
[10, 13107, 8069]
[10, 13107, 8177]
[10, 13107, 8007]
[10, 13107, 8115]
[10, 13107, 8010]
[10, 13107, 8147]
[10, 13107, 8064]
[10, 13107, 8101]
[10, 13107, 8134]
[10, 13107, 8117]
[10, 13107, 8159]
[15, 19660, 14549]
[15, 19660, 14667]
[15, 19660, 14671]
[15, 19660, 14607]
[15, 19660, 14561]
[15, 19660, 14568]
[15, 19660, 14643]
[15, 19660, 14637]
[15, 19660, 14601]
[15, 19660, 14629]
[15, 19660, 14602]
[15, 19660, 14562]
[15, 19660, 14604]
[15, 19660, 14521]
[15, 19660, 14665]
[15, 19660, 14545]
[15, 19660, 14562]
[15, 19660, 14722]
[15, 19660, 14595]
[15, 19660, 14675]
[15, 19660, 14606]
[15, 19660, 14514]
[15, 19660, 14632]
[15, 19660, 14625]
[15, 19660, 14664]
[15, 19660, 14546]
[15, 19660, 14579]
[15, 19660, 14519]
[15, 19660, 14670]
[15, 19660, 14584]
[15, 19660, 14585]
[15, 19660, 14659]
[15, 19660, 14591]
[15, 19660, 14700]
[15, 19660, 14584]
[15, 19660, 14588]
[15, 19660, 14679]
[15, 19660, 14633]
[15, 19660, 14602]
[15, 19660, 14668]
[15, 19660, 14666]
[15, 19660, 14547]
[15, 19660, 14658]
[15, 19660, 14624]
[15, 19660, 14588]
[15, 19660, 14698]
[15, 19660, 14571]
[15, 19660, 14586]
[15, 19660, 14504]
[15, 19660, 14592]
[15, 19660, 14709]
[15, 19660, 14606]
[15, 19660, 14543]
[15, 19660, 14584]
[15, 19660, 14637]
[15, 19660, 14658]
[15, 19660, 14574]
[15, 19660, 14436]
[15, 19660, 14664]
[15, 19660, 14529]
[15, 19660, 14684]
[15, 19660, 14612]
[15, 19660, 14670]
[15, 19660, 14606]
[15, 19660, 14645]
[15, 19660, 14542]
[15, 19660, 14618]
[15, 19660, 14614]
[15, 19660, 14561]
[15, 19660, 14612]
[15, 19660, 14518]
[15, 19660, 14676]
[15, 19660, 14623]
[15, 19660, 14587]
[15, 19660, 14597]
[15, 19660, 14475]
[15, 19660, 14566]
[15, 19660, 14583]
[15, 19660, 14629]
[15, 19660, 14780]
[15, 19660, 14631]
[15, 19660, 14633]
[15, 19660, 14634]
[15, 19660, 14644]
[15, 19660, 14607]
[15, 19660, 14621]
[15, 19660, 14611]
[15, 19660, 14528]
[15, 19660, 14548]
[15, 19660, 14585]
[15, 19660, 14657]
[15, 19660, 14633]
[15, 19660, 14681]
[15, 19660, 14497]
[15, 19660, 14753]
[15, 19660, 14606]
[15, 19660, 14616]
[15, 19660, 14706]
[15, 19660, 14637]
[15, 19660, 14647]
[20, 26214, 21678]
[20, 26214, 21701]
[20, 26214, 21726]
[20, 26214, 21667]
[20, 26214, 21702]
[20, 26214, 21700]
[20, 26214, 21706]
[20, 26214, 21703]
[20, 26214, 21652]
[20, 26214, 21749]
[20, 26214, 21730]
[20, 26214, 21672]
[20, 26214, 21773]
[20, 26214, 21676]
[20, 26214, 21788]
[20, 26214, 21664]
[20, 26214, 21699]
[20, 26214, 21661]
[20, 26214, 21727]
[20, 26214, 21756]
[20, 26214, 21697]
[20, 26214, 21636]
[20, 26214, 21727]
[20, 26214, 21737]
[20, 26214, 21710]
[20, 26214, 21638]
[20, 26214, 21717]
[20, 26214, 21634]
[20, 26214, 21644]
[20, 26214, 21728]
[20, 26214, 21697]
[20, 26214, 21723]
[20, 26214, 21646]
[20, 26214, 21792]
[20, 26214, 21721]
[20, 26214, 21705]
[20, 26214, 21689]
[20, 26214, 21791]
[20, 26214, 21675]
[20, 26214, 21747]
[20, 26214, 21746]
[20, 26214, 21669]
[20, 26214, 21716]
[20, 26214, 21700]
[20, 26214, 21603]
[20, 26214, 21776]
[20, 26214, 21665]
[20, 26214, 21680]
[20, 26214, 21641]
[20, 26214, 21720]
[20, 26214, 21712]
[20, 26214, 21724]
[20, 26214, 21690]
[20, 26214, 21654]
[20, 26214, 21695]
[20, 26214, 21707]
[20, 26214, 21738]
[20, 26214, 21589]
[20, 26214, 21599]
[20, 26214, 21650]
[20, 26214, 21686]
[20, 26214, 21721]
[20, 26214, 21752]
[20, 26214, 21623]
[20, 26214, 21640]
[20, 26214, 21670]
[20, 26214, 21742]
[20, 26214, 21695]
[20, 26214, 21683]
[20, 26214, 21692]
[20, 26214, 21654]
[20, 26214, 21758]
[20, 26214, 21713]
[20, 26214, 21686]
[20, 26214, 21668]
[20, 26214, 21544]
[20, 26214, 21651]
[20, 26214, 21644]
[20, 26214, 21692]
[20, 26214, 21749]
[20, 26214, 21684]
[20, 26214, 21691]
[20, 26214, 21700]
[20, 26214, 21741]
[20, 26214, 21774]
[20, 26214, 21682]
[20, 26214, 21685]
[20, 26214, 21722]
[20, 26214, 21667]
[20, 26214, 21644]
[20, 26214, 21687]
[20, 26214, 21728]
[20, 26214, 21782]
[20, 26214, 21610]
[20, 26214, 21761]
[20, 26214, 21720]
[20, 26214, 21721]
[20, 26214, 21711]
[20, 26214, 21746]
[20, 26214, 21703]
[25, 32768, 28952]
[25, 32768, 28926]
[25, 32768, 29018]
[25, 32768, 29036]
[25, 32768, 29054]
[25, 32768, 29028]
[25, 32768, 28935]
[25, 32768, 28992]
[25, 32768, 28954]
[25, 32768, 29012]
[25, 32768, 29055]
[25, 32768, 28945]
[25, 32768, 29063]
[25, 32768, 28956]
[25, 32768, 29005]
[25, 32768, 28996]
[25, 32768, 28961]
[25, 32768, 28935]
[25, 32768, 28995]
[25, 32768, 28938]
[25, 32768, 29012]
[25, 32768, 28936]
[25, 32768, 28960]
[25, 32768, 29079]
[25, 32768, 28947]
[25, 32768, 28967]
[25, 32768, 29042]
[25, 32768, 28895]
[25, 32768, 28959]
[25, 32768, 29004]
[25, 32768, 29011]
[25, 32768, 28950]
[25, 32768, 29093]
[25, 32768, 29038]
[25, 32768, 28998]
[25, 32768, 29017]
[25, 32768, 28995]
[25, 32768, 29071]
[25, 32768, 29019]
[25, 32768, 28927]
[25, 32768, 28989]
[25, 32768, 28969]
[25, 32768, 28936]
[25, 32768, 28934]
[25, 32768, 28959]
[25, 32768, 29013]
[25, 32768, 28940]
[25, 32768, 28970]
[25, 32768, 28883]
[25, 32768, 29003]
[25, 32768, 28937]
[25, 32768, 29013]
[25, 32768, 28914]
[25, 32768, 28888]
[25, 32768, 29058]
[25, 32768, 28937]
[25, 32768, 29053]
[25, 32768, 28903]
[25, 32768, 28843]
[25, 32768, 28939]
[25, 32768, 29001]
[25, 32768, 29004]
[25, 32768, 28950]
[25, 32768, 28980]
[25, 32768, 28964]
[25, 32768, 28989]
[25, 32768, 29010]
[25, 32768, 28981]
[25, 32768, 29002]
[25, 32768, 28940]
[25, 32768, 28928]
[25, 32768, 28943]
[25, 32768, 29006]
[25, 32768, 28979]
[25, 32768, 29000]
[25, 32768, 28951]
[25, 32768, 28901]
[25, 32768, 29028]
[25, 32768, 28926]
[25, 32768, 28974]
[25, 32768, 29013]
[25, 32768, 28963]
[25, 32768, 28994]
[25, 32768, 28969]
[25, 32768, 29068]
[25, 32768, 28913]
[25, 32768, 28956]
[25, 32768, 29024]
[25, 32768, 28963]
[25, 32768, 28986]
[25, 32768, 28983]
[25, 32768, 29050]
[25, 32768, 29036]
[25, 32768, 28840]
[25, 32768, 29039]
[25, 32768, 28985]
[25, 32768, 29002]
[25, 32768, 28980]
[25, 32768, 28978]
[25, 32768, 29014]
[30, 39321, 36327]
[30, 39321, 36262]
[30, 39321, 36330]
[30, 39321, 36327]
[30, 39321, 36320]
[30, 39321, 36380]
[30, 39321, 36198]
[30, 39321, 36227]
[30, 39321, 36155]
[30, 39321, 36320]
[30, 39321, 36329]
[30, 39321, 36213]
[30, 39321, 36378]
[30, 39321, 36269]
[30, 39321, 36286]
[30, 39321, 36338]
[30, 39321, 36241]
[30, 39321, 36229]
[30, 39321, 36212]
[30, 39321, 36239]
[30, 39321, 36300]
[30, 39321, 36201]
[30, 39321, 36252]
[30, 39321, 36321]
[30, 39321, 36285]
[30, 39321, 36261]
[30, 39321, 36312]
[30, 39321, 36249]
[30, 39321, 36284]
[30, 39321, 36254]
[30, 39321, 36275]
[30, 39321, 36264]
[30, 39321, 36338]
[30, 39321, 36261]
[30, 39321, 36247]
[30, 39321, 36278]
[30, 39321, 36294]
[30, 39321, 36347]
[30, 39321, 36313]
[30, 39321, 36204]
[30, 39321, 36258]
[30, 39321, 36279]
[30, 39321, 36322]
[30, 39321, 36264]
[30, 39321, 36254]
[30, 39321, 36256]
[30, 39321, 36275]
[30, 39321, 36250]
[30, 39321, 36202]
[30, 39321, 36280]
[30, 39321, 36225]
[30, 39321, 36315]
[30, 39321, 36245]
[30, 39321, 36228]
[30, 39321, 36303]
[30, 39321, 36216]
[30, 39321, 36317]
[30, 39321, 36226]
[30, 39321, 36197]
[30, 39321, 36249]
[30, 39321, 36306]
[30, 39321, 36302]
[30, 39321, 36296]
[30, 39321, 36261]
[30, 39321, 36279]
[30, 39321, 36306]
[30, 39321, 36374]
[30, 39321, 36301]
[30, 39321, 36211]
[30, 39321, 36291]
[30, 39321, 36318]
[30, 39321, 36239]
[30, 39321, 36285]
[30, 39321, 36293]
[30, 39321, 36269]
[30, 39321, 36275]
[30, 39321, 36201]
[30, 39321, 36246]
[30, 39321, 36303]
[30, 39321, 36266]
[30, 39321, 36300]
[30, 39321, 36228]
[30, 39321, 36332]
[30, 39321, 36305]
[30, 39321, 36335]
[30, 39321, 36243]
[30, 39321, 36250]
[30, 39321, 36347]
[30, 39321, 36217]
[30, 39321, 36235]
[30, 39321, 36282]
[30, 39321, 36360]
[30, 39321, 36351]
[30, 39321, 36279]
[30, 39321, 36317]
[30, 39321, 36286]
[30, 39321, 36275]
[30, 39321, 36289]
[30, 39321, 36235]
[30, 39321, 36263]
[35, 45875, 43546]
[35, 45875, 43470]
[35, 45875, 43533]
[35, 45875, 43464]
[35, 45875, 43511]
[35, 45875, 43623]
[35, 45875, 43383]
[35, 45875, 43496]
[35, 45875, 43434]
[35, 45875, 43524]
[35, 45875, 43490]
[35, 45875, 43429]
[35, 45875, 43504]
[35, 45875, 43464]
[35, 45875, 43463]
[35, 45875, 43541]
[35, 45875, 43431]
[35, 45875, 43468]
[35, 45875, 43457]
[35, 45875, 43444]
[35, 45875, 43527]
[35, 45875, 43433]
[35, 45875, 43441]
[35, 45875, 43492]
[35, 45875, 43522]
[35, 45875, 43475]
[35, 45875, 43487]
[35, 45875, 43474]
[35, 45875, 43513]
[35, 45875, 43461]
[35, 45875, 43523]
[35, 45875, 43495]
[35, 45875, 43517]
[35, 45875, 43416]
[35, 45875, 43493]
[35, 45875, 43475]
[35, 45875, 43510]
[35, 45875, 43465]
[35, 45875, 43503]
[35, 45875, 43444]
[35, 45875, 43505]
[35, 45875, 43525]
[35, 45875, 43551]
[35, 45875, 43530]
[35, 45875, 43516]
[35, 45875, 43452]
[35, 45875, 43519]
[35, 45875, 43437]
[35, 45875, 43455]
[35, 45875, 43571]
[35, 45875, 43492]
[35, 45875, 43506]
[35, 45875, 43468]
[35, 45875, 43429]
[35, 45875, 43522]
[35, 45875, 43443]
[35, 45875, 43505]
[35, 45875, 43464]
[35, 45875, 43382]
[35, 45875, 43450]
[35, 45875, 43441]
[35, 45875, 43484]
[35, 45875, 43500]
[35, 45875, 43495]
[35, 45875, 43477]
[35, 45875, 43528]
[35, 45875, 43593]
[35, 45875, 43516]
[35, 45875, 43470]
[35, 45875, 43518]
[35, 45875, 43525]
[35, 45875, 43475]
[35, 45875, 43497]
[35, 45875, 43486]
[35, 45875, 43472]
[35, 45875, 43461]
[35, 45875, 43475]
[35, 45875, 43451]
[35, 45875, 43526]
[35, 45875, 43426]
[35, 45875, 43491]
[35, 45875, 43406]
[35, 45875, 43583]
[35, 45875, 43540]
[35, 45875, 43540]
[35, 45875, 43427]
[35, 45875, 43493]
[35, 45875, 43553]
[35, 45875, 43461]
[35, 45875, 43508]
[35, 45875, 43495]
[35, 45875, 43547]
[35, 45875, 43561]
[35, 45875, 43446]
[35, 45875, 43541]
[35, 45875, 43463]
[35, 45875, 43460]
[35, 45875, 43449]
[35, 45875, 43475]
[35, 45875, 43488]
[40, 52428, 50665]
[40, 52428, 50576]
[40, 52428, 50648]
[40, 52428, 50567]
[40, 52428, 50569]
[40, 52428, 50681]
[40, 52428, 50552]
[40, 52428, 50553]
[40, 52428, 50566]
[40, 52428, 50588]
[40, 52428, 50599]
[40, 52428, 50550]
[40, 52428, 50627]
[40, 52428, 50609]
[40, 52428, 50598]
[40, 52428, 50626]
[40, 52428, 50539]
[40, 52428, 50548]
[40, 52428, 50571]
[40, 52428, 50549]
[40, 52428, 50625]
[40, 52428, 50603]
[40, 52428, 50567]
[40, 52428, 50618]
[40, 52428, 50640]
[40, 52428, 50620]
[40, 52428, 50571]
[40, 52428, 50564]
[40, 52428, 50595]
[40, 52428, 50576]
[40, 52428, 50627]
[40, 52428, 50621]
[40, 52428, 50620]
[40, 52428, 50539]
[40, 52428, 50621]
[40, 52428, 50578]
[40, 52428, 50575]
[40, 52428, 50575]
[40, 52428, 50618]
[40, 52428, 50542]
[40, 52428, 50613]
[40, 52428, 50607]
[40, 52428, 50665]
[40, 52428, 50615]
[40, 52428, 50641]
[40, 52428, 50553]
[40, 52428, 50584]
[40, 52428, 50597]
[40, 52428, 50575]
[40, 52428, 50649]
[40, 52428, 50591]
[40, 52428, 50629]
[40, 52428, 50570]
[40, 52428, 50557]
[40, 52428, 50619]
[40, 52428, 50576]
[40, 52428, 50599]
[40, 52428, 50560]
[40, 52428, 50551]
[40, 52428, 50529]
[40, 52428, 50555]
[40, 52428, 50610]
[40, 52428, 50555]
[40, 52428, 50621]
[40, 52428, 50598]
[40, 52428, 50616]
[40, 52428, 50660]
[40, 52428, 50601]
[40, 52428, 50594]
[40, 52428, 50552]
[40, 52428, 50663]
[40, 52428, 50582]
[40, 52428, 50572]
[40, 52428, 50612]
[40, 52428, 50592]
[40, 52428, 50570]
[40, 52428, 50597]
[40, 52428, 50573]
[40, 52428, 50628]
[40, 52428, 50564]
[40, 52428, 50595]
[40, 52428, 50580]
[40, 52428, 50627]
[40, 52428, 50653]
[40, 52428, 50645]
[40, 52428, 50565]
[40, 52428, 50588]
[40, 52428, 50651]
[40, 52428, 50562]
[40, 52428, 50644]
[40, 52428, 50596]
[40, 52428, 50660]
[40, 52428, 50613]
[40, 52428, 50556]
[40, 52428, 50618]
[40, 52428, 50563]
[40, 52428, 50549]
[40, 52428, 50572]
[40, 52428, 50590]
[40, 52428, 50563]
