[1, 1310, 0, 0]
[1, 1310, 0, 0]
[1, 1310, 0, 0]
[1, 1310, 0, 0]
[1, 1310, 0, 0]
[1, 1310, 0, 0]
[1, 1310, 0, 0]
[1, 1310, 0, 0]
[1, 1310, 0, 0]
[1, 1310, 0, 0]
[1, 1310, 0, 0]
[1, 1310, 0, 0]
[1, 1310, 0, 0]
[1, 1310, 0, 0]
[1, 1310, 0, 0]
[1, 1310, 0, 0]
[1, 1310, 0, 0]
[1, 1310, 0, 0]
[1, 1310, 0, 0]
[1, 1310, 0, 0]
[1, 1310, 0, 0]
[1, 1310, 0, 0]
[1, 1310, 0, 0]
[1, 1310, 0, 0]
[1, 1310, 0, 0]
[1, 1310, 0, 0]
[1, 1310, 0, 0]
[1, 1310, 0, 0]
[1, 1310, 0, 0]
[1, 1310, 0, 0]
[1, 1310, 0, 0]
[1, 1310, 0, 0]
[1, 1310, 0, 0]
[1, 1310, 0, 0]
[1, 1310, 0, 0]
[1, 1310, 0, 0]
[1, 1310, 0, 0]
[1, 1310, 0, 0]
[1, 1310, 0, 0]
[1, 1310, 0, 0]
[1, 1310, 0, 0]
[1, 1310, 0, 0]
[1, 1310, 0, 0]
[1, 1310, 0, 0]
[1, 1310, 0, 0]
[1, 1310, 0, 0]
[1, 1310, 0, 0]
[1, 1310, 0, 0]
[1, 1310, 0, 0]
[1, 1310, 0, 0]
[1, 1310, 0, 0]
[1, 1310, 0, 0]
[1, 1310, 0, 0]
[1, 1310, 0, 0]
[1, 1310, 0, 0]
[1, 1310, 0, 0]
[1, 1310, 0, 0]
[1, 1310, 0, 0]
[1, 1310, 0, 0]
[1, 1310, 0, 0]
[1, 1310, 0, 0]
[1, 1310, 0, 0]
[1, 1310, 0, 0]
[1, 1310, 0, 0]
[1, 1310, 0, 0]
[1, 1310, 0, 0]
[1, 1310, 0, 0]
[1, 1310, 0, 0]
[1, 1310, 0, 0]
[1, 1310, 0, 0]
[1, 1310, 0, 0]
[1, 1310, 0, 0]
[1, 1310, 0, 0]
[1, 1310, 0, 0]
[1, 1310, 0, 0]
[1, 1310, 0, 0]
[1, 1310, 0, 0]
[1, 1310, 0, 0]
[1, 1310, 0, 0]
[1, 1310, 0, 0]
[1, 1310, 0, 0]
[1, 1310, 0, 0]
[1, 1310, 0, 0]
[1, 1310, 0, 0]
[1, 1310, 0, 0]
[1, 1310, 0, 0]
[1, 1310, 0, 0]
[1, 1310, 0, 0]
[1, 1310, 0, 0]
[1, 1310, 0, 0]
[1, 1310, 0, 0]
[1, 1310, 0, 0]
[1, 1310, 0, 0]
[1, 1310, 0, 0]
[1, 1310, 0, 0]
[1, 1310, 0, 0]
[1, 1310, 0, 0]
[1, 1310, 0, 0]
[1, 1310, 0, 0]
[1, 1310, 0, 0]
[2, 2621, 0, 0]
[2, 2621, 0, 0]
[2, 2621, 0, 0]
[2, 2621, 0, 0]
[2, 2621, 0, 0]
[2, 2621, 0, 0]
[2, 2621, 0, 0]
[2, 2621, 0, 0]
[2, 2621, 0, 0]
[2, 2621, 0, 0]
[2, 2621, 0, 0]
[2, 2621, 0, 0]
[2, 2621, 0, 0]
[2, 2621, 0, 0]
[2, 2621, 0, 0]
[2, 2621, 0, 0]
[2, 2621, 0, 0]
[2, 2621, 0, 0]
[2, 2621, 0, 0]
[2, 2621, 0, 0]
[2, 2621, 0, 0]
[2, 2621, 0, 0]
[2, 2621, 0, 0]
[2, 2621, 0, 0]
[2, 2621, 0, 0]
[2, 2621, 0, 0]
[2, 2621, 0, 0]
[2, 2621, 0, 0]
[2, 2621, 0, 0]
[2, 2621, 0, 0]
[2, 2621, 0, 0]
[2, 2621, 0, 0]
[2, 2621, 0, 0]
[2, 2621, 0, 0]
[2, 2621, 0, 0]
[2, 2621, 0, 0]
[2, 2621, 0, 0]
[2, 2621, 0, 0]
[2, 2621, 0, 0]
[2, 2621, 0, 0]
[2, 2621, 0, 0]
[2, 2621, 0, 0]
[2, 2621, 0, 0]
[2, 2621, 0, 0]
[2, 2621, 0, 0]
[2, 2621, 0, 0]
[2, 2621, 0, 0]
[2, 2621, 0, 0]
[2, 2621, 0, 0]
[2, 2621, 0, 0]
[2, 2621, 0, 0]
[2, 2621, 0, 0]
[2, 2621, 0, 0]
[2, 2621, 0, 0]
[2, 2621, 0, 0]
[2, 2621, 0, 0]
[2, 2621, 0, 0]
[2, 2621, 0, 0]
[2, 2621, 0, 0]
[2, 2621, 0, 0]
[2, 2621, 0, 0]
[2, 2621, 0, 0]
[2, 2621, 0, 0]
[2, 2621, 0, 0]
[2, 2621, 0, 0]
[2, 2621, 0, 0]
[2, 2621, 0, 0]
[2, 2621, 0, 0]
[2, 2621, 0, 0]
[2, 2621, 0, 0]
[2, 2621, 0, 0]
[2, 2621, 0, 0]
[2, 2621, 0, 0]
[2, 2621, 0, 0]
[2, 2621, 0, 0]
[2, 2621, 0, 0]
[2, 2621, 0, 0]
[2, 2621, 0, 0]
[2, 2621, 0, 0]
[2, 2621, 0, 0]
[2, 2621, 0, 0]
[2, 2621, 0, 0]
[2, 2621, 0, 0]
[2, 2621, 0, 0]
[2, 2621, 0, 0]
[2, 2621, 0, 0]
[2, 2621, 0, 0]
[2, 2621, 0, 0]
[2, 2621, 0, 0]
[2, 2621, 0, 0]
[2, 2621, 0, 0]
[2, 2621, 0, 0]
[2, 2621, 0, 0]
[2, 2621, 0, 0]
[2, 2621, 0, 0]
[2, 2621, 0, 0]
[2, 2621, 0, 0]
[2, 2621, 0, 0]
[2, 2621, 0, 0]
[2, 2621, 0, 0]
[5, 6553, 1, 0]
[5, 6553, 2, 1]
[5, 6553, 0, 1]
[5, 6553, 0, 0]
[5, 6553, 0, 0]
[5, 6553, 0, 0]
[5, 6553, 0, 0]
[5, 6553, 0, 0]
[5, 6553, 0, 0]
[5, 6553, 0, 0]
[5, 6553, 2, 0]
[5, 6553, 0, 0]
[5, 6553, 4, 0]
[5, 6553, 1, 0]
[5, 6553, 0, 0]
[5, 6553, 0, 1]
[5, 6553, 0, 0]
[5, 6553, 3, 0]
[5, 6553, 0, 0]
[5, 6553, 2, 0]
[5, 6553, 0, 0]
[5, 6553, 4, 0]
[5, 6553, 0, 0]
[5, 6553, 4, 0]
[5, 6553, 2, 0]
[5, 6553, 0, 0]
[5, 6553, 1, 0]
[5, 6553, 0, 0]
[5, 6553, 0, 0]
[5, 6553, 0, 0]
[5, 6553, 0, 0]
[5, 6553, 1, 0]
[5, 6553, 2, 0]
[5, 6553, 0, 0]
[5, 6553, 0, 1]
[5, 6553, 0, 0]
[5, 6553, 0, 0]
[5, 6553, 0, 0]
[5, 6553, 0, 0]
[5, 6553, 4, 0]
[5, 6553, 0, 0]
[5, 6553, 0, 1]
[5, 6553, 1, 0]
[5, 6553, 0, 1]
[5, 6553, 0, 0]
[5, 6553, 0, 0]
[5, 6553, 0, 0]
[5, 6553, 0, 0]
[5, 6553, 0, 0]
[5, 6553, 1, 0]
[5, 6553, 0, 0]
[5, 6553, 0, 0]
[5, 6553, 0, 0]
[5, 6553, 0, 0]
[5, 6553, 0, 0]
[5, 6553, 0, 0]
[5, 6553, 0, 0]
[5, 6553, 0, 1]
[5, 6553, 0, 0]
[5, 6553, 0, 0]
[5, 6553, 0, 0]
[5, 6553, 2, 3]
[5, 6553, 0, 0]
[5, 6553, 0, 2]
[5, 6553, 0, 0]
[5, 6553, 0, 0]
[5, 6553, 0, 0]
[5, 6553, 0, 0]
[5, 6553, 0, 0]
[5, 6553, 0, 0]
[5, 6553, 0, 0]
[5, 6553, 0, 0]
[5, 6553, 0, 0]
[5, 6553, 1, 0]
[5, 6553, 0, 0]
[5, 6553, 0, 0]
[5, 6553, 0, 1]
[5, 6553, 0, 2]
[5, 6553, 0, 0]
[5, 6553, 0, 0]
[5, 6553, 0, 0]
[5, 6553, 0, 0]
[5, 6553, 0, 0]
[5, 6553, 1, 0]
[5, 6553, 0, 0]
[5, 6553, 0, 0]
[5, 6553, 0, 0]
[5, 6553, 0, 3]
[5, 6553, 0, 0]
[5, 6553, 0, 0]
[5, 6553, 0, 0]
[5, 6553, 0, 0]
[5, 6553, 0, 0]
[5, 6553, 0, 0]
[5, 6553, 0, 1]
[5, 6553, 0, 0]
[5, 6553, 0, 0]
[5, 6553, 0, 0]
[5, 6553, 2, 1]
[5, 6553, 0, 0]
[10, 13107, 5, 2]
[10, 13107, 15, 4]
[10, 13107, 0, 3]
[10, 13107, 2, 8]
[10, 13107, 3, 4]
[10, 13107, 0, 3]
[10, 13107, 1, 3]
[10, 13107, 7, 7]
[10, 13107, 1, 2]
[10, 13107, 3, 2]
[10, 13107, 7, 8]
[10, 13107, 8, 3]
[10, 13107, 3, 4]
[10, 13107, 3, 4]
[10, 13107, 4, 8]
[10, 13107, 7, 13]
[10, 13107, 0, 0]
[10, 13107, 8, 2]
[10, 13107, 2, 2]
[10, 13107, 9, 2]
[10, 13107, 5, 5]
[10, 13107, 8, 2]
[10, 13107, 6, 1]
[10, 13107, 9, 2]
[10, 13107, 2, 7]
[10, 13107, 7, 4]
[10, 13107, 2, 3]
[10, 13107, 4, 1]
[10, 13107, 1, 3]
[10, 13107, 1, 2]
[10, 13107, 5, 3]
[10, 13107, 8, 9]
[10, 13107, 9, 8]
[10, 13107, 3, 5]
[10, 13107, 0, 4]
[10, 13107, 3, 6]
[10, 13107, 1, 3]
[10, 13107, 3, 5]
[10, 13107, 5, 1]
[10, 13107, 4, 5]
[10, 13107, 0, 8]
[10, 13107, 0, 11]
[10, 13107, 7, 7]
[10, 13107, 1, 5]
[10, 13107, 4, 1]
[10, 13107, 3, 8]
[10, 13107, 5, 6]
[10, 13107, 3, 2]
[10, 13107, 5, 4]
[10, 13107, 2, 3]
[10, 13107, 1, 5]
[10, 13107, 1, 0]
[10, 13107, 3, 4]
[10, 13107, 0, 3]
[10, 13107, 6, 4]
[10, 13107, 1, 0]
[10, 13107, 2, 3]
[10, 13107, 2, 6]
[10, 13107, 0, 6]
[10, 13107, 5, 7]
[10, 13107, 1, 5]
[10, 13107, 4, 9]
[10, 13107, 3, 1]
[10, 13107, 1, 2]
[10, 13107, 5, 6]
[10, 13107, 1, 4]
[10, 13107, 5, 2]
[10, 13107, 5, 3]
[10, 13107, 2, 5]
[10, 13107, 0, 1]
[10, 13107, 3, 2]
[10, 13107, 3, 3]
[10, 13107, 3, 3]
[10, 13107, 10, 1]
[10, 13107, 3, 3]
[10, 13107, 6, 2]
[10, 13107, 5, 2]
[10, 13107, 4, 8]
[10, 13107, 2, 4]
[10, 13107, 2, 0]
[10, 13107, 7, 2]
[10, 13107, 0, 4]
[10, 13107, 0, 0]
[10, 13107, 5, 0]
[10, 13107, 5, 7]
[10, 13107, 6, 3]
[10, 13107, 2, 2]
[10, 13107, 0, 3]
[10, 13107, 5, 0]
[10, 13107, 0, 8]
[10, 13107, 3, 5]
[10, 13107, 3, 5]
[10, 13107, 0, 7]
[10, 13107, 4, 0]
[10, 13107, 0, 5]
[10, 13107, 3, 0]
[10, 13107, 3, 0]
[10, 13107, 6, 1]
[10, 13107, 6, 4]
[10, 13107, 2, 6]
[15, 19660, 24, 21]
[15, 19660, 29, 28]
[15, 19660, 24, 14]
[15, 19660, 13, 16]
[15, 19660, 18, 20]
[15, 19660, 8, 19]
[15, 19660, 31, 15]
[15, 19660, 24, 11]
[15, 19660, 16, 20]
[15, 19660, 15, 9]
[15, 19660, 12, 29]
[15, 19660, 27, 7]
[15, 19660, 33, 14]
[15, 19660, 11, 24]
[15, 19660, 23, 28]
[15, 19660, 17, 20]
[15, 19660, 17, 19]
[15, 19660, 36, 11]
[15, 19660, 23, 15]
[15, 19660, 20, 17]
[15, 19660, 24, 21]
[15, 19660, 23, 33]
[15, 19660, 28, 9]
[15, 19660, 21, 31]
[15, 19660, 15, 23]
[15, 19660, 13, 21]
[15, 19660, 34, 19]
[15, 19660, 17, 12]
[15, 19660, 32, 25]
[15, 19660, 20, 30]
[15, 19660, 25, 25]
[15, 19660, 14, 23]
[15, 19660, 24, 29]
[15, 19660, 20, 15]
[15, 19660, 18, 21]
[15, 19660, 23, 21]
[15, 19660, 19, 17]
[15, 19660, 36, 22]
[15, 19660, 27, 29]
[15, 19660, 35, 11]
[15, 19660, 6, 23]
[15, 19660, 19, 23]
[15, 19660, 24, 21]
[15, 19660, 10, 21]
[15, 19660, 12, 10]
[15, 19660, 25, 28]
[15, 19660, 24, 26]
[15, 19660, 9, 20]
[15, 19660, 18, 33]
[15, 19660, 9, 25]
[15, 19660, 25, 10]
[15, 19660, 15, 28]
[15, 19660, 15, 23]
[15, 19660, 20, 19]
[15, 19660, 31, 10]
[15, 19660, 13, 6]
[15, 19660, 19, 19]
[15, 19660, 13, 19]
[15, 19660, 12, 17]
[15, 19660, 20, 28]
[15, 19660, 14, 21]
[15, 19660, 11, 29]
[15, 19660, 16, 9]
[15, 19660, 8, 14]
[15, 19660, 16, 13]
[15, 19660, 16, 24]
[15, 19660, 14, 9]
[15, 19660, 24, 26]
[15, 19660, 15, 22]
[15, 19660, 18, 12]
[15, 19660, 21, 24]
[15, 19660, 23, 29]
[15, 19660, 17, 22]
[15, 19660, 24, 25]
[15, 19660, 24, 10]
[15, 19660, 28, 17]
[15, 19660, 16, 23]
[15, 19660, 24, 19]
[15, 19660, 16, 30]
[15, 19660, 13, 27]
[15, 19660, 25, 14]
[15, 19660, 6, 19]
[15, 19660, 13, 14]
[15, 19660, 20, 22]
[15, 19660, 16, 19]
[15, 19660, 19, 17]
[15, 19660, 24, 14]
[15, 19660, 17, 21]
[15, 19660, 19, 18]
[15, 19660, 26, 36]
[15, 19660, 29, 28]
[15, 19660, 10, 24]
[15, 19660, 17, 28]
[15, 19660, 13, 14]
[15, 19660, 19, 26]
[15, 19660, 16, 8]
[15, 19660, 18, 11]
[15, 19660, 24, 20]
[15, 19660, 25, 17]
[15, 19660, 17, 21]
[20, 26214, 62, 88]
[20, 26214, 70, 81]
[20, 26214, 56, 65]
[20, 26214, 64, 57]
[20, 26214, 67, 63]
[20, 26214, 57, 54]
[20, 26214, 83, 53]
[20, 26214, 58, 46]
[20, 26214, 56, 86]
[20, 26214, 73, 30]
[20, 26214, 57, 74]
[20, 26214, 69, 62]
[20, 26214, 93, 69]
[20, 26214, 57, 66]
[20, 26214, 81, 65]
[20, 26214, 46, 41]
[20, 26214, 78, 50]
[20, 26214, 104, 46]
[20, 26214, 84, 72]
[20, 26214, 77, 52]
[20, 26214, 66, 65]
[20, 26214, 66, 78]
[20, 26214, 75, 88]
[20, 26214, 40, 84]
[20, 26214, 59, 47]
[20, 26214, 79, 68]
[20, 26214, 86, 65]
[20, 26214, 47, 44]
[20, 26214, 104, 53]
[20, 26214, 54, 93]
[20, 26214, 62, 90]
[20, 26214, 45, 69]
[20, 26214, 47, 97]
[20, 26214, 69, 59]
[20, 26214, 75, 65]
[20, 26214, 62, 59]
[20, 26214, 81, 49]
[20, 26214, 91, 80]
[20, 26214, 69, 89]
[20, 26214, 55, 74]
[20, 26214, 48, 78]
[20, 26214, 64, 50]
[20, 26214, 73, 47]
[20, 26214, 54, 55]
[20, 26214, 43, 61]
[20, 26214, 52, 62]
[20, 26214, 55, 82]
[20, 26214, 38, 55]
[20, 26214, 63, 66]
[20, 26214, 53, 61]
[20, 26214, 66, 48]
[20, 26214, 67, 70]
[20, 26214, 62, 90]
[20, 26214, 67, 51]
[20, 26214, 76, 43]
[20, 26214, 39, 48]
[20, 26214, 64, 67]
[20, 26214, 55, 69]
[20, 26214, 46, 62]
[20, 26214, 68, 67]
[20, 26214, 46, 58]
[20, 26214, 47, 78]
[20, 26214, 58, 61]
[20, 26214, 37, 66]
[20, 26214, 53, 88]
[20, 26214, 41, 53]
[20, 26214, 55, 41]
[20, 26214, 66, 52]
[20, 26214, 65, 82]
[20, 26214, 67, 49]
[20, 26214, 84, 68]
[20, 26214, 57, 87]
[20, 26214, 53, 58]
[20, 26214, 77, 66]
[20, 26214, 58, 51]
[20, 26214, 65, 59]
[20, 26214, 69, 78]
[20, 26214, 75, 62]
[20, 26214, 72, 73]
[20, 26214, 52, 62]
[20, 26214, 80, 60]
[20, 26214, 57, 67]
[20, 26214, 75, 68]
[20, 26214, 63, 55]
[20, 26214, 46, 62]
[20, 26214, 73, 55]
[20, 26214, 56, 67]
[20, 26214, 41, 76]
[20, 26214, 60, 52]
[20, 26214, 78, 76]
[20, 26214, 63, 84]
[20, 26214, 50, 74]
[20, 26214, 53, 68]
[20, 26214, 58, 60]
[20, 26214, 72, 81]
[20, 26214, 56, 52]
[20, 26214, 68, 51]
[20, 26214, 70, 65]
[20, 26214, 78, 50]
[20, 26214, 45, 74]
[25, 32768, 132, 200]
[25, 32768, 199, 178]
[25, 32768, 163, 155]
[25, 32768, 158, 176]
[25, 32768, 178, 148]
[25, 32768, 129, 139]
[25, 32768, 167, 140]
[25, 32768, 181, 130]
[25, 32768, 140, 161]
[25, 32768, 165, 114]
[25, 32768, 128, 179]
[25, 32768, 161, 148]
[25, 32768, 186, 165]
[25, 32768, 153, 168]
[25, 32768, 152, 172]
[25, 32768, 129, 148]
[25, 32768, 162, 152]
[25, 32768, 221, 136]
[25, 32768, 204, 170]
[25, 32768, 163, 140]
[25, 32768, 177, 164]
[25, 32768, 126, 157]
[25, 32768, 181, 159]
[25, 32768, 146, 183]
[25, 32768, 147, 131]
[25, 32768, 180, 147]
[25, 32768, 160, 168]
[25, 32768, 139, 115]
[25, 32768, 202, 140]
[25, 32768, 131, 172]
[25, 32768, 149, 195]
[25, 32768, 149, 164]
[25, 32768, 119, 196]
[25, 32768, 178, 149]
[25, 32768, 178, 143]
[25, 32768, 152, 114]
[25, 32768, 187, 135]
[25, 32768, 201, 179]
[25, 32768, 193, 209]
[25, 32768, 144, 161]
[25, 32768, 137, 189]
[25, 32768, 172, 145]
[25, 32768, 202, 161]
[25, 32768, 154, 169]
[25, 32768, 141, 177]
[25, 32768, 158, 145]
[25, 32768, 139, 165]
[25, 32768, 141, 134]
[25, 32768, 136, 161]
[25, 32768, 150, 155]
[25, 32768, 170, 158]
[25, 32768, 149, 191]
[25, 32768, 128, 228]
[25, 32768, 172, 174]
[25, 32768, 178, 129]
[25, 32768, 136, 137]
[25, 32768, 191, 167]
[25, 32768, 147, 133]
[25, 32768, 123, 162]
[25, 32768, 150, 150]
[25, 32768, 117, 165]
[25, 32768, 166, 185]
[25, 32768, 145, 158]
[25, 32768, 148, 161]
[25, 32768, 162, 176]
[25, 32768, 156, 141]
[25, 32768, 137, 143]
[25, 32768, 186, 158]
[25, 32768, 179, 175]
[25, 32768, 171, 184]
[25, 32768, 170, 167]
[25, 32768, 165, 168]
[25, 32768, 126, 153]
[25, 32768, 159, 127]
[25, 32768, 183, 138]
[25, 32768, 164, 169]
[25, 32768, 161, 185]
[25, 32768, 182, 160]
[25, 32768, 142, 143]
[25, 32768, 138, 152]
[25, 32768, 171, 147]
[25, 32768, 171, 175]
[25, 32768, 206, 152]
[25, 32768, 183, 153]
[25, 32768, 187, 159]
[25, 32768, 164, 160]
[25, 32768, 139, 149]
[25, 32768, 160, 187]
[25, 32768, 148, 115]
[25, 32768, 195, 149]
[25, 32768, 188, 186]
[25, 32768, 168, 163]
[25, 32768, 125, 169]
[25, 32768, 150, 176]
[25, 32768, 177, 201]
[25, 32768, 148, 142]
[25, 32768, 184, 136]
[25, 32768, 154, 157]
[25, 32768, 198, 129]
[25, 32768, 173, 203]
[30, 39321, 325, 360]
[30, 39321, 380, 339]
[30, 39321, 341, 345]
[30, 39321, 335, 337]
[30, 39321, 351, 324]
[30, 39321, 279, 307]
[30, 39321, 375, 261]
[30, 39321, 358, 305]
[30, 39321, 340, 400]
[30, 39321, 340, 293]
[30, 39321, 311, 355]
[30, 39321, 362, 332]
[30, 39321, 356, 334]
[30, 39321, 341, 361]
[30, 39321, 330, 383]
[30, 39321, 363, 322]
[30, 39321, 327, 392]
[30, 39321, 396, 333]
[30, 39321, 384, 306]
[30, 39321, 317, 303]
[30, 39321, 367, 334]
[30, 39321, 295, 313]
[30, 39321, 339, 358]
[30, 39321, 311, 341]
[30, 39321, 335, 322]
[30, 39321, 367, 338]
[30, 39321, 354, 375]
[30, 39321, 303, 287]
[30, 39321, 376, 317]
[30, 39321, 231, 370]
[30, 39321, 329, 386]
[30, 39321, 312, 352]
[30, 39321, 285, 367]
[30, 39321, 352, 329]
[30, 39321, 357, 305]
[30, 39321, 329, 279]
[30, 39321, 386, 298]
[30, 39321, 387, 353]
[30, 39321, 376, 384]
[30, 39321, 350, 373]
[30, 39321, 295, 403]
[30, 39321, 343, 273]
[30, 39321, 342, 304]
[30, 39321, 343, 316]
[30, 39321, 300, 360]
[30, 39321, 319, 334]
[30, 39321, 303, 365]
[30, 39321, 291, 311]
[30, 39321, 279, 365]
[30, 39321, 289, 320]
[30, 39321, 352, 322]
[30, 39321, 328, 344]
[30, 39321, 285, 435]
[30, 39321, 373, 328]
[30, 39321, 329, 310]
[30, 39321, 319, 294]
[30, 39321, 333, 347]
[30, 39321, 326, 306]
[30, 39321, 286, 376]
[30, 39321, 320, 367]
[30, 39321, 301, 342]
[30, 39321, 338, 333]
[30, 39321, 309, 307]
[30, 39321, 319, 347]
[30, 39321, 369, 333]
[30, 39321, 308, 316]
[30, 39321, 270, 335]
[30, 39321, 368, 321]
[30, 39321, 360, 334]
[30, 39321, 372, 380]
[30, 39321, 356, 350]
[30, 39321, 333, 325]
[30, 39321, 282, 393]
[30, 39321, 354, 291]
[30, 39321, 329, 346]
[30, 39321, 346, 373]
[30, 39321, 356, 338]
[30, 39321, 355, 309]
[30, 39321, 319, 353]
[30, 39321, 306, 339]
[30, 39321, 370, 320]
[30, 39321, 367, 351]
[30, 39321, 393, 314]
[30, 39321, 364, 334]
[30, 39321, 350, 313]
[30, 39321, 356, 330]
[30, 39321, 316, 334]
[30, 39321, 344, 348]
[30, 39321, 362, 318]
[30, 39321, 377, 378]
[30, 39321, 355, 357]
[30, 39321, 335, 345]
[30, 39321, 343, 328]
[30, 39321, 332, 333]
[30, 39321, 376, 381]
[30, 39321, 340, 305]
[30, 39321, 366, 342]
[30, 39321, 348, 308]
[30, 39321, 392, 281]
[30, 39321, 349, 347]
[35, 45875, 588, 705]
[35, 45875, 746, 589]
[35, 45875, 610, 579]
[35, 45875, 601, 589]
[35, 45875, 583, 600]
[35, 45875, 562, 583]
[35, 45875, 649, 564]
[35, 45875, 642, 518]
[35, 45875, 641, 682]
[35, 45875, 640, 525]
[35, 45875, 608, 627]
[35, 45875, 663, 547]
[35, 45875, 637, 680]
[35, 45875, 648, 678]
[35, 45875, 642, 679]
[35, 45875, 646, 567]
[35, 45875, 652, 699]
[35, 45875, 687, 608]
[35, 45875, 676, 593]
[35, 45875, 634, 641]
[35, 45875, 613, 585]
[35, 45875, 560, 610]
[35, 45875, 659, 664]
[35, 45875, 593, 618]
[35, 45875, 617, 561]
[35, 45875, 672, 619]
[35, 45875, 636, 621]
[35, 45875, 543, 559]
[35, 45875, 623, 601]
[35, 45875, 516, 622]
[35, 45875, 666, 656]
[35, 45875, 575, 627]
[35, 45875, 601, 643]
[35, 45875, 658, 651]
[35, 45875, 668, 578]
[35, 45875, 662, 544]
[35, 45875, 707, 643]
[35, 45875, 661, 618]
[35, 45875, 639, 710]
[35, 45875, 639, 637]
[35, 45875, 571, 649]
[35, 45875, 636, 572]
[35, 45875, 596, 602]
[35, 45875, 617, 607]
[35, 45875, 566, 664]
[35, 45875, 572, 611]
[35, 45875, 580, 621]
[35, 45875, 503, 597]
[35, 45875, 598, 614]
[35, 45875, 594, 619]
[35, 45875, 605, 569]
[35, 45875, 601, 647]
[35, 45875, 574, 687]
[35, 45875, 666, 607]
[35, 45875, 648, 549]
[35, 45875, 662, 582]
[35, 45875, 583, 627]
[35, 45875, 606, 607]
[35, 45875, 580, 662]
[35, 45875, 606, 652]
[35, 45875, 644, 623]
[35, 45875, 585, 601]
[35, 45875, 627, 553]
[35, 45875, 567, 663]
[35, 45875, 617, 635]
[35, 45875, 590, 589]
[35, 45875, 501, 587]
[35, 45875, 682, 628]
[35, 45875, 659, 600]
[35, 45875, 662, 711]
[35, 45875, 655, 607]
[35, 45875, 635, 644]
[35, 45875, 591, 671]
[35, 45875, 603, 561]
[35, 45875, 600, 680]
[35, 45875, 645, 630]
[35, 45875, 655, 633]
[35, 45875, 616, 606]
[35, 45875, 614, 666]
[35, 45875, 567, 562]
[35, 45875, 638, 614]
[35, 45875, 678, 643]
[35, 45875, 708, 602]
[35, 45875, 620, 627]
[35, 45875, 582, 582]
[35, 45875, 654, 623]
[35, 45875, 633, 585]
[35, 45875, 637, 655]
[35, 45875, 613, 611]
[35, 45875, 632, 635]
[35, 45875, 614, 644]
[35, 45875, 637, 632]
[35, 45875, 660, 646]
[35, 45875, 634, 576]
[35, 45875, 616, 677]
[35, 45875, 614, 618]
[35, 45875, 657, 640]
[35, 45875, 635, 587]
[35, 45875, 728, 564]
[35, 45875, 535, 626]
[40, 52428, 1057, 1086]
[40, 52428, 1182, 944]
[40, 52428, 1021, 1057]
[40, 52428, 945, 927]
[40, 52428, 981, 1014]
[40, 52428, 978, 957]
[40, 52428, 1103, 964]
[40, 52428, 1097, 916]
[40, 52428, 1062, 1123]
[40, 52428, 1069, 992]
[40, 52428, 1028, 1086]
[40, 52428, 1074, 1048]
[40, 52428, 1057, 1068]
[40, 52428, 995, 1148]
[40, 52428, 1070, 1114]
[40, 52428, 1068, 948]
[40, 52428, 1037, 1102]
[40, 52428, 1169, 1048]
[40, 52428, 1102, 1053]
[40, 52428, 1087, 1077]
[40, 52428, 1074, 1024]
[40, 52428, 972, 1114]
[40, 52428, 1018, 1098]
[40, 52428, 1002, 990]
[40, 52428, 950, 972]
[40, 52428, 1071, 1052]
[40, 52428, 1087, 1060]
[40, 52428, 984, 952]
[40, 52428, 1111, 1036]
[40, 52428, 896, 1056]
[40, 52428, 1082, 1089]
[40, 52428, 953, 1039]
[40, 52428, 1040, 1145]
[40, 52428, 1060, 1107]
[40, 52428, 1069, 1056]
[40, 52428, 1081, 1022]
[40, 52428, 1112, 1065]
[40, 52428, 1086, 1062]
[40, 52428, 1055, 1173]
[40, 52428, 1092, 1046]
[40, 52428, 973, 1035]
[40, 52428, 1005, 991]
[40, 52428, 1055, 1023]
[40, 52428, 1115, 1005]
[40, 52428, 992, 1125]
[40, 52428, 991, 1010]
[40, 52428, 1038, 1028]
[40, 52428, 909, 1080]
[40, 52428, 945, 1011]
[40, 52428, 1066, 973]
[40, 52428, 978, 939]
[40, 52428, 1044, 1086]
[40, 52428, 983, 1121]
[40, 52428, 1029, 1081]
[40, 52428, 1047, 994]
[40, 52428, 1025, 1008]
[40, 52428, 1016, 956]
[40, 52428, 1042, 1101]
[40, 52428, 984, 1058]
[40, 52428, 969, 1061]
[40, 52428, 1084, 1062]
[40, 52428, 1040, 981]
[40, 52428, 1046, 1004]
[40, 52428, 997, 1068]
[40, 52428, 1066, 1022]
[40, 52428, 973, 969]
[40, 52428, 934, 984]
[40, 52428, 1143, 1064]
[40, 52428, 1069, 1050]
[40, 52428, 1064, 1079]
[40, 52428, 1146, 1023]
[40, 52428, 1004, 1130]
[40, 52428, 1021, 1104]
[40, 52428, 1024, 995]
[40, 52428, 1076, 1065]
[40, 52428, 1070, 1050]
[40, 52428, 1045, 1107]
[40, 52428, 995, 1079]
[40, 52428, 1010, 1099]
[40, 52428, 1059, 944]
[40, 52428, 1046, 1026]
[40, 52428, 1044, 1107]
[40, 52428, 1116, 1008]
[40, 52428, 1082, 1014]
[40, 52428, 1043, 1041]
[40, 52428, 1119, 1075]
[40, 52428, 1043, 1015]
[40, 52428, 1101, 1141]
[40, 52428, 1019, 1045]
[40, 52428, 1053, 1047]
[40, 52428, 1003, 1128]
[40, 52428, 1081, 1077]
[40, 52428, 1042, 1032]
[40, 52428, 1028, 1026]
[40, 52428, 1057, 1136]
[40, 52428, 1031, 1066]
[40, 52428, 1022, 1123]
[40, 52428, 1033, 985]
[40, 52428, 1115, 947]
[40, 52428, 994, 1077]
