[1, 1310, 0]
[1, 1310, 1]
[1, 1310, 0]
[1, 1310, 1]
[1, 1310, 1]
[1, 1310, 0]
[1, 1310, 3]
[1, 1310, 1]
[1, 1310, 1]
[1, 1310, 1]
[1, 1310, 2]
[1, 1310, 0]
[1, 1310, 1]
[1, 1310, 2]
[1, 1310, 3]
[1, 1310, 0]
[1, 1310, 3]
[1, 1310, 0]
[1, 1310, 5]
[1, 1310, 0]
[1, 1310, 0]
[1, 1310, 0]
[1, 1310, 0]
[1, 1310, 0]
[1, 1310, 0]
[1, 1310, 3]
[1, 1310, 1]
[1, 1310, 1]
[1, 1310, 2]
[1, 1310, 2]
[1, 1310, 0]
[1, 1310, 1]
[1, 1310, 0]
[1, 1310, 2]
[1, 1310, 1]
[1, 1310, 0]
[1, 1310, 1]
[1, 1310, 2]
[1, 1310, 1]
[1, 1310, 0]
[1, 1310, 0]
[1, 1310, 1]
[1, 1310, 4]
[1, 1310, 2]
[1, 1310, 0]
[1, 1310, 1]
[1, 1310, 0]
[1, 1310, 8]
[1, 1310, 0]
[1, 1310, 5]
[1, 1310, 0]
[1, 1310, 1]
[1, 1310, 0]
[1, 1310, 0]
[1, 1310, 3]
[1, 1310, 2]
[1, 1310, 0]
[1, 1310, 3]
[1, 1310, 1]
[1, 1310, 0]
[1, 1310, 3]
[1, 1310, 0]
[1, 1310, 5]
[1, 1310, 2]
[1, 1310, 2]
[1, 1310, 0]
[1, 1310, 2]
[1, 1310, 2]
[1, 1310, 0]
[1, 1310, 2]
[1, 1310, 0]
[1, 1310, 0]
[1, 1310, 0]
[1, 1310, 0]
[1, 1310, 2]
[1, 1310, 1]
[1, 1310, 1]
[1, 1310, 1]
[1, 1310, 4]
[1, 1310, 3]
[1, 1310, 0]
[1, 1310, 1]
[1, 1310, 2]
[1, 1310, 0]
[1, 1310, 0]
[1, 1310, 1]
[1, 1310, 5]
[1, 1310, 0]
[1, 1310, 0]
[1, 1310, 1]
[1, 1310, 1]
[1, 1310, 4]
[1, 1310, 0]
[1, 1310, 0]
[1, 1310, 1]
[1, 1310, 0]
[1, 1310, 2]
[1, 1310, 0]
[1, 1310, 1]
[1, 1310, 1]
[2, 2621, 3]
[2, 2621, 2]
[2, 2621, 5]
[2, 2621, 3]
[2, 2621, 5]
[2, 2621, 2]
[2, 2621, 5]
[2, 2621, 7]
[2, 2621, 4]
[2, 2621, 5]
[2, 2621, 6]
[2, 2621, 2]
[2, 2621, 14]
[2, 2621, 6]
[2, 2621, 9]
[2, 2621, 11]
[2, 2621, 10]
[2, 2621, 0]
[2, 2621, 11]
[2, 2621, 8]
[2, 2621, 5]
[2, 2621, 2]
[2, 2621, 2]
[2, 2621, 8]
[2, 2621, 5]
[2, 2621, 8]
[2, 2621, 3]
[2, 2621, 5]
[2, 2621, 4]
[2, 2621, 6]
[2, 2621, 2]
[2, 2621, 5]
[2, 2621, 5]
[2, 2621, 4]
[2, 2621, 6]
[2, 2621, 1]
[2, 2621, 7]
[2, 2621, 7]
[2, 2621, 2]
[2, 2621, 7]
[2, 2621, 5]
[2, 2621, 6]
[2, 2621, 2]
[2, 2621, 9]
[2, 2621, 6]
[2, 2621, 3]
[2, 2621, 5]
[2, 2621, 16]
[2, 2621, 5]
[2, 2621, 10]
[2, 2621, 1]
[2, 2621, 2]
[2, 2621, 5]
[2, 2621, 1]
[2, 2621, 2]
[2, 2621, 2]
[2, 2621, 2]
[2, 2621, 4]
[2, 2621, 7]
[2, 2621, 3]
[2, 2621, 11]
[2, 2621, 9]
[2, 2621, 8]
[2, 2621, 6]
[2, 2621, 2]
[2, 2621, 7]
[2, 2621, 9]
[2, 2621, 11]
[2, 2621, 2]
[2, 2621, 3]
[2, 2621, 2]
[2, 2621, 5]
[2, 2621, 2]
[2, 2621, 9]
[2, 2621, 5]
[2, 2621, 5]
[2, 2621, 3]
[2, 2621, 7]
[2, 2621, 7]
[2, 2621, 7]
[2, 2621, 3]
[2, 2621, 4]
[2, 2621, 7]
[2, 2621, 1]
[2, 2621, 5]
[2, 2621, 4]
[2, 2621, 7]
[2, 2621, 2]
[2, 2621, 2]
[2, 2621, 10]
[2, 2621, 7]
[2, 2621, 5]
[2, 2621, 3]
[2, 2621, 3]
[2, 2621, 6]
[2, 2621, 0]
[2, 2621, 7]
[2, 2621, 4]
[2, 2621, 5]
[2, 2621, 5]
[5, 6553, 36]
[5, 6553, 38]
[5, 6553, 44]
[5, 6553, 46]
[5, 6553, 58]
[5, 6553, 63]
[5, 6553, 59]
[5, 6553, 67]
[5, 6553, 55]
[5, 6553, 86]
[5, 6553, 57]
[5, 6553, 48]
[5, 6553, 67]
[5, 6553, 41]
[5, 6553, 43]
[5, 6553, 59]
[5, 6553, 64]
[5, 6553, 39]
[5, 6553, 55]
[5, 6553, 62]
[5, 6553, 53]
[5, 6553, 32]
[5, 6553, 50]
[5, 6553, 64]
[5, 6553, 63]
[5, 6553, 45]
[5, 6553, 39]
[5, 6553, 58]
[5, 6553, 68]
[5, 6553, 57]
[5, 6553, 47]
[5, 6553, 45]
[5, 6553, 52]
[5, 6553, 51]
[5, 6553, 55]
[5, 6553, 58]
[5, 6553, 47]
[5, 6553, 60]
[5, 6553, 52]
[5, 6553, 44]
[5, 6553, 47]
[5, 6553, 58]
[5, 6553, 66]
[5, 6553, 51]
[5, 6553, 58]
[5, 6553, 47]
[5, 6553, 47]
[5, 6553, 78]
[5, 6553, 50]
[5, 6553, 48]
[5, 6553, 35]
[5, 6553, 45]
[5, 6553, 32]
[5, 6553, 41]
[5, 6553, 63]
[5, 6553, 54]
[5, 6553, 50]
[5, 6553, 64]
[5, 6553, 52]
[5, 6553, 53]
[5, 6553, 57]
[5, 6553, 55]
[5, 6553, 52]
[5, 6553, 40]
[5, 6553, 49]
[5, 6553, 48]
[5, 6553, 43]
[5, 6553, 72]
[5, 6553, 45]
[5, 6553, 42]
[5, 6553, 53]
[5, 6553, 67]
[5, 6553, 61]
[5, 6553, 59]
[5, 6553, 56]
[5, 6553, 40]
[5, 6553, 36]
[5, 6553, 68]
[5, 6553, 51]
[5, 6553, 53]
[5, 6553, 46]
[5, 6553, 40]
[5, 6553, 51]
[5, 6553, 54]
[5, 6553, 55]
[5, 6553, 51]
[5, 6553, 35]
[5, 6553, 48]
[5, 6553, 57]
[5, 6553, 39]
[5, 6553, 58]
[5, 6553, 45]
[5, 6553, 50]
[5, 6553, 49]
[5, 6553, 51]
[5, 6553, 48]
[5, 6553, 73]
[5, 6553, 54]
[5, 6553, 58]
[5, 6553, 58]
[10, 13107, 325]
[10, 13107, 272]
[10, 13107, 326]
[10, 13107, 333]
[10, 13107, 361]
[10, 13107, 330]
[10, 13107, 289]
[10, 13107, 328]
[10, 13107, 282]
[10, 13107, 363]
[10, 13107, 318]
[10, 13107, 277]
[10, 13107, 341]
[10, 13107, 316]
[10, 13107, 304]
[10, 13107, 298]
[10, 13107, 322]
[10, 13107, 330]
[10, 13107, 308]
[10, 13107, 272]
[10, 13107, 336]
[10, 13107, 317]
[10, 13107, 327]
[10, 13107, 315]
[10, 13107, 338]
[10, 13107, 300]
[10, 13107, 291]
[10, 13107, 366]
[10, 13107, 340]
[10, 13107, 322]
[10, 13107, 269]
[10, 13107, 306]
[10, 13107, 349]
[10, 13107, 291]
[10, 13107, 311]
[10, 13107, 277]
[10, 13107, 303]
[10, 13107, 361]
[10, 13107, 335]
[10, 13107, 268]
[10, 13107, 310]
[10, 13107, 353]
[10, 13107, 300]
[10, 13107, 288]
[10, 13107, 341]
[10, 13107, 299]
[10, 13107, 303]
[10, 13107, 323]
[10, 13107, 305]
[10, 13107, 298]
[10, 13107, 321]
[10, 13107, 281]
[10, 13107, 337]
[10, 13107, 304]
[10, 13107, 313]
[10, 13107, 292]
[10, 13107, 296]
[10, 13107, 320]
[10, 13107, 307]
[10, 13107, 302]
[10, 13107, 276]
[10, 13107, 321]
[10, 13107, 355]
[10, 13107, 281]
[10, 13107, 278]
[10, 13107, 307]
[10, 13107, 333]
[10, 13107, 360]
[10, 13107, 338]
[10, 13107, 300]
[10, 13107, 352]
[10, 13107, 338]
[10, 13107, 355]
[10, 13107, 327]
[10, 13107, 330]
[10, 13107, 305]
[10, 13107, 311]
[10, 13107, 302]
[10, 13107, 311]
[10, 13107, 336]
[10, 13107, 328]
[10, 13107, 283]
[10, 13107, 339]
[10, 13107, 344]
[10, 13107, 274]
[10, 13107, 325]
[10, 13107, 348]
[10, 13107, 307]
[10, 13107, 319]
[10, 13107, 365]
[10, 13107, 336]
[10, 13107, 356]
[10, 13107, 314]
[10, 13107, 288]
[10, 13107, 299]
[10, 13107, 301]
[10, 13107, 328]
[10, 13107, 310]
[10, 13107, 325]
[10, 13107, 302]
[15, 19660, 935]
[15, 19660, 895]
[15, 19660, 894]
[15, 19660, 904]
[15, 19660, 881]
[15, 19660, 887]
[15, 19660, 784]
[15, 19660, 925]
[15, 19660, 909]
[15, 19660, 946]
[15, 19660, 926]
[15, 19660, 809]
[15, 19660, 948]
[15, 19660, 888]
[15, 19660, 931]
[15, 19660, 930]
[15, 19660, 976]
[15, 19660, 940]
[15, 19660, 913]
[15, 19660, 945]
[15, 19660, 870]
[15, 19660, 903]
[15, 19660, 891]
[15, 19660, 885]
[15, 19660, 983]
[15, 19660, 828]
[15, 19660, 855]
[15, 19660, 918]
[15, 19660, 936]
[15, 19660, 868]
[15, 19660, 812]
[15, 19660, 941]
[15, 19660, 917]
[15, 19660, 982]
[15, 19660, 885]
[15, 19660, 791]
[15, 19660, 861]
[15, 19660, 925]
[15, 19660, 942]
[15, 19660, 860]
[15, 19660, 879]
[15, 19660, 960]
[15, 19660, 858]
[15, 19660, 876]
[15, 19660, 877]
[15, 19660, 806]
[15, 19660, 813]
[15, 19660, 877]
[15, 19660, 924]
[15, 19660, 863]
[15, 19660, 901]
[15, 19660, 895]
[15, 19660, 875]
[15, 19660, 775]
[15, 19660, 928]
[15, 19660, 930]
[15, 19660, 863]
[15, 19660, 880]
[15, 19660, 823]
[15, 19660, 867]
[15, 19660, 824]
[15, 19660, 860]
[15, 19660, 910]
[15, 19660, 842]
[15, 19660, 850]
[15, 19660, 925]
[15, 19660, 917]
[15, 19660, 934]
[15, 19660, 929]
[15, 19660, 862]
[15, 19660, 910]
[15, 19660, 914]
[15, 19660, 913]
[15, 19660, 885]
[15, 19660, 825]
[15, 19660, 906]
[15, 19660, 904]
[15, 19660, 954]
[15, 19660, 880]
[15, 19660, 887]
[15, 19660, 856]
[15, 19660, 824]
[15, 19660, 953]
[15, 19660, 879]
[15, 19660, 845]
[15, 19660, 904]
[15, 19660, 863]
[15, 19660, 793]
[15, 19660, 863]
[15, 19660, 978]
[15, 19660, 873]
[15, 19660, 869]
[15, 19660, 909]
[15, 19660, 847]
[15, 19660, 911]
[15, 19660, 839]
[15, 19660, 879]
[15, 19660, 899]
[15, 19660, 872]
[15, 19660, 888]
[20, 26214, 1832]
[20, 26214, 1884]
[20, 26214, 1879]
[20, 26214, 1842]
[20, 26214, 1796]
[20, 26214, 1813]
[20, 26214, 1733]
[20, 26214, 1859]
[20, 26214, 1840]
[20, 26214, 1896]
[20, 26214, 1883]
[20, 26214, 1699]
[20, 26214, 1891]
[20, 26214, 1815]
[20, 26214, 1906]
[20, 26214, 1843]
[20, 26214, 1911]
[20, 26214, 1849]
[20, 26214, 1836]
[20, 26214, 1915]
[20, 26214, 1783]
[20, 26214, 1834]
[20, 26214, 1903]
[20, 26214, 1862]
[20, 26214, 1906]
[20, 26214, 1861]
[20, 26214, 1835]
[20, 26214, 1826]
[20, 26214, 1944]
[20, 26214, 1861]
[20, 26214, 1804]
[20, 26214, 1875]
[20, 26214, 1864]
[20, 26214, 1904]
[20, 26214, 1760]
[20, 26214, 1764]
[20, 26214, 1859]
[20, 26214, 1853]
[20, 26214, 1895]
[20, 26214, 1912]
[20, 26214, 1856]
[20, 26214, 1918]
[20, 26214, 1860]
[20, 26214, 1843]
[20, 26214, 1828]
[20, 26214, 1692]
[20, 26214, 1705]
[20, 26214, 1870]
[20, 26214, 1860]
[20, 26214, 1828]
[20, 26214, 1782]
[20, 26214, 1790]
[20, 26214, 1816]
[20, 26214, 1749]
[20, 26214, 1866]
[20, 26214, 1913]
[20, 26214, 1859]
[20, 26214, 1731]
[20, 26214, 1734]
[20, 26214, 1790]
[20, 26214, 1779]
[20, 26214, 1836]
[20, 26214, 1835]
[20, 26214, 1789]
[20, 26214, 1808]
[20, 26214, 1820]
[20, 26214, 1903]
[20, 26214, 1883]
[20, 26214, 1825]
[20, 26214, 1858]
[20, 26214, 1829]
[20, 26214, 1887]
[20, 26214, 1902]
[20, 26214, 1839]
[20, 26214, 1786]
[20, 26214, 1902]
[20, 26214, 1801]
[20, 26214, 1898]
[20, 26214, 1793]
[20, 26214, 1776]
[20, 26214, 1894]
[20, 26214, 1735]
[20, 26214, 1821]
[20, 26214, 1818]
[20, 26214, 1783]
[20, 26214, 1893]
[20, 26214, 1885]
[20, 26214, 1712]
[20, 26214, 1940]
[20, 26214, 1870]
[20, 26214, 1808]
[20, 26214, 1874]
[20, 26214, 1845]
[20, 26214, 1763]
[20, 26214, 1848]
[20, 26214, 1905]
[20, 26214, 1833]
[20, 26214, 1725]
[20, 26214, 1804]
[20, 26214, 1709]
[25, 32768, 3095]
[25, 32768, 3246]
[25, 32768, 3171]
[25, 32768, 3093]
[25, 32768, 3143]
[25, 32768, 3052]
[25, 32768, 3167]
[25, 32768, 3170]
[25, 32768, 3228]
[25, 32768, 3230]
[25, 32768, 3214]
[25, 32768, 3025]
[25, 32768, 3222]
[25, 32768, 3041]
[25, 32768, 3230]
[25, 32768, 3246]
[25, 32768, 3202]
[25, 32768, 3174]
[25, 32768, 3123]
[25, 32768, 3302]
[25, 32768, 3125]
[25, 32768, 3244]
[25, 32768, 3205]
[25, 32768, 3222]
[25, 32768, 3251]
[25, 32768, 3139]
[25, 32768, 3177]
[25, 32768, 3173]
[25, 32768, 3319]
[25, 32768, 3188]
[25, 32768, 3220]
[25, 32768, 3188]
[25, 32768, 3243]
[25, 32768, 3300]
[25, 32768, 3142]
[25, 32768, 3115]
[25, 32768, 3224]
[25, 32768, 3304]
[25, 32768, 3328]
[25, 32768, 3240]
[25, 32768, 3244]
[25, 32768, 3272]
[25, 32768, 3234]
[25, 32768, 3324]
[25, 32768, 3199]
[25, 32768, 3056]
[25, 32768, 3057]
[25, 32768, 3235]
[25, 32768, 3181]
[25, 32768, 3088]
[25, 32768, 3155]
[25, 32768, 3113]
[25, 32768, 3255]
[25, 32768, 3081]
[25, 32768, 3270]
[25, 32768, 3201]
[25, 32768, 3144]
[25, 32768, 3142]
[25, 32768, 3061]
[25, 32768, 3206]
[25, 32768, 2996]
[25, 32768, 3189]
[25, 32768, 3238]
[25, 32768, 3058]
[25, 32768, 3163]
[25, 32768, 3136]
[25, 32768, 3292]
[25, 32768, 3218]
[25, 32768, 3109]
[25, 32768, 3222]
[25, 32768, 3217]
[25, 32768, 3197]
[25, 32768, 3199]
[25, 32768, 3119]
[25, 32768, 3098]
[25, 32768, 3322]
[25, 32768, 3195]
[25, 32768, 3164]
[25, 32768, 3153]
[25, 32768, 3142]
[25, 32768, 3249]
[25, 32768, 3103]
[25, 32768, 3120]
[25, 32768, 3130]
[25, 32768, 3126]
[25, 32768, 3184]
[25, 32768, 3165]
[25, 32768, 3057]
[25, 32768, 3291]
[25, 32768, 3171]
[25, 32768, 3072]
[25, 32768, 3177]
[25, 32768, 3177]
[25, 32768, 3083]
[25, 32768, 3231]
[25, 32768, 3263]
[25, 32768, 3051]
[25, 32768, 3067]
[25, 32768, 3267]
[25, 32768, 3081]
[30, 39321, 4984]
[30, 39321, 4947]
[30, 39321, 4963]
[30, 39321, 4860]
[30, 39321, 4896]
[30, 39321, 4781]
[30, 39321, 4766]
[30, 39321, 4852]
[30, 39321, 4876]
[30, 39321, 5063]
[30, 39321, 4978]
[30, 39321, 4729]
[30, 39321, 4982]
[30, 39321, 4780]
[30, 39321, 4946]
[30, 39321, 4826]
[30, 39321, 4916]
[30, 39321, 4962]
[30, 39321, 4908]
[30, 39321, 4990]
[30, 39321, 4857]
[30, 39321, 4958]
[30, 39321, 4995]
[30, 39321, 5002]
[30, 39321, 5064]
[30, 39321, 4967]
[30, 39321, 4885]
[30, 39321, 4866]
[30, 39321, 5062]
[30, 39321, 4881]
[30, 39321, 4830]
[30, 39321, 4911]
[30, 39321, 5024]
[30, 39321, 5054]
[30, 39321, 4932]
[30, 39321, 4959]
[30, 39321, 4987]
[30, 39321, 4976]
[30, 39321, 5114]
[30, 39321, 4967]
[30, 39321, 4946]
[30, 39321, 5023]
[30, 39321, 4873]
[30, 39321, 4972]
[30, 39321, 4926]
[30, 39321, 4853]
[30, 39321, 4803]
[30, 39321, 4924]
[30, 39321, 4943]
[30, 39321, 4850]
[30, 39321, 4973]
[30, 39321, 4856]
[30, 39321, 4995]
[30, 39321, 4756]
[30, 39321, 4983]
[30, 39321, 4870]
[30, 39321, 4881]
[30, 39321, 4850]
[30, 39321, 4675]
[30, 39321, 5024]
[30, 39321, 4851]
[30, 39321, 4892]
[30, 39321, 4992]
[30, 39321, 4922]
[30, 39321, 4917]
[30, 39321, 4926]
[30, 39321, 4951]
[30, 39321, 4954]
[30, 39321, 4921]
[30, 39321, 4973]
[30, 39321, 4984]
[30, 39321, 4987]
[30, 39321, 4957]
[30, 39321, 4876]
[30, 39321, 4791]
[30, 39321, 5017]
[30, 39321, 4884]
[30, 39321, 4937]
[30, 39321, 4852]
[30, 39321, 4847]
[30, 39321, 4838]
[30, 39321, 4789]
[30, 39321, 4848]
[30, 39321, 4755]
[30, 39321, 4866]
[30, 39321, 5014]
[30, 39321, 4992]
[30, 39321, 4773]
[30, 39321, 5090]
[30, 39321, 4956]
[30, 39321, 4850]
[30, 39321, 4915]
[30, 39321, 4863]
[30, 39321, 4827]
[30, 39321, 5021]
[30, 39321, 5042]
[30, 39321, 4692]
[30, 39321, 4867]
[30, 39321, 4962]
[30, 39321, 4843]
[35, 45875, 7106]
[35, 45875, 7117]
[35, 45875, 7057]
[35, 45875, 6949]
[35, 45875, 6880]
[35, 45875, 6810]
[35, 45875, 6874]
[35, 45875, 6976]
[35, 45875, 7006]
[35, 45875, 7231]
[35, 45875, 7151]
[35, 45875, 6853]
[35, 45875, 7011]
[35, 45875, 6863]
[35, 45875, 7101]
[35, 45875, 6943]
[35, 45875, 7006]
[35, 45875, 7031]
[35, 45875, 6995]
[35, 45875, 7127]
[35, 45875, 6984]
[35, 45875, 7026]
[35, 45875, 7075]
[35, 45875, 7135]
[35, 45875, 7056]
[35, 45875, 7061]
[35, 45875, 6988]
[35, 45875, 6984]
[35, 45875, 7168]
[35, 45875, 6930]
[35, 45875, 7025]
[35, 45875, 7044]
[35, 45875, 7065]
[35, 45875, 7276]
[35, 45875, 6943]
[35, 45875, 6970]
[35, 45875, 6940]
[35, 45875, 6980]
[35, 45875, 7294]
[35, 45875, 7029]
[35, 45875, 7093]
[35, 45875, 7056]
[35, 45875, 7118]
[35, 45875, 7171]
[35, 45875, 7016]
[35, 45875, 6971]
[35, 45875, 6843]
[35, 45875, 6993]
[35, 45875, 7007]
[35, 45875, 6865]
[35, 45875, 6931]
[35, 45875, 6795]
[35, 45875, 7034]
[35, 45875, 6889]
[35, 45875, 6969]
[35, 45875, 6935]
[35, 45875, 7058]
[35, 45875, 7034]
[35, 45875, 6812]
[35, 45875, 7165]
[35, 45875, 7131]
[35, 45875, 6978]
[35, 45875, 7044]
[35, 45875, 7071]
[35, 45875, 7021]
[35, 45875, 7007]
[35, 45875, 6979]
[35, 45875, 7011]
[35, 45875, 6911]
[35, 45875, 7193]
[35, 45875, 6986]
[35, 45875, 7083]
[35, 45875, 6969]
[35, 45875, 7066]
[35, 45875, 6880]
[35, 45875, 7077]
[35, 45875, 6912]
[35, 45875, 7017]
[35, 45875, 6940]
[35, 45875, 6981]
[35, 45875, 6930]
[35, 45875, 6859]
[35, 45875, 6968]
[35, 45875, 6891]
[35, 45875, 7055]
[35, 45875, 7064]
[35, 45875, 7063]
[35, 45875, 6822]
[35, 45875, 7110]
[35, 45875, 7030]
[35, 45875, 6993]
[35, 45875, 7026]
[35, 45875, 7021]
[35, 45875, 6934]
[35, 45875, 7170]
[35, 45875, 7181]
[35, 45875, 6761]
[35, 45875, 6887]
[35, 45875, 6963]
[35, 45875, 6902]
[40, 52428, 9495]
[40, 52428, 9561]
[40, 52428, 9517]
[40, 52428, 9447]
[40, 52428, 9401]
[40, 52428, 9332]
[40, 52428, 9307]
[40, 52428, 9541]
[40, 52428, 9535]
[40, 52428, 9721]
[40, 52428, 9536]
[40, 52428, 9259]
[40, 52428, 9239]
[40, 52428, 9306]
[40, 52428, 9550]
[40, 52428, 9279]
[40, 52428, 9424]
[40, 52428, 9526]
[40, 52428, 9618]
[40, 52428, 9408]
[40, 52428, 9295]
[40, 52428, 9456]
[40, 52428, 9504]
[40, 52428, 9648]
[40, 52428, 9497]
[40, 52428, 9630]
[40, 52428, 9382]
[40, 52428, 9358]
[40, 52428, 9629]
[40, 52428, 9286]
[40, 52428, 9386]
[40, 52428, 9408]
[40, 52428, 9510]
[40, 52428, 9724]
[40, 52428, 9328]
[40, 52428, 9451]
[40, 52428, 9336]
[40, 52428, 9456]
[40, 52428, 9744]
[40, 52428, 9430]
[40, 52428, 9505]
[40, 52428, 9487]
[40, 52428, 9487]
[40, 52428, 9637]
[40, 52428, 9581]
[40, 52428, 9374]
[40, 52428, 9394]
[40, 52428, 9519]
[40, 52428, 9441]
[40, 52428, 9328]
[40, 52428, 9361]
[40, 52428, 9205]
[40, 52428, 9524]
[40, 52428, 9400]
[40, 52428, 9444]
[40, 52428, 9386]
[40, 52428, 9432]
[40, 52428, 9533]
[40, 52428, 9239]
[40, 52428, 9668]
[40, 52428, 9528]
[40, 52428, 9344]
[40, 52428, 9476]
[40, 52428, 9566]
[40, 52428, 9433]
[40, 52428, 9443]
[40, 52428, 9575]
[40, 52428, 9529]
[40, 52428, 9401]
[40, 52428, 9521]
[40, 52428, 9397]
[40, 52428, 9516]
[40, 52428, 9506]
[40, 52428, 9465]
[40, 52428, 9332]
[40, 52428, 9451]
[40, 52428, 9382]
[40, 52428, 9482]
[40, 52428, 9351]
[40, 52428, 9552]
[40, 52428, 9294]
[40, 52428, 9265]
[40, 52428, 9343]
[40, 52428, 9339]
[40, 52428, 9535]
[40, 52428, 9537]
[40, 52428, 9480]
[40, 52428, 9259]
[40, 52428, 9410]
[40, 52428, 9472]
[40, 52428, 9480]
[40, 52428, 9489]
[40, 52428, 9227]
[40, 52428, 9240]
[40, 52428, 9641]
[40, 52428, 9573]
[40, 52428, 9222]
[40, 52428, 9351]
[40, 52428, 9412]
[40, 52428, 9417]
