[1, 1310, 0]
[1, 1310, 0]
[1, 1310, 0]
[1, 1310, 0]
[1, 1310, 0]
[1, 1310, 0]
[1, 1310, 0]
[1, 1310, 0]
[1, 1310, 0]
[1, 1310, 0]
[1, 1310, 0]
[1, 1310, 0]
[1, 1310, 0]
[1, 1310, 0]
[1, 1310, 0]
[1, 1310, 0]
[1, 1310, 0]
[1, 1310, 0]
[1, 1310, 0]
[1, 1310, 0]
[1, 1310, 0]
[1, 1310, 0]
[1, 1310, 0]
[1, 1310, 0]
[1, 1310, 0]
[1, 1310, 0]
[1, 1310, 0]
[1, 1310, 0]
[1, 1310, 0]
[1, 1310, 0]
[1, 1310, 0]
[1, 1310, 0]
[1, 1310, 0]
[1, 1310, 0]
[1, 1310, 0]
[1, 1310, 0]
[1, 1310, 0]
[1, 1310, 0]
[1, 1310, 0]
[1, 1310, 0]
[1, 1310, 0]
[1, 1310, 0]
[1, 1310, 0]
[1, 1310, 0]
[1, 1310, 0]
[1, 1310, 0]
[1, 1310, 0]
[1, 1310, 0]
[1, 1310, 0]
[1, 1310, 0]
[1, 1310, 0]
[1, 1310, 0]
[1, 1310, 0]
[1, 1310, 0]
[1, 1310, 0]
[1, 1310, 0]
[1, 1310, 0]
[1, 1310, 0]
[1, 1310, 0]
[1, 1310, 0]
[1, 1310, 0]
[1, 1310, 0]
[1, 1310, 0]
[1, 1310, 0]
[1, 1310, 0]
[1, 1310, 0]
[1, 1310, 0]
[1, 1310, 0]
[1, 1310, 0]
[1, 1310, 0]
[1, 1310, 0]
[1, 1310, 0]
[1, 1310, 0]
[1, 1310, 0]
[1, 1310, 0]
[1, 1310, 0]
[1, 1310, 0]
[1, 1310, 0]
[1, 1310, 0]
[1, 1310, 0]
[1, 1310, 0]
[1, 1310, 0]
[1, 1310, 0]
[1, 1310, 0]
[1, 1310, 0]
[1, 1310, 0]
[1, 1310, 0]
[1, 1310, 0]
[1, 1310, 0]
[1, 1310, 0]
[1, 1310, 0]
[1, 1310, 0]
[1, 1310, 0]
[1, 1310, 0]
[1, 1310, 0]
[1, 1310, 0]
[1, 1310, 0]
[1, 1310, 0]
[1, 1310, 0]
[1, 1310, 0]
[2, 2621, 0]
[2, 2621, 0]
[2, 2621, 0]
[2, 2621, 0]
[2, 2621, 0]
[2, 2621, 0]
[2, 2621, 0]
[2, 2621, 0]
[2, 2621, 0]
[2, 2621, 0]
[2, 2621, 0]
[2, 2621, 0]
[2, 2621, 0]
[2, 2621, 0]
[2, 2621, 0]
[2, 2621, 0]
[2, 2621, 0]
[2, 2621, 0]
[2, 2621, 0]
[2, 2621, 0]
[2, 2621, 0]
[2, 2621, 0]
[2, 2621, 0]
[2, 2621, 0]
[2, 2621, 0]
[2, 2621, 0]
[2, 2621, 0]
[2, 2621, 0]
[2, 2621, 0]
[2, 2621, 0]
[2, 2621, 0]
[2, 2621, 0]
[2, 2621, 0]
[2, 2621, 0]
[2, 2621, 0]
[2, 2621, 0]
[2, 2621, 0]
[2, 2621, 0]
[2, 2621, 0]
[2, 2621, 0]
[2, 2621, 0]
[2, 2621, 0]
[2, 2621, 0]
[2, 2621, 0]
[2, 2621, 0]
[2, 2621, 0]
[2, 2621, 0]
[2, 2621, 0]
[2, 2621, 0]
[2, 2621, 0]
[2, 2621, 0]
[2, 2621, 0]
[2, 2621, 0]
[2, 2621, 0]
[2, 2621, 0]
[2, 2621, 0]
[2, 2621, 0]
[2, 2621, 0]
[2, 2621, 0]
[2, 2621, 0]
[2, 2621, 0]
[2, 2621, 0]
[2, 2621, 0]
[2, 2621, 0]
[2, 2621, 0]
[2, 2621, 0]
[2, 2621, 0]
[2, 2621, 0]
[2, 2621, 0]
[2, 2621, 0]
[2, 2621, 0]
[2, 2621, 0]
[2, 2621, 0]
[2, 2621, 0]
[2, 2621, 0]
[2, 2621, 0]
[2, 2621, 0]
[2, 2621, 0]
[2, 2621, 0]
[2, 2621, 0]
[2, 2621, 0]
[2, 2621, 0]
[2, 2621, 0]
[2, 2621, 0]
[2, 2621, 0]
[2, 2621, 0]
[2, 2621, 0]
[2, 2621, 0]
[2, 2621, 0]
[2, 2621, 0]
[2, 2621, 0]
[2, 2621, 0]
[2, 2621, 0]
[2, 2621, 0]
[2, 2621, 0]
[2, 2621, 0]
[2, 2621, 0]
[2, 2621, 0]
[2, 2621, 0]
[2, 2621, 0]
[5, 6553, 0]
[5, 6553, 0]
[5, 6553, 0]
[5, 6553, 0]
[5, 6553, 0]
[5, 6553, 0]
[5, 6553, 0]
[5, 6553, 0]
[5, 6553, 0]
[5, 6553, 0]
[5, 6553, 0]
[5, 6553, 0]
[5, 6553, 0]
[5, 6553, 0]
[5, 6553, 0]
[5, 6553, 0]
[5, 6553, 0]
[5, 6553, 0]
[5, 6553, 0]
[5, 6553, 0]
[5, 6553, 0]
[5, 6553, 0]
[5, 6553, 0]
[5, 6553, 0]
[5, 6553, 0]
[5, 6553, 0]
[5, 6553, 0]
[5, 6553, 0]
[5, 6553, 0]
[5, 6553, 0]
[5, 6553, 1]
[5, 6553, 0]
[5, 6553, 0]
[5, 6553, 0]
[5, 6553, 0]
[5, 6553, 3]
[5, 6553, 0]
[5, 6553, 0]
[5, 6553, 0]
[5, 6553, 0]
[5, 6553, 1]
[5, 6553, 0]
[5, 6553, 0]
[5, 6553, 1]
[5, 6553, 0]
[5, 6553, 0]
[5, 6553, 0]
[5, 6553, 0]
[5, 6553, 0]
[5, 6553, 0]
[5, 6553, 0]
[5, 6553, 0]
[5, 6553, 0]
[5, 6553, 0]
[5, 6553, 0]
[5, 6553, 0]
[5, 6553, 0]
[5, 6553, 0]
[5, 6553, 0]
[5, 6553, 0]
[5, 6553, 0]
[5, 6553, 0]
[5, 6553, 0]
[5, 6553, 2]
[5, 6553, 0]
[5, 6553, 0]
[5, 6553, 0]
[5, 6553, 0]
[5, 6553, 0]
[5, 6553, 0]
[5, 6553, 1]
[5, 6553, 0]
[5, 6553, 1]
[5, 6553, 0]
[5, 6553, 3]
[5, 6553, 0]
[5, 6553, 0]
[5, 6553, 0]
[5, 6553, 0]
[5, 6553, 0]
[5, 6553, 0]
[5, 6553, 0]
[5, 6553, 0]
[5, 6553, 0]
[5, 6553, 0]
[5, 6553, 0]
[5, 6553, 0]
[5, 6553, 0]
[5, 6553, 0]
[5, 6553, 0]
[5, 6553, 0]
[5, 6553, 0]
[5, 6553, 0]
[5, 6553, 0]
[5, 6553, 0]
[5, 6553, 0]
[5, 6553, 0]
[5, 6553, 0]
[5, 6553, 0]
[5, 6553, 1]
[10, 13107, 0]
[10, 13107, 3]
[10, 13107, 3]
[10, 13107, 3]
[10, 13107, 1]
[10, 13107, 2]
[10, 13107, 0]
[10, 13107, 5]
[10, 13107, 6]
[10, 13107, 1]
[10, 13107, 0]
[10, 13107, 0]
[10, 13107, 8]
[10, 13107, 5]
[10, 13107, 1]
[10, 13107, 0]
[10, 13107, 3]
[10, 13107, 1]
[10, 13107, 0]
[10, 13107, 4]
[10, 13107, 3]
[10, 13107, 0]
[10, 13107, 1]
[10, 13107, 3]
[10, 13107, 1]
[10, 13107, 0]
[10, 13107, 1]
[10, 13107, 0]
[10, 13107, 0]
[10, 13107, 0]
[10, 13107, 1]
[10, 13107, 3]
[10, 13107, 2]
[10, 13107, 0]
[10, 13107, 0]
[10, 13107, 6]
[10, 13107, 1]
[10, 13107, 0]
[10, 13107, 3]
[10, 13107, 7]
[10, 13107, 9]
[10, 13107, 4]
[10, 13107, 4]
[10, 13107, 4]
[10, 13107, 1]
[10, 13107, 0]
[10, 13107, 4]
[10, 13107, 3]
[10, 13107, 2]
[10, 13107, 2]
[10, 13107, 7]
[10, 13107, 2]
[10, 13107, 1]
[10, 13107, 2]
[10, 13107, 1]
[10, 13107, 3]
[10, 13107, 1]
[10, 13107, 7]
[10, 13107, 0]
[10, 13107, 1]
[10, 13107, 2]
[10, 13107, 6]
[10, 13107, 1]
[10, 13107, 4]
[10, 13107, 1]
[10, 13107, 0]
[10, 13107, 2]
[10, 13107, 2]
[10, 13107, 0]
[10, 13107, 3]
[10, 13107, 5]
[10, 13107, 4]
[10, 13107, 2]
[10, 13107, 1]
[10, 13107, 2]
[10, 13107, 3]
[10, 13107, 2]
[10, 13107, 5]
[10, 13107, 5]
[10, 13107, 1]
[10, 13107, 9]
[10, 13107, 0]
[10, 13107, 1]
[10, 13107, 3]
[10, 13107, 2]
[10, 13107, 3]
[10, 13107, 1]
[10, 13107, 0]
[10, 13107, 0]
[10, 13107, 4]
[10, 13107, 5]
[10, 13107, 0]
[10, 13107, 4]
[10, 13107, 4]
[10, 13107, 0]
[10, 13107, 1]
[10, 13107, 6]
[10, 13107, 8]
[10, 13107, 0]
[10, 13107, 2]
[15, 19660, 23]
[15, 19660, 28]
[15, 19660, 23]
[15, 19660, 18]
[15, 19660, 15]
[15, 19660, 21]
[15, 19660, 26]
[15, 19660, 21]
[15, 19660, 9]
[15, 19660, 20]
[15, 19660, 18]
[15, 19660, 4]
[15, 19660, 23]
[15, 19660, 18]
[15, 19660, 15]
[15, 19660, 14]
[15, 19660, 8]
[15, 19660, 14]
[15, 19660, 7]
[15, 19660, 12]
[15, 19660, 9]
[15, 19660, 9]
[15, 19660, 13]
[15, 19660, 15]
[15, 19660, 12]
[15, 19660, 12]
[15, 19660, 17]
[15, 19660, 12]
[15, 19660, 5]
[15, 19660, 10]
[15, 19660, 14]
[15, 19660, 28]
[15, 19660, 14]
[15, 19660, 17]
[15, 19660, 9]
[15, 19660, 14]
[15, 19660, 20]
[15, 19660, 17]
[15, 19660, 14]
[15, 19660, 15]
[15, 19660, 20]
[15, 19660, 30]
[15, 19660, 15]
[15, 19660, 28]
[15, 19660, 23]
[15, 19660, 15]
[15, 19660, 17]
[15, 19660, 10]
[15, 19660, 14]
[15, 19660, 16]
[15, 19660, 24]
[15, 19660, 12]
[15, 19660, 18]
[15, 19660, 16]
[15, 19660, 13]
[15, 19660, 21]
[15, 19660, 15]
[15, 19660, 27]
[15, 19660, 8]
[15, 19660, 10]
[15, 19660, 21]
[15, 19660, 23]
[15, 19660, 10]
[15, 19660, 13]
[15, 19660, 10]
[15, 19660, 16]
[15, 19660, 9]
[15, 19660, 16]
[15, 19660, 11]
[15, 19660, 20]
[15, 19660, 14]
[15, 19660, 21]
[15, 19660, 8]
[15, 19660, 24]
[15, 19660, 20]
[15, 19660, 14]
[15, 19660, 12]
[15, 19660, 22]
[15, 19660, 16]
[15, 19660, 12]
[15, 19660, 16]
[15, 19660, 19]
[15, 19660, 12]
[15, 19660, 16]
[15, 19660, 21]
[15, 19660, 23]
[15, 19660, 19]
[15, 19660, 11]
[15, 19660, 17]
[15, 19660, 17]
[15, 19660, 20]
[15, 19660, 16]
[15, 19660, 25]
[15, 19660, 12]
[15, 19660, 13]
[15, 19660, 10]
[15, 19660, 15]
[15, 19660, 16]
[15, 19660, 17]
[15, 19660, 13]
[20, 26214, 59]
[20, 26214, 55]
[20, 26214, 74]
[20, 26214, 57]
[20, 26214, 57]
[20, 26214, 69]
[20, 26214, 61]
[20, 26214, 60]
[20, 26214, 50]
[20, 26214, 59]
[20, 26214, 56]
[20, 26214, 57]
[20, 26214, 60]
[20, 26214, 44]
[20, 26214, 42]
[20, 26214, 38]
[20, 26214, 43]
[20, 26214, 58]
[20, 26214, 26]
[20, 26214, 62]
[20, 26214, 29]
[20, 26214, 42]
[20, 26214, 49]
[20, 26214, 64]
[20, 26214, 54]
[20, 26214, 50]
[20, 26214, 52]
[20, 26214, 49]
[20, 26214, 34]
[20, 26214, 48]
[20, 26214, 55]
[20, 26214, 71]
[20, 26214, 63]
[20, 26214, 89]
[20, 26214, 32]
[20, 26214, 47]
[20, 26214, 45]
[20, 26214, 59]
[20, 26214, 55]
[20, 26214, 69]
[20, 26214, 60]
[20, 26214, 62]
[20, 26214, 41]
[20, 26214, 59]
[20, 26214, 62]
[20, 26214, 74]
[20, 26214, 81]
[20, 26214, 43]
[20, 26214, 76]
[20, 26214, 52]
[20, 26214, 88]
[20, 26214, 32]
[20, 26214, 56]
[20, 26214, 59]
[20, 26214, 53]
[20, 26214, 63]
[20, 26214, 44]
[20, 26214, 64]
[20, 26214, 42]
[20, 26214, 61]
[20, 26214, 55]
[20, 26214, 47]
[20, 26214, 51]
[20, 26214, 44]
[20, 26214, 48]
[20, 26214, 31]
[20, 26214, 41]
[20, 26214, 62]
[20, 26214, 46]
[20, 26214, 54]
[20, 26214, 45]
[20, 26214, 58]
[20, 26214, 57]
[20, 26214, 58]
[20, 26214, 44]
[20, 26214, 62]
[20, 26214, 60]
[20, 26214, 75]
[20, 26214, 60]
[20, 26214, 54]
[20, 26214, 50]
[20, 26214, 54]
[20, 26214, 57]
[20, 26214, 50]
[20, 26214, 58]
[20, 26214, 66]
[20, 26214, 68]
[20, 26214, 58]
[20, 26214, 55]
[20, 26214, 65]
[20, 26214, 70]
[20, 26214, 45]
[20, 26214, 64]
[20, 26214, 40]
[20, 26214, 54]
[20, 26214, 53]
[20, 26214, 56]
[20, 26214, 53]
[20, 26214, 43]
[20, 26214, 50]
[25, 32768, 128]
[25, 32768, 153]
[25, 32768, 166]
[25, 32768, 130]
[25, 32768, 143]
[25, 32768, 159]
[25, 32768, 139]
[25, 32768, 160]
[25, 32768, 132]
[25, 32768, 166]
[25, 32768, 126]
[25, 32768, 143]
[25, 32768, 147]
[25, 32768, 134]
[25, 32768, 103]
[25, 32768, 119]
[25, 32768, 117]
[25, 32768, 117]
[25, 32768, 96]
[25, 32768, 149]
[25, 32768, 104]
[25, 32768, 118]
[25, 32768, 134]
[25, 32768, 169]
[25, 32768, 144]
[25, 32768, 129]
[25, 32768, 145]
[25, 32768, 147]
[25, 32768, 126]
[25, 32768, 104]
[25, 32768, 125]
[25, 32768, 136]
[25, 32768, 140]
[25, 32768, 192]
[25, 32768, 138]
[25, 32768, 149]
[25, 32768, 144]
[25, 32768, 127]
[25, 32768, 145]
[25, 32768, 169]
[25, 32768, 106]
[25, 32768, 165]
[25, 32768, 124]
[25, 32768, 158]
[25, 32768, 132]
[25, 32768, 168]
[25, 32768, 153]
[25, 32768, 116]
[25, 32768, 155]
[25, 32768, 141]
[25, 32768, 167]
[25, 32768, 127]
[25, 32768, 171]
[25, 32768, 157]
[25, 32768, 146]
[25, 32768, 174]
[25, 32768, 153]
[25, 32768, 163]
[25, 32768, 136]
[25, 32768, 181]
[25, 32768, 152]
[25, 32768, 146]
[25, 32768, 115]
[25, 32768, 136]
[25, 32768, 159]
[25, 32768, 123]
[25, 32768, 136]
[25, 32768, 150]
[25, 32768, 120]
[25, 32768, 140]
[25, 32768, 130]
[25, 32768, 153]
[25, 32768, 154]
[25, 32768, 177]
[25, 32768, 131]
[25, 32768, 155]
[25, 32768, 131]
[25, 32768, 186]
[25, 32768, 147]
[25, 32768, 146]
[25, 32768, 150]
[25, 32768, 134]
[25, 32768, 137]
[25, 32768, 117]
[25, 32768, 133]
[25, 32768, 157]
[25, 32768, 162]
[25, 32768, 177]
[25, 32768, 178]
[25, 32768, 133]
[25, 32768, 158]
[25, 32768, 142]
[25, 32768, 150]
[25, 32768, 131]
[25, 32768, 159]
[25, 32768, 124]
[25, 32768, 166]
[25, 32768, 137]
[25, 32768, 138]
[25, 32768, 142]
[30, 39321, 309]
[30, 39321, 319]
[30, 39321, 305]
[30, 39321, 307]
[30, 39321, 318]
[30, 39321, 318]
[30, 39321, 303]
[30, 39321, 342]
[30, 39321, 305]
[30, 39321, 347]
[30, 39321, 302]
[30, 39321, 329]
[30, 39321, 305]
[30, 39321, 272]
[30, 39321, 233]
[30, 39321, 279]
[30, 39321, 300]
[30, 39321, 257]
[30, 39321, 249]
[30, 39321, 344]
[30, 39321, 238]
[30, 39321, 292]
[30, 39321, 281]
[30, 39321, 348]
[30, 39321, 336]
[30, 39321, 305]
[30, 39321, 292]
[30, 39321, 309]
[30, 39321, 245]
[30, 39321, 238]
[30, 39321, 302]
[30, 39321, 291]
[30, 39321, 302]
[30, 39321, 393]
[30, 39321, 277]
[30, 39321, 299]
[30, 39321, 312]
[30, 39321, 306]
[30, 39321, 284]
[30, 39321, 310]
[30, 39321, 260]
[30, 39321, 301]
[30, 39321, 290]
[30, 39321, 307]
[30, 39321, 310]
[30, 39321, 321]
[30, 39321, 312]
[30, 39321, 265]
[30, 39321, 313]
[30, 39321, 284]
[30, 39321, 344]
[30, 39321, 285]
[30, 39321, 344]
[30, 39321, 334]
[30, 39321, 304]
[30, 39321, 367]
[30, 39321, 345]
[30, 39321, 350]
[30, 39321, 331]
[30, 39321, 359]
[30, 39321, 304]
[30, 39321, 306]
[30, 39321, 305]
[30, 39321, 289]
[30, 39321, 304]
[30, 39321, 261]
[30, 39321, 310]
[30, 39321, 320]
[30, 39321, 271]
[30, 39321, 336]
[30, 39321, 277]
[30, 39321, 323]
[30, 39321, 324]
[30, 39321, 316]
[30, 39321, 295]
[30, 39321, 287]
[30, 39321, 316]
[30, 39321, 353]
[30, 39321, 297]
[30, 39321, 298]
[30, 39321, 294]
[30, 39321, 286]
[30, 39321, 315]
[30, 39321, 267]
[30, 39321, 295]
[30, 39321, 282]
[30, 39321, 337]
[30, 39321, 319]
[30, 39321, 318]
[30, 39321, 304]
[30, 39321, 330]
[30, 39321, 306]
[30, 39321, 307]
[30, 39321, 284]
[30, 39321, 281]
[30, 39321, 281]
[30, 39321, 342]
[30, 39321, 279]
[30, 39321, 286]
[30, 39321, 305]
[35, 45875, 584]
[35, 45875, 583]
[35, 45875, 561]
[35, 45875, 570]
[35, 45875, 585]
[35, 45875, 574]
[35, 45875, 555]
[35, 45875, 570]
[35, 45875, 582]
[35, 45875, 653]
[35, 45875, 591]
[35, 45875, 605]
[35, 45875, 573]
[35, 45875, 547]
[35, 45875, 547]
[35, 45875, 545]
[35, 45875, 554]
[35, 45875, 475]
[35, 45875, 498]
[35, 45875, 587]
[35, 45875, 517]
[35, 45875, 593]
[35, 45875, 567]
[35, 45875, 612]
[35, 45875, 592]
[35, 45875, 550]
[35, 45875, 547]
[35, 45875, 596]
[35, 45875, 511]
[35, 45875, 517]
[35, 45875, 563]
[35, 45875, 589]
[35, 45875, 599]
[35, 45875, 675]
[35, 45875, 550]
[35, 45875, 537]
[35, 45875, 535]
[35, 45875, 561]
[35, 45875, 610]
[35, 45875, 608]
[35, 45875, 471]
[35, 45875, 582]
[35, 45875, 550]
[35, 45875, 584]
[35, 45875, 562]
[35, 45875, 581]
[35, 45875, 555]
[35, 45875, 530]
[35, 45875, 595]
[35, 45875, 525]
[35, 45875, 569]
[35, 45875, 552]
[35, 45875, 631]
[35, 45875, 587]
[35, 45875, 512]
[35, 45875, 596]
[35, 45875, 624]
[35, 45875, 614]
[35, 45875, 563]
[35, 45875, 610]
[35, 45875, 580]
[35, 45875, 621]
[35, 45875, 568]
[35, 45875, 530]
[35, 45875, 565]
[35, 45875, 537]
[35, 45875, 566]
[35, 45875, 607]
[35, 45875, 507]
[35, 45875, 582]
[35, 45875, 531]
[35, 45875, 589]
[35, 45875, 574]
[35, 45875, 600]
[35, 45875, 544]
[35, 45875, 606]
[35, 45875, 621]
[35, 45875, 596]
[35, 45875, 566]
[35, 45875, 541]
[35, 45875, 540]
[35, 45875, 546]
[35, 45875, 581]
[35, 45875, 558]
[35, 45875, 571]
[35, 45875, 574]
[35, 45875, 609]
[35, 45875, 630]
[35, 45875, 589]
[35, 45875, 538]
[35, 45875, 611]
[35, 45875, 576]
[35, 45875, 521]
[35, 45875, 551]
[35, 45875, 585]
[35, 45875, 554]
[35, 45875, 615]
[35, 45875, 575]
[35, 45875, 525]
[35, 45875, 579]
[40, 52428, 989]
[40, 52428, 964]
[40, 52428, 962]
[40, 52428, 997]
[40, 52428, 1034]
[40, 52428, 932]
[40, 52428, 946]
[40, 52428, 978]
[40, 52428, 923]
[40, 52428, 1059]
[40, 52428, 965]
[40, 52428, 999]
[40, 52428, 965]
[40, 52428, 921]
[40, 52428, 984]
[40, 52428, 984]
[40, 52428, 995]
[40, 52428, 924]
[40, 52428, 864]
[40, 52428, 975]
[40, 52428, 963]
[40, 52428, 955]
[40, 52428, 968]
[40, 52428, 990]
[40, 52428, 1022]
[40, 52428, 940]
[40, 52428, 914]
[40, 52428, 966]
[40, 52428, 938]
[40, 52428, 869]
[40, 52428, 978]
[40, 52428, 1026]
[40, 52428, 937]
[40, 52428, 1103]
[40, 52428, 966]
[40, 52428, 944]
[40, 52428, 922]
[40, 52428, 957]
[40, 52428, 993]
[40, 52428, 957]
[40, 52428, 894]
[40, 52428, 964]
[40, 52428, 948]
[40, 52428, 982]
[40, 52428, 915]
[40, 52428, 999]
[40, 52428, 940]
[40, 52428, 875]
[40, 52428, 1008]
[40, 52428, 905]
[40, 52428, 1009]
[40, 52428, 950]
[40, 52428, 1021]
[40, 52428, 980]
[40, 52428, 858]
[40, 52428, 987]
[40, 52428, 961]
[40, 52428, 1037]
[40, 52428, 957]
[40, 52428, 999]
[40, 52428, 944]
[40, 52428, 1035]
[40, 52428, 1002]
[40, 52428, 911]
[40, 52428, 971]
[40, 52428, 897]
[40, 52428, 901]
[40, 52428, 1015]
[40, 52428, 892]
[40, 52428, 990]
[40, 52428, 904]
[40, 52428, 966]
[40, 52428, 974]
[40, 52428, 991]
[40, 52428, 962]
[40, 52428, 1033]
[40, 52428, 1021]
[40, 52428, 987]
[40, 52428, 963]
[40, 52428, 921]
[40, 52428, 986]
[40, 52428, 972]
[40, 52428, 980]
[40, 52428, 950]
[40, 52428, 987]
[40, 52428, 946]
[40, 52428, 979]
[40, 52428, 1079]
[40, 52428, 1021]
[40, 52428, 928]
[40, 52428, 977]
[40, 52428, 926]
[40, 52428, 998]
[40, 52428, 1007]
[40, 52428, 994]
[40, 52428, 932]
[40, 52428, 1016]
[40, 52428, 975]
[40, 52428, 907]
[40, 52428, 1018]
