[1, 1310, 2, 4, 12, 5, 3, 3, 2, 7]
[1, 1310, 6, 3, 8, 4, 5, 10, 1, 6]
[1, 1310, 12, 3, 1, 7, 4, 3, 6, 4]
[1, 1310, 10, 5, 2, 2, 4, 10, 3, 2]
[1, 1310, 5, 4, 4, 7, 5, 6, 6, 6]
[1, 1310, 2, 6, 3, 3, 2, 3, 9, 4]
[1, 1310, 2, 6, 4, 8, 4, 2, 2, 3]
[1, 1310, 11, 2, 0, 7, 4, 3, 4, 6]
[1, 1310, 6, 3, 5, 4, 6, 4, 7, 3]
[1, 1310, 5, 6, 4, 6, 4, 5, 5, 6]
[1, 1310, 2, 6, 2, 2, 2, 5, 3, 10]
[1, 1310, 6, 2, 6, 7, 7, 4, 6, 7]
[1, 1310, 1, 4, 4, 6, 3, 3, 6, 3]
[1, 1310, 8, 13, 4, 5, 6, 4, 7, 3]
[1, 1310, 3, 3, 6, 3, 5, 9, 3, 3]
[1, 1310, 5, 4, 8, 8, 3, 7, 3, 3]
[1, 1310, 2, 3, 4, 3, 4, 3, 8, 5]
[1, 1310, 5, 7, 2, 2, 2, 4, 4, 9]
[1, 1310, 1, 3, 8, 7, 6, 7, 6, 3]
[1, 1310, 4, 1, 3, 8, 4, 6, 6, 1]
[1, 1310, 5, 4, 9, 4, 4, 5, 10, 7]
[1, 1310, 4, 4, 3, 6, 3, 3, 7, 4]
[1, 1310, 4, 5, 1, 5, 3, 2, 4, 6]
[1, 1310, 4, 3, 3, 6, 4, 4, 3, 5]
[1, 1310, 2, 4, 5, 9, 4, 10, 8, 5]
[1, 1310, 9, 6, 3, 3, 5, 4, 2, 8]
[1, 1310, 8, 7, 4, 8, 10, 7, 3, 6]
[1, 1310, 6, 4, 5, 5, 4, 7, 6, 4]
[1, 1310, 8, 5, 6, 9, 3, 3, 4, 8]
[1, 1310, 4, 4, 5, 5, 3, 6, 5, 4]
[1, 1310, 6, 7, 5, 1, 6, 6, 5, 6]
[1, 1310, 2, 9, 3, 4, 4, 8, 3, 6]
[1, 1310, 5, 7, 6, 6, 4, 4, 2, 3]
[1, 1310, 7, 3, 1, 2, 3, 2, 3, 10]
[1, 1310, 3, 8, 10, 4, 3, 5, 5, 7]
[1, 1310, 1, 7, 7, 3, 5, 4, 3, 1]
[1, 1310, 2, 7, 4, 12, 1, 7, 2, 2]
[1, 1310, 2, 12, 4, 4, 6, 3, 8, 7]
[1, 1310, 10, 5, 4, 2, 7, 7, 3, 5]
[1, 1310, 3, 4, 3, 4, 7, 4, 3, 2]
[1, 1310, 3, 5, 9, 0, 7, 4, 3, 5]
[1, 1310, 8, 1, 9, 12, 14, 2, 2, 5]
[1, 1310, 3, 8, 3, 9, 7, 2, 5, 3]
[1, 1310, 5, 5, 9, 2, 3, 3, 4, 2]
[1, 1310, 2, 5, 4, 3, 6, 4, 2, 3]
[1, 1310, 4, 2, 2, 1, 4, 8, 4, 5]
[1, 1310, 2, 6, 4, 11, 6, 6, 6, 5]
[1, 1310, 4, 7, 4, 5, 1, 5, 3, 5]
[1, 1310, 5, 2, 6, 3, 2, 2, 7, 1]
[1, 1310, 3, 10, 8, 3, 5, 1, 2, 10]
[1, 1310, 4, 6, 8, 5, 9, 5, 6, 5]
[1, 1310, 3, 5, 4, 7, 7, 7, 6, 2]
[1, 1310, 7, 5, 1, 5, 5, 7, 4, 3]
[1, 1310, 2, 7, 2, 8, 2, 6, 3, 2]
[1, 1310, 1, 5, 5, 3, 2, 4, 3, 4]
[1, 1310, 10, 5, 5, 3, 3, 3, 6, 11]
[1, 1310, 2, 6, 4, 1, 6, 7, 6, 1]
[1, 1310, 6, 2, 8, 7, 2, 3, 6, 2]
[1, 1310, 4, 7, 6, 3, 2, 6, 6, 6]
[1, 1310, 6, 5, 7, 5, 2, 15, 6, 5]
[1, 1310, 7, 6, 4, 6, 2, 3, 3, 3]
[1, 1310, 5, 9, 5, 10, 5, 5, 6, 9]
[1, 1310, 5, 3, 8, 9, 5, 1, 6, 6]
[1, 1310, 6, 9, 6, 2, 1, 4, 5, 5]
[1, 1310, 1, 1, 3, 6, 2, 6, 9, 1]
[1, 1310, 9, 2, 15, 5, 7, 6, 6, 2]
[1, 1310, 2, 4, 8, 4, 5, 3, 9, 5]
[1, 1310, 6, 5, 5, 5, 3, 4, 3, 2]
[1, 1310, 5, 1, 4, 6, 0, 7, 2, 2]
[1, 1310, 2, 5, 2, 3, 3, 11, 5, 2]
[1, 1310, 5, 3, 7, 2, 7, 6, 6, 3]
[1, 1310, 6, 4, 6, 2, 11, 4, 5, 8]
[1, 1310, 4, 1, 7, 4, 1, 9, 6, 6]
[1, 1310, 7, 4, 2, 7, 2, 4, 4, 2]
[1, 1310, 3, 8, 6, 5, 1, 5, 1, 9]
[1, 1310, 7, 6, 6, 8, 8, 11, 0, 1]
[1, 1310, 12, 4, 8, 2, 7, 2, 6, 6]
[1, 1310, 5, 9, 5, 5, 5, 5, 5, 11]
[1, 1310, 3, 8, 3, 4, 8, 2, 8, 4]
[1, 1310, 9, 7, 2, 6, 3, 0, 3, 9]
[1, 1310, 3, 8, 3, 8, 4, 5, 4, 11]
[1, 1310, 7, 9, 5, 5, 5, 3, 2, 4]
[1, 1310, 9, 4, 5, 4, 2, 2, 3, 9]
[1, 1310, 5, 5, 2, 4, 3, 7, 8, 1]
[1, 1310, 8, 2, 5, 5, 1, 3, 3, 9]
[1, 1310, 3, 3, 1, 2, 5, 2, 3, 7]
[1, 1310, 6, 3, 7, 6, 4, 8, 9, 6]
[1, 1310, 1, 8, 10, 8, 6, 8, 8, 4]
[1, 1310, 2, 1, 5, 6, 4, 7, 3, 5]
[1, 1310, 6, 6, 10, 9, 5, 8, 3, 1]
[1, 1310, 7, 3, 3, 8, 8, 2, 6, 10]
[1, 1310, 5, 4, 8, 10, 4, 4, 4, 4]
[1, 1310, 12, 4, 4, 4, 3, 11, 7, 1]
[1, 1310, 7, 2, 7, 4, 9, 7, 7, 5]
[1, 1310, 2, 3, 4, 1, 8, 4, 4, 6]
[1, 1310, 2, 5, 2, 5, 8, 7, 7, 5]
[1, 1310, 5, 4, 6, 5, 3, 3, 4, 1]
[1, 1310, 5, 3, 7, 6, 9, 6, 4, 5]
[1, 1310, 3, 7, 3, 4, 3, 11, 6, 1]
[1, 1310, 6, 4, 5, 6, 1, 4, 3, 7]
[2, 2621, 11, 12, 17, 15, 7, 13, 10, 10]
[2, 2621, 16, 13, 17, 11, 12, 13, 8, 15]
[2, 2621, 22, 9, 10, 15, 14, 16, 14, 15]
[2, 2621, 17, 9, 15, 10, 9, 17, 12, 9]
[2, 2621, 10, 15, 14, 16, 14, 13, 10, 13]
[2, 2621, 7, 11, 11, 12, 10, 13, 22, 13]
[2, 2621, 12, 17, 8, 21, 16, 14, 8, 9]
[2, 2621, 25, 15, 8, 13, 11, 14, 10, 13]
[2, 2621, 12, 15, 11, 6, 11, 11, 16, 18]
[2, 2621, 15, 12, 12, 20, 7, 18, 14, 15]
[2, 2621, 9, 19, 13, 12, 10, 11, 7, 16]
[2, 2621, 13, 11, 10, 15, 11, 15, 17, 10]
[2, 2621, 7, 10, 16, 16, 12, 9, 13, 10]
[2, 2621, 14, 24, 11, 9, 17, 14, 16, 13]
[2, 2621, 12, 9, 20, 14, 14, 18, 11, 14]
[2, 2621, 13, 13, 18, 33, 11, 19, 10, 5]
[2, 2621, 5, 10, 12, 13, 9, 9, 15, 13]
[2, 2621, 11, 19, 17, 10, 6, 9, 12, 14]
[2, 2621, 13, 7, 18, 24, 9, 18, 16, 16]
[2, 2621, 17, 9, 7, 11, 13, 16, 15, 7]
[2, 2621, 13, 14, 17, 21, 10, 8, 26, 12]
[2, 2621, 14, 13, 17, 13, 17, 9, 10, 15]
[2, 2621, 11, 10, 10, 12, 16, 7, 16, 13]
[2, 2621, 8, 8, 8, 7, 11, 14, 7, 9]
[2, 2621, 5, 18, 11, 24, 12, 14, 15, 11]
[2, 2621, 17, 13, 7, 6, 20, 7, 7, 20]
[2, 2621, 16, 13, 14, 19, 16, 12, 15, 9]
[2, 2621, 14, 16, 10, 12, 14, 9, 10, 13]
[2, 2621, 16, 15, 12, 17, 10, 7, 14, 14]
[2, 2621, 9, 13, 14, 11, 9, 13, 10, 10]
[2, 2621, 14, 15, 20, 10, 12, 20, 12, 17]
[2, 2621, 7, 13, 15, 14, 5, 19, 10, 16]
[2, 2621, 18, 14, 14, 15, 25, 14, 15, 13]
[2, 2621, 12, 7, 7, 11, 13, 17, 9, 23]
[2, 2621, 9, 24, 20, 15, 12, 13, 12, 16]
[2, 2621, 10, 16, 17, 4, 19, 9, 5, 14]
[2, 2621, 12, 11, 13, 22, 9, 18, 4, 9]
[2, 2621, 11, 22, 12, 15, 13, 7, 11, 12]
[2, 2621, 22, 17, 13, 7, 18, 11, 14, 11]
[2, 2621, 9, 11, 16, 9, 20, 10, 12, 7]
[2, 2621, 10, 10, 11, 3, 15, 16, 10, 10]
[2, 2621, 20, 5, 22, 14, 17, 9, 11, 13]
[2, 2621, 12, 18, 9, 17, 22, 10, 22, 8]
[2, 2621, 9, 8, 17, 11, 9, 12, 9, 14]
[2, 2621, 11, 23, 13, 13, 13, 14, 3, 12]
[2, 2621, 16, 11, 16, 12, 13, 11, 8, 17]
[2, 2621, 10, 13, 16, 18, 15, 10, 11, 9]
[2, 2621, 12, 17, 13, 11, 9, 19, 16, 12]
[2, 2621, 10, 17, 12, 7, 11, 14, 19, 8]
[2, 2621, 7, 16, 17, 6, 13, 6, 7, 19]
[2, 2621, 13, 9, 16, 13, 17, 11, 15, 10]
[2, 2621, 19, 12, 10, 7, 11, 12, 15, 9]
[2, 2621, 15, 10, 15, 12, 11, 14, 7, 11]
[2, 2621, 9, 15, 9, 15, 15, 8, 16, 9]
[2, 2621, 8, 13, 13, 6, 10, 15, 13, 15]
[2, 2621, 19, 13, 18, 9, 10, 6, 8, 19]
[2, 2621, 14, 16, 12, 7, 10, 19, 13, 2]
[2, 2621, 11, 15, 15, 17, 11, 12, 20, 11]
[2, 2621, 11, 12, 16, 7, 8, 16, 15, 12]
[2, 2621, 16, 23, 10, 10, 8, 30, 19, 12]
[2, 2621, 15, 12, 13, 13, 6, 9, 18, 7]
[2, 2621, 19, 19, 14, 14, 13, 13, 11, 18]
[2, 2621, 7, 12, 13, 16, 19, 3, 12, 11]
[2, 2621, 14, 24, 9, 4, 9, 12, 10, 13]
[2, 2621, 7, 11, 12, 22, 8, 9, 16, 13]
[2, 2621, 19, 5, 19, 11, 15, 14, 13, 6]
[2, 2621, 15, 14, 15, 21, 10, 6, 19, 11]
[2, 2621, 9, 13, 10, 12, 11, 14, 8, 11]
[2, 2621, 14, 6, 13, 11, 8, 11, 15, 10]
[2, 2621, 15, 13, 15, 17, 6, 19, 15, 10]
[2, 2621, 18, 12, 13, 10, 16, 15, 18, 9]
[2, 2621, 15, 13, 18, 13, 19, 12, 16, 12]
[2, 2621, 12, 14, 14, 25, 3, 24, 14, 14]
[2, 2621, 19, 10, 16, 16, 7, 13, 13, 11]
[2, 2621, 11, 17, 19, 12, 9, 11, 14, 12]
[2, 2621, 12, 20, 15, 11, 21, 24, 8, 9]
[2, 2621, 16, 12, 17, 7, 14, 13, 11, 11]
[2, 2621, 20, 15, 12, 11, 11, 10, 15, 20]
[2, 2621, 18, 11, 15, 19, 15, 9, 27, 10]
[2, 2621, 17, 11, 8, 12, 4, 7, 15, 22]
[2, 2621, 11, 15, 14, 19, 8, 11, 11, 29]
[2, 2621, 10, 12, 13, 20, 11, 10, 13, 12]
[2, 2621, 13, 9, 14, 13, 8, 4, 11, 23]
[2, 2621, 14, 13, 13, 18, 12, 18, 13, 8]
[2, 2621, 12, 5, 17, 8, 10, 9, 16, 16]
[2, 2621, 9, 8, 7, 7, 7, 12, 16, 16]
[2, 2621, 19, 12, 11, 21, 10, 12, 20, 12]
[2, 2621, 11, 26, 23, 14, 11, 14, 17, 23]
[2, 2621, 7, 9, 19, 12, 11, 13, 5, 5]
[2, 2621, 9, 16, 19, 16, 7, 20, 12, 10]
[2, 2621, 15, 7, 10, 11, 14, 12, 10, 16]
[2, 2621, 12, 11, 21, 22, 11, 17, 15, 7]
[2, 2621, 22, 15, 9, 4, 9, 20, 13, 4]
[2, 2621, 13, 8, 12, 14, 14, 13, 12, 14]
[2, 2621, 13, 12, 9, 13, 17, 7, 10, 13]
[2, 2621, 11, 5, 6, 11, 14, 13, 14, 14]
[2, 2621, 11, 8, 11, 14, 12, 15, 19, 7]
[2, 2621, 11, 12, 13, 16, 13, 16, 12, 13]
[2, 2621, 6, 12, 15, 9, 11, 26, 11, 8]
[2, 2621, 18, 9, 12, 11, 12, 11, 13, 17]
[5, 6553, 58, 54, 57, 60, 53, 58, 67, 59]
[5, 6553, 61, 49, 79, 63, 55, 69, 35, 42]
[5, 6553, 56, 46, 37, 59, 62, 58, 56, 49]
[5, 6553, 56, 43, 62, 35, 51, 53, 66, 70]
[5, 6553, 56, 57, 59, 56, 66, 37, 63, 56]
[5, 6553, 60, 60, 60, 62, 53, 68, 91, 76]
[5, 6553, 48, 45, 45, 66, 64, 55, 67, 42]
[5, 6553, 50, 70, 60, 56, 49, 54, 57, 66]
[5, 6553, 51, 41, 43, 80, 60, 39, 65, 59]
[5, 6553, 59, 46, 56, 49, 65, 71, 64, 63]
[5, 6553, 54, 69, 62, 52, 51, 47, 50, 48]
[5, 6553, 55, 54, 52, 58, 42, 68, 52, 64]
[5, 6553, 47, 45, 79, 43, 48, 56, 54, 42]
[5, 6553, 51, 55, 54, 39, 53, 51, 60, 65]
[5, 6553, 63, 66, 55, 66, 50, 62, 35, 62]
[5, 6553, 49, 63, 55, 99, 35, 80, 49, 47]
[5, 6553, 49, 50, 54, 55, 52, 63, 71, 53]
[5, 6553, 62, 41, 60, 56, 37, 55, 67, 49]
[5, 6553, 59, 68, 47, 76, 62, 74, 59, 53]
[5, 6553, 79, 41, 53, 57, 64, 75, 68, 54]
[5, 6553, 51, 68, 50, 67, 44, 42, 78, 63]
[5, 6553, 48, 48, 55, 74, 64, 48, 54, 61]
[5, 6553, 47, 55, 46, 45, 59, 41, 57, 48]
[5, 6553, 46, 57, 54, 54, 54, 50, 50, 50]
[5, 6553, 48, 63, 60, 74, 63, 48, 65, 57]
[5, 6553, 63, 63, 49, 50, 52, 51, 46, 60]
[5, 6553, 51, 65, 57, 68, 45, 49, 57, 38]
[5, 6553, 59, 73, 55, 45, 77, 46, 61, 60]
[5, 6553, 68, 63, 62, 50, 32, 63, 64, 74]
[5, 6553, 44, 56, 54, 56, 48, 40, 59, 54]
[5, 6553, 57, 37, 59, 46, 53, 80, 52, 51]
[5, 6553, 60, 51, 74, 50, 53, 89, 73, 78]
[5, 6553, 76, 48, 68, 40, 61, 54, 41, 68]
[5, 6553, 56, 46, 51, 50, 62, 58, 37, 57]
[5, 6553, 50, 78, 60, 48, 63, 31, 62, 61]
[5, 6553, 46, 67, 62, 33, 70, 46, 61, 62]
[5, 6553, 66, 50, 55, 59, 57, 53, 39, 66]
[5, 6553, 62, 62, 46, 51, 50, 41, 66, 43]
[5, 6553, 46, 53, 71, 55, 59, 61, 51, 42]
[5, 6553, 52, 41, 50, 33, 79, 60, 65, 45]
[5, 6553, 62, 48, 57, 48, 64, 59, 59, 63]
[5, 6553, 69, 51, 64, 57, 66, 55, 44, 53]
[5, 6553, 46, 56, 62, 43, 64, 59, 72, 45]
[5, 6553, 48, 72, 63, 66, 43, 59, 56, 56]
[5, 6553, 46, 53, 45, 61, 43, 60, 46, 53]
[5, 6553, 63, 48, 59, 47, 48, 51, 66, 67]
[5, 6553, 59, 59, 65, 74, 62, 49, 49, 53]
[5, 6553, 45, 53, 61, 48, 37, 59, 53, 50]
[5, 6553, 61, 60, 60, 46, 48, 60, 61, 59]
[5, 6553, 48, 64, 66, 40, 44, 51, 47, 57]
[5, 6553, 49, 54, 58, 63, 56, 54, 62, 43]
[5, 6553, 55, 51, 44, 53, 54, 73, 58, 40]
[5, 6553, 53, 58, 60, 50, 60, 48, 34, 48]
[5, 6553, 58, 72, 83, 70, 75, 48, 58, 44]
[5, 6553, 57, 74, 45, 56, 56, 57, 50, 63]
[5, 6553, 62, 69, 60, 71, 60, 49, 69, 48]
[5, 6553, 44, 54, 46, 36, 57, 76, 64, 49]
[5, 6553, 48, 52, 47, 53, 43, 64, 72, 48]
[5, 6553, 59, 55, 45, 42, 50, 71, 62, 59]
[5, 6553, 71, 66, 53, 46, 44, 87, 65, 51]
[5, 6553, 57, 42, 56, 60, 45, 51, 50, 39]
[5, 6553, 70, 67, 57, 66, 55, 42, 56, 61]
[5, 6553, 55, 57, 46, 42, 62, 58, 61, 52]
[5, 6553, 43, 72, 64, 40, 40, 45, 44, 68]
[5, 6553, 41, 68, 34, 52, 40, 52, 57, 68]
[5, 6553, 74, 45, 51, 60, 52, 73, 51, 51]
[5, 6553, 74, 57, 65, 60, 62, 42, 58, 50]
[5, 6553, 63, 54, 39, 60, 47, 55, 51, 49]
[5, 6553, 69, 63, 58, 62, 54, 63, 70, 44]
[5, 6553, 44, 62, 75, 62, 46, 69, 57, 46]
[5, 6553, 61, 64, 62, 57, 52, 72, 69, 57]
[5, 6553, 49, 61, 76, 64, 59, 53, 71, 43]
[5, 6553, 56, 58, 43, 71, 50, 60, 69, 47]
[5, 6553, 60, 57, 56, 56, 36, 53, 83, 36]
[5, 6553, 42, 64, 63, 64, 30, 55, 50, 58]
[5, 6553, 78, 65, 52, 52, 74, 59, 59, 44]
[5, 6553, 60, 56, 60, 34, 63, 56, 62, 51]
[5, 6553, 70, 66, 47, 49, 55, 54, 59, 78]
[5, 6553, 55, 52, 51, 63, 48, 46, 68, 61]
[5, 6553, 52, 49, 49, 58, 40, 37, 64, 64]
[5, 6553, 52, 54, 34, 54, 78, 52, 44, 66]
[5, 6553, 49, 54, 55, 57, 56, 49, 62, 71]
[5, 6553, 54, 50, 69, 46, 43, 45, 49, 69]
[5, 6553, 64, 62, 36, 67, 60, 52, 39, 53]
[5, 6553, 58, 52, 51, 49, 47, 60, 53, 62]
[5, 6553, 46, 59, 48, 57, 51, 59, 72, 59]
[5, 6553, 57, 52, 57, 65, 40, 49, 58, 53]
[5, 6553, 62, 79, 74, 51, 51, 52, 44, 66]
[5, 6553, 44, 65, 65, 72, 46, 48, 34, 44]
[5, 6553, 56, 53, 54, 49, 40, 64, 46, 61]
[5, 6553, 56, 60, 53, 58, 68, 74, 62, 46]
[5, 6553, 59, 54, 48, 66, 50, 74, 40, 44]
[5, 6553, 55, 65, 36, 54, 38, 59, 60, 44]
[5, 6553, 49, 59, 51, 49, 53, 49, 51, 59]
[5, 6553, 39, 46, 48, 65, 59, 56, 51, 63]
[5, 6553, 63, 51, 48, 45, 57, 55, 77, 57]
[5, 6553, 75, 49, 51, 56, 55, 60, 65, 43]
[5, 6553, 40, 42, 50, 48, 64, 60, 49, 44]
[5, 6553, 39, 63, 53, 51, 52, 71, 61, 44]
[5, 6553, 68, 44, 63, 62, 53, 54, 70, 54]
[10, 13107, 177, 185, 186, 180, 176, 183, 192, 181]
[10, 13107, 164, 171, 195, 184, 187, 219, 181, 176]
[10, 13107, 159, 161, 167, 192, 189, 193, 208, 168]
[10, 13107, 171, 174, 188, 160, 194, 184, 184, 227]
[10, 13107, 173, 182, 167, 172, 201, 176, 200, 188]
[10, 13107, 178, 197, 183, 199, 156, 168, 221, 191]
[10, 13107, 150, 169, 176, 198, 172, 206, 186, 155]
[10, 13107, 169, 208, 154, 203, 209, 189, 218, 190]
[10, 13107, 227, 169, 156, 199, 153, 154, 187, 207]
[10, 13107, 176, 156, 181, 183, 185, 196, 182, 195]
[10, 13107, 201, 200, 176, 216, 179, 185, 167, 158]
[10, 13107, 202, 191, 174, 174, 164, 208, 179, 207]
[10, 13107, 188, 156, 198, 153, 158, 184, 210, 176]
[10, 13107, 185, 184, 208, 187, 177, 191, 207, 183]
[10, 13107, 187, 179, 187, 185, 161, 211, 181, 199]
[10, 13107, 173, 186, 211, 206, 155, 221, 200, 169]
[10, 13107, 210, 187, 165, 185, 209, 194, 200, 182]
[10, 13107, 193, 154, 195, 186, 172, 182, 175, 167]
[10, 13107, 188, 192, 163, 205, 221, 173, 188, 196]
[10, 13107, 206, 173, 181, 177, 190, 201, 199, 172]
[10, 13107, 161, 195, 182, 196, 178, 167, 249, 200]
[10, 13107, 180, 185, 171, 237, 205, 173, 179, 181]
[10, 13107, 182, 192, 180, 162, 201, 192, 157, 198]
[10, 13107, 159, 191, 177, 200, 184, 171, 195, 160]
[10, 13107, 173, 196, 184, 186, 193, 174, 229, 203]
[10, 13107, 207, 196, 175, 152, 193, 217, 149, 194]
[10, 13107, 160, 199, 202, 191, 186, 182, 168, 188]
[10, 13107, 193, 181, 189, 182, 214, 172, 216, 188]
[10, 13107, 196, 209, 177, 194, 176, 176, 189, 192]
[10, 13107, 161, 192, 195, 171, 179, 188, 186, 173]
[10, 13107, 203, 173, 211, 151, 203, 198, 167, 186]
[10, 13107, 186, 185, 230, 157, 185, 218, 186, 188]
[10, 13107, 204, 167, 202, 161, 194, 202, 163, 198]
[10, 13107, 154, 184, 169, 183, 186, 167, 182, 216]
[10, 13107, 182, 205, 207, 147, 206, 150, 181, 188]
[10, 13107, 196, 183, 214, 151, 197, 197, 187, 201]
[10, 13107, 207, 190, 179, 194, 194, 189, 173, 185]
[10, 13107, 175, 215, 201, 172, 160, 194, 202, 175]
[10, 13107, 191, 194, 180, 199, 177, 173, 205, 170]
[10, 13107, 208, 189, 197, 157, 223, 175, 202, 170]
[10, 13107, 175, 192, 170, 182, 170, 178, 174, 192]
[10, 13107, 222, 176, 178, 152, 207, 175, 170, 187]
[10, 13107, 177, 212, 198, 155, 213, 181, 207, 158]
[10, 13107, 173, 204, 181, 222, 198, 179, 211, 171]
[10, 13107, 178, 212, 166, 188, 154, 205, 205, 163]
[10, 13107, 191, 163, 173, 157, 177, 183, 189, 214]
[10, 13107, 172, 183, 192, 212, 207, 190, 175, 188]
[10, 13107, 189, 176, 176, 163, 160, 189, 193, 194]
[10, 13107, 181, 185, 187, 179, 177, 192, 194, 188]
[10, 13107, 153, 205, 201, 186, 184, 178, 199, 185]
[10, 13107, 188, 168, 172, 214, 175, 157, 200, 193]
[10, 13107, 177, 187, 192, 214, 181, 199, 173, 192]
[10, 13107, 167, 176, 201, 192, 191, 193, 145, 181]
[10, 13107, 224, 207, 218, 206, 201, 158, 188, 177]
[10, 13107, 200, 186, 198, 166, 168, 216, 170, 178]
[10, 13107, 199, 204, 219, 195, 175, 205, 191, 166]
[10, 13107, 176, 195, 175, 161, 169, 180, 192, 192]
[10, 13107, 189, 179, 166, 171, 177, 181, 216, 169]
[10, 13107, 184, 159, 178, 178, 177, 207, 201, 196]
[10, 13107, 201, 188, 181, 204, 166, 218, 221, 205]
[10, 13107, 192, 163, 161, 184, 190, 203, 199, 159]
[10, 13107, 176, 251, 185, 190, 164, 171, 166, 177]
[10, 13107, 177, 180, 191, 163, 181, 181, 179, 197]
[10, 13107, 168, 221, 178, 207, 162, 193, 187, 198]
[10, 13107, 198, 190, 181, 188, 145, 177, 171, 212]
[10, 13107, 197, 144, 210, 195, 209, 188, 166, 200]
[10, 13107, 221, 163, 214, 190, 198, 164, 161, 186]
[10, 13107, 180, 176, 194, 180, 172, 191, 185, 185]
[10, 13107, 207, 196, 188, 171, 208, 218, 224, 169]
[10, 13107, 181, 183, 191, 193, 178, 193, 168, 166]
[10, 13107, 172, 200, 186, 182, 177, 205, 213, 190]
[10, 13107, 184, 184, 207, 192, 187, 184, 199, 162]
[10, 13107, 181, 193, 166, 209, 188, 209, 208, 186]
[10, 13107, 160, 173, 176, 185, 163, 166, 194, 152]
[10, 13107, 180, 199, 194, 191, 178, 177, 175, 197]
[10, 13107, 214, 185, 178, 192, 201, 199, 208, 173]
[10, 13107, 214, 209, 159, 172, 201, 185, 194, 193]
[10, 13107, 201, 210, 156, 177, 194, 169, 186, 218]
[10, 13107, 166, 174, 169, 196, 169, 202, 201, 193]
[10, 13107, 178, 179, 193, 186, 187, 135, 178, 213]
[10, 13107, 161, 179, 160, 163, 227, 158, 161, 188]
[10, 13107, 181, 170, 158, 161, 190, 181, 189, 203]
[10, 13107, 198, 189, 201, 164, 143, 149, 179, 221]
[10, 13107, 175, 170, 166, 191, 165, 188, 164, 172]
[10, 13107, 176, 178, 174, 153, 195, 187, 178, 200]
[10, 13107, 184, 153, 159, 179, 176, 188, 183, 218]
[10, 13107, 217, 160, 189, 190, 177, 182, 191, 195]
[10, 13107, 188, 216, 175, 171, 174, 196, 165, 215]
[10, 13107, 166, 186, 210, 210, 189, 173, 169, 144]
[10, 13107, 195, 158, 195, 179, 171, 209, 159, 194]
[10, 13107, 221, 202, 184, 200, 206, 203, 218, 154]
[10, 13107, 192, 201, 217, 177, 196, 190, 199, 174]
[10, 13107, 169, 182, 168, 213, 179, 181, 191, 162]
[10, 13107, 180, 174, 172, 167, 195, 220, 173, 178]
[10, 13107, 172, 182, 198, 207, 184, 183, 206, 193]
[10, 13107, 165, 182, 188, 172, 171, 192, 174, 201]
[10, 13107, 223, 179, 174, 202, 209, 179, 185, 173]
[10, 13107, 150, 156, 168, 164, 203, 175, 220, 166]
[10, 13107, 161, 203, 157, 166, 216, 197, 191, 170]
[10, 13107, 223, 180, 183, 182, 186, 204, 195, 177]
[15, 19660, 394, 382, 374, 381, 371, 386, 403, 360]
[15, 19660, 361, 372, 374, 399, 385, 435, 353, 387]
[15, 19660, 367, 352, 355, 412, 390, 386, 392, 394]
[15, 19660, 376, 379, 387, 362, 373, 388, 370, 429]
[15, 19660, 355, 374, 399, 360, 411, 359, 411, 375]
[15, 19660, 366, 373, 359, 395, 376, 373, 429, 370]
[15, 19660, 366, 365, 405, 411, 384, 429, 403, 357]
[15, 19660, 374, 413, 358, 412, 382, 402, 401, 367]
[15, 19660, 389, 374, 341, 424, 355, 349, 398, 419]
[15, 19660, 381, 331, 373, 402, 368, 411, 382, 382]
[15, 19660, 398, 418, 366, 407, 397, 367, 368, 360]
[15, 19660, 399, 395, 358, 359, 376, 411, 360, 409]
[15, 19660, 412, 352, 384, 336, 399, 373, 461, 383]
[15, 19660, 397, 410, 425, 406, 388, 382, 434, 386]
[15, 19660, 392, 363, 388, 378, 340, 392, 355, 412]
[15, 19660, 418, 372, 391, 374, 361, 427, 389, 338]
[15, 19660, 402, 360, 329, 389, 365, 397, 421, 363]
[15, 19660, 359, 341, 409, 389, 384, 376, 377, 357]
[15, 19660, 413, 388, 365, 416, 440, 381, 404, 403]
[15, 19660, 391, 369, 403, 349, 393, 401, 388, 354]
[15, 19660, 371, 399, 366, 384, 379, 358, 472, 392]
[15, 19660, 372, 411, 392, 422, 402, 374, 394, 400]
[15, 19660, 373, 355, 414, 352, 422, 390, 372, 403]
[15, 19660, 372, 367, 366, 421, 393, 356, 386, 344]
[15, 19660, 370, 378, 394, 403, 385, 347, 421, 384]
[15, 19660, 431, 441, 407, 340, 391, 399, 339, 383]
[15, 19660, 374, 395, 390, 396, 362, 350, 381, 375]
[15, 19660, 357, 371, 370, 412, 413, 391, 387, 413]
[15, 19660, 460, 374, 334, 370, 375, 434, 421, 378]
[15, 19660, 349, 382, 401, 399, 383, 390, 376, 378]
[15, 19660, 378, 397, 411, 352, 411, 415, 337, 387]
[15, 19660, 386, 382, 440, 329, 387, 441, 395, 384]
[15, 19660, 392, 367, 409, 381, 378, 428, 375, 395]
[15, 19660, 384, 383, 329, 332, 367, 359, 371, 423]
[15, 19660, 376, 393, 399, 359, 417, 368, 379, 391]
[15, 19660, 419, 350, 409, 360, 393, 385, 426, 398]
[15, 19660, 449, 377, 406, 383, 383, 407, 363, 403]
[15, 19660, 409, 431, 425, 353, 382, 395, 374, 354]
[15, 19660, 406, 374, 381, 415, 349, 370, 369, 405]
[15, 19660, 423, 353, 442, 333, 383, 398, 386, 360]
[15, 19660, 393, 386, 369, 362, 366, 361, 379, 374]
[15, 19660, 424, 399, 377, 359, 404, 351, 337, 392]
[15, 19660, 371, 429, 401, 346, 397, 387, 424, 377]
[15, 19660, 368, 387, 399, 418, 463, 355, 396, 368]
[15, 19660, 380, 389, 366, 398, 367, 427, 416, 377]
[15, 19660, 405, 366, 344, 373, 393, 394, 403, 406]
[15, 19660, 366, 362, 402, 419, 439, 391, 384, 396]
[15, 19660, 380, 369, 372, 365, 361, 404, 348, 403]
[15, 19660, 420, 355, 382, 384, 352, 385, 389, 367]
[15, 19660, 337, 427, 373, 366, 386, 394, 412, 409]
[15, 19660, 375, 357, 429, 427, 358, 382, 416, 426]
[15, 19660, 397, 395, 364, 431, 365, 414, 383, 428]
[15, 19660, 334, 377, 415, 374, 373, 394, 358, 417]
[15, 19660, 378, 422, 427, 427, 404, 373, 434, 354]
[15, 19660, 399, 391, 373, 366, 350, 441, 358, 375]
[15, 19660, 379, 399, 429, 384, 353, 441, 410, 367]
[15, 19660, 377, 386, 403, 337, 358, 377, 418, 375]
[15, 19660, 371, 333, 400, 333, 371, 369, 391, 352]
[15, 19660, 385, 340, 357, 329, 444, 426, 383, 390]
[15, 19660, 406, 379, 382, 412, 365, 426, 418, 404]
[15, 19660, 360, 366, 346, 361, 426, 378, 410, 348]
[15, 19660, 377, 426, 410, 352, 363, 366, 370, 399]
[15, 19660, 369, 354, 376, 354, 355, 399, 382, 410]
[15, 19660, 391, 408, 361, 414, 355, 360, 402, 406]
[15, 19660, 388, 416, 377, 382, 331, 368, 352, 386]
[15, 19660, 407, 366, 390, 389, 392, 353, 349, 402]
[15, 19660, 401, 345, 429, 405, 388, 337, 343, 379]
[15, 19660, 392, 378, 399, 354, 351, 376, 382, 392]
[15, 19660, 431, 380, 367, 362, 384, 420, 396, 367]
[15, 19660, 368, 401, 395, 402, 396, 415, 389, 391]
[15, 19660, 357, 370, 402, 407, 375, 419, 441, 368]
[15, 19660, 394, 397, 391, 367, 389, 377, 416, 399]
[15, 19660, 378, 375, 407, 404, 395, 429, 419, 398]
[15, 19660, 364, 378, 383, 393, 332, 372, 391, 355]
[15, 19660, 377, 449, 402, 404, 358, 379, 347, 389]
[15, 19660, 394, 392, 356, 379, 410, 367, 454, 369]
[15, 19660, 437, 434, 340, 364, 394, 360, 383, 395]
[15, 19660, 438, 407, 377, 382, 364, 364, 373, 431]
[15, 19660, 362, 375, 362, 390, 414, 374, 382, 375]
[15, 19660, 374, 379, 395, 348, 374, 330, 350, 451]
[15, 19660, 356, 399, 344, 360, 413, 359, 356, 410]
[15, 19660, 353, 342, 355, 366, 366, 387, 426, 394]
[15, 19660, 391, 368, 432, 391, 330, 329, 366, 420]
[15, 19660, 367, 355, 357, 421, 419, 375, 372, 359]
[15, 19660, 362, 418, 387, 322, 380, 384, 378, 392]
[15, 19660, 408, 377, 361, 361, 393, 393, 362, 414]
[15, 19660, 403, 341, 404, 429, 376, 373, 392, 413]
[15, 19660, 354, 401, 368, 363, 343, 383, 362, 387]
[15, 19660, 418, 394, 403, 431, 397, 401, 366, 320]
[15, 19660, 389, 371, 386, 358, 399, 369, 363, 381]
[15, 19660, 440, 406, 405, 383, 395, 390, 436, 341]
[15, 19660, 390, 396, 370, 374, 422, 405, 355, 416]
[15, 19660, 368, 369, 377, 420, 393, 398, 422, 341]
[15, 19660, 381, 358, 412, 374, 400, 400, 356, 372]
[15, 19660, 361, 384, 403, 395, 402, 390, 392, 428]
[15, 19660, 360, 418, 383, 381, 352, 389, 384, 398]
[15, 19660, 433, 383, 337, 434, 379, 383, 355, 382]
[15, 19660, 362, 388, 365, 359, 368, 383, 422, 379]
[15, 19660, 335, 400, 350, 357, 415, 379, 394, 409]
[15, 19660, 438, 371, 399, 373, 364, 406, 391, 382]
[20, 26214, 664, 635, 627, 651, 598, 648, 627, 619]
[20, 26214, 637, 647, 616, 673, 623, 684, 623, 629]
[20, 26214, 633, 594, 632, 689, 633, 625, 668, 671]
[20, 26214, 628, 648, 605, 620, 617, 601, 636, 682]
[20, 26214, 596, 645, 687, 598, 707, 611, 647, 607]
[20, 26214, 620, 637, 604, 643, 627, 628, 697, 612]
[20, 26214, 648, 633, 678, 684, 621, 634, 672, 630]
[20, 26214, 666, 671, 607, 670, 627, 659, 634, 633]
[20, 26214, 685, 614, 594, 706, 635, 618, 676, 672]
[20, 26214, 669, 629, 584, 663, 601, 677, 681, 651]
[20, 26214, 638, 694, 650, 714, 625, 611, 601, 619]
[20, 26214, 673, 676, 662, 654, 594, 654, 663, 632]
[20, 26214, 691, 619, 650, 669, 672, 654, 728, 633]
[20, 26214, 638, 689, 689, 660, 668, 616, 701, 646]
[20, 26214, 710, 603, 706, 616, 598, 651, 612, 698]
[20, 26214, 678, 616, 673, 628, 591, 684, 639, 636]
[20, 26214, 673, 542, 544, 648, 685, 672, 723, 659]
[20, 26214, 617, 573, 701, 647, 649, 644, 606, 640]
[20, 26214, 663, 640, 618, 683, 723, 651, 663, 681]
[20, 26214, 619, 607, 637, 615, 638, 691, 649, 599]
[20, 26214, 618, 660, 597, 627, 643, 608, 722, 714]
[20, 26214, 662, 695, 628, 709, 671, 651, 662, 663]
[20, 26214, 621, 646, 653, 594, 676, 636, 637, 675]
[20, 26214, 656, 618, 614, 696, 652, 650, 619, 604]
[20, 26214, 645, 656, 683, 632, 672, 644, 716, 685]
[20, 26214, 686, 722, 697, 591, 644, 648, 569, 668]
[20, 26214, 597, 684, 666, 694, 598, 653, 641, 625]
[20, 26214, 583, 623, 641, 671, 623, 634, 632, 718]
[20, 26214, 731, 646, 589, 647, 621, 684, 667, 639]
[20, 26214, 635, 656, 610, 662, 615, 675, 617, 626]
[20, 26214, 653, 660, 669, 621, 679, 662, 585, 654]
[20, 26214, 655, 636, 683, 608, 684, 697, 663, 650]
[20, 26214, 658, 643, 707, 651, 653, 654, 641, 645]
[20, 26214, 662, 635, 605, 589, 620, 595, 630, 695]
[20, 26214, 664, 642, 674, 649, 669, 590, 642, 641]
[20, 26214, 663, 578, 697, 640, 649, 627, 669, 668]
[20, 26214, 700, 664, 693, 638, 629, 639, 636, 670]
[20, 26214, 678, 665, 692, 657, 666, 647, 624, 621]
[20, 26214, 699, 679, 639, 691, 607, 662, 612, 668]
[20, 26214, 681, 607, 710, 629, 612, 715, 653, 647]
[20, 26214, 678, 666, 586, 609, 662, 575, 688, 640]
[20, 26214, 683, 707, 640, 586, 655, 647, 593, 635]
[20, 26214, 647, 682, 674, 620, 648, 620, 671, 674]
[20, 26214, 650, 632, 618, 664, 716, 607, 694, 620]
[20, 26214, 623, 620, 608, 683, 644, 726, 669, 689]
[20, 26214, 631, 617, 642, 654, 636, 642, 660, 656]
[20, 26214, 597, 620, 661, 690, 688, 658, 658, 698]
[20, 26214, 682, 655, 634, 600, 622, 683, 580, 625]
[20, 26214, 673, 621, 663, 672, 627, 649, 651, 591]
[20, 26214, 574, 719, 625, 650, 637, 616, 654, 657]
[20, 26214, 654, 643, 688, 682, 629, 646, 695, 720]
[20, 26214, 653, 675, 604, 713, 601, 690, 621, 673]
[20, 26214, 607, 611, 677, 599, 628, 664, 628, 665]
[20, 26214, 632, 657, 679, 726, 673, 615, 721, 602]
[20, 26214, 659, 681, 611, 621, 593, 723, 600, 638]
[20, 26214, 610, 672, 660, 605, 612, 664, 666, 585]
[20, 26214, 636, 655, 628, 610, 624, 661, 657, 633]
[20, 26214, 617, 601, 677, 598, 670, 621, 642, 592]
[20, 26214, 654, 589, 631, 601, 692, 706, 646, 640]
[20, 26214, 645, 658, 645, 649, 578, 668, 674, 669]
[20, 26214, 605, 611, 562, 598, 717, 627, 681, 640]
[20, 26214, 641, 703, 653, 594, 625, 638, 671, 696]
[20, 26214, 616, 609, 640, 614, 616, 645, 661, 655]
[20, 26214, 670, 669, 584, 629, 609, 622, 671, 693]
[20, 26214, 668, 667, 632, 658, 579, 609, 643, 686]
[20, 26214, 673, 636, 646, 658, 667, 619, 614, 673]
[20, 26214, 680, 593, 692, 678, 610, 595, 622, 638]
[20, 26214, 680, 658, 652, 605, 615, 672, 633, 647]
[20, 26214, 661, 656, 608, 578, 638, 751, 629, 635]
[20, 26214, 647, 668, 682, 655, 649, 624, 678, 678]
[20, 26214, 645, 603, 659, 714, 642, 661, 749, 610]
[20, 26214, 645, 669, 667, 614, 648, 664, 663, 656]
[20, 26214, 607, 615, 680, 650, 669, 685, 719, 638]
[20, 26214, 634, 666, 616, 666, 639, 638, 614, 612]
[20, 26214, 647, 736, 653, 684, 570, 643, 568, 645]
[20, 26214, 644, 692, 603, 634, 676, 637, 712, 603]
[20, 26214, 686, 714, 548, 645, 669, 611, 613, 654]
[20, 26214, 700, 679, 693, 653, 599, 617, 642, 679]
[20, 26214, 573, 631, 642, 638, 679, 601, 655, 659]
[20, 26214, 647, 617, 601, 610, 657, 571, 626, 726]
[20, 26214, 594, 678, 582, 636, 679, 594, 620, 654]
[20, 26214, 613, 585, 636, 637, 639, 672, 735, 653]
[20, 26214, 708, 618, 692, 705, 589, 580, 603, 633]
[20, 26214, 621, 594, 630, 688, 658, 625, 618, 631]
[20, 26214, 632, 721, 631, 619, 651, 673, 650, 623]
[20, 26214, 679, 666, 662, 642, 683, 687, 585, 667]
[20, 26214, 661, 619, 665, 716, 635, 642, 647, 660]
[20, 26214, 632, 681, 632, 624, 590, 665, 685, 659]
[20, 26214, 698, 629, 632, 670, 652, 623, 616, 557]
[20, 26214, 694, 632, 649, 631, 665, 624, 635, 630]
[20, 26214, 703, 684, 672, 661, 670, 626, 703, 621]
[20, 26214, 645, 605, 615, 636, 678, 705, 676, 700]
[20, 26214, 612, 626, 604, 647, 619, 601, 685, 618]
[20, 26214, 660, 587, 695, 630, 711, 667, 605, 629]
[20, 26214, 607, 617, 652, 663, 686, 672, 676, 671]
[20, 26214, 610, 665, 678, 649, 619, 721, 644, 675]
[20, 26214, 703, 630, 562, 681, 619, 649, 637, 643]
[20, 26214, 609, 660, 613, 643, 612, 660, 699, 649]
[20, 26214, 637, 647, 595, 675, 708, 662, 653, 685]
[20, 26214, 701, 634, 674, 606, 593, 696, 675, 661]
[25, 32768, 993, 919, 996, 992, 885, 968, 928, 926]
[25, 32768, 989, 989, 932, 1034, 971, 1026, 902, 962]
[25, 32768, 915, 913, 963, 1005, 962, 928, 997, 976]
[25, 32768, 976, 957, 945, 962, 962, 919, 961, 957]
[25, 32768, 934, 955, 991, 902, 1036, 962, 941, 986]
[25, 32768, 924, 957, 902, 946, 954, 974, 1030, 892]
[25, 32768, 990, 958, 983, 1041, 898, 969, 975, 965]
[25, 32768, 1000, 992, 893, 1018, 983, 966, 967, 931]
[25, 32768, 965, 934, 942, 1032, 975, 949, 955, 1020]
[25, 32768, 1001, 940, 848, 987, 914, 987, 1029, 948]
[25, 32768, 940, 1018, 972, 1032, 927, 937, 929, 962]
[25, 32768, 982, 944, 1019, 970, 876, 982, 988, 978]
[25, 32768, 1011, 902, 930, 988, 973, 995, 1026, 931]
[25, 32768, 964, 982, 1008, 950, 996, 938, 990, 986]
[25, 32768, 1019, 890, 1015, 938, 908, 986, 969, 1020]
[25, 32768, 1024, 906, 1019, 915, 881, 978, 919, 965]
[25, 32768, 1000, 810, 810, 975, 1016, 973, 1078, 977]
[25, 32768, 929, 947, 998, 1012, 944, 996, 951, 968]
[25, 32768, 979, 952, 934, 1009, 1083, 971, 1006, 998]
[25, 32768, 985, 896, 915, 996, 951, 1011, 982, 899]
[25, 32768, 921, 987, 932, 921, 946, 938, 1052, 1035]
[25, 32768, 973, 994, 966, 1037, 1003, 978, 988, 1007]
[25, 32768, 959, 940, 978, 913, 974, 921, 926, 982]
[25, 32768, 939, 929, 909, 969, 985, 961, 926, 920]
[25, 32768, 969, 975, 1034, 968, 934, 1012, 1033, 1010]
[25, 32768, 1053, 1053, 1006, 906, 948, 979, 892, 978]
[25, 32768, 940, 1032, 985, 987, 954, 940, 959, 926]
[25, 32768, 952, 955, 951, 983, 981, 953, 921, 1048]
[25, 32768, 1123, 917, 914, 966, 918, 1049, 984, 959]
[25, 32768, 980, 967, 931, 982, 914, 1054, 965, 997]
[25, 32768, 986, 982, 972, 937, 958, 993, 856, 1010]
[25, 32768, 970, 967, 1041, 963, 978, 986, 986, 987]
[25, 32768, 978, 975, 1033, 979, 923, 950, 988, 992]
[25, 32768, 1023, 979, 946, 936, 924, 886, 976, 1046]
[25, 32768, 955, 962, 984, 989, 1009, 906, 934, 994]
[25, 32768, 999, 930, 1010, 975, 962, 938, 969, 973]
[25, 32768, 1030, 981, 1026, 963, 940, 980, 948, 973]
[25, 32768, 1009, 1022, 1011, 988, 1020, 956, 927, 940]
[25, 32768, 1024, 984, 937, 1055, 919, 1007, 934, 948]
[25, 32768, 984, 946, 1102, 932, 945, 1055, 973, 971]
[25, 32768, 1058, 982, 926, 892, 1007, 882, 990, 977]
[25, 32768, 1035, 1046, 961, 913, 944, 973, 930, 955]
[25, 32768, 957, 1029, 1005, 929, 987, 989, 968, 1009]
[25, 32768, 958, 964, 968, 962, 1031, 915, 1059, 932]
[25, 32768, 914, 948, 942, 1030, 965, 1061, 974, 1029]
[25, 32768, 947, 954, 972, 960, 993, 962, 1022, 967]
[25, 32768, 895, 956, 991, 1008, 990, 983, 968, 1085]
[25, 32768, 1066, 988, 950, 917, 927, 982, 944, 930]
[25, 32768, 958, 957, 996, 970, 948, 1020, 960, 899]
[25, 32768, 884, 1032, 963, 963, 982, 928, 982, 934]
[25, 32768, 976, 970, 1005, 1002, 951, 982, 1014, 1054]
[25, 32768, 953, 993, 949, 1059, 909, 1026, 965, 994]
[25, 32768, 914, 928, 1013, 906, 969, 972, 968, 996]
[25, 32768, 954, 1006, 1051, 1022, 992, 941, 1031, 931]
[25, 32768, 1024, 1008, 936, 917, 869, 1039, 933, 972]
[25, 32768, 939, 962, 1014, 899, 970, 966, 995, 890]
[25, 32768, 937, 972, 992, 931, 944, 954, 982, 947]
[25, 32768, 917, 964, 1005, 900, 991, 954, 956, 864]
[25, 32768, 956, 938, 924, 965, 1013, 1048, 961, 949]
[25, 32768, 956, 998, 969, 951, 848, 992, 993, 998]
[25, 32768, 961, 905, 886, 893, 1007, 999, 1034, 968]
[25, 32768, 980, 1045, 971, 913, 923, 976, 981, 1010]
[25, 32768, 934, 923, 968, 954, 971, 916, 1014, 1007]
[25, 32768, 983, 1011, 894, 964, 889, 924, 993, 1001]
[25, 32768, 989, 998, 943, 950, 914, 965, 990, 958]
[25, 32768, 968, 969, 977, 979, 1005, 912, 931, 998]
[25, 32768, 1020, 921, 1037, 1007, 918, 941, 939, 965]
[25, 32768, 1002, 956, 980, 945, 897, 952, 945, 944]
[25, 32768, 992, 981, 970, 868, 1003, 1054, 935, 944]
[25, 32768, 933, 1012, 990, 1059, 951, 987, 1042, 984]
[25, 32768, 963, 901, 967, 995, 938, 962, 1076, 953]
[25, 32768, 982, 988, 1009, 936, 1025, 998, 981, 959]
[25, 32768, 912, 950, 993, 957, 996, 989, 1042, 942]
[25, 32768, 954, 966, 962, 988, 935, 952, 967, 941]
[25, 32768, 1018, 1031, 933, 1027, 876, 973, 892, 946]
[25, 32768, 975, 1036, 911, 992, 942, 942, 1010, 953]
[25, 32768, 986, 1015, 851, 974, 1008, 937, 927, 984]
[25, 32768, 1011, 1010, 1013, 969, 901, 891, 938, 1038]
[25, 32768, 935, 915, 988, 968, 991, 934, 986, 952]
[25, 32768, 970, 973, 915, 930, 1022, 877, 926, 1034]
[25, 32768, 916, 976, 882, 968, 1086, 938, 961, 1014]
[25, 32768, 926, 926, 936, 951, 980, 1015, 1068, 1000]
[25, 32768, 1030, 971, 1056, 1013, 902, 945, 933, 913]
[25, 32768, 948, 909, 932, 972, 977, 904, 908, 944]
[25, 32768, 964, 1071, 918, 919, 968, 1007, 1029, 918]
[25, 32768, 976, 927, 981, 962, 973, 999, 895, 1047]
[25, 32768, 987, 920, 973, 1027, 985, 966, 989, 1013]
[25, 32768, 916, 1022, 954, 948, 903, 1019, 972, 978]
[25, 32768, 1037, 969, 956, 1008, 933, 927, 882, 912]
[25, 32768, 1040, 942, 955, 950, 1005, 918, 1009, 957]
[25, 32768, 1033, 987, 971, 1026, 994, 967, 1016, 956]
[25, 32768, 937, 923, 950, 976, 1016, 998, 982, 977]
[25, 32768, 927, 946, 960, 978, 918, 938, 1032, 926]
[25, 32768, 994, 928, 989, 977, 1023, 989, 950, 951]
[25, 32768, 957, 981, 971, 984, 976, 1011, 977, 948]
[25, 32768, 918, 982, 1014, 962, 946, 1036, 972, 1001]
[25, 32768, 1073, 918, 901, 959, 885, 951, 978, 968]
[25, 32768, 933, 992, 951, 913, 927, 974, 1019, 941]
[25, 32768, 976, 936, 934, 960, 1009, 985, 956, 975]
[25, 32768, 1026, 942, 990, 944, 986, 1007, 990, 968]
[30, 39321, 1393, 1311, 1368, 1353, 1276, 1348, 1335, 1340]
[30, 39321, 1369, 1383, 1361, 1419, 1354, 1348, 1265, 1274]
[30, 39321, 1259, 1305, 1314, 1382, 1303, 1309, 1422, 1323]
[30, 39321, 1333, 1372, 1333, 1331, 1335, 1295, 1321, 1371]
[30, 39321, 1312, 1345, 1399, 1265, 1429, 1341, 1321, 1383]
[30, 39321, 1274, 1377, 1253, 1340, 1344, 1335, 1427, 1255]
[30, 39321, 1375, 1304, 1363, 1457, 1265, 1357, 1377, 1358]
[30, 39321, 1386, 1411, 1292, 1386, 1374, 1307, 1328, 1337]
[30, 39321, 1315, 1307, 1263, 1424, 1375, 1301, 1343, 1384]
[30, 39321, 1367, 1322, 1225, 1350, 1295, 1450, 1390, 1319]
[30, 39321, 1309, 1396, 1376, 1458, 1302, 1338, 1234, 1311]
[30, 39321, 1377, 1308, 1410, 1362, 1215, 1406, 1343, 1350]
[30, 39321, 1398, 1273, 1329, 1310, 1361, 1422, 1392, 1303]
[30, 39321, 1346, 1375, 1383, 1280, 1334, 1292, 1389, 1399]
[30, 39321, 1374, 1242, 1441, 1276, 1294, 1415, 1357, 1423]
[30, 39321, 1397, 1243, 1392, 1301, 1293, 1334, 1292, 1335]
[30, 39321, 1359, 1183, 1171, 1423, 1405, 1372, 1490, 1359]
[30, 39321, 1289, 1313, 1354, 1436, 1359, 1406, 1318, 1345]
[30, 39321, 1360, 1247, 1294, 1407, 1441, 1356, 1428, 1345]
[30, 39321, 1397, 1284, 1305, 1359, 1295, 1381, 1383, 1270]
[30, 39321, 1289, 1388, 1272, 1300, 1325, 1287, 1461, 1439]
[30, 39321, 1343, 1386, 1361, 1351, 1383, 1305, 1324, 1425]
[30, 39321, 1389, 1290, 1359, 1253, 1376, 1301, 1235, 1381]
[30, 39321, 1301, 1313, 1285, 1358, 1340, 1349, 1323, 1290]
[30, 39321, 1340, 1389, 1416, 1343, 1308, 1352, 1344, 1380]
[30, 39321, 1457, 1420, 1368, 1293, 1317, 1376, 1270, 1379]
[30, 39321, 1333, 1412, 1339, 1402, 1359, 1317, 1342, 1267]
[30, 39321, 1287, 1342, 1316, 1371, 1362, 1313, 1288, 1406]
[30, 39321, 1487, 1313, 1303, 1340, 1314, 1434, 1384, 1359]
[30, 39321, 1332, 1343, 1276, 1360, 1317, 1479, 1341, 1390]
[30, 39321, 1362, 1371, 1336, 1344, 1340, 1370, 1228, 1365]
[30, 39321, 1364, 1371, 1380, 1379, 1324, 1322, 1371, 1385]
[30, 39321, 1332, 1357, 1414, 1362, 1322, 1349, 1396, 1373]
[30, 39321, 1423, 1336, 1294, 1334, 1305, 1284, 1350, 1403]
[30, 39321, 1346, 1348, 1360, 1384, 1387, 1287, 1334, 1341]
[30, 39321, 1350, 1285, 1373, 1343, 1349, 1336, 1346, 1328]
[30, 39321, 1380, 1373, 1405, 1378, 1264, 1367, 1375, 1356]
[30, 39321, 1429, 1404, 1350, 1389, 1398, 1381, 1305, 1309]
[30, 39321, 1399, 1353, 1329, 1412, 1295, 1392, 1287, 1350]
[30, 39321, 1404, 1356, 1517, 1304, 1336, 1425, 1343, 1389]
[30, 39321, 1428, 1387, 1302, 1273, 1411, 1218, 1344, 1314]
[30, 39321, 1425, 1431, 1262, 1294, 1337, 1323, 1310, 1295]
[30, 39321, 1358, 1423, 1433, 1284, 1381, 1384, 1340, 1389]
[30, 39321, 1303, 1295, 1349, 1366, 1446, 1292, 1448, 1293]
[30, 39321, 1265, 1292, 1240, 1432, 1301, 1435, 1336, 1421]
[30, 39321, 1309, 1337, 1336, 1331, 1368, 1305, 1397, 1360]
[30, 39321, 1242, 1276, 1357, 1362, 1368, 1359, 1316, 1488]
[30, 39321, 1452, 1385, 1298, 1318, 1267, 1329, 1286, 1327]
[30, 39321, 1288, 1354, 1405, 1283, 1297, 1417, 1304, 1286]
[30, 39321, 1289, 1394, 1317, 1345, 1356, 1297, 1376, 1263]
[30, 39321, 1302, 1384, 1356, 1367, 1370, 1402, 1293, 1442]
[30, 39321, 1293, 1383, 1341, 1451, 1277, 1423, 1305, 1393]
[30, 39321, 1273, 1310, 1416, 1269, 1388, 1310, 1279, 1328]
[30, 39321, 1350, 1346, 1396, 1349, 1347, 1311, 1433, 1318]
[30, 39321, 1394, 1409, 1353, 1272, 1238, 1413, 1310, 1345]
[30, 39321, 1320, 1359, 1435, 1250, 1323, 1329, 1391, 1298]
[30, 39321, 1294, 1331, 1385, 1315, 1296, 1354, 1318, 1341]
[30, 39321, 1279, 1383, 1388, 1261, 1424, 1335, 1361, 1256]
[30, 39321, 1350, 1317, 1306, 1374, 1370, 1408, 1346, 1288]
[30, 39321, 1312, 1381, 1405, 1343, 1219, 1340, 1368, 1400]
[30, 39321, 1372, 1285, 1288, 1260, 1379, 1340, 1433, 1326]
[30, 39321, 1312, 1397, 1422, 1262, 1241, 1348, 1320, 1349]
[30, 39321, 1331, 1273, 1296, 1414, 1392, 1323, 1371, 1389]
[30, 39321, 1337, 1391, 1249, 1353, 1232, 1285, 1388, 1380]
[30, 39321, 1401, 1397, 1305, 1337, 1312, 1307, 1391, 1325]
[30, 39321, 1398, 1320, 1326, 1365, 1374, 1295, 1347, 1349]
[30, 39321, 1373, 1330, 1438, 1398, 1285, 1326, 1333, 1376]
[30, 39321, 1425, 1340, 1306, 1413, 1260, 1307, 1293, 1337]
[30, 39321, 1343, 1332, 1373, 1258, 1341, 1409, 1299, 1313]
[30, 39321, 1292, 1370, 1345, 1430, 1340, 1379, 1398, 1412]
[30, 39321, 1368, 1260, 1307, 1396, 1302, 1297, 1475, 1314]
[30, 39321, 1352, 1360, 1355, 1309, 1387, 1369, 1349, 1330]
[30, 39321, 1321, 1335, 1385, 1331, 1381, 1325, 1427, 1352]
[30, 39321, 1318, 1354, 1326, 1362, 1333, 1335, 1343, 1324]
[30, 39321, 1407, 1435, 1324, 1430, 1213, 1335, 1265, 1359]
[30, 39321, 1345, 1415, 1307, 1406, 1337, 1306, 1355, 1393]
[30, 39321, 1401, 1411, 1232, 1373, 1409, 1318, 1280, 1341]
[30, 39321, 1344, 1412, 1362, 1360, 1327, 1255, 1325, 1430]
[30, 39321, 1332, 1293, 1334, 1356, 1340, 1302, 1366, 1347]
[30, 39321, 1370, 1323, 1279, 1297, 1432, 1259, 1294, 1417]
[30, 39321, 1310, 1406, 1274, 1321, 1460, 1346, 1330, 1396]
[30, 39321, 1325, 1311, 1340, 1299, 1380, 1337, 1446, 1407]
[30, 39321, 1373, 1375, 1456, 1402, 1295, 1343, 1304, 1323]
[30, 39321, 1316, 1311, 1347, 1340, 1350, 1262, 1312, 1277]
[30, 39321, 1301, 1397, 1234, 1314, 1383, 1362, 1404, 1268]
[30, 39321, 1346, 1266, 1357, 1350, 1379, 1381, 1236, 1470]
[30, 39321, 1428, 1287, 1355, 1417, 1408, 1367, 1313, 1400]
[30, 39321, 1204, 1430, 1367, 1361, 1203, 1369, 1351, 1337]
[30, 39321, 1476, 1387, 1339, 1363, 1336, 1263, 1266, 1308]
[30, 39321, 1389, 1296, 1374, 1334, 1387, 1317, 1422, 1320]
[30, 39321, 1396, 1375, 1321, 1375, 1357, 1305, 1424, 1333]
[30, 39321, 1304, 1312, 1327, 1388, 1346, 1376, 1389, 1362]
[30, 39321, 1337, 1291, 1315, 1384, 1319, 1321, 1395, 1360]
[30, 39321, 1370, 1260, 1338, 1342, 1460, 1342, 1326, 1295]
[30, 39321, 1391, 1351, 1350, 1352, 1350, 1403, 1344, 1305]
[30, 39321, 1308, 1341, 1343, 1349, 1348, 1415, 1362, 1318]
[30, 39321, 1467, 1334, 1273, 1285, 1302, 1325, 1293, 1337]
[30, 39321, 1300, 1363, 1314, 1265, 1327, 1342, 1409, 1315]
[30, 39321, 1379, 1319, 1302, 1363, 1395, 1368, 1316, 1315]
[30, 39321, 1383, 1314, 1370, 1321, 1366, 1351, 1350, 1355]
[35, 45875, 1867, 1712, 1820, 1758, 1728, 1752, 1769, 1789]
[35, 45875, 1771, 1785, 1815, 1896, 1732, 1790, 1652, 1701]
[35, 45875, 1699, 1757, 1730, 1795, 1721, 1691, 1889, 1733]
[35, 45875, 1778, 1780, 1759, 1758, 1747, 1670, 1734, 1817]
[35, 45875, 1746, 1758, 1867, 1709, 1879, 1814, 1751, 1788]
[35, 45875, 1658, 1801, 1702, 1753, 1782, 1815, 1879, 1649]
[35, 45875, 1809, 1716, 1772, 1880, 1674, 1766, 1827, 1817]
[35, 45875, 1792, 1853, 1667, 1828, 1813, 1783, 1791, 1772]
[35, 45875, 1697, 1752, 1695, 1809, 1790, 1725, 1765, 1853]
[35, 45875, 1838, 1728, 1605, 1770, 1712, 1874, 1855, 1721]
[35, 45875, 1751, 1844, 1793, 1883, 1715, 1807, 1642, 1706]
[35, 45875, 1790, 1711, 1842, 1849, 1669, 1837, 1767, 1799]
[35, 45875, 1818, 1712, 1772, 1705, 1775, 1906, 1793, 1785]
[35, 45875, 1791, 1801, 1770, 1699, 1784, 1679, 1796, 1813]
[35, 45875, 1811, 1709, 1888, 1675, 1729, 1799, 1756, 1833]
[35, 45875, 1852, 1646, 1820, 1703, 1755, 1804, 1675, 1747]
[35, 45875, 1800, 1683, 1580, 1837, 1824, 1810, 1932, 1752]
[35, 45875, 1711, 1751, 1791, 1872, 1739, 1887, 1757, 1783]
[35, 45875, 1790, 1689, 1761, 1827, 1815, 1760, 1837, 1794]
[35, 45875, 1806, 1723, 1752, 1788, 1747, 1829, 1815, 1700]
[35, 45875, 1703, 1818, 1681, 1706, 1726, 1727, 1931, 1852]
[35, 45875, 1768, 1818, 1811, 1799, 1789, 1690, 1734, 1856]
[35, 45875, 1839, 1708, 1849, 1672, 1829, 1703, 1707, 1799]
[35, 45875, 1751, 1741, 1727, 1825, 1798, 1747, 1774, 1730]
[35, 45875, 1697, 1809, 1855, 1822, 1715, 1743, 1776, 1765]
[35, 45875, 1900, 1875, 1788, 1753, 1758, 1787, 1706, 1862]
[35, 45875, 1739, 1869, 1726, 1815, 1802, 1742, 1728, 1702]
[35, 45875, 1653, 1795, 1751, 1792, 1785, 1741, 1734, 1806]
[35, 45875, 1895, 1722, 1715, 1791, 1688, 1863, 1777, 1793]
[35, 45875, 1804, 1754, 1688, 1781, 1790, 1922, 1762, 1740]
[35, 45875, 1795, 1794, 1803, 1753, 1797, 1801, 1690, 1802]
[35, 45875, 1778, 1816, 1855, 1800, 1736, 1731, 1759, 1825]
[35, 45875, 1785, 1744, 1836, 1794, 1753, 1802, 1838, 1734]
[35, 45875, 1826, 1802, 1661, 1786, 1722, 1729, 1744, 1808]
[35, 45875, 1821, 1791, 1791, 1856, 1820, 1696, 1797, 1808]
[35, 45875, 1793, 1739, 1870, 1768, 1782, 1764, 1797, 1730]
[35, 45875, 1802, 1777, 1823, 1784, 1715, 1823, 1811, 1823]
[35, 45875, 1853, 1818, 1829, 1805, 1827, 1840, 1753, 1744]
[35, 45875, 1790, 1787, 1750, 1791, 1673, 1838, 1739, 1771]
[35, 45875, 1756, 1816, 1947, 1725, 1780, 1876, 1751, 1796]
[35, 45875, 1878, 1777, 1697, 1652, 1841, 1628, 1779, 1719]
[35, 45875, 1824, 1851, 1722, 1699, 1752, 1777, 1698, 1714]
[35, 45875, 1765, 1845, 1921, 1755, 1822, 1765, 1792, 1805]
[35, 45875, 1763, 1726, 1795, 1797, 1865, 1708, 1863, 1701]
[35, 45875, 1710, 1765, 1677, 1863, 1736, 1831, 1746, 1869]
[35, 45875, 1706, 1773, 1792, 1781, 1783, 1695, 1860, 1792]
[35, 45875, 1639, 1717, 1785, 1804, 1759, 1812, 1741, 1940]
[35, 45875, 1875, 1789, 1753, 1812, 1689, 1781, 1710, 1741]
[35, 45875, 1750, 1777, 1839, 1738, 1756, 1791, 1802, 1698]
[35, 45875, 1763, 1823, 1755, 1778, 1782, 1711, 1812, 1723]
[35, 45875, 1748, 1832, 1758, 1783, 1748, 1861, 1703, 1872]
[35, 45875, 1711, 1840, 1728, 1875, 1711, 1843, 1726, 1800]
[35, 45875, 1690, 1720, 1876, 1750, 1824, 1760, 1661, 1741]
[35, 45875, 1806, 1753, 1839, 1765, 1800, 1745, 1828, 1726]
[35, 45875, 1843, 1816, 1798, 1722, 1658, 1808, 1753, 1830]
[35, 45875, 1718, 1838, 1827, 1731, 1733, 1730, 1866, 1780]
[35, 45875, 1765, 1761, 1814, 1718, 1735, 1811, 1685, 1708]
[35, 45875, 1757, 1779, 1836, 1678, 1846, 1817, 1811, 1671]
[35, 45875, 1828, 1695, 1736, 1767, 1796, 1827, 1791, 1737]
[35, 45875, 1697, 1818, 1859, 1752, 1631, 1796, 1751, 1850]
[35, 45875, 1783, 1697, 1681, 1692, 1810, 1780, 1840, 1751]
[35, 45875, 1708, 1863, 1838, 1764, 1667, 1820, 1754, 1740]
[35, 45875, 1752, 1688, 1721, 1839, 1821, 1728, 1789, 1816]
[35, 45875, 1747, 1847, 1670, 1809, 1632, 1722, 1842, 1794]
[35, 45875, 1791, 1827, 1723, 1765, 1720, 1676, 1803, 1799]
[35, 45875, 1794, 1760, 1739, 1758, 1827, 1713, 1758, 1819]
[35, 45875, 1832, 1775, 1909, 1837, 1704, 1749, 1737, 1742]
[35, 45875, 1826, 1813, 1730, 1857, 1701, 1707, 1709, 1732]
[35, 45875, 1786, 1729, 1805, 1687, 1799, 1867, 1738, 1741]
[35, 45875, 1665, 1783, 1785, 1855, 1728, 1783, 1820, 1786]
[35, 45875, 1787, 1662, 1744, 1853, 1751, 1761, 1894, 1762]
[35, 45875, 1763, 1758, 1801, 1733, 1840, 1773, 1804, 1734]
[35, 45875, 1765, 1717, 1797, 1714, 1819, 1755, 1859, 1817]
[35, 45875, 1754, 1801, 1796, 1796, 1769, 1724, 1768, 1742]
[35, 45875, 1813, 1859, 1776, 1898, 1639, 1746, 1726, 1838]
[35, 45875, 1786, 1822, 1778, 1772, 1753, 1743, 1801, 1835]
[35, 45875, 1788, 1871, 1621, 1807, 1842, 1724, 1717, 1761]
[35, 45875, 1781, 1863, 1779, 1728, 1767, 1675, 1717, 1860]
[35, 45875, 1724, 1755, 1784, 1778, 1804, 1704, 1781, 1789]
[35, 45875, 1837, 1762, 1715, 1724, 1878, 1710, 1731, 1844]
[35, 45875, 1775, 1800, 1729, 1751, 1900, 1783, 1749, 1804]
[35, 45875, 1737, 1751, 1795, 1762, 1783, 1773, 1820, 1832]
[35, 45875, 1762, 1788, 1871, 1834, 1736, 1759, 1713, 1713]
[35, 45875, 1751, 1730, 1764, 1747, 1725, 1700, 1689, 1664]
[35, 45875, 1765, 1844, 1656, 1725, 1808, 1774, 1800, 1698]
[35, 45875, 1770, 1693, 1792, 1744, 1852, 1796, 1634, 1945]
[35, 45875, 1850, 1669, 1795, 1816, 1839, 1788, 1720, 1879]
[35, 45875, 1623, 1832, 1776, 1809, 1646, 1794, 1757, 1744]
[35, 45875, 1952, 1803, 1801, 1790, 1716, 1672, 1686, 1726]
[35, 45875, 1828, 1712, 1825, 1761, 1814, 1719, 1870, 1761]
[35, 45875, 1847, 1808, 1757, 1809, 1721, 1764, 1907, 1783]
[35, 45875, 1790, 1700, 1743, 1857, 1761, 1805, 1820, 1777]
[35, 45875, 1774, 1729, 1752, 1825, 1758, 1709, 1803, 1769]
[35, 45875, 1788, 1699, 1678, 1807, 1904, 1762, 1785, 1738]
[35, 45875, 1851, 1838, 1784, 1729, 1757, 1836, 1769, 1736]
[35, 45875, 1747, 1758, 1806, 1769, 1734, 1879, 1797, 1737]
[35, 45875, 1886, 1788, 1738, 1709, 1717, 1689, 1730, 1788]
[35, 45875, 1688, 1796, 1774, 1726, 1762, 1763, 1851, 1740]
[35, 45875, 1764, 1722, 1703, 1791, 1856, 1830, 1764, 1732]
[35, 45875, 1819, 1779, 1816, 1758, 1848, 1763, 1783, 1783]
[40, 52428, 2354, 2230, 2245, 2251, 2183, 2263, 2208, 2258]
[40, 52428, 2187, 2217, 2300, 2339, 2181, 2209, 2097, 2217]
[40, 52428, 2225, 2228, 2201, 2231, 2205, 2190, 2384, 2184]
[40, 52428, 2270, 2298, 2252, 2191, 2228, 2167, 2236, 2309]
[40, 52428, 2189, 2197, 2333, 2181, 2371, 2287, 2176, 2305]
[40, 52428, 2110, 2206, 2168, 2224, 2226, 2321, 2336, 2116]
[40, 52428, 2264, 2170, 2288, 2314, 2099, 2256, 2287, 2273]
[40, 52428, 2207, 2340, 2117, 2290, 2358, 2296, 2234, 2201]
[40, 52428, 2180, 2232, 2182, 2265, 2243, 2192, 2245, 2344]
[40, 52428, 2376, 2172, 2084, 2291, 2142, 2348, 2350, 2178]
[40, 52428, 2274, 2329, 2226, 2416, 2172, 2262, 2136, 2171]
[40, 52428, 2255, 2246, 2361, 2294, 2139, 2308, 2230, 2223]
[40, 52428, 2294, 2196, 2270, 2192, 2265, 2410, 2335, 2289]
[40, 52428, 2273, 2274, 2311, 2182, 2285, 2171, 2238, 2251]
[40, 52428, 2264, 2159, 2347, 2158, 2216, 2232, 2214, 2307]
[40, 52428, 2316, 2112, 2296, 2176, 2241, 2279, 2181, 2199]
[40, 52428, 2304, 2134, 1965, 2349, 2302, 2291, 2400, 2272]
[40, 52428, 2148, 2221, 2238, 2365, 2251, 2372, 2284, 2270]
[40, 52428, 2297, 2140, 2238, 2270, 2308, 2236, 2264, 2281]
[40, 52428, 2276, 2214, 2229, 2246, 2185, 2277, 2310, 2220]
[40, 52428, 2168, 2278, 2146, 2215, 2192, 2222, 2422, 2362]
[40, 52428, 2263, 2240, 2303, 2340, 2252, 2193, 2209, 2332]
[40, 52428, 2300, 2191, 2347, 2121, 2310, 2157, 2215, 2291]
[40, 52428, 2213, 2137, 2216, 2318, 2303, 2211, 2237, 2214]
[40, 52428, 2186, 2315, 2338, 2380, 2192, 2236, 2235, 2274]
[40, 52428, 2374, 2332, 2267, 2183, 2267, 2250, 2155, 2346]
[40, 52428, 2175, 2390, 2161, 2297, 2222, 2218, 2203, 2126]
[40, 52428, 2089, 2312, 2185, 2238, 2330, 2242, 2173, 2282]
[40, 52428, 2338, 2235, 2167, 2283, 2154, 2319, 2251, 2284]
[40, 52428, 2265, 2200, 2177, 2260, 2284, 2374, 2262, 2210]
[40, 52428, 2291, 2297, 2254, 2190, 2269, 2275, 2161, 2298]
[40, 52428, 2253, 2278, 2328, 2285, 2224, 2194, 2261, 2275]
[40, 52428, 2237, 2230, 2301, 2288, 2197, 2223, 2325, 2205]
[40, 52428, 2314, 2260, 2098, 2247, 2192, 2171, 2214, 2269]
[40, 52428, 2322, 2196, 2269, 2358, 2249, 2207, 2248, 2230]
[40, 52428, 2225, 2236, 2345, 2221, 2275, 2241, 2299, 2129]
[40, 52428, 2287, 2242, 2290, 2264, 2208, 2274, 2288, 2281]
[40, 52428, 2339, 2299, 2275, 2297, 2300, 2342, 2243, 2279]
[40, 52428, 2224, 2273, 2234, 2244, 2144, 2294, 2231, 2226]
[40, 52428, 2201, 2305, 2468, 2182, 2320, 2345, 2230, 2219]
[40, 52428, 2359, 2261, 2183, 2118, 2382, 2070, 2235, 2214]
[40, 52428, 2356, 2329, 2223, 2179, 2251, 2237, 2161, 2161]
[40, 52428, 2263, 2277, 2411, 2248, 2307, 2234, 2263, 2286]
[40, 52428, 2225, 2228, 2340, 2275, 2340, 2149, 2341, 2103]
[40, 52428, 2165, 2271, 2132, 2320, 2224, 2247, 2224, 2357]
[40, 52428, 2128, 2265, 2296, 2279, 2238, 2140, 2311, 2258]
[40, 52428, 2105, 2173, 2219, 2260, 2242, 2283, 2180, 2452]
[40, 52428, 2316, 2247, 2210, 2310, 2140, 2278, 2211, 2219]
[40, 52428, 2187, 2199, 2318, 2216, 2233, 2283, 2257, 2210]
[40, 52428, 2291, 2285, 2227, 2269, 2253, 2197, 2270, 2173]
[40, 52428, 2205, 2285, 2256, 2290, 2183, 2316, 2208, 2303]
[40, 52428, 2085, 2316, 2188, 2390, 2251, 2353, 2223, 2314]
[40, 52428, 2171, 2161, 2345, 2226, 2297, 2312, 2115, 2245]
[40, 52428, 2255, 2205, 2333, 2175, 2306, 2210, 2341, 2161]
[40, 52428, 2309, 2259, 2283, 2156, 2128, 2257, 2212, 2264]
[40, 52428, 2177, 2296, 2283, 2225, 2198, 2241, 2306, 2269]
[40, 52428, 2257, 2260, 2308, 2166, 2233, 2263, 2156, 2169]
[40, 52428, 2249, 2249, 2267, 2113, 2293, 2290, 2306, 2168]
[40, 52428, 2308, 2208, 2222, 2288, 2245, 2236, 2301, 2215]
[40, 52428, 2181, 2311, 2335, 2167, 2091, 2308, 2277, 2301]
[40, 52428, 2288, 2196, 2181, 2135, 2252, 2268, 2321, 2178]
[40, 52428, 2144, 2365, 2316, 2280, 2122, 2278, 2233, 2214]
[40, 52428, 2211, 2183, 2217, 2359, 2316, 2199, 2261, 2305]
[40, 52428, 2267, 2314, 2151, 2317, 2052, 2228, 2358, 2288]
[40, 52428, 2237, 2288, 2227, 2222, 2215, 2133, 2307, 2265]
[40, 52428, 2241, 2187, 2173, 2291, 2292, 2208, 2250, 2229]
[40, 52428, 2311, 2229, 2323, 2316, 2168, 2204, 2233, 2273]
[40, 52428, 2304, 2251, 2226, 2319, 2171, 2162, 2195, 2187]
[40, 52428, 2266, 2208, 2217, 2170, 2248, 2325, 2207, 2187]
[40, 52428, 2148, 2283, 2236, 2324, 2227, 2213, 2330, 2234]
[40, 52428, 2280, 2143, 2224, 2315, 2236, 2252, 2366, 2256]
[40, 52428, 2230, 2193, 2248, 2183, 2293, 2209, 2316, 2240]
[40, 52428, 2251, 2197, 2276, 2238, 2311, 2190, 2372, 2259]
[40, 52428, 2221, 2249, 2250, 2260, 2265, 2244, 2235, 2196]
[40, 52428, 2274, 2303, 2194, 2365, 2062, 2196, 2174, 2303]
[40, 52428, 2234, 2274, 2239, 2242, 2246, 2181, 2307, 2341]
[40, 52428, 2251, 2292, 2089, 2280, 2322, 2198, 2172, 2237]
[40, 52428, 2188, 2306, 2221, 2240, 2281, 2188, 2185, 2362]
[40, 52428, 2210, 2232, 2219, 2258, 2309, 2185, 2279, 2220]
[40, 52428, 2312, 2207, 2174, 2218, 2351, 2211, 2181, 2384]
[40, 52428, 2197, 2316, 2262, 2251, 2360, 2230, 2252, 2247]
[40, 52428, 2236, 2245, 2278, 2269, 2237, 2262, 2263, 2317]
[40, 52428, 2198, 2268, 2400, 2347, 2275, 2232, 2193, 2175]
[40, 52428, 2253, 2195, 2231, 2289, 2238, 2177, 2131, 2153]
[40, 52428, 2273, 2324, 2128, 2246, 2282, 2247, 2292, 2148]
[40, 52428, 2215, 2186, 2236, 2242, 2287, 2286, 2158, 2399]
[40, 52428, 2370, 2181, 2284, 2264, 2307, 2246, 2136, 2371]
[40, 52428, 2096, 2366, 2292, 2291, 2131, 2269, 2200, 2217]
[40, 52428, 2384, 2282, 2359, 2287, 2166, 2127, 2128, 2158]
[40, 52428, 2306, 2164, 2322, 2213, 2289, 2186, 2377, 2209]
[40, 52428, 2251, 2290, 2280, 2232, 2184, 2242, 2413, 2217]
[40, 52428, 2287, 2126, 2212, 2332, 2222, 2280, 2342, 2199]
[40, 52428, 2252, 2192, 2146, 2307, 2227, 2162, 2275, 2245]
[40, 52428, 2231, 2183, 2147, 2247, 2421, 2306, 2286, 2168]
[40, 52428, 2304, 2290, 2280, 2217, 2198, 2323, 2214, 2187]
[40, 52428, 2277, 2191, 2280, 2282, 2192, 2406, 2274, 2215]
[40, 52428, 2338, 2273, 2212, 2143, 2246, 2128, 2202, 2291]
[40, 52428, 2192, 2241, 2251, 2220, 2266, 2200, 2320, 2242]
[40, 52428, 2246, 2232, 2202, 2275, 2390, 2302, 2216, 2205]
[40, 52428, 2307, 2286, 2327, 2230, 2285, 2218, 2243, 2220]
