[1, 1310, 0]
[1, 1310, 2]
[1, 1310, 0]
[1, 1310, 0]
[1, 1310, 0]
[1, 1310, 0]
[1, 1310, 0]
[1, 1310, 1]
[1, 1310, 0]
[1, 1310, 1]
[1, 1310, 0]
[1, 1310, 0]
[1, 1310, 0]
[1, 1310, 0]
[1, 1310, 1]
[1, 1310, 0]
[1, 1310, 0]
[1, 1310, 0]
[1, 1310, 0]
[1, 1310, 0]
[1, 1310, 0]
[1, 1310, 0]
[1, 1310, 0]
[1, 1310, 0]
[1, 1310, 0]
[1, 1310, 0]
[1, 1310, 0]
[1, 1310, 0]
[1, 1310, 0]
[1, 1310, 0]
[1, 1310, 0]
[1, 1310, 0]
[1, 1310, 1]
[1, 1310, 0]
[1, 1310, 0]
[1, 1310, 0]
[1, 1310, 0]
[1, 1310, 3]
[1, 1310, 0]
[1, 1310, 0]
[1, 1310, 0]
[1, 1310, 0]
[1, 1310, 0]
[1, 1310, 0]
[1, 1310, 0]
[1, 1310, 1]
[1, 1310, 0]
[1, 1310, 0]
[1, 1310, 0]
[1, 1310, 0]
[1, 1310, 0]
[1, 1310, 0]
[1, 1310, 0]
[1, 1310, 0]
[1, 1310, 0]
[1, 1310, 1]
[1, 1310, 0]
[1, 1310, 0]
[1, 1310, 1]
[1, 1310, 2]
[1, 1310, 0]
[1, 1310, 0]
[1, 1310, 0]
[1, 1310, 1]
[1, 1310, 1]
[1, 1310, 0]
[1, 1310, 0]
[1, 1310, 0]
[1, 1310, 0]
[1, 1310, 0]
[1, 1310, 0]
[1, 1310, 1]
[1, 1310, 0]
[1, 1310, 0]
[1, 1310, 1]
[1, 1310, 0]
[1, 1310, 0]
[1, 1310, 0]
[1, 1310, 0]
[1, 1310, 0]
[1, 1310, 0]
[1, 1310, 1]
[1, 1310, 0]
[1, 1310, 4]
[1, 1310, 0]
[1, 1310, 0]
[1, 1310, 1]
[1, 1310, 0]
[1, 1310, 0]
[1, 1310, 1]
[1, 1310, 0]
[1, 1310, 0]
[1, 1310, 0]
[1, 1310, 2]
[1, 1310, 2]
[1, 1310, 0]
[1, 1310, 0]
[1, 1310, 1]
[1, 1310, 0]
[1, 1310, 0]
[2, 2621, 3]
[2, 2621, 6]
[2, 2621, 0]
[2, 2621, 0]
[2, 2621, 3]
[2, 2621, 4]
[2, 2621, 1]
[2, 2621, 0]
[2, 2621, 0]
[2, 2621, 4]
[2, 2621, 1]
[2, 2621, 2]
[2, 2621, 2]
[2, 2621, 7]
[2, 2621, 0]
[2, 2621, 0]
[2, 2621, 0]
[2, 2621, 1]
[2, 2621, 0]
[2, 2621, 0]
[2, 2621, 4]
[2, 2621, 3]
[2, 2621, 0]
[2, 2621, 3]
[2, 2621, 0]
[2, 2621, 1]
[2, 2621, 1]
[2, 2621, 2]
[2, 2621, 3]
[2, 2621, 2]
[2, 2621, 0]
[2, 2621, 0]
[2, 2621, 2]
[2, 2621, 0]
[2, 2621, 0]
[2, 2621, 0]
[2, 2621, 1]
[2, 2621, 6]
[2, 2621, 0]
[2, 2621, 1]
[2, 2621, 0]
[2, 2621, 1]
[2, 2621, 1]
[2, 2621, 1]
[2, 2621, 0]
[2, 2621, 2]
[2, 2621, 1]
[2, 2621, 1]
[2, 2621, 1]
[2, 2621, 0]
[2, 2621, 0]
[2, 2621, 0]
[2, 2621, 0]
[2, 2621, 2]
[2, 2621, 0]
[2, 2621, 2]
[2, 2621, 3]
[2, 2621, 0]
[2, 2621, 2]
[2, 2621, 2]
[2, 2621, 2]
[2, 2621, 0]
[2, 2621, 4]
[2, 2621, 1]
[2, 2621, 1]
[2, 2621, 0]
[2, 2621, 0]
[2, 2621, 2]
[2, 2621, 0]
[2, 2621, 0]
[2, 2621, 2]
[2, 2621, 1]
[2, 2621, 0]
[2, 2621, 2]
[2, 2621, 1]
[2, 2621, 0]
[2, 2621, 3]
[2, 2621, 1]
[2, 2621, 3]
[2, 2621, 1]
[2, 2621, 2]
[2, 2621, 2]
[2, 2621, 1]
[2, 2621, 8]
[2, 2621, 0]
[2, 2621, 0]
[2, 2621, 2]
[2, 2621, 1]
[2, 2621, 0]
[2, 2621, 2]
[2, 2621, 0]
[2, 2621, 1]
[2, 2621, 2]
[2, 2621, 5]
[2, 2621, 1]
[2, 2621, 0]
[2, 2621, 0]
[2, 2621, 1]
[2, 2621, 0]
[2, 2621, 2]
[5, 6553, 8]
[5, 6553, 7]
[5, 6553, 3]
[5, 6553, 15]
[5, 6553, 10]
[5, 6553, 15]
[5, 6553, 5]
[5, 6553, 17]
[5, 6553, 4]
[5, 6553, 11]
[5, 6553, 11]
[5, 6553, 6]
[5, 6553, 11]
[5, 6553, 11]
[5, 6553, 5]
[5, 6553, 6]
[5, 6553, 7]
[5, 6553, 10]
[5, 6553, 9]
[5, 6553, 14]
[5, 6553, 10]
[5, 6553, 12]
[5, 6553, 10]
[5, 6553, 10]
[5, 6553, 14]
[5, 6553, 6]
[5, 6553, 6]
[5, 6553, 6]
[5, 6553, 4]
[5, 6553, 6]
[5, 6553, 15]
[5, 6553, 8]
[5, 6553, 7]
[5, 6553, 5]
[5, 6553, 5]
[5, 6553, 4]
[5, 6553, 11]
[5, 6553, 15]
[5, 6553, 4]
[5, 6553, 11]
[5, 6553, 8]
[5, 6553, 12]
[5, 6553, 5]
[5, 6553, 6]
[5, 6553, 2]
[5, 6553, 13]
[5, 6553, 8]
[5, 6553, 6]
[5, 6553, 14]
[5, 6553, 8]
[5, 6553, 7]
[5, 6553, 9]
[5, 6553, 2]
[5, 6553, 11]
[5, 6553, 6]
[5, 6553, 6]
[5, 6553, 12]
[5, 6553, 7]
[5, 6553, 6]
[5, 6553, 8]
[5, 6553, 3]
[5, 6553, 8]
[5, 6553, 8]
[5, 6553, 19]
[5, 6553, 6]
[5, 6553, 6]
[5, 6553, 7]
[5, 6553, 9]
[5, 6553, 6]
[5, 6553, 9]
[5, 6553, 12]
[5, 6553, 8]
[5, 6553, 9]
[5, 6553, 10]
[5, 6553, 10]
[5, 6553, 8]
[5, 6553, 15]
[5, 6553, 7]
[5, 6553, 7]
[5, 6553, 10]
[5, 6553, 9]
[5, 6553, 19]
[5, 6553, 8]
[5, 6553, 16]
[5, 6553, 9]
[5, 6553, 9]
[5, 6553, 11]
[5, 6553, 8]
[5, 6553, 9]
[5, 6553, 12]
[5, 6553, 12]
[5, 6553, 9]
[5, 6553, 8]
[5, 6553, 16]
[5, 6553, 13]
[5, 6553, 7]
[5, 6553, 10]
[5, 6553, 4]
[5, 6553, 7]
[5, 6553, 7]
[10, 13107, 54]
[10, 13107, 43]
[10, 13107, 46]
[10, 13107, 62]
[10, 13107, 55]
[10, 13107, 66]
[10, 13107, 45]
[10, 13107, 68]
[10, 13107, 39]
[10, 13107, 52]
[10, 13107, 66]
[10, 13107, 52]
[10, 13107, 58]
[10, 13107, 58]
[10, 13107, 43]
[10, 13107, 44]
[10, 13107, 67]
[10, 13107, 62]
[10, 13107, 60]
[10, 13107, 69]
[10, 13107, 58]
[10, 13107, 54]
[10, 13107, 67]
[10, 13107, 62]
[10, 13107, 40]
[10, 13107, 45]
[10, 13107, 53]
[10, 13107, 45]
[10, 13107, 38]
[10, 13107, 25]
[10, 13107, 55]
[10, 13107, 34]
[10, 13107, 38]
[10, 13107, 46]
[10, 13107, 48]
[10, 13107, 38]
[10, 13107, 47]
[10, 13107, 67]
[10, 13107, 31]
[10, 13107, 40]
[10, 13107, 46]
[10, 13107, 56]
[10, 13107, 48]
[10, 13107, 48]
[10, 13107, 47]
[10, 13107, 46]
[10, 13107, 68]
[10, 13107, 37]
[10, 13107, 52]
[10, 13107, 37]
[10, 13107, 52]
[10, 13107, 50]
[10, 13107, 43]
[10, 13107, 38]
[10, 13107, 49]
[10, 13107, 49]
[10, 13107, 59]
[10, 13107, 53]
[10, 13107, 44]
[10, 13107, 41]
[10, 13107, 40]
[10, 13107, 55]
[10, 13107, 56]
[10, 13107, 56]
[10, 13107, 51]
[10, 13107, 46]
[10, 13107, 37]
[10, 13107, 41]
[10, 13107, 42]
[10, 13107, 47]
[10, 13107, 46]
[10, 13107, 48]
[10, 13107, 51]
[10, 13107, 48]
[10, 13107, 58]
[10, 13107, 63]
[10, 13107, 76]
[10, 13107, 40]
[10, 13107, 44]
[10, 13107, 56]
[10, 13107, 47]
[10, 13107, 51]
[10, 13107, 55]
[10, 13107, 57]
[10, 13107, 61]
[10, 13107, 60]
[10, 13107, 57]
[10, 13107, 63]
[10, 13107, 54]
[10, 13107, 45]
[10, 13107, 56]
[10, 13107, 42]
[10, 13107, 45]
[10, 13107, 54]
[10, 13107, 65]
[10, 13107, 45]
[10, 13107, 44]
[10, 13107, 40]
[10, 13107, 67]
[10, 13107, 45]
[15, 19660, 157]
[15, 19660, 147]
[15, 19660, 131]
[15, 19660, 191]
[15, 19660, 135]
[15, 19660, 162]
[15, 19660, 150]
[15, 19660, 169]
[15, 19660, 133]
[15, 19660, 150]
[15, 19660, 162]
[15, 19660, 148]
[15, 19660, 156]
[15, 19660, 139]
[15, 19660, 127]
[15, 19660, 106]
[15, 19660, 152]
[15, 19660, 191]
[15, 19660, 146]
[15, 19660, 183]
[15, 19660, 156]
[15, 19660, 135]
[15, 19660, 181]
[15, 19660, 142]
[15, 19660, 133]
[15, 19660, 129]
[15, 19660, 149]
[15, 19660, 145]
[15, 19660, 133]
[15, 19660, 127]
[15, 19660, 136]
[15, 19660, 120]
[15, 19660, 121]
[15, 19660, 151]
[15, 19660, 169]
[15, 19660, 141]
[15, 19660, 137]
[15, 19660, 146]
[15, 19660, 101]
[15, 19660, 142]
[15, 19660, 164]
[15, 19660, 159]
[15, 19660, 136]
[15, 19660, 145]
[15, 19660, 136]
[15, 19660, 158]
[15, 19660, 162]
[15, 19660, 130]
[15, 19660, 149]
[15, 19660, 126]
[15, 19660, 171]
[15, 19660, 140]
[15, 19660, 148]
[15, 19660, 139]
[15, 19660, 155]
[15, 19660, 156]
[15, 19660, 150]
[15, 19660, 155]
[15, 19660, 134]
[15, 19660, 136]
[15, 19660, 112]
[15, 19660, 139]
[15, 19660, 118]
[15, 19660, 140]
[15, 19660, 129]
[15, 19660, 127]
[15, 19660, 163]
[15, 19660, 149]
[15, 19660, 127]
[15, 19660, 137]
[15, 19660, 139]
[15, 19660, 150]
[15, 19660, 140]
[15, 19660, 137]
[15, 19660, 160]
[15, 19660, 161]
[15, 19660, 189]
[15, 19660, 138]
[15, 19660, 148]
[15, 19660, 154]
[15, 19660, 144]
[15, 19660, 155]
[15, 19660, 131]
[15, 19660, 158]
[15, 19660, 143]
[15, 19660, 171]
[15, 19660, 160]
[15, 19660, 146]
[15, 19660, 148]
[15, 19660, 133]
[15, 19660, 133]
[15, 19660, 136]
[15, 19660, 104]
[15, 19660, 155]
[15, 19660, 149]
[15, 19660, 131]
[15, 19660, 128]
[15, 19660, 125]
[15, 19660, 152]
[15, 19660, 159]
[20, 26214, 345]
[20, 26214, 317]
[20, 26214, 292]
[20, 26214, 391]
[20, 26214, 279]
[20, 26214, 332]
[20, 26214, 314]
[20, 26214, 336]
[20, 26214, 344]
[20, 26214, 303]
[20, 26214, 334]
[20, 26214, 332]
[20, 26214, 345]
[20, 26214, 287]
[20, 26214, 302]
[20, 26214, 256]
[20, 26214, 325]
[20, 26214, 376]
[20, 26214, 311]
[20, 26214, 321]
[20, 26214, 330]
[20, 26214, 287]
[20, 26214, 331]
[20, 26214, 306]
[20, 26214, 309]
[20, 26214, 291]
[20, 26214, 345]
[20, 26214, 299]
[20, 26214, 294]
[20, 26214, 296]
[20, 26214, 284]
[20, 26214, 242]
[20, 26214, 256]
[20, 26214, 328]
[20, 26214, 316]
[20, 26214, 323]
[20, 26214, 290]
[20, 26214, 352]
[20, 26214, 286]
[20, 26214, 314]
[20, 26214, 302]
[20, 26214, 309]
[20, 26214, 295]
[20, 26214, 311]
[20, 26214, 315]
[20, 26214, 298]
[20, 26214, 278]
[20, 26214, 283]
[20, 26214, 315]
[20, 26214, 267]
[20, 26214, 328]
[20, 26214, 278]
[20, 26214, 315]
[20, 26214, 322]
[20, 26214, 321]
[20, 26214, 346]
[20, 26214, 296]
[20, 26214, 314]
[20, 26214, 293]
[20, 26214, 296]
[20, 26214, 302]
[20, 26214, 295]
[20, 26214, 280]
[20, 26214, 295]
[20, 26214, 313]
[20, 26214, 274]
[20, 26214, 343]
[20, 26214, 282]
[20, 26214, 310]
[20, 26214, 296]
[20, 26214, 314]
[20, 26214, 311]
[20, 26214, 313]
[20, 26214, 313]
[20, 26214, 308]
[20, 26214, 337]
[20, 26214, 344]
[20, 26214, 302]
[20, 26214, 292]
[20, 26214, 324]
[20, 26214, 326]
[20, 26214, 305]
[20, 26214, 280]
[20, 26214, 344]
[20, 26214, 317]
[20, 26214, 328]
[20, 26214, 309]
[20, 26214, 354]
[20, 26214, 348]
[20, 26214, 262]
[20, 26214, 306]
[20, 26214, 297]
[20, 26214, 282]
[20, 26214, 305]
[20, 26214, 319]
[20, 26214, 279]
[20, 26214, 266]
[20, 26214, 285]
[20, 26214, 348]
[20, 26214, 332]
[25, 32768, 613]
[25, 32768, 545]
[25, 32768, 553]
[25, 32768, 637]
[25, 32768, 514]
[25, 32768, 584]
[25, 32768, 565]
[25, 32768, 558]
[25, 32768, 602]
[25, 32768, 544]
[25, 32768, 547]
[25, 32768, 586]
[25, 32768, 589]
[25, 32768, 532]
[25, 32768, 587]
[25, 32768, 503]
[25, 32768, 545]
[25, 32768, 630]
[25, 32768, 545]
[25, 32768, 588]
[25, 32768, 548]
[25, 32768, 513]
[25, 32768, 580]
[25, 32768, 541]
[25, 32768, 511]
[25, 32768, 561]
[25, 32768, 572]
[25, 32768, 546]
[25, 32768, 529]
[25, 32768, 541]
[25, 32768, 549]
[25, 32768, 489]
[25, 32768, 492]
[25, 32768, 559]
[25, 32768, 581]
[25, 32768, 547]
[25, 32768, 512]
[25, 32768, 632]
[25, 32768, 474]
[25, 32768, 589]
[25, 32768, 548]
[25, 32768, 534]
[25, 32768, 524]
[25, 32768, 522]
[25, 32768, 569]
[25, 32768, 568]
[25, 32768, 507]
[25, 32768, 537]
[25, 32768, 576]
[25, 32768, 488]
[25, 32768, 574]
[25, 32768, 517]
[25, 32768, 517]
[25, 32768, 558]
[25, 32768, 557]
[25, 32768, 593]
[25, 32768, 554]
[25, 32768, 582]
[25, 32768, 534]
[25, 32768, 567]
[25, 32768, 541]
[25, 32768, 530]
[25, 32768, 523]
[25, 32768, 510]
[25, 32768, 552]
[25, 32768, 542]
[25, 32768, 588]
[25, 32768, 508]
[25, 32768, 568]
[25, 32768, 597]
[25, 32768, 575]
[25, 32768, 515]
[25, 32768, 567]
[25, 32768, 526]
[25, 32768, 556]
[25, 32768, 581]
[25, 32768, 578]
[25, 32768, 521]
[25, 32768, 550]
[25, 32768, 541]
[25, 32768, 571]
[25, 32768, 501]
[25, 32768, 555]
[25, 32768, 597]
[25, 32768, 589]
[25, 32768, 595]
[25, 32768, 556]
[25, 32768, 619]
[25, 32768, 585]
[25, 32768, 539]
[25, 32768, 506]
[25, 32768, 541]
[25, 32768, 507]
[25, 32768, 533]
[25, 32768, 572]
[25, 32768, 529]
[25, 32768, 498]
[25, 32768, 521]
[25, 32768, 567]
[25, 32768, 609]
[30, 39321, 939]
[30, 39321, 869]
[30, 39321, 921]
[30, 39321, 996]
[30, 39321, 894]
[30, 39321, 882]
[30, 39321, 869]
[30, 39321, 904]
[30, 39321, 915]
[30, 39321, 888]
[30, 39321, 928]
[30, 39321, 908]
[30, 39321, 914]
[30, 39321, 876]
[30, 39321, 941]
[30, 39321, 841]
[30, 39321, 914]
[30, 39321, 950]
[30, 39321, 916]
[30, 39321, 904]
[30, 39321, 854]
[30, 39321, 870]
[30, 39321, 926]
[30, 39321, 942]
[30, 39321, 917]
[30, 39321, 913]
[30, 39321, 931]
[30, 39321, 876]
[30, 39321, 865]
[30, 39321, 877]
[30, 39321, 842]
[30, 39321, 801]
[30, 39321, 840]
[30, 39321, 941]
[30, 39321, 935]
[30, 39321, 917]
[30, 39321, 868]
[30, 39321, 980]
[30, 39321, 833]
[30, 39321, 873]
[30, 39321, 869]
[30, 39321, 882]
[30, 39321, 811]
[30, 39321, 834]
[30, 39321, 919]
[30, 39321, 902]
[30, 39321, 831]
[30, 39321, 894]
[30, 39321, 863]
[30, 39321, 838]
[30, 39321, 907]
[30, 39321, 867]
[30, 39321, 837]
[30, 39321, 908]
[30, 39321, 936]
[30, 39321, 913]
[30, 39321, 863]
[30, 39321, 939]
[30, 39321, 902]
[30, 39321, 921]
[30, 39321, 859]
[30, 39321, 890]
[30, 39321, 842]
[30, 39321, 820]
[30, 39321, 867]
[30, 39321, 833]
[30, 39321, 902]
[30, 39321, 895]
[30, 39321, 903]
[30, 39321, 922]
[30, 39321, 914]
[30, 39321, 844]
[30, 39321, 909]
[30, 39321, 816]
[30, 39321, 874]
[30, 39321, 924]
[30, 39321, 973]
[30, 39321, 884]
[30, 39321, 906]
[30, 39321, 884]
[30, 39321, 877]
[30, 39321, 846]
[30, 39321, 916]
[30, 39321, 979]
[30, 39321, 880]
[30, 39321, 914]
[30, 39321, 850]
[30, 39321, 982]
[30, 39321, 946]
[30, 39321, 845]
[30, 39321, 849]
[30, 39321, 841]
[30, 39321, 826]
[30, 39321, 845]
[30, 39321, 926]
[30, 39321, 852]
[30, 39321, 881]
[30, 39321, 883]
[30, 39321, 894]
[30, 39321, 943]
[35, 45875, 1367]
[35, 45875, 1337]
[35, 45875, 1334]
[35, 45875, 1413]
[35, 45875, 1320]
[35, 45875, 1322]
[35, 45875, 1267]
[35, 45875, 1373]
[35, 45875, 1354]
[35, 45875, 1348]
[35, 45875, 1336]
[35, 45875, 1290]
[35, 45875, 1327]
[35, 45875, 1242]
[35, 45875, 1372]
[35, 45875, 1284]
[35, 45875, 1376]
[35, 45875, 1392]
[35, 45875, 1323]
[35, 45875, 1374]
[35, 45875, 1281]
[35, 45875, 1264]
[35, 45875, 1352]
[35, 45875, 1399]
[35, 45875, 1347]
[35, 45875, 1341]
[35, 45875, 1312]
[35, 45875, 1223]
[35, 45875, 1310]
[35, 45875, 1311]
[35, 45875, 1297]
[35, 45875, 1199]
[35, 45875, 1232]
[35, 45875, 1404]
[35, 45875, 1385]
[35, 45875, 1393]
[35, 45875, 1293]
[35, 45875, 1392]
[35, 45875, 1275]
[35, 45875, 1294]
[35, 45875, 1303]
[35, 45875, 1350]
[35, 45875, 1314]
[35, 45875, 1317]
[35, 45875, 1343]
[35, 45875, 1337]
[35, 45875, 1281]
[35, 45875, 1323]
[35, 45875, 1311]
[35, 45875, 1230]
[35, 45875, 1342]
[35, 45875, 1291]
[35, 45875, 1241]
[35, 45875, 1295]
[35, 45875, 1385]
[35, 45875, 1286]
[35, 45875, 1307]
[35, 45875, 1381]
[35, 45875, 1319]
[35, 45875, 1331]
[35, 45875, 1314]
[35, 45875, 1309]
[35, 45875, 1298]
[35, 45875, 1247]
[35, 45875, 1270]
[35, 45875, 1247]
[35, 45875, 1329]
[35, 45875, 1334]
[35, 45875, 1321]
[35, 45875, 1340]
[35, 45875, 1322]
[35, 45875, 1269]
[35, 45875, 1371]
[35, 45875, 1275]
[35, 45875, 1256]
[35, 45875, 1326]
[35, 45875, 1343]
[35, 45875, 1302]
[35, 45875, 1298]
[35, 45875, 1327]
[35, 45875, 1308]
[35, 45875, 1311]
[35, 45875, 1305]
[35, 45875, 1428]
[35, 45875, 1333]
[35, 45875, 1328]
[35, 45875, 1305]
[35, 45875, 1383]
[35, 45875, 1356]
[35, 45875, 1293]
[35, 45875, 1251]
[35, 45875, 1297]
[35, 45875, 1187]
[35, 45875, 1243]
[35, 45875, 1380]
[35, 45875, 1286]
[35, 45875, 1311]
[35, 45875, 1231]
[35, 45875, 1322]
[35, 45875, 1390]
[40, 52428, 1851]
[40, 52428, 1975]
[40, 52428, 1927]
[40, 52428, 1952]
[40, 52428, 1826]
[40, 52428, 1854]
[40, 52428, 1782]
[40, 52428, 1872]
[40, 52428, 1890]
[40, 52428, 1867]
[40, 52428, 1858]
[40, 52428, 1787]
[40, 52428, 1865]
[40, 52428, 1704]
[40, 52428, 1927]
[40, 52428, 1799]
[40, 52428, 1888]
[40, 52428, 1910]
[40, 52428, 1892]
[40, 52428, 1867]
[40, 52428, 1844]
[40, 52428, 1760]
[40, 52428, 1911]
[40, 52428, 1901]
[40, 52428, 1870]
[40, 52428, 1831]
[40, 52428, 1867]
[40, 52428, 1752]
[40, 52428, 1854]
[40, 52428, 1835]
[40, 52428, 1819]
[40, 52428, 1721]
[40, 52428, 1748]
[40, 52428, 1922]
[40, 52428, 1889]
[40, 52428, 1911]
[40, 52428, 1807]
[40, 52428, 1916]
[40, 52428, 1860]
[40, 52428, 1774]
[40, 52428, 1799]
[40, 52428, 1870]
[40, 52428, 1844]
[40, 52428, 1867]
[40, 52428, 1882]
[40, 52428, 1901]
[40, 52428, 1786]
[40, 52428, 1846]
[40, 52428, 1808]
[40, 52428, 1756]
[40, 52428, 1898]
[40, 52428, 1827]
[40, 52428, 1733]
[40, 52428, 1786]
[40, 52428, 1949]
[40, 52428, 1832]
[40, 52428, 1819]
[40, 52428, 1922]
[40, 52428, 1845]
[40, 52428, 1847]
[40, 52428, 1808]
[40, 52428, 1894]
[40, 52428, 1779]
[40, 52428, 1779]
[40, 52428, 1892]
[40, 52428, 1769]
[40, 52428, 1916]
[40, 52428, 1884]
[40, 52428, 1860]
[40, 52428, 1888]
[40, 52428, 1863]
[40, 52428, 1845]
[40, 52428, 1865]
[40, 52428, 1855]
[40, 52428, 1753]
[40, 52428, 1778]
[40, 52428, 1937]
[40, 52428, 1799]
[40, 52428, 1803]
[40, 52428, 1863]
[40, 52428, 1807]
[40, 52428, 1792]
[40, 52428, 1827]
[40, 52428, 1987]
[40, 52428, 1786]
[40, 52428, 1874]
[40, 52428, 1863]
[40, 52428, 1918]
[40, 52428, 1869]
[40, 52428, 1924]
[40, 52428, 1819]
[40, 52428, 1799]
[40, 52428, 1649]
[40, 52428, 1812]
[40, 52428, 1955]
[40, 52428, 1755]
[40, 52428, 1848]
[40, 52428, 1778]
[40, 52428, 1837]
[40, 52428, 1892]
