[1, 1310, 0]
[1, 1310, 0]
[1, 1310, 0]
[1, 1310, 0]
[1, 1310, 1]
[1, 1310, 0]
[1, 1310, 0]
[1, 1310, 0]
[1, 1310, 0]
[1, 1310, 0]
[1, 1310, 0]
[1, 1310, 0]
[1, 1310, 1]
[1, 1310, 0]
[1, 1310, 0]
[1, 1310, 0]
[1, 1310, 0]
[1, 1310, 0]
[1, 1310, 0]
[1, 1310, 1]
[1, 1310, 2]
[1, 1310, 0]
[1, 1310, 0]
[1, 1310, 0]
[1, 1310, 0]
[1, 1310, 0]
[1, 1310, 0]
[1, 1310, 0]
[1, 1310, 0]
[1, 1310, 0]
[1, 1310, 0]
[1, 1310, 0]
[1, 1310, 0]
[1, 1310, 0]
[1, 1310, 0]
[1, 1310, 0]
[1, 1310, 0]
[1, 1310, 0]
[1, 1310, 0]
[1, 1310, 0]
[1, 1310, 0]
[1, 1310, 0]
[1, 1310, 0]
[1, 1310, 0]
[1, 1310, 0]
[1, 1310, 0]
[1, 1310, 0]
[1, 1310, 0]
[1, 1310, 0]
[1, 1310, 0]
[1, 1310, 0]
[1, 1310, 1]
[1, 1310, 0]
[1, 1310, 0]
[1, 1310, 2]
[1, 1310, 0]
[1, 1310, 0]
[1, 1310, 1]
[1, 1310, 1]
[1, 1310, 0]
[1, 1310, 2]
[1, 1310, 0]
[1, 1310, 0]
[1, 1310, 0]
[1, 1310, 0]
[1, 1310, 0]
[1, 1310, 0]
[1, 1310, 0]
[1, 1310, 0]
[1, 1310, 0]
[1, 1310, 0]
[1, 1310, 2]
[1, 1310, 2]
[1, 1310, 0]
[1, 1310, 0]
[1, 1310, 0]
[1, 1310, 0]
[1, 1310, 0]
[1, 1310, 0]
[1, 1310, 0]
[1, 1310, 0]
[1, 1310, 1]
[1, 1310, 3]
[1, 1310, 0]
[1, 1310, 0]
[1, 1310, 0]
[1, 1310, 0]
[1, 1310, 0]
[1, 1310, 0]
[1, 1310, 0]
[1, 1310, 0]
[1, 1310, 0]
[1, 1310, 0]
[1, 1310, 1]
[1, 1310, 0]
[1, 1310, 0]
[1, 1310, 0]
[1, 1310, 0]
[1, 1310, 0]
[1, 1310, 0]
[2, 2621, 0]
[2, 2621, 0]
[2, 2621, 0]
[2, 2621, 0]
[2, 2621, 2]
[2, 2621, 1]
[2, 2621, 0]
[2, 2621, 1]
[2, 2621, 0]
[2, 2621, 0]
[2, 2621, 0]
[2, 2621, 0]
[2, 2621, 2]
[2, 2621, 0]
[2, 2621, 0]
[2, 2621, 0]
[2, 2621, 0]
[2, 2621, 1]
[2, 2621, 0]
[2, 2621, 1]
[2, 2621, 2]
[2, 2621, 0]
[2, 2621, 0]
[2, 2621, 0]
[2, 2621, 2]
[2, 2621, 0]
[2, 2621, 1]
[2, 2621, 0]
[2, 2621, 0]
[2, 2621, 2]
[2, 2621, 1]
[2, 2621, 0]
[2, 2621, 2]
[2, 2621, 3]
[2, 2621, 0]
[2, 2621, 0]
[2, 2621, 0]
[2, 2621, 1]
[2, 2621, 0]
[2, 2621, 0]
[2, 2621, 0]
[2, 2621, 0]
[2, 2621, 1]
[2, 2621, 0]
[2, 2621, 1]
[2, 2621, 0]
[2, 2621, 0]
[2, 2621, 0]
[2, 2621, 2]
[2, 2621, 0]
[2, 2621, 0]
[2, 2621, 2]
[2, 2621, 1]
[2, 2621, 0]
[2, 2621, 2]
[2, 2621, 0]
[2, 2621, 0]
[2, 2621, 1]
[2, 2621, 1]
[2, 2621, 2]
[2, 2621, 1]
[2, 2621, 0]
[2, 2621, 0]
[2, 2621, 2]
[2, 2621, 4]
[2, 2621, 0]
[2, 2621, 0]
[2, 2621, 0]
[2, 2621, 2]
[2, 2621, 1]
[2, 2621, 0]
[2, 2621, 4]
[2, 2621, 2]
[2, 2621, 0]
[2, 2621, 1]
[2, 2621, 2]
[2, 2621, 1]
[2, 2621, 0]
[2, 2621, 0]
[2, 2621, 2]
[2, 2621, 2]
[2, 2621, 1]
[2, 2621, 3]
[2, 2621, 0]
[2, 2621, 1]
[2, 2621, 2]
[2, 2621, 0]
[2, 2621, 0]
[2, 2621, 0]
[2, 2621, 0]
[2, 2621, 1]
[2, 2621, 0]
[2, 2621, 0]
[2, 2621, 1]
[2, 2621, 0]
[2, 2621, 2]
[2, 2621, 0]
[2, 2621, 2]
[2, 2621, 1]
[2, 2621, 0]
[5, 6553, 5]
[5, 6553, 7]
[5, 6553, 3]
[5, 6553, 4]
[5, 6553, 3]
[5, 6553, 9]
[5, 6553, 3]
[5, 6553, 9]
[5, 6553, 3]
[5, 6553, 7]
[5, 6553, 1]
[5, 6553, 3]
[5, 6553, 8]
[5, 6553, 6]
[5, 6553, 6]
[5, 6553, 10]
[5, 6553, 4]
[5, 6553, 13]
[5, 6553, 3]
[5, 6553, 7]
[5, 6553, 3]
[5, 6553, 14]
[5, 6553, 7]
[5, 6553, 2]
[5, 6553, 9]
[5, 6553, 11]
[5, 6553, 7]
[5, 6553, 7]
[5, 6553, 5]
[5, 6553, 11]
[5, 6553, 5]
[5, 6553, 9]
[5, 6553, 4]
[5, 6553, 6]
[5, 6553, 14]
[5, 6553, 3]
[5, 6553, 7]
[5, 6553, 12]
[5, 6553, 3]
[5, 6553, 5]
[5, 6553, 8]
[5, 6553, 6]
[5, 6553, 3]
[5, 6553, 10]
[5, 6553, 8]
[5, 6553, 4]
[5, 6553, 6]
[5, 6553, 5]
[5, 6553, 14]
[5, 6553, 2]
[5, 6553, 8]
[5, 6553, 11]
[5, 6553, 7]
[5, 6553, 3]
[5, 6553, 5]
[5, 6553, 2]
[5, 6553, 7]
[5, 6553, 7]
[5, 6553, 6]
[5, 6553, 8]
[5, 6553, 6]
[5, 6553, 8]
[5, 6553, 6]
[5, 6553, 9]
[5, 6553, 14]
[5, 6553, 2]
[5, 6553, 9]
[5, 6553, 9]
[5, 6553, 14]
[5, 6553, 6]
[5, 6553, 4]
[5, 6553, 12]
[5, 6553, 8]
[5, 6553, 9]
[5, 6553, 1]
[5, 6553, 9]
[5, 6553, 8]
[5, 6553, 8]
[5, 6553, 4]
[5, 6553, 9]
[5, 6553, 7]
[5, 6553, 12]
[5, 6553, 6]
[5, 6553, 4]
[5, 6553, 10]
[5, 6553, 11]
[5, 6553, 9]
[5, 6553, 2]
[5, 6553, 12]
[5, 6553, 3]
[5, 6553, 8]
[5, 6553, 13]
[5, 6553, 3]
[5, 6553, 3]
[5, 6553, 7]
[5, 6553, 5]
[5, 6553, 5]
[5, 6553, 4]
[5, 6553, 3]
[5, 6553, 4]
[10, 13107, 44]
[10, 13107, 75]
[10, 13107, 40]
[10, 13107, 33]
[10, 13107, 46]
[10, 13107, 69]
[10, 13107, 50]
[10, 13107, 31]
[10, 13107, 34]
[10, 13107, 35]
[10, 13107, 23]
[10, 13107, 39]
[10, 13107, 48]
[10, 13107, 32]
[10, 13107, 41]
[10, 13107, 48]
[10, 13107, 42]
[10, 13107, 59]
[10, 13107, 52]
[10, 13107, 61]
[10, 13107, 41]
[10, 13107, 48]
[10, 13107, 36]
[10, 13107, 39]
[10, 13107, 31]
[10, 13107, 41]
[10, 13107, 48]
[10, 13107, 36]
[10, 13107, 39]
[10, 13107, 57]
[10, 13107, 39]
[10, 13107, 34]
[10, 13107, 46]
[10, 13107, 46]
[10, 13107, 48]
[10, 13107, 31]
[10, 13107, 47]
[10, 13107, 46]
[10, 13107, 33]
[10, 13107, 47]
[10, 13107, 53]
[10, 13107, 66]
[10, 13107, 31]
[10, 13107, 50]
[10, 13107, 29]
[10, 13107, 43]
[10, 13107, 40]
[10, 13107, 70]
[10, 13107, 50]
[10, 13107, 43]
[10, 13107, 60]
[10, 13107, 39]
[10, 13107, 38]
[10, 13107, 22]
[10, 13107, 50]
[10, 13107, 38]
[10, 13107, 47]
[10, 13107, 62]
[10, 13107, 37]
[10, 13107, 27]
[10, 13107, 51]
[10, 13107, 61]
[10, 13107, 38]
[10, 13107, 49]
[10, 13107, 50]
[10, 13107, 29]
[10, 13107, 41]
[10, 13107, 68]
[10, 13107, 54]
[10, 13107, 44]
[10, 13107, 37]
[10, 13107, 38]
[10, 13107, 36]
[10, 13107, 42]
[10, 13107, 44]
[10, 13107, 52]
[10, 13107, 50]
[10, 13107, 33]
[10, 13107, 41]
[10, 13107, 33]
[10, 13107, 37]
[10, 13107, 40]
[10, 13107, 50]
[10, 13107, 47]
[10, 13107, 44]
[10, 13107, 44]
[10, 13107, 39]
[10, 13107, 55]
[10, 13107, 35]
[10, 13107, 39]
[10, 13107, 39]
[10, 13107, 49]
[10, 13107, 46]
[10, 13107, 44]
[10, 13107, 31]
[10, 13107, 43]
[10, 13107, 39]
[10, 13107, 27]
[10, 13107, 44]
[10, 13107, 40]
[15, 19660, 138]
[15, 19660, 153]
[15, 19660, 123]
[15, 19660, 96]
[15, 19660, 140]
[15, 19660, 142]
[15, 19660, 139]
[15, 19660, 99]
[15, 19660, 128]
[15, 19660, 113]
[15, 19660, 108]
[15, 19660, 133]
[15, 19660, 144]
[15, 19660, 101]
[15, 19660, 126]
[15, 19660, 121]
[15, 19660, 121]
[15, 19660, 141]
[15, 19660, 148]
[15, 19660, 129]
[15, 19660, 148]
[15, 19660, 134]
[15, 19660, 120]
[15, 19660, 126]
[15, 19660, 123]
[15, 19660, 130]
[15, 19660, 162]
[15, 19660, 121]
[15, 19660, 118]
[15, 19660, 136]
[15, 19660, 94]
[15, 19660, 126]
[15, 19660, 122]
[15, 19660, 145]
[15, 19660, 121]
[15, 19660, 107]
[15, 19660, 132]
[15, 19660, 135]
[15, 19660, 110]
[15, 19660, 152]
[15, 19660, 147]
[15, 19660, 181]
[15, 19660, 104]
[15, 19660, 142]
[15, 19660, 122]
[15, 19660, 120]
[15, 19660, 92]
[15, 19660, 172]
[15, 19660, 142]
[15, 19660, 111]
[15, 19660, 141]
[15, 19660, 142]
[15, 19660, 152]
[15, 19660, 120]
[15, 19660, 147]
[15, 19660, 113]
[15, 19660, 136]
[15, 19660, 159]
[15, 19660, 146]
[15, 19660, 118]
[15, 19660, 144]
[15, 19660, 131]
[15, 19660, 109]
[15, 19660, 134]
[15, 19660, 135]
[15, 19660, 121]
[15, 19660, 133]
[15, 19660, 128]
[15, 19660, 131]
[15, 19660, 111]
[15, 19660, 134]
[15, 19660, 135]
[15, 19660, 111]
[15, 19660, 127]
[15, 19660, 98]
[15, 19660, 134]
[15, 19660, 133]
[15, 19660, 130]
[15, 19660, 150]
[15, 19660, 124]
[15, 19660, 124]
[15, 19660, 161]
[15, 19660, 143]
[15, 19660, 133]
[15, 19660, 119]
[15, 19660, 131]
[15, 19660, 156]
[15, 19660, 133]
[15, 19660, 140]
[15, 19660, 128]
[15, 19660, 139]
[15, 19660, 135]
[15, 19660, 148]
[15, 19660, 139]
[15, 19660, 109]
[15, 19660, 114]
[15, 19660, 129]
[15, 19660, 108]
[15, 19660, 106]
[15, 19660, 134]
[20, 26214, 299]
[20, 26214, 295]
[20, 26214, 276]
[20, 26214, 218]
[20, 26214, 305]
[20, 26214, 301]
[20, 26214, 304]
[20, 26214, 257]
[20, 26214, 287]
[20, 26214, 277]
[20, 26214, 253]
[20, 26214, 280]
[20, 26214, 316]
[20, 26214, 256]
[20, 26214, 299]
[20, 26214, 270]
[20, 26214, 277]
[20, 26214, 308]
[20, 26214, 287]
[20, 26214, 303]
[20, 26214, 322]
[20, 26214, 297]
[20, 26214, 308]
[20, 26214, 286]
[20, 26214, 266]
[20, 26214, 279]
[20, 26214, 329]
[20, 26214, 291]
[20, 26214, 270]
[20, 26214, 275]
[20, 26214, 268]
[20, 26214, 299]
[20, 26214, 253]
[20, 26214, 340]
[20, 26214, 272]
[20, 26214, 252]
[20, 26214, 283]
[20, 26214, 274]
[20, 26214, 253]
[20, 26214, 311]
[20, 26214, 273]
[20, 26214, 348]
[20, 26214, 264]
[20, 26214, 316]
[20, 26214, 306]
[20, 26214, 262]
[20, 26214, 253]
[20, 26214, 341]
[20, 26214, 292]
[20, 26214, 284]
[20, 26214, 328]
[20, 26214, 312]
[20, 26214, 290]
[20, 26214, 261]
[20, 26214, 283]
[20, 26214, 296]
[20, 26214, 306]
[20, 26214, 323]
[20, 26214, 305]
[20, 26214, 278]
[20, 26214, 321]
[20, 26214, 302]
[20, 26214, 268]
[20, 26214, 353]
[20, 26214, 290]
[20, 26214, 290]
[20, 26214, 259]
[20, 26214, 258]
[20, 26214, 300]
[20, 26214, 295]
[20, 26214, 271]
[20, 26214, 295]
[20, 26214, 276]
[20, 26214, 294]
[20, 26214, 249]
[20, 26214, 273]
[20, 26214, 286]
[20, 26214, 278]
[20, 26214, 303]
[20, 26214, 277]
[20, 26214, 259]
[20, 26214, 322]
[20, 26214, 316]
[20, 26214, 313]
[20, 26214, 294]
[20, 26214, 266]
[20, 26214, 338]
[20, 26214, 285]
[20, 26214, 297]
[20, 26214, 319]
[20, 26214, 270]
[20, 26214, 238]
[20, 26214, 314]
[20, 26214, 323]
[20, 26214, 284]
[20, 26214, 267]
[20, 26214, 283]
[20, 26214, 241]
[20, 26214, 240]
[20, 26214, 288]
[25, 32768, 517]
[25, 32768, 529]
[25, 32768, 476]
[25, 32768, 462]
[25, 32768, 580]
[25, 32768, 495]
[25, 32768, 544]
[25, 32768, 470]
[25, 32768, 518]
[25, 32768, 530]
[25, 32768, 471]
[25, 32768, 509]
[25, 32768, 546]
[25, 32768, 456]
[25, 32768, 553]
[25, 32768, 534]
[25, 32768, 534]
[25, 32768, 572]
[25, 32768, 525]
[25, 32768, 530]
[25, 32768, 536]
[25, 32768, 499]
[25, 32768, 532]
[25, 32768, 533]
[25, 32768, 542]
[25, 32768, 514]
[25, 32768, 571]
[25, 32768, 508]
[25, 32768, 508]
[25, 32768, 498]
[25, 32768, 528]
[25, 32768, 543]
[25, 32768, 522]
[25, 32768, 547]
[25, 32768, 488]
[25, 32768, 506]
[25, 32768, 511]
[25, 32768, 522]
[25, 32768, 503]
[25, 32768, 534]
[25, 32768, 499]
[25, 32768, 547]
[25, 32768, 519]
[25, 32768, 562]
[25, 32768, 570]
[25, 32768, 473]
[25, 32768, 516]
[25, 32768, 607]
[25, 32768, 555]
[25, 32768, 531]
[25, 32768, 538]
[25, 32768, 570]
[25, 32768, 512]
[25, 32768, 456]
[25, 32768, 467]
[25, 32768, 496]
[25, 32768, 603]
[25, 32768, 586]
[25, 32768, 532]
[25, 32768, 502]
[25, 32768, 561]
[25, 32768, 477]
[25, 32768, 532]
[25, 32768, 568]
[25, 32768, 514]
[25, 32768, 523]
[25, 32768, 493]
[25, 32768, 507]
[25, 32768, 548]
[25, 32768, 502]
[25, 32768, 531]
[25, 32768, 517]
[25, 32768, 543]
[25, 32768, 537]
[25, 32768, 470]
[25, 32768, 520]
[25, 32768, 531]
[25, 32768, 494]
[25, 32768, 542]
[25, 32768, 532]
[25, 32768, 488]
[25, 32768, 574]
[25, 32768, 559]
[25, 32768, 532]
[25, 32768, 564]
[25, 32768, 476]
[25, 32768, 525]
[25, 32768, 552]
[25, 32768, 571]
[25, 32768, 531]
[25, 32768, 485]
[25, 32768, 474]
[25, 32768, 570]
[25, 32768, 574]
[25, 32768, 521]
[25, 32768, 512]
[25, 32768, 509]
[25, 32768, 514]
[25, 32768, 480]
[25, 32768, 500]
[30, 39321, 817]
[30, 39321, 831]
[30, 39321, 771]
[30, 39321, 820]
[30, 39321, 915]
[30, 39321, 828]
[30, 39321, 844]
[30, 39321, 835]
[30, 39321, 840]
[30, 39321, 806]
[30, 39321, 799]
[30, 39321, 834]
[30, 39321, 842]
[30, 39321, 803]
[30, 39321, 896]
[30, 39321, 869]
[30, 39321, 809]
[30, 39321, 866]
[30, 39321, 889]
[30, 39321, 855]
[30, 39321, 858]
[30, 39321, 836]
[30, 39321, 888]
[30, 39321, 841]
[30, 39321, 862]
[30, 39321, 792]
[30, 39321, 899]
[30, 39321, 875]
[30, 39321, 777]
[30, 39321, 876]
[30, 39321, 851]
[30, 39321, 853]
[30, 39321, 785]
[30, 39321, 837]
[30, 39321, 812]
[30, 39321, 800]
[30, 39321, 876]
[30, 39321, 854]
[30, 39321, 837]
[30, 39321, 869]
[30, 39321, 769]
[30, 39321, 851]
[30, 39321, 813]
[30, 39321, 926]
[30, 39321, 906]
[30, 39321, 860]
[30, 39321, 818]
[30, 39321, 945]
[30, 39321, 873]
[30, 39321, 819]
[30, 39321, 883]
[30, 39321, 884]
[30, 39321, 791]
[30, 39321, 764]
[30, 39321, 787]
[30, 39321, 840]
[30, 39321, 914]
[30, 39321, 858]
[30, 39321, 860]
[30, 39321, 810]
[30, 39321, 892]
[30, 39321, 814]
[30, 39321, 805]
[30, 39321, 952]
[30, 39321, 806]
[30, 39321, 836]
[30, 39321, 805]
[30, 39321, 796]
[30, 39321, 887]
[30, 39321, 840]
[30, 39321, 923]
[30, 39321, 849]
[30, 39321, 850]
[30, 39321, 876]
[30, 39321, 779]
[30, 39321, 862]
[30, 39321, 850]
[30, 39321, 802]
[30, 39321, 878]
[30, 39321, 822]
[30, 39321, 803]
[30, 39321, 892]
[30, 39321, 868]
[30, 39321, 869]
[30, 39321, 921]
[30, 39321, 798]
[30, 39321, 861]
[30, 39321, 843]
[30, 39321, 872]
[30, 39321, 858]
[30, 39321, 837]
[30, 39321, 817]
[30, 39321, 964]
[30, 39321, 886]
[30, 39321, 854]
[30, 39321, 865]
[30, 39321, 904]
[30, 39321, 803]
[30, 39321, 777]
[30, 39321, 804]
[35, 45875, 1192]
[35, 45875, 1254]
[35, 45875, 1159]
[35, 45875, 1213]
[35, 45875, 1326]
[35, 45875, 1211]
[35, 45875, 1254]
[35, 45875, 1191]
[35, 45875, 1295]
[35, 45875, 1197]
[35, 45875, 1230]
[35, 45875, 1230]
[35, 45875, 1246]
[35, 45875, 1194]
[35, 45875, 1298]
[35, 45875, 1276]
[35, 45875, 1239]
[35, 45875, 1314]
[35, 45875, 1303]
[35, 45875, 1242]
[35, 45875, 1179]
[35, 45875, 1262]
[35, 45875, 1358]
[35, 45875, 1231]
[35, 45875, 1247]
[35, 45875, 1211]
[35, 45875, 1323]
[35, 45875, 1260]
[35, 45875, 1160]
[35, 45875, 1331]
[35, 45875, 1242]
[35, 45875, 1236]
[35, 45875, 1205]
[35, 45875, 1248]
[35, 45875, 1175]
[35, 45875, 1212]
[35, 45875, 1311]
[35, 45875, 1265]
[35, 45875, 1257]
[35, 45875, 1299]
[35, 45875, 1175]
[35, 45875, 1249]
[35, 45875, 1256]
[35, 45875, 1319]
[35, 45875, 1311]
[35, 45875, 1237]
[35, 45875, 1271]
[35, 45875, 1357]
[35, 45875, 1328]
[35, 45875, 1232]
[35, 45875, 1282]
[35, 45875, 1354]
[35, 45875, 1212]
[35, 45875, 1198]
[35, 45875, 1174]
[35, 45875, 1218]
[35, 45875, 1361]
[35, 45875, 1255]
[35, 45875, 1288]
[35, 45875, 1258]
[35, 45875, 1370]
[35, 45875, 1194]
[35, 45875, 1201]
[35, 45875, 1292]
[35, 45875, 1239]
[35, 45875, 1222]
[35, 45875, 1254]
[35, 45875, 1181]
[35, 45875, 1284]
[35, 45875, 1223]
[35, 45875, 1343]
[35, 45875, 1269]
[35, 45875, 1299]
[35, 45875, 1265]
[35, 45875, 1208]
[35, 45875, 1332]
[35, 45875, 1292]
[35, 45875, 1220]
[35, 45875, 1295]
[35, 45875, 1218]
[35, 45875, 1142]
[35, 45875, 1326]
[35, 45875, 1249]
[35, 45875, 1283]
[35, 45875, 1332]
[35, 45875, 1231]
[35, 45875, 1283]
[35, 45875, 1201]
[35, 45875, 1316]
[35, 45875, 1312]
[35, 45875, 1282]
[35, 45875, 1264]
[35, 45875, 1362]
[35, 45875, 1339]
[35, 45875, 1221]
[35, 45875, 1238]
[35, 45875, 1329]
[35, 45875, 1257]
[35, 45875, 1221]
[35, 45875, 1285]
[40, 52428, 1783]
[40, 52428, 1806]
[40, 52428, 1716]
[40, 52428, 1744]
[40, 52428, 1816]
[40, 52428, 1712]
[40, 52428, 1770]
[40, 52428, 1715]
[40, 52428, 1776]
[40, 52428, 1688]
[40, 52428, 1732]
[40, 52428, 1818]
[40, 52428, 1822]
[40, 52428, 1713]
[40, 52428, 1853]
[40, 52428, 1709]
[40, 52428, 1742]
[40, 52428, 1884]
[40, 52428, 1867]
[40, 52428, 1817]
[40, 52428, 1692]
[40, 52428, 1781]
[40, 52428, 1898]
[40, 52428, 1786]
[40, 52428, 1769]
[40, 52428, 1728]
[40, 52428, 1843]
[40, 52428, 1757]
[40, 52428, 1702]
[40, 52428, 1845]
[40, 52428, 1734]
[40, 52428, 1765]
[40, 52428, 1678]
[40, 52428, 1849]
[40, 52428, 1708]
[40, 52428, 1760]
[40, 52428, 1849]
[40, 52428, 1802]
[40, 52428, 1804]
[40, 52428, 1801]
[40, 52428, 1675]
[40, 52428, 1683]
[40, 52428, 1775]
[40, 52428, 1859]
[40, 52428, 1815]
[40, 52428, 1775]
[40, 52428, 1754]
[40, 52428, 1956]
[40, 52428, 1857]
[40, 52428, 1742]
[40, 52428, 1791]
[40, 52428, 1881]
[40, 52428, 1727]
[40, 52428, 1669]
[40, 52428, 1701]
[40, 52428, 1704]
[40, 52428, 1894]
[40, 52428, 1723]
[40, 52428, 1748]
[40, 52428, 1755]
[40, 52428, 1881]
[40, 52428, 1638]
[40, 52428, 1686]
[40, 52428, 1815]
[40, 52428, 1766]
[40, 52428, 1760]
[40, 52428, 1752]
[40, 52428, 1654]
[40, 52428, 1774]
[40, 52428, 1676]
[40, 52428, 1889]
[40, 52428, 1745]
[40, 52428, 1811]
[40, 52428, 1806]
[40, 52428, 1702]
[40, 52428, 1861]
[40, 52428, 1800]
[40, 52428, 1719]
[40, 52428, 1809]
[40, 52428, 1692]
[40, 52428, 1716]
[40, 52428, 1846]
[40, 52428, 1738]
[40, 52428, 1786]
[40, 52428, 1883]
[40, 52428, 1702]
[40, 52428, 1807]
[40, 52428, 1717]
[40, 52428, 1865]
[40, 52428, 1799]
[40, 52428, 1793]
[40, 52428, 1727]
[40, 52428, 1881]
[40, 52428, 1838]
[40, 52428, 1819]
[40, 52428, 1745]
[40, 52428, 1863]
[40, 52428, 1748]
[40, 52428, 1790]
[40, 52428, 1822]
