[1, 1310, 14]
[1, 1310, 6]
[1, 1310, 8]
[1, 1310, 11]
[1, 1310, 6]
[1, 1310, 10]
[1, 1310, 3]
[1, 1310, 6]
[1, 1310, 9]
[1, 1310, 11]
[1, 1310, 7]
[1, 1310, 9]
[1, 1310, 6]
[1, 1310, 8]
[1, 1310, 9]
[1, 1310, 6]
[1, 1310, 6]
[1, 1310, 10]
[1, 1310, 17]
[1, 1310, 9]
[1, 1310, 7]
[1, 1310, 6]
[1, 1310, 7]
[1, 1310, 6]
[1, 1310, 6]
[1, 1310, 15]
[1, 1310, 7]
[1, 1310, 8]
[1, 1310, 10]
[1, 1310, 6]
[1, 1310, 6]
[1, 1310, 12]
[1, 1310, 11]
[1, 1310, 20]
[1, 1310, 4]
[1, 1310, 6]
[1, 1310, 10]
[1, 1310, 5]
[1, 1310, 1]
[1, 1310, 6]
[1, 1310, 8]
[1, 1310, 9]
[1, 1310, 7]
[1, 1310, 1]
[1, 1310, 11]
[1, 1310, 8]
[1, 1310, 8]
[1, 1310, 12]
[1, 1310, 4]
[1, 1310, 12]
[1, 1310, 4]
[1, 1310, 12]
[1, 1310, 17]
[1, 1310, 6]
[1, 1310, 5]
[1, 1310, 9]
[1, 1310, 16]
[1, 1310, 7]
[1, 1310, 9]
[1, 1310, 4]
[1, 1310, 16]
[1, 1310, 6]
[1, 1310, 5]
[1, 1310, 7]
[1, 1310, 4]
[1, 1310, 9]
[1, 1310, 12]
[1, 1310, 8]
[1, 1310, 2]
[1, 1310, 11]
[1, 1310, 11]
[1, 1310, 6]
[1, 1310, 18]
[1, 1310, 9]
[1, 1310, 7]
[1, 1310, 10]
[1, 1310, 10]
[1, 1310, 7]
[1, 1310, 7]
[1, 1310, 11]
[1, 1310, 13]
[1, 1310, 6]
[1, 1310, 11]
[1, 1310, 10]
[1, 1310, 8]
[1, 1310, 13]
[1, 1310, 12]
[1, 1310, 3]
[1, 1310, 7]
[1, 1310, 7]
[1, 1310, 5]
[1, 1310, 14]
[1, 1310, 12]
[1, 1310, 20]
[1, 1310, 7]
[1, 1310, 13]
[1, 1310, 4]
[1, 1310, 11]
[1, 1310, 8]
[1, 1310, 14]
[2, 2621, 36]
[2, 2621, 36]
[2, 2621, 41]
[2, 2621, 46]
[2, 2621, 31]
[2, 2621, 41]
[2, 2621, 40]
[2, 2621, 32]
[2, 2621, 38]
[2, 2621, 48]
[2, 2621, 53]
[2, 2621, 47]
[2, 2621, 34]
[2, 2621, 42]
[2, 2621, 25]
[2, 2621, 32]
[2, 2621, 31]
[2, 2621, 48]
[2, 2621, 49]
[2, 2621, 35]
[2, 2621, 41]
[2, 2621, 46]
[2, 2621, 40]
[2, 2621, 34]
[2, 2621, 39]
[2, 2621, 32]
[2, 2621, 36]
[2, 2621, 32]
[2, 2621, 45]
[2, 2621, 25]
[2, 2621, 44]
[2, 2621, 35]
[2, 2621, 46]
[2, 2621, 48]
[2, 2621, 34]
[2, 2621, 38]
[2, 2621, 40]
[2, 2621, 36]
[2, 2621, 36]
[2, 2621, 47]
[2, 2621, 60]
[2, 2621, 35]
[2, 2621, 33]
[2, 2621, 41]
[2, 2621, 47]
[2, 2621, 37]
[2, 2621, 37]
[2, 2621, 38]
[2, 2621, 27]
[2, 2621, 43]
[2, 2621, 52]
[2, 2621, 35]
[2, 2621, 62]
[2, 2621, 30]
[2, 2621, 30]
[2, 2621, 33]
[2, 2621, 56]
[2, 2621, 31]
[2, 2621, 35]
[2, 2621, 40]
[2, 2621, 44]
[2, 2621, 46]
[2, 2621, 40]
[2, 2621, 42]
[2, 2621, 41]
[2, 2621, 44]
[2, 2621, 45]
[2, 2621, 40]
[2, 2621, 42]
[2, 2621, 31]
[2, 2621, 40]
[2, 2621, 54]
[2, 2621, 46]
[2, 2621, 44]
[2, 2621, 48]
[2, 2621, 42]
[2, 2621, 50]
[2, 2621, 32]
[2, 2621, 39]
[2, 2621, 41]
[2, 2621, 52]
[2, 2621, 33]
[2, 2621, 38]
[2, 2621, 44]
[2, 2621, 43]
[2, 2621, 46]
[2, 2621, 46]
[2, 2621, 21]
[2, 2621, 59]
[2, 2621, 35]
[2, 2621, 39]
[2, 2621, 44]
[2, 2621, 43]
[2, 2621, 43]
[2, 2621, 49]
[2, 2621, 43]
[2, 2621, 38]
[2, 2621, 54]
[2, 2621, 40]
[2, 2621, 46]
[5, 6553, 379]
[5, 6553, 347]
[5, 6553, 389]
[5, 6553, 380]
[5, 6553, 340]
[5, 6553, 386]
[5, 6553, 333]
[5, 6553, 333]
[5, 6553, 371]
[5, 6553, 382]
[5, 6553, 372]
[5, 6553, 390]
[5, 6553, 356]
[5, 6553, 411]
[5, 6553, 328]
[5, 6553, 327]
[5, 6553, 375]
[5, 6553, 404]
[5, 6553, 337]
[5, 6553, 328]
[5, 6553, 370]
[5, 6553, 390]
[5, 6553, 351]
[5, 6553, 375]
[5, 6553, 400]
[5, 6553, 311]
[5, 6553, 347]
[5, 6553, 389]
[5, 6553, 355]
[5, 6553, 322]
[5, 6553, 345]
[5, 6553, 355]
[5, 6553, 370]
[5, 6553, 357]
[5, 6553, 347]
[5, 6553, 363]
[5, 6553, 373]
[5, 6553, 355]
[5, 6553, 366]
[5, 6553, 385]
[5, 6553, 389]
[5, 6553, 312]
[5, 6553, 341]
[5, 6553, 385]
[5, 6553, 346]
[5, 6553, 325]
[5, 6553, 355]
[5, 6553, 346]
[5, 6553, 349]
[5, 6553, 369]
[5, 6553, 381]
[5, 6553, 371]
[5, 6553, 370]
[5, 6553, 324]
[5, 6553, 349]
[5, 6553, 320]
[5, 6553, 390]
[5, 6553, 352]
[5, 6553, 364]
[5, 6553, 343]
[5, 6553, 319]
[5, 6553, 360]
[5, 6553, 354]
[5, 6553, 362]
[5, 6553, 335]
[5, 6553, 404]
[5, 6553, 376]
[5, 6553, 383]
[5, 6553, 351]
[5, 6553, 334]
[5, 6553, 374]
[5, 6553, 346]
[5, 6553, 358]
[5, 6553, 376]
[5, 6553, 352]
[5, 6553, 365]
[5, 6553, 376]
[5, 6553, 356]
[5, 6553, 333]
[5, 6553, 378]
[5, 6553, 384]
[5, 6553, 333]
[5, 6553, 329]
[5, 6553, 378]
[5, 6553, 401]
[5, 6553, 348]
[5, 6553, 401]
[5, 6553, 332]
[5, 6553, 350]
[5, 6553, 342]
[5, 6553, 327]
[5, 6553, 345]
[5, 6553, 361]
[5, 6553, 362]
[5, 6553, 417]
[5, 6553, 321]
[5, 6553, 402]
[5, 6553, 360]
[5, 6553, 407]
[5, 6553, 388]
[10, 13107, 2004]
[10, 13107, 2026]
[10, 13107, 1922]
[10, 13107, 1928]
[10, 13107, 1977]
[10, 13107, 2063]
[10, 13107, 1971]
[10, 13107, 1955]
[10, 13107, 1942]
[10, 13107, 1982]
[10, 13107, 2025]
[10, 13107, 1952]
[10, 13107, 1890]
[10, 13107, 2103]
[10, 13107, 2011]
[10, 13107, 2041]
[10, 13107, 1948]
[10, 13107, 2096]
[10, 13107, 1955]
[10, 13107, 1922]
[10, 13107, 1981]
[10, 13107, 2040]
[10, 13107, 1934]
[10, 13107, 1966]
[10, 13107, 2006]
[10, 13107, 1970]
[10, 13107, 2020]
[10, 13107, 2017]
[10, 13107, 1954]
[10, 13107, 2002]
[10, 13107, 1971]
[10, 13107, 2005]
[10, 13107, 1874]
[10, 13107, 1981]
[10, 13107, 1974]
[10, 13107, 2060]
[10, 13107, 2045]
[10, 13107, 1931]
[10, 13107, 2010]
[10, 13107, 2030]
[10, 13107, 2006]
[10, 13107, 1891]
[10, 13107, 1982]
[10, 13107, 2004]
[10, 13107, 1935]
[10, 13107, 1936]
[10, 13107, 2015]
[10, 13107, 1973]
[10, 13107, 1943]
[10, 13107, 2010]
[10, 13107, 1940]
[10, 13107, 1957]
[10, 13107, 1953]
[10, 13107, 1954]
[10, 13107, 1959]
[10, 13107, 1961]
[10, 13107, 1964]
[10, 13107, 1897]
[10, 13107, 1969]
[10, 13107, 1908]
[10, 13107, 1978]
[10, 13107, 2085]
[10, 13107, 2055]
[10, 13107, 2064]
[10, 13107, 2092]
[10, 13107, 2058]
[10, 13107, 1922]
[10, 13107, 1966]
[10, 13107, 2030]
[10, 13107, 1980]
[10, 13107, 1942]
[10, 13107, 1909]
[10, 13107, 2001]
[10, 13107, 2032]
[10, 13107, 2091]
[10, 13107, 1920]
[10, 13107, 2033]
[10, 13107, 1977]
[10, 13107, 1889]
[10, 13107, 2006]
[10, 13107, 1976]
[10, 13107, 1981]
[10, 13107, 1962]
[10, 13107, 2048]
[10, 13107, 2008]
[10, 13107, 1908]
[10, 13107, 2033]
[10, 13107, 1961]
[10, 13107, 1951]
[10, 13107, 1963]
[10, 13107, 1963]
[10, 13107, 1989]
[10, 13107, 2011]
[10, 13107, 1979]
[10, 13107, 1975]
[10, 13107, 1945]
[10, 13107, 1965]
[10, 13107, 1990]
[10, 13107, 2048]
[10, 13107, 1901]
[15, 19660, 5139]
[15, 19660, 5118]
[15, 19660, 5137]
[15, 19660, 5118]
[15, 19660, 5089]
[15, 19660, 5052]
[15, 19660, 5158]
[15, 19660, 5125]
[15, 19660, 5199]
[15, 19660, 5032]
[15, 19660, 5137]
[15, 19660, 5105]
[15, 19660, 5023]
[15, 19660, 5190]
[15, 19660, 5145]
[15, 19660, 5169]
[15, 19660, 5215]
[15, 19660, 5278]
[15, 19660, 5076]
[15, 19660, 5131]
[15, 19660, 5220]
[15, 19660, 5118]
[15, 19660, 5193]
[15, 19660, 5167]
[15, 19660, 5144]
[15, 19660, 5178]
[15, 19660, 5217]
[15, 19660, 5174]
[15, 19660, 5183]
[15, 19660, 5213]
[15, 19660, 5127]
[15, 19660, 5162]
[15, 19660, 5035]
[15, 19660, 5138]
[15, 19660, 5163]
[15, 19660, 5158]
[15, 19660, 5224]
[15, 19660, 5141]
[15, 19660, 5119]
[15, 19660, 5264]
[15, 19660, 5128]
[15, 19660, 5069]
[15, 19660, 5183]
[15, 19660, 5189]
[15, 19660, 5140]
[15, 19660, 5187]
[15, 19660, 5156]
[15, 19660, 5078]
[15, 19660, 5099]
[15, 19660, 5118]
[15, 19660, 5107]
[15, 19660, 5058]
[15, 19660, 5088]
[15, 19660, 5226]
[15, 19660, 4974]
[15, 19660, 5164]
[15, 19660, 5220]
[15, 19660, 5117]
[15, 19660, 5077]
[15, 19660, 5192]
[15, 19660, 5016]
[15, 19660, 5157]
[15, 19660, 5231]
[15, 19660, 5098]
[15, 19660, 5338]
[15, 19660, 5076]
[15, 19660, 5192]
[15, 19660, 5151]
[15, 19660, 5135]
[15, 19660, 5080]
[15, 19660, 5083]
[15, 19660, 5105]
[15, 19660, 5160]
[15, 19660, 5216]
[15, 19660, 5242]
[15, 19660, 5161]
[15, 19660, 5137]
[15, 19660, 5036]
[15, 19660, 4952]
[15, 19660, 5256]
[15, 19660, 5137]
[15, 19660, 5047]
[15, 19660, 5217]
[15, 19660, 5168]
[15, 19660, 5129]
[15, 19660, 4979]
[15, 19660, 5092]
[15, 19660, 5178]
[15, 19660, 5175]
[15, 19660, 5245]
[15, 19660, 5088]
[15, 19660, 5222]
[15, 19660, 5153]
[15, 19660, 5133]
[15, 19660, 5165]
[15, 19660, 5072]
[15, 19660, 5078]
[15, 19660, 5054]
[15, 19660, 5186]
[15, 19660, 5045]
[20, 26214, 9669]
[20, 26214, 9694]
[20, 26214, 9648]
[20, 26214, 9631]
[20, 26214, 9857]
[20, 26214, 9662]
[20, 26214, 9715]
[20, 26214, 9828]
[20, 26214, 9812]
[20, 26214, 9685]
[20, 26214, 9748]
[20, 26214, 9741]
[20, 26214, 9618]
[20, 26214, 9853]
[20, 26214, 9806]
[20, 26214, 9779]
[20, 26214, 9797]
[20, 26214, 9743]
[20, 26214, 9854]
[20, 26214, 9747]
[20, 26214, 9765]
[20, 26214, 9899]
[20, 26214, 9693]
[20, 26214, 9844]
[20, 26214, 9877]
[20, 26214, 9817]
[20, 26214, 9755]
[20, 26214, 9777]
[20, 26214, 9776]
[20, 26214, 9802]
[20, 26214, 9651]
[20, 26214, 9844]
[20, 26214, 9689]
[20, 26214, 9666]
[20, 26214, 9692]
[20, 26214, 9707]
[20, 26214, 9763]
[20, 26214, 9685]
[20, 26214, 9743]
[20, 26214, 9844]
[20, 26214, 9672]
[20, 26214, 9565]
[20, 26214, 9742]
[20, 26214, 9820]
[20, 26214, 9824]
[20, 26214, 9807]
[20, 26214, 9790]
[20, 26214, 9754]
[20, 26214, 9627]
[20, 26214, 9693]
[20, 26214, 9696]
[20, 26214, 9733]
[20, 26214, 9729]
[20, 26214, 9842]
[20, 26214, 9644]
[20, 26214, 9770]
[20, 26214, 9836]
[20, 26214, 9723]
[20, 26214, 9504]
[20, 26214, 9799]
[20, 26214, 9631]
[20, 26214, 9746]
[20, 26214, 9785]
[20, 26214, 9617]
[20, 26214, 9899]
[20, 26214, 9706]
[20, 26214, 9887]
[20, 26214, 9647]
[20, 26214, 9706]
[20, 26214, 9670]
[20, 26214, 9663]
[20, 26214, 9674]
[20, 26214, 9747]
[20, 26214, 9764]
[20, 26214, 9883]
[20, 26214, 9781]
[20, 26214, 9721]
[20, 26214, 9798]
[20, 26214, 9618]
[20, 26214, 9906]
[20, 26214, 9706]
[20, 26214, 9728]
[20, 26214, 9807]
[20, 26214, 9767]
[20, 26214, 9762]
[20, 26214, 9668]
[20, 26214, 9788]
[20, 26214, 9838]
[20, 26214, 9948]
[20, 26214, 9855]
[20, 26214, 9624]
[20, 26214, 9913]
[20, 26214, 9676]
[20, 26214, 9845]
[20, 26214, 9721]
[20, 26214, 9825]
[20, 26214, 9748]
[20, 26214, 9613]
[20, 26214, 9757]
[20, 26214, 9607]
[25, 32768, 15547]
[25, 32768, 15558]
[25, 32768, 15484]
[25, 32768, 15387]
[25, 32768, 15601]
[25, 32768, 15431]
[25, 32768, 15589]
[25, 32768, 15550]
[25, 32768, 15521]
[25, 32768, 15506]
[25, 32768, 15522]
[25, 32768, 15609]
[25, 32768, 15401]
[25, 32768, 15579]
[25, 32768, 15502]
[25, 32768, 15601]
[25, 32768, 15469]
[25, 32768, 15421]
[25, 32768, 15585]
[25, 32768, 15508]
[25, 32768, 15526]
[25, 32768, 15681]
[25, 32768, 15510]
[25, 32768, 15533]
[25, 32768, 15648]
[25, 32768, 15493]
[25, 32768, 15550]
[25, 32768, 15632]
[25, 32768, 15572]
[25, 32768, 15695]
[25, 32768, 15360]
[25, 32768, 15596]
[25, 32768, 15488]
[25, 32768, 15507]
[25, 32768, 15335]
[25, 32768, 15479]
[25, 32768, 15564]
[25, 32768, 15432]
[25, 32768, 15440]
[25, 32768, 15552]
[25, 32768, 15482]
[25, 32768, 15246]
[25, 32768, 15391]
[25, 32768, 15514]
[25, 32768, 15547]
[25, 32768, 15601]
[25, 32768, 15567]
[25, 32768, 15462]
[25, 32768, 15435]
[25, 32768, 15435]
[25, 32768, 15619]
[25, 32768, 15464]
[25, 32768, 15388]
[25, 32768, 15574]
[25, 32768, 15478]
[25, 32768, 15542]
[25, 32768, 15600]
[25, 32768, 15315]
[25, 32768, 15345]
[25, 32768, 15542]
[25, 32768, 15373]
[25, 32768, 15434]
[25, 32768, 15532]
[25, 32768, 15436]
[25, 32768, 15633]
[25, 32768, 15574]
[25, 32768, 15618]
[25, 32768, 15544]
[25, 32768, 15504]
[25, 32768, 15485]
[25, 32768, 15480]
[25, 32768, 15438]
[25, 32768, 15700]
[25, 32768, 15520]
[25, 32768, 15642]
[25, 32768, 15474]
[25, 32768, 15356]
[25, 32768, 15444]
[25, 32768, 15545]
[25, 32768, 15615]
[25, 32768, 15542]
[25, 32768, 15459]
[25, 32768, 15569]
[25, 32768, 15557]
[25, 32768, 15606]
[25, 32768, 15573]
[25, 32768, 15373]
[25, 32768, 15654]
[25, 32768, 15757]
[25, 32768, 15544]
[25, 32768, 15559]
[25, 32768, 15629]
[25, 32768, 15361]
[25, 32768, 15660]
[25, 32768, 15518]
[25, 32768, 15575]
[25, 32768, 15552]
[25, 32768, 15394]
[25, 32768, 15532]
[25, 32768, 15390]
[30, 39321, 22137]
[30, 39321, 22241]
[30, 39321, 22124]
[30, 39321, 22173]
[30, 39321, 22192]
[30, 39321, 21951]
[30, 39321, 22302]
[30, 39321, 22132]
[30, 39321, 22264]
[30, 39321, 22201]
[30, 39321, 22242]
[30, 39321, 22070]
[30, 39321, 22055]
[30, 39321, 22184]
[30, 39321, 22230]
[30, 39321, 22275]
[30, 39321, 22196]
[30, 39321, 22008]
[30, 39321, 22218]
[30, 39321, 22120]
[30, 39321, 22064]
[30, 39321, 22308]
[30, 39321, 22238]
[30, 39321, 22071]
[30, 39321, 22187]
[30, 39321, 22113]
[30, 39321, 22238]
[30, 39321, 22242]
[30, 39321, 22285]
[30, 39321, 22259]
[30, 39321, 21974]
[30, 39321, 22335]
[30, 39321, 22008]
[30, 39321, 22179]
[30, 39321, 22174]
[30, 39321, 22178]
[30, 39321, 22323]
[30, 39321, 22177]
[30, 39321, 22063]
[30, 39321, 22288]
[30, 39321, 22151]
[30, 39321, 22020]
[30, 39321, 22100]
[30, 39321, 22112]
[30, 39321, 22157]
[30, 39321, 22210]
[30, 39321, 22198]
[30, 39321, 22154]
[30, 39321, 22075]
[30, 39321, 22086]
[30, 39321, 22222]
[30, 39321, 22239]
[30, 39321, 22008]
[30, 39321, 22313]
[30, 39321, 22095]
[30, 39321, 22271]
[30, 39321, 22090]
[30, 39321, 22035]
[30, 39321, 22092]
[30, 39321, 22243]
[30, 39321, 21967]
[30, 39321, 21985]
[30, 39321, 22247]
[30, 39321, 22028]
[30, 39321, 22225]
[30, 39321, 22155]
[30, 39321, 22256]
[30, 39321, 22081]
[30, 39321, 22170]
[30, 39321, 22201]
[30, 39321, 22144]
[30, 39321, 22082]
[30, 39321, 22313]
[30, 39321, 22213]
[30, 39321, 22265]
[30, 39321, 22244]
[30, 39321, 21990]
[30, 39321, 22205]
[30, 39321, 22181]
[30, 39321, 22239]
[30, 39321, 22121]
[30, 39321, 22151]
[30, 39321, 22234]
[30, 39321, 22244]
[30, 39321, 22141]
[30, 39321, 22115]
[30, 39321, 22081]
[30, 39321, 22263]
[30, 39321, 22281]
[30, 39321, 22196]
[30, 39321, 22223]
[30, 39321, 22227]
[30, 39321, 22043]
[30, 39321, 22306]
[30, 39321, 22088]
[30, 39321, 22225]
[30, 39321, 22279]
[30, 39321, 22097]
[30, 39321, 22134]
[30, 39321, 22154]
[35, 45875, 29414]
[35, 45875, 29516]
[35, 45875, 29403]
[35, 45875, 29305]
[35, 45875, 29470]
[35, 45875, 29318]
[35, 45875, 29597]
[35, 45875, 29540]
[35, 45875, 29303]
[35, 45875, 29465]
[35, 45875, 29527]
[35, 45875, 29454]
[35, 45875, 29341]
[35, 45875, 29359]
[35, 45875, 29358]
[35, 45875, 29500]
[35, 45875, 29359]
[35, 45875, 29179]
[35, 45875, 29537]
[35, 45875, 29405]
[35, 45875, 29437]
[35, 45875, 29577]
[35, 45875, 29502]
[35, 45875, 29421]
[35, 45875, 29416]
[35, 45875, 29544]
[35, 45875, 29421]
[35, 45875, 29416]
[35, 45875, 29527]
[35, 45875, 29422]
[35, 45875, 29213]
[35, 45875, 29478]
[35, 45875, 29372]
[35, 45875, 29314]
[35, 45875, 29397]
[35, 45875, 29378]
[35, 45875, 29503]
[35, 45875, 29508]
[35, 45875, 29455]
[35, 45875, 29595]
[35, 45875, 29241]
[35, 45875, 29406]
[35, 45875, 29360]
[35, 45875, 29458]
[35, 45875, 29472]
[35, 45875, 29508]
[35, 45875, 29281]
[35, 45875, 29444]
[35, 45875, 29519]
[35, 45875, 29486]
[35, 45875, 29493]
[35, 45875, 29345]
[35, 45875, 29276]
[35, 45875, 29483]
[35, 45875, 29178]
[35, 45875, 29492]
[35, 45875, 29384]
[35, 45875, 29478]
[35, 45875, 29290]
[35, 45875, 29300]
[35, 45875, 29393]
[35, 45875, 29290]
[35, 45875, 29453]
[35, 45875, 29485]
[35, 45875, 29554]
[35, 45875, 29563]
[35, 45875, 29302]
[35, 45875, 29386]
[35, 45875, 29505]
[35, 45875, 29574]
[35, 45875, 29363]
[35, 45875, 29342]
[35, 45875, 29499]
[35, 45875, 29452]
[35, 45875, 29518]
[35, 45875, 29353]
[35, 45875, 29237]
[35, 45875, 29463]
[35, 45875, 29503]
[35, 45875, 29489]
[35, 45875, 29337]
[35, 45875, 29243]
[35, 45875, 29449]
[35, 45875, 29413]
[35, 45875, 29445]
[35, 45875, 29394]
[35, 45875, 29353]
[35, 45875, 29446]
[35, 45875, 29462]
[35, 45875, 29500]
[35, 45875, 29560]
[35, 45875, 29504]
[35, 45875, 29311]
[35, 45875, 29524]
[35, 45875, 29389]
[35, 45875, 29469]
[35, 45875, 29412]
[35, 45875, 29422]
[35, 45875, 29423]
[35, 45875, 29367]
[40, 52428, 36923]
[40, 52428, 37114]
[40, 52428, 37001]
[40, 52428, 37082]
[40, 52428, 37118]
[40, 52428, 36946]
[40, 52428, 37234]
[40, 52428, 37054]
[40, 52428, 36923]
[40, 52428, 36999]
[40, 52428, 37052]
[40, 52428, 36979]
[40, 52428, 37017]
[40, 52428, 37144]
[40, 52428, 37096]
[40, 52428, 37310]
[40, 52428, 37022]
[40, 52428, 37016]
[40, 52428, 37241]
[40, 52428, 36968]
[40, 52428, 37034]
[40, 52428, 37111]
[40, 52428, 37153]
[40, 52428, 37113]
[40, 52428, 36965]
[40, 52428, 37170]
[40, 52428, 37053]
[40, 52428, 36926]
[40, 52428, 37276]
[40, 52428, 37000]
[40, 52428, 36927]
[40, 52428, 37195]
[40, 52428, 36978]
[40, 52428, 36877]
[40, 52428, 37044]
[40, 52428, 36908]
[40, 52428, 37198]
[40, 52428, 37081]
[40, 52428, 37098]
[40, 52428, 37227]
[40, 52428, 37031]
[40, 52428, 37052]
[40, 52428, 37039]
[40, 52428, 36973]
[40, 52428, 37054]
[40, 52428, 37085]
[40, 52428, 37134]
[40, 52428, 37137]
[40, 52428, 36947]
[40, 52428, 37111]
[40, 52428, 37084]
[40, 52428, 37133]
[40, 52428, 36994]
[40, 52428, 37035]
[40, 52428, 36967]
[40, 52428, 37112]
[40, 52428, 37246]
[40, 52428, 37155]
[40, 52428, 37034]
[40, 52428, 36964]
[40, 52428, 37031]
[40, 52428, 36960]
[40, 52428, 37039]
[40, 52428, 37128]
[40, 52428, 37104]
[40, 52428, 36989]
[40, 52428, 37028]
[40, 52428, 37070]
[40, 52428, 37183]
[40, 52428, 37086]
[40, 52428, 36922]
[40, 52428, 37052]
[40, 52428, 37101]
[40, 52428, 37141]
[40, 52428, 37101]
[40, 52428, 36933]
[40, 52428, 36906]
[40, 52428, 37134]
[40, 52428, 37089]
[40, 52428, 37165]
[40, 52428, 37079]
[40, 52428, 37017]
[40, 52428, 37188]
[40, 52428, 37166]
[40, 52428, 37034]
[40, 52428, 36915]
[40, 52428, 37093]
[40, 52428, 37063]
[40, 52428, 37167]
[40, 52428, 37090]
[40, 52428, 37086]
[40, 52428, 37101]
[40, 52428, 36851]
[40, 52428, 37042]
[40, 52428, 37032]
[40, 52428, 37110]
[40, 52428, 37147]
[40, 52428, 37119]
[40, 52428, 37149]
[40, 52428, 36978]
