[1, 1310, 0, 2, 0, 0]
[1, 1310, 0, 3, 0, 0]
[1, 1310, 0, 0, 0, 0]
[1, 1310, 0, 0, 0, 0]
[1, 1310, 0, 0, 0, 0]
[1, 1310, 0, 2, 0, 0]
[1, 1310, 0, 0, 3, 0]
[1, 1310, 0, 0, 0, 0]
[1, 1310, 0, 0, 0, 0]
[1, 1310, 1, 0, 0, 0]
[1, 1310, 0, 0, 0, 0]
[1, 1310, 0, 1, 0, 2]
[1, 1310, 0, 0, 0, 0]
[1, 1310, 0, 0, 0, 0]
[1, 1310, 0, 0, 0, 0]
[1, 1310, 0, 0, 0, 0]
[1, 1310, 0, 0, 0, 1]
[1, 1310, 0, 0, 0, 0]
[1, 1310, 2, 2, 0, 0]
[1, 1310, 0, 0, 0, 1]
[1, 1310, 0, 0, 0, 0]
[1, 1310, 0, 0, 0, 0]
[1, 1310, 2, 0, 0, 1]
[1, 1310, 0, 0, 0, 0]
[1, 1310, 0, 0, 0, 0]
[1, 1310, 0, 0, 0, 0]
[1, 1310, 1, 0, 0, 0]
[1, 1310, 0, 0, 0, 0]
[1, 1310, 0, 0, 0, 0]
[1, 1310, 0, 0, 0, 0]
[1, 1310, 0, 0, 0, 0]
[1, 1310, 0, 0, 0, 0]
[1, 1310, 0, 0, 0, 0]
[1, 1310, 0, 0, 0, 0]
[1, 1310, 0, 0, 0, 1]
[1, 1310, 0, 0, 0, 0]
[1, 1310, 0, 1, 0, 0]
[1, 1310, 0, 0, 0, 0]
[1, 1310, 0, 0, 1, 0]
[1, 1310, 0, 1, 0, 1]
[1, 1310, 0, 0, 0, 0]
[1, 1310, 1, 0, 0, 0]
[1, 1310, 0, 0, 0, 0]
[1, 1310, 0, 0, 0, 0]
[1, 1310, 0, 0, 0, 0]
[1, 1310, 0, 0, 0, 0]
[1, 1310, 0, 0, 0, 0]
[1, 1310, 0, 0, 0, 0]
[1, 1310, 0, 0, 0, 0]
[1, 1310, 0, 0, 0, 0]
[1, 1310, 0, 0, 0, 0]
[1, 1310, 0, 0, 0, 0]
[1, 1310, 0, 0, 1, 0]
[1, 1310, 0, 0, 0, 0]
[1, 1310, 0, 0, 0, 0]
[1, 1310, 0, 1, 0, 0]
[1, 1310, 0, 0, 0, 0]
[1, 1310, 0, 2, 0, 0]
[1, 1310, 0, 0, 0, 0]
[1, 1310, 0, 0, 0, 0]
[1, 1310, 1, 2, 0, 0]
[1, 1310, 0, 0, 0, 0]
[1, 1310, 1, 0, 0, 0]
[1, 1310, 0, 0, 0, 0]
[1, 1310, 1, 0, 0, 0]
[1, 1310, 0, 0, 0, 0]
[1, 1310, 0, 0, 0, 0]
[1, 1310, 0, 0, 0, 0]
[1, 1310, 0, 1, 0, 0]
[1, 1310, 0, 0, 0, 0]
[1, 1310, 0, 0, 0, 0]
[1, 1310, 0, 0, 0, 0]
[1, 1310, 0, 0, 0, 0]
[1, 1310, 0, 0, 0, 1]
[1, 1310, 0, 0, 0, 0]
[1, 1310, 0, 0, 0, 0]
[1, 1310, 0, 0, 0, 0]
[1, 1310, 0, 0, 1, 0]
[1, 1310, 0, 0, 0, 0]
[1, 1310, 0, 0, 0, 0]
[1, 1310, 0, 0, 0, 0]
[1, 1310, 0, 0, 0, 1]
[1, 1310, 0, 0, 1, 0]
[1, 1310, 0, 0, 0, 0]
[1, 1310, 0, 0, 1, 0]
[1, 1310, 1, 0, 0, 0]
[1, 1310, 0, 0, 2, 0]
[1, 1310, 0, 0, 0, 0]
[1, 1310, 0, 0, 0, 0]
[1, 1310, 0, 0, 0, 0]
[1, 1310, 0, 0, 0, 0]
[1, 1310, 0, 0, 1, 0]
[1, 1310, 0, 0, 0, 0]
[1, 1310, 0, 0, 0, 0]
[1, 1310, 0, 0, 0, 0]
[1, 1310, 1, 1, 2, 0]
[1, 1310, 0, 0, 0, 0]
[1, 1310, 0, 1, 0, 0]
[1, 1310, 0, 0, 0, 0]
[1, 1310, 2, 0, 0, 0]
[2, 2621, 0, 3, 0, 0]
[2, 2621, 1, 3, 0, 0]
[2, 2621, 1, 0, 1, 0]
[2, 2621, 2, 3, 0, 0]
[2, 2621, 1, 0, 0, 2]
[2, 2621, 1, 2, 3, 1]
[2, 2621, 1, 1, 2, 0]
[2, 2621, 2, 1, 1, 0]
[2, 2621, 0, 1, 1, 1]
[2, 2621, 1, 0, 0, 0]
[2, 2621, 0, 0, 0, 0]
[2, 2621, 0, 1, 2, 2]
[2, 2621, 0, 0, 2, 0]
[2, 2621, 1, 0, 0, 0]
[2, 2621, 0, 5, 3, 0]
[2, 2621, 0, 0, 2, 0]
[2, 2621, 0, 0, 0, 2]
[2, 2621, 0, 1, 0, 1]
[2, 2621, 1, 2, 2, 0]
[2, 2621, 0, 0, 1, 4]
[2, 2621, 0, 0, 0, 3]
[2, 2621, 0, 0, 0, 0]
[2, 2621, 2, 0, 0, 1]
[2, 2621, 1, 0, 0, 0]
[2, 2621, 0, 0, 2, 0]
[2, 2621, 2, 2, 0, 0]
[2, 2621, 0, 1, 0, 1]
[2, 2621, 0, 0, 0, 0]
[2, 2621, 0, 0, 2, 0]
[2, 2621, 0, 0, 0, 0]
[2, 2621, 3, 0, 0, 0]
[2, 2621, 0, 0, 1, 0]
[2, 2621, 2, 0, 0, 0]
[2, 2621, 0, 0, 0, 0]
[2, 2621, 3, 1, 0, 2]
[2, 2621, 0, 1, 0, 3]
[2, 2621, 0, 2, 0, 3]
[2, 2621, 2, 0, 0, 0]
[2, 2621, 0, 0, 1, 0]
[2, 2621, 0, 1, 0, 1]
[2, 2621, 0, 0, 0, 2]
[2, 2621, 6, 0, 0, 0]
[2, 2621, 0, 0, 2, 0]
[2, 2621, 2, 0, 0, 0]
[2, 2621, 0, 4, 1, 1]
[2, 2621, 1, 0, 1, 0]
[2, 2621, 6, 0, 0, 0]
[2, 2621, 0, 4, 0, 0]
[2, 2621, 1, 0, 0, 0]
[2, 2621, 0, 0, 0, 0]
[2, 2621, 0, 0, 0, 0]
[2, 2621, 2, 0, 0, 0]
[2, 2621, 0, 0, 1, 2]
[2, 2621, 0, 0, 0, 0]
[2, 2621, 0, 0, 1, 0]
[2, 2621, 0, 1, 0, 0]
[2, 2621, 0, 0, 1, 0]
[2, 2621, 2, 4, 1, 0]
[2, 2621, 2, 0, 0, 0]
[2, 2621, 1, 0, 1, 0]
[2, 2621, 2, 3, 0, 1]
[2, 2621, 0, 1, 0, 3]
[2, 2621, 0, 2, 1, 0]
[2, 2621, 0, 1, 0, 2]
[2, 2621, 1, 0, 1, 0]
[2, 2621, 0, 0, 1, 3]
[2, 2621, 2, 0, 0, 1]
[2, 2621, 0, 0, 0, 1]
[2, 2621, 1, 1, 4, 2]
[2, 2621, 0, 1, 0, 0]
[2, 2621, 0, 0, 0, 0]
[2, 2621, 0, 2, 0, 0]
[2, 2621, 0, 0, 0, 0]
[2, 2621, 1, 2, 0, 7]
[2, 2621, 0, 0, 0, 0]
[2, 2621, 0, 0, 0, 3]
[2, 2621, 0, 1, 0, 2]
[2, 2621, 0, 0, 2, 0]
[2, 2621, 0, 1, 2, 0]
[2, 2621, 2, 0, 0, 0]
[2, 2621, 0, 1, 0, 3]
[2, 2621, 3, 0, 1, 2]
[2, 2621, 0, 1, 2, 0]
[2, 2621, 0, 0, 0, 0]
[2, 2621, 0, 0, 1, 0]
[2, 2621, 2, 2, 2, 1]
[2, 2621, 0, 0, 2, 0]
[2, 2621, 1, 1, 0, 0]
[2, 2621, 0, 0, 0, 0]
[2, 2621, 0, 0, 2, 1]
[2, 2621, 0, 2, 3, 4]
[2, 2621, 0, 0, 0, 0]
[2, 2621, 0, 0, 2, 0]
[2, 2621, 1, 1, 0, 1]
[2, 2621, 0, 0, 1, 0]
[2, 2621, 2, 1, 1, 0]
[2, 2621, 0, 1, 0, 1]
[2, 2621, 0, 3, 3, 0]
[2, 2621, 0, 0, 1, 2]
[2, 2621, 3, 0, 0, 0]
[5, 6553, 11, 8, 3, 6]
[5, 6553, 10, 5, 10, 6]
[5, 6553, 8, 3, 10, 4]
[5, 6553, 13, 11, 12, 3]
[5, 6553, 11, 5, 11, 9]
[5, 6553, 14, 16, 7, 2]
[5, 6553, 12, 6, 21, 7]
[5, 6553, 11, 3, 5, 9]
[5, 6553, 8, 11, 4, 8]
[5, 6553, 7, 4, 2, 0]
[5, 6553, 3, 7, 6, 7]
[5, 6553, 9, 8, 8, 14]
[5, 6553, 7, 4, 6, 5]
[5, 6553, 7, 10, 3, 11]
[5, 6553, 2, 9, 14, 8]
[5, 6553, 0, 7, 2, 3]
[5, 6553, 7, 2, 3, 13]
[5, 6553, 9, 8, 6, 4]
[5, 6553, 11, 11, 7, 4]
[5, 6553, 11, 1, 7, 18]
[5, 6553, 1, 6, 7, 7]
[5, 6553, 4, 8, 8, 5]
[5, 6553, 8, 9, 8, 6]
[5, 6553, 7, 15, 5, 3]
[5, 6553, 14, 3, 11, 8]
[5, 6553, 6, 17, 7, 9]
[5, 6553, 10, 12, 9, 5]
[5, 6553, 3, 5, 3, 9]
[5, 6553, 3, 3, 7, 7]
[5, 6553, 5, 6, 5, 6]
[5, 6553, 7, 4, 13, 11]
[5, 6553, 8, 3, 13, 8]
[5, 6553, 6, 3, 8, 7]
[5, 6553, 7, 9, 11, 9]
[5, 6553, 4, 11, 5, 2]
[5, 6553, 7, 9, 6, 12]
[5, 6553, 9, 4, 1, 6]
[5, 6553, 6, 5, 7, 6]
[5, 6553, 2, 11, 5, 6]
[5, 6553, 6, 10, 7, 6]
[5, 6553, 7, 7, 6, 9]
[5, 6553, 9, 11, 15, 7]
[5, 6553, 6, 5, 11, 4]
[5, 6553, 8, 1, 9, 10]
[5, 6553, 5, 6, 4, 4]
[5, 6553, 5, 6, 8, 9]
[5, 6553, 10, 4, 3, 3]
[5, 6553, 2, 7, 5, 9]
[5, 6553, 1, 0, 4, 0]
[5, 6553, 3, 4, 3, 6]
[5, 6553, 0, 2, 11, 13]
[5, 6553, 11, 6, 3, 4]
[5, 6553, 5, 3, 1, 18]
[5, 6553, 5, 4, 5, 4]
[5, 6553, 16, 10, 8, 3]
[5, 6553, 8, 12, 3, 7]
[5, 6553, 4, 11, 8, 5]
[5, 6553, 6, 9, 2, 5]
[5, 6553, 7, 8, 4, 2]
[5, 6553, 3, 2, 3, 8]
[5, 6553, 7, 3, 0, 6]
[5, 6553, 11, 11, 0, 6]
[5, 6553, 3, 7, 16, 3]
[5, 6553, 3, 11, 0, 6]
[5, 6553, 11, 4, 9, 7]
[5, 6553, 9, 9, 5, 8]
[5, 6553, 8, 5, 9, 4]
[5, 6553, 8, 8, 8, 9]
[5, 6553, 9, 13, 10, 5]
[5, 6553, 5, 1, 8, 10]
[5, 6553, 7, 11, 7, 5]
[5, 6553, 4, 8, 8, 10]
[5, 6553, 5, 13, 8, 5]
[5, 6553, 5, 13, 5, 10]
[5, 6553, 11, 4, 5, 4]
[5, 6553, 4, 5, 0, 5]
[5, 6553, 5, 6, 7, 6]
[5, 6553, 3, 6, 15, 0]
[5, 6553, 5, 1, 8, 8]
[5, 6553, 9, 5, 6, 1]
[5, 6553, 4, 4, 9, 16]
[5, 6553, 13, 6, 7, 9]
[5, 6553, 4, 2, 6, 5]
[5, 6553, 0, 4, 7, 3]
[5, 6553, 4, 1, 1, 6]
[5, 6553, 12, 6, 9, 9]
[5, 6553, 6, 4, 18, 13]
[5, 6553, 4, 4, 7, 3]
[5, 6553, 7, 4, 1, 3]
[5, 6553, 9, 9, 12, 5]
[5, 6553, 9, 8, 5, 5]
[5, 6553, 4, 8, 7, 5]
[5, 6553, 10, 10, 8, 5]
[5, 6553, 4, 12, 4, 10]
[5, 6553, 4, 2, 6, 8]
[5, 6553, 4, 11, 6, 3]
[5, 6553, 9, 5, 3, 12]
[5, 6553, 3, 9, 4, 9]
[5, 6553, 6, 7, 2, 9]
[5, 6553, 18, 6, 2, 2]
[10, 13107, 41, 50, 31, 40]
[10, 13107, 45, 36, 72, 43]
[10, 13107, 42, 42, 45, 45]
[10, 13107, 59, 50, 41, 50]
[10, 13107, 70, 40, 33, 62]
[10, 13107, 57, 57, 48, 34]
[10, 13107, 45, 42, 68, 38]
[10, 13107, 39, 51, 27, 41]
[10, 13107, 49, 50, 50, 47]
[10, 13107, 45, 30, 46, 58]
[10, 13107, 32, 40, 45, 41]
[10, 13107, 26, 55, 37, 47]
[10, 13107, 46, 41, 33, 41]
[10, 13107, 46, 41, 33, 42]
[10, 13107, 50, 36, 44, 45]
[10, 13107, 31, 39, 28, 29]
[10, 13107, 49, 61, 34, 47]
[10, 13107, 36, 50, 50, 23]
[10, 13107, 50, 57, 43, 41]
[10, 13107, 55, 35, 38, 47]
[10, 13107, 36, 55, 51, 39]
[10, 13107, 25, 52, 40, 36]
[10, 13107, 44, 40, 43, 48]
[10, 13107, 53, 39, 29, 54]
[10, 13107, 46, 40, 43, 59]
[10, 13107, 46, 72, 31, 34]
[10, 13107, 43, 53, 53, 40]
[10, 13107, 38, 34, 53, 52]
[10, 13107, 56, 54, 38, 37]
[10, 13107, 50, 37, 35, 75]
[10, 13107, 42, 51, 40, 44]
[10, 13107, 47, 38, 48, 29]
[10, 13107, 38, 35, 46, 69]
[10, 13107, 63, 42, 51, 47]
[10, 13107, 44, 50, 47, 33]
[10, 13107, 33, 49, 53, 34]
[10, 13107, 42, 37, 42, 42]
[10, 13107, 40, 54, 33, 37]
[10, 13107, 38, 55, 43, 30]
[10, 13107, 50, 46, 43, 45]
[10, 13107, 49, 47, 37, 42]
[10, 13107, 46, 42, 38, 33]
[10, 13107, 58, 51, 55, 38]
[10, 13107, 40, 37, 41, 40]
[10, 13107, 42, 40, 48, 14]
[10, 13107, 49, 45, 58, 46]
[10, 13107, 40, 46, 47, 51]
[10, 13107, 35, 50, 36, 55]
[10, 13107, 36, 20, 56, 37]
[10, 13107, 25, 30, 50, 37]
[10, 13107, 28, 45, 60, 66]
[10, 13107, 40, 33, 39, 44]
[10, 13107, 46, 35, 35, 51]
[10, 13107, 50, 30, 43, 40]
[10, 13107, 42, 46, 40, 46]
[10, 13107, 47, 45, 36, 36]
[10, 13107, 28, 47, 40, 48]
[10, 13107, 57, 35, 34, 43]
[10, 13107, 40, 50, 33, 45]
[10, 13107, 37, 26, 31, 53]
[10, 13107, 38, 41, 56, 36]
[10, 13107, 52, 48, 27, 56]
[10, 13107, 43, 48, 55, 33]
[10, 13107, 43, 36, 31, 65]
[10, 13107, 51, 36, 43, 34]
[10, 13107, 38, 53, 34, 48]
[10, 13107, 48, 46, 46, 41]
[10, 13107, 41, 34, 52, 59]
[10, 13107, 34, 41, 41, 33]
[10, 13107, 47, 33, 40, 69]
[10, 13107, 54, 41, 41, 42]
[10, 13107, 47, 43, 58, 47]
[10, 13107, 29, 61, 42, 23]
[10, 13107, 47, 47, 41, 54]
[10, 13107, 48, 41, 34, 51]
[10, 13107, 30, 52, 39, 49]
[10, 13107, 51, 29, 47, 47]
[10, 13107, 43, 51, 47, 37]
[10, 13107, 27, 30, 52, 44]
[10, 13107, 52, 51, 26, 28]
[10, 13107, 37, 37, 30, 62]
[10, 13107, 48, 46, 22, 46]
[10, 13107, 29, 52, 38, 48]
[10, 13107, 47, 48, 38, 54]
[10, 13107, 54, 57, 48, 52]
[10, 13107, 58, 39, 47, 53]
[10, 13107, 36, 59, 52, 37]
[10, 13107, 53, 37, 50, 41]
[10, 13107, 32, 53, 39, 23]
[10, 13107, 34, 35, 46, 57]
[10, 13107, 42, 54, 42, 45]
[10, 13107, 53, 35, 33, 35]
[10, 13107, 45, 32, 52, 45]
[10, 13107, 54, 45, 31, 50]
[10, 13107, 34, 33, 48, 51]
[10, 13107, 33, 55, 40, 34]
[10, 13107, 41, 49, 40, 47]
[10, 13107, 38, 50, 45, 50]
[10, 13107, 51, 58, 29, 46]
[10, 13107, 49, 45, 50, 42]
[15, 19660, 135, 147, 120, 156]
[15, 19660, 122, 132, 155, 129]
[15, 19660, 124, 130, 120, 148]
[15, 19660, 132, 120, 142, 138]
[15, 19660, 150, 150, 112, 125]
[15, 19660, 149, 148, 148, 129]
[15, 19660, 125, 137, 150, 105]
[15, 19660, 127, 105, 113, 129]
[15, 19660, 146, 142, 119, 124]
[15, 19660, 136, 143, 140, 111]
[15, 19660, 94, 139, 124, 138]
[15, 19660, 136, 138, 152, 138]
[15, 19660, 128, 146, 128, 121]
[15, 19660, 136, 119, 122, 145]
[15, 19660, 146, 123, 130, 121]
[15, 19660, 115, 125, 117, 119]
[15, 19660, 136, 162, 118, 114]
[15, 19660, 121, 129, 137, 111]
[15, 19660, 130, 158, 147, 122]
[15, 19660, 133, 117, 139, 144]
[15, 19660, 136, 129, 127, 133]
[15, 19660, 97, 133, 128, 87]
[15, 19660, 135, 119, 114, 154]
[15, 19660, 147, 114, 119, 142]
[15, 19660, 109, 128, 155, 141]
[15, 19660, 129, 168, 104, 132]
[15, 19660, 145, 114, 158, 123]
[15, 19660, 115, 142, 143, 154]
[15, 19660, 146, 127, 127, 118]
[15, 19660, 149, 116, 171, 159]
[15, 19660, 125, 163, 138, 143]
[15, 19660, 156, 119, 131, 117]
[15, 19660, 118, 115, 137, 159]
[15, 19660, 128, 125, 122, 134]
[15, 19660, 113, 119, 115, 132]
[15, 19660, 115, 119, 129, 106]
[15, 19660, 122, 131, 126, 129]
[15, 19660, 125, 146, 130, 156]
[15, 19660, 128, 122, 128, 112]
[15, 19660, 127, 150, 127, 127]
[15, 19660, 159, 143, 131, 142]
[15, 19660, 103, 124, 146, 129]
[15, 19660, 133, 137, 134, 120]
[15, 19660, 97, 139, 136, 137]
[15, 19660, 129, 128, 122, 112]
[15, 19660, 105, 113, 151, 132]
[15, 19660, 121, 129, 147, 138]
[15, 19660, 120, 159, 111, 134]
[15, 19660, 112, 114, 121, 139]
[15, 19660, 122, 124, 152, 147]
[15, 19660, 99, 140, 153, 164]
[15, 19660, 124, 111, 142, 136]
[15, 19660, 145, 129, 128, 144]
[15, 19660, 133, 146, 135, 136]
[15, 19660, 126, 124, 129, 113]
[15, 19660, 177, 146, 124, 123]
[15, 19660, 112, 121, 121, 131]
[15, 19660, 178, 104, 113, 144]
[15, 19660, 95, 172, 119, 146]
[15, 19660, 124, 97, 105, 146]
[15, 19660, 159, 118, 135, 108]
[15, 19660, 166, 118, 113, 154]
[15, 19660, 121, 151, 141, 129]
[15, 19660, 135, 136, 125, 131]
[15, 19660, 128, 120, 124, 132]
[15, 19660, 154, 157, 138, 143]
[15, 19660, 138, 125, 129, 111]
[15, 19660, 141, 129, 134, 166]
[15, 19660, 118, 159, 132, 104]
[15, 19660, 148, 128, 127, 181]
[15, 19660, 157, 116, 124, 138]
[15, 19660, 130, 114, 155, 155]
[15, 19660, 126, 142, 141, 133]
[15, 19660, 145, 122, 131, 146]
[15, 19660, 128, 137, 107, 150]
[15, 19660, 114, 151, 125, 144]
[15, 19660, 141, 121, 127, 128]
[15, 19660, 117, 130, 132, 125]
[15, 19660, 119, 115, 136, 151]
[15, 19660, 150, 126, 119, 119]
[15, 19660, 122, 129, 109, 142]
[15, 19660, 130, 116, 102, 140]
[15, 19660, 110, 132, 133, 126]
[15, 19660, 124, 128, 131, 160]
[15, 19660, 156, 137, 137, 144]
[15, 19660, 145, 115, 120, 155]
[15, 19660, 144, 143, 140, 119]
[15, 19660, 124, 143, 133, 133]
[15, 19660, 127, 147, 123, 124]
[15, 19660, 123, 116, 122, 181]
[15, 19660, 119, 144, 88, 134]
[15, 19660, 154, 151, 110, 120]
[15, 19660, 116, 136, 140, 150]
[15, 19660, 158, 165, 110, 159]
[15, 19660, 138, 114, 162, 122]
[15, 19660, 115, 142, 138, 116]
[15, 19660, 142, 132, 105, 126]
[15, 19660, 110, 135, 137, 126]
[15, 19660, 144, 157, 109, 108]
[15, 19660, 138, 123, 133, 115]
[20, 26214, 282, 277, 255, 280]
[20, 26214, 262, 277, 326, 284]
[20, 26214, 281, 314, 271, 328]
[20, 26214, 285, 261, 313, 283]
[20, 26214, 301, 318, 264, 304]
[20, 26214, 281, 321, 276, 280]
[20, 26214, 271, 293, 341, 241]
[20, 26214, 292, 233, 245, 306]
[20, 26214, 308, 276, 264, 289]
[20, 26214, 264, 296, 302, 255]
[20, 26214, 259, 268, 289, 322]
[20, 26214, 296, 281, 292, 272]
[20, 26214, 254, 330, 281, 262]
[20, 26214, 288, 276, 264, 306]
[20, 26214, 297, 273, 275, 272]
[20, 26214, 287, 286, 292, 292]
[20, 26214, 303, 294, 246, 294]
[20, 26214, 309, 283, 277, 265]
[20, 26214, 292, 322, 299, 275]
[20, 26214, 280, 259, 268, 289]
[20, 26214, 304, 247, 271, 281]
[20, 26214, 268, 299, 292, 244]
[20, 26214, 309, 278, 253, 300]
[20, 26214, 307, 269, 265, 278]
[20, 26214, 256, 283, 313, 259]
[20, 26214, 254, 315, 277, 306]
[20, 26214, 306, 273, 327, 228]
[20, 26214, 256, 303, 296, 315]
[20, 26214, 321, 324, 251, 314]
[20, 26214, 344, 227, 306, 344]
[20, 26214, 277, 322, 297, 284]
[20, 26214, 316, 304, 296, 231]
[20, 26214, 255, 237, 276, 305]
[20, 26214, 309, 263, 286, 282]
[20, 26214, 296, 285, 257, 261]
[20, 26214, 282, 280, 262, 263]
[20, 26214, 273, 295, 297, 261]
[20, 26214, 273, 293, 288, 304]
[20, 26214, 266, 265, 326, 271]
[20, 26214, 265, 343, 282, 260]
[20, 26214, 307, 301, 291, 292]
[20, 26214, 260, 278, 310, 304]
[20, 26214, 282, 306, 262, 315]
[20, 26214, 231, 312, 302, 311]
[20, 26214, 295, 269, 242, 278]
[20, 26214, 276, 267, 302, 294]
[20, 26214, 252, 264, 278, 311]
[20, 26214, 292, 312, 255, 315]
[20, 26214, 265, 281, 274, 273]
[20, 26214, 288, 264, 311, 274]
[20, 26214, 247, 276, 319, 320]
[20, 26214, 246, 240, 293, 304]
[20, 26214, 284, 274, 282, 309]
[20, 26214, 269, 319, 285, 330]
[20, 26214, 342, 288, 266, 271]
[20, 26214, 381, 304, 258, 284]
[20, 26214, 276, 237, 265, 310]
[20, 26214, 347, 275, 255, 303]
[20, 26214, 249, 326, 276, 322]
[20, 26214, 273, 233, 217, 300]
[20, 26214, 325, 248, 312, 226]
[20, 26214, 347, 282, 250, 313]
[20, 26214, 294, 296, 338, 233]
[20, 26214, 296, 271, 243, 269]
[20, 26214, 261, 256, 294, 270]
[20, 26214, 287, 320, 292, 306]
[20, 26214, 287, 265, 269, 283]
[20, 26214, 313, 260, 288, 347]
[20, 26214, 271, 306, 272, 260]
[20, 26214, 285, 266, 284, 344]
[20, 26214, 313, 302, 304, 288]
[20, 26214, 263, 281, 327, 278]
[20, 26214, 269, 308, 326, 307]
[20, 26214, 279, 290, 276, 302]
[20, 26214, 291, 269, 259, 279]
[20, 26214, 288, 325, 276, 314]
[20, 26214, 338, 288, 264, 269]
[20, 26214, 300, 286, 255, 277]
[20, 26214, 275, 246, 288, 344]
[20, 26214, 292, 301, 287, 291]
[20, 26214, 293, 292, 263, 283]
[20, 26214, 284, 292, 262, 325]
[20, 26214, 264, 295, 263, 268]
[20, 26214, 246, 274, 291, 266]
[20, 26214, 344, 287, 301, 315]
[20, 26214, 277, 293, 263, 346]
[20, 26214, 282, 333, 298, 235]
[20, 26214, 271, 271, 308, 280]
[20, 26214, 290, 295, 268, 275]
[20, 26214, 260, 306, 279, 345]
[20, 26214, 281, 308, 236, 295]
[20, 26214, 311, 293, 284, 243]
[20, 26214, 272, 281, 311, 282]
[20, 26214, 312, 288, 297, 315]
[20, 26214, 291, 309, 319, 296]
[20, 26214, 322, 266, 308, 274]
[20, 26214, 315, 289, 262, 282]
[20, 26214, 265, 304, 292, 254]
[20, 26214, 358, 321, 281, 264]
[20, 26214, 317, 284, 312, 295]
[25, 32768, 532, 485, 529, 492]
[25, 32768, 524, 514, 568, 515]
[25, 32768, 462, 569, 504, 552]
[25, 32768, 536, 493, 545, 512]
[25, 32768, 525, 550, 497, 572]
[25, 32768, 496, 585, 484, 521]
[25, 32768, 488, 534, 584, 491]
[25, 32768, 549, 485, 483, 550]
[25, 32768, 567, 540, 483, 552]
[25, 32768, 480, 509, 547, 481]
[25, 32768, 493, 522, 514, 506]
[25, 32768, 550, 511, 525, 523]
[25, 32768, 519, 578, 519, 500]
[25, 32768, 514, 495, 480, 519]
[25, 32768, 505, 496, 529, 489]
[25, 32768, 499, 528, 471, 570]
[25, 32768, 509, 557, 425, 535]
[25, 32768, 544, 469, 485, 503]
[25, 32768, 536, 559, 519, 533]
[25, 32768, 521, 505, 487, 453]
[25, 32768, 576, 434, 516, 513]
[25, 32768, 514, 561, 516, 495]
[25, 32768, 526, 475, 510, 583]
[25, 32768, 537, 489, 533, 485]
[25, 32768, 511, 537, 566, 539]
[25, 32768, 517, 531, 494, 557]
[25, 32768, 552, 493, 579, 469]
[25, 32768, 493, 509, 548, 548]
[25, 32768, 527, 534, 475, 584]
[25, 32768, 578, 453, 519, 553]
[25, 32768, 486, 578, 522, 511]
[25, 32768, 587, 544, 505, 471]
[25, 32768, 493, 484, 566, 521]
[25, 32768, 561, 522, 559, 515]
[25, 32768, 491, 539, 519, 531]
[25, 32768, 522, 545, 500, 514]
[25, 32768, 488, 496, 549, 497]
[25, 32768, 513, 536, 498, 563]
[25, 32768, 506, 504, 533, 519]
[25, 32768, 524, 585, 461, 534]
[25, 32768, 570, 524, 496, 513]
[25, 32768, 511, 502, 507, 564]
[25, 32768, 523, 547, 482, 558]
[25, 32768, 446, 560, 556, 522]
[25, 32768, 537, 487, 488, 469]
[25, 32768, 492, 530, 526, 559]
[25, 32768, 476, 469, 499, 488]
[25, 32768, 537, 555, 478, 504]
[25, 32768, 501, 545, 487, 525]
[25, 32768, 536, 512, 528, 532]
[25, 32768, 457, 514, 607, 605]
[25, 32768, 484, 483, 510, 532]
[25, 32768, 574, 511, 464, 545]
[25, 32768, 515, 582, 477, 542]
[25, 32768, 596, 538, 493, 479]
[25, 32768, 653, 546, 491, 490]
[25, 32768, 500, 452, 502, 566]
[25, 32768, 549, 513, 482, 505]
[25, 32768, 482, 514, 559, 562]
[25, 32768, 490, 512, 452, 543]
[25, 32768, 563, 519, 564, 456]
[25, 32768, 558, 542, 491, 493]
[25, 32768, 544, 515, 596, 472]
[25, 32768, 532, 510, 488, 522]
[25, 32768, 516, 509, 501, 477]
[25, 32768, 507, 521, 505, 588]
[25, 32768, 516, 506, 505, 520]
[25, 32768, 539, 477, 568, 581]
[25, 32768, 496, 559, 460, 507]
[25, 32768, 501, 502, 543, 611]
[25, 32768, 554, 522, 486, 577]
[25, 32768, 503, 537, 577, 512]
[25, 32768, 496, 510, 558, 542]
[25, 32768, 540, 499, 533, 558]
[25, 32768, 508, 496, 537, 501]
[25, 32768, 488, 582, 501, 537]
[25, 32768, 590, 560, 514, 516]
[25, 32768, 532, 554, 469, 534]
[25, 32768, 503, 494, 540, 602]
[25, 32768, 544, 554, 492, 525]
[25, 32768, 549, 476, 509, 504]
[25, 32768, 504, 532, 461, 539]
[25, 32768, 503, 517, 483, 500]
[25, 32768, 491, 533, 524, 522]
[25, 32768, 596, 520, 526, 523]
[25, 32768, 522, 513, 480, 550]
[25, 32768, 493, 516, 545, 492]
[25, 32768, 547, 511, 528, 504]
[25, 32768, 518, 510, 508, 456]
[25, 32768, 536, 567, 512, 596]
[25, 32768, 500, 500, 432, 498]
[25, 32768, 569, 543, 491, 484]
[25, 32768, 485, 473, 565, 498]
[25, 32768, 557, 540, 545, 511]
[25, 32768, 546, 528, 577, 515]
[25, 32768, 570, 493, 520, 496]
[25, 32768, 525, 527, 533, 475]
[25, 32768, 493, 524, 525, 504]
[25, 32768, 614, 567, 509, 449]
[25, 32768, 539, 527, 570, 526]
[30, 39321, 820, 819, 848, 861]
[30, 39321, 836, 848, 880, 872]
[30, 39321, 823, 908, 798, 867]
[30, 39321, 870, 860, 835, 868]
[30, 39321, 892, 839, 764, 864]
[30, 39321, 853, 936, 751, 814]
[30, 39321, 795, 875, 898, 808]
[30, 39321, 826, 845, 842, 858]
[30, 39321, 866, 888, 802, 921]
[30, 39321, 816, 816, 916, 740]
[30, 39321, 837, 848, 885, 856]
[30, 39321, 837, 883, 823, 850]
[30, 39321, 829, 911, 822, 828]
[30, 39321, 820, 813, 822, 820]
[30, 39321, 796, 809, 828, 807]
[30, 39321, 794, 873, 857, 909]
[30, 39321, 850, 895, 733, 855]
[30, 39321, 904, 762, 885, 848]
[30, 39321, 885, 912, 849, 835]
[30, 39321, 821, 818, 832, 785]
[30, 39321, 856, 796, 866, 792]
[30, 39321, 799, 873, 853, 824]
[30, 39321, 830, 829, 839, 874]
[30, 39321, 889, 838, 814, 822]
[30, 39321, 869, 837, 888, 803]
[30, 39321, 865, 826, 810, 881]
[30, 39321, 888, 847, 902, 773]
[30, 39321, 835, 853, 832, 859]
[30, 39321, 875, 894, 785, 918]
[30, 39321, 888, 737, 865, 873]
[30, 39321, 805, 881, 850, 803]
[30, 39321, 917, 841, 828, 808]
[30, 39321, 837, 803, 887, 848]
[30, 39321, 837, 808, 879, 848]
[30, 39321, 791, 874, 877, 909]
[30, 39321, 827, 824, 809, 870]
[30, 39321, 769, 831, 875, 796]
[30, 39321, 877, 871, 911, 847]
[30, 39321, 862, 833, 867, 894]
[30, 39321, 851, 934, 777, 889]
[30, 39321, 812, 849, 777, 814]
[30, 39321, 836, 818, 832, 868]
[30, 39321, 832, 859, 842, 910]
[30, 39321, 784, 932, 933, 901]
[30, 39321, 839, 816, 829, 817]
[30, 39321, 827, 874, 865, 834]
[30, 39321, 745, 808, 797, 878]
[30, 39321, 872, 893, 803, 773]
[30, 39321, 860, 906, 818, 838]
[30, 39321, 850, 876, 867, 852]
[30, 39321, 780, 825, 908, 859]
[30, 39321, 795, 795, 855, 878]
[30, 39321, 879, 817, 792, 864]
[30, 39321, 807, 981, 799, 900]
[30, 39321, 916, 831, 798, 833]
[30, 39321, 966, 858, 790, 834]
[30, 39321, 837, 736, 790, 857]
[30, 39321, 878, 876, 768, 848]
[30, 39321, 772, 813, 853, 866]
[30, 39321, 836, 844, 775, 859]
[30, 39321, 887, 827, 882, 748]
[30, 39321, 861, 865, 807, 779]
[30, 39321, 837, 867, 973, 834]
[30, 39321, 892, 801, 836, 859]
[30, 39321, 822, 894, 856, 813]
[30, 39321, 819, 810, 840, 934]
[30, 39321, 816, 824, 884, 834]
[30, 39321, 842, 800, 939, 866]
[30, 39321, 831, 853, 787, 841]
[30, 39321, 779, 836, 892, 942]
[30, 39321, 871, 871, 874, 881]
[30, 39321, 799, 875, 943, 776]
[30, 39321, 828, 842, 901, 873]
[30, 39321, 838, 815, 873, 863]
[30, 39321, 856, 840, 861, 823]
[30, 39321, 778, 944, 861, 922]
[30, 39321, 884, 887, 817, 879]
[30, 39321, 888, 916, 785, 865]
[30, 39321, 829, 831, 830, 925]
[30, 39321, 860, 885, 798, 837]
[30, 39321, 853, 833, 788, 841]
[30, 39321, 846, 851, 779, 864]
[30, 39321, 832, 890, 783, 820]
[30, 39321, 798, 811, 870, 874]
[30, 39321, 915, 863, 865, 880]
[30, 39321, 796, 843, 823, 902]
[30, 39321, 811, 841, 906, 766]
[30, 39321, 893, 809, 909, 795]
[30, 39321, 837, 825, 862, 723]
[30, 39321, 848, 902, 829, 953]
[30, 39321, 875, 813, 737, 813]
[30, 39321, 870, 818, 847, 802]
[30, 39321, 833, 770, 890, 776]
[30, 39321, 877, 839, 870, 863]
[30, 39321, 864, 836, 920, 867]
[30, 39321, 892, 882, 841, 876]
[30, 39321, 830, 834, 854, 839]
[30, 39321, 836, 869, 870, 860]
[30, 39321, 919, 904, 829, 753]
[30, 39321, 881, 834, 941, 802]
[35, 45875, 1272, 1238, 1281, 1237]
[35, 45875, 1255, 1320, 1291, 1266]
[35, 45875, 1243, 1284, 1170, 1310]
[35, 45875, 1302, 1230, 1271, 1249]
[35, 45875, 1253, 1229, 1273, 1336]
[35, 45875, 1271, 1306, 1179, 1231]
[35, 45875, 1202, 1237, 1306, 1214]
[35, 45875, 1269, 1236, 1267, 1304]
[35, 45875, 1283, 1324, 1214, 1330]
[35, 45875, 1195, 1261, 1414, 1197]
[35, 45875, 1231, 1315, 1298, 1224]
[35, 45875, 1192, 1316, 1251, 1237]
[35, 45875, 1223, 1464, 1226, 1238]
[35, 45875, 1182, 1273, 1212, 1211]
[35, 45875, 1258, 1192, 1238, 1211]
[35, 45875, 1143, 1235, 1256, 1308]
[35, 45875, 1268, 1351, 1139, 1254]
[35, 45875, 1299, 1144, 1266, 1280]
[35, 45875, 1300, 1307, 1242, 1280]
[35, 45875, 1204, 1300, 1210, 1205]
[35, 45875, 1289, 1167, 1307, 1222]
[35, 45875, 1238, 1277, 1279, 1250]
[35, 45875, 1214, 1293, 1269, 1282]
[35, 45875, 1292, 1261, 1227, 1235]
[35, 45875, 1309, 1274, 1348, 1210]
[35, 45875, 1268, 1184, 1259, 1273]
[35, 45875, 1305, 1224, 1250, 1214]
[35, 45875, 1229, 1260, 1277, 1319]
[35, 45875, 1278, 1336, 1194, 1310]
[35, 45875, 1327, 1170, 1242, 1267]
[35, 45875, 1201, 1330, 1294, 1235]
[35, 45875, 1321, 1221, 1226, 1243]
[35, 45875, 1191, 1310, 1337, 1261]
[35, 45875, 1250, 1259, 1320, 1245]
[35, 45875, 1149, 1266, 1248, 1286]
[35, 45875, 1253, 1255, 1242, 1264]
[35, 45875, 1216, 1248, 1287, 1220]
[35, 45875, 1287, 1239, 1300, 1287]
[35, 45875, 1296, 1268, 1276, 1303]
[35, 45875, 1261, 1367, 1202, 1261]
[35, 45875, 1278, 1268, 1194, 1265]
[35, 45875, 1278, 1218, 1284, 1235]
[35, 45875, 1245, 1317, 1256, 1355]
[35, 45875, 1220, 1368, 1334, 1244]
[35, 45875, 1251, 1204, 1235, 1289]
[35, 45875, 1233, 1252, 1301, 1318]
[35, 45875, 1205, 1174, 1279, 1329]
[35, 45875, 1305, 1341, 1260, 1178]
[35, 45875, 1272, 1337, 1303, 1321]
[35, 45875, 1229, 1254, 1274, 1263]
[35, 45875, 1196, 1180, 1361, 1297]
[35, 45875, 1214, 1199, 1239, 1296]
[35, 45875, 1281, 1212, 1225, 1247]
[35, 45875, 1207, 1388, 1245, 1341]
[35, 45875, 1367, 1244, 1193, 1223]
[35, 45875, 1396, 1255, 1225, 1272]
[35, 45875, 1345, 1189, 1237, 1272]
[35, 45875, 1321, 1265, 1186, 1185]
[35, 45875, 1216, 1230, 1280, 1255]
[35, 45875, 1264, 1293, 1241, 1240]
[35, 45875, 1231, 1287, 1301, 1167]
[35, 45875, 1354, 1352, 1199, 1242]
[35, 45875, 1267, 1267, 1423, 1216]
[35, 45875, 1384, 1205, 1246, 1261]
[35, 45875, 1251, 1297, 1246, 1186]
[35, 45875, 1236, 1302, 1223, 1371]
[35, 45875, 1218, 1255, 1281, 1247]
[35, 45875, 1198, 1197, 1355, 1309]
[35, 45875, 1255, 1295, 1205, 1221]
[35, 45875, 1204, 1277, 1371, 1351]
[35, 45875, 1353, 1297, 1306, 1294]
[35, 45875, 1227, 1311, 1364, 1198]
[35, 45875, 1260, 1262, 1315, 1263]
[35, 45875, 1251, 1231, 1312, 1259]
[35, 45875, 1270, 1264, 1309, 1181]
[35, 45875, 1193, 1416, 1253, 1285]
[35, 45875, 1253, 1252, 1216, 1286]
[35, 45875, 1313, 1375, 1179, 1266]
[35, 45875, 1227, 1310, 1261, 1299]
[35, 45875, 1262, 1303, 1240, 1270]
[35, 45875, 1313, 1268, 1199, 1254]
[35, 45875, 1219, 1284, 1200, 1264]
[35, 45875, 1205, 1277, 1209, 1219]
[35, 45875, 1201, 1219, 1272, 1302]
[35, 45875, 1326, 1251, 1244, 1337]
[35, 45875, 1254, 1276, 1240, 1273]
[35, 45875, 1219, 1259, 1288, 1204]
[35, 45875, 1306, 1212, 1344, 1213]
[35, 45875, 1284, 1242, 1332, 1169]
[35, 45875, 1282, 1337, 1266, 1373]
[35, 45875, 1311, 1205, 1153, 1218]
[35, 45875, 1310, 1259, 1226, 1178]
[35, 45875, 1173, 1189, 1318, 1193]
[35, 45875, 1282, 1282, 1272, 1291]
[35, 45875, 1234, 1262, 1292, 1273]
[35, 45875, 1283, 1289, 1299, 1282]
[35, 45875, 1270, 1220, 1321, 1237]
[35, 45875, 1201, 1267, 1289, 1256]
[35, 45875, 1387, 1318, 1246, 1150]
[35, 45875, 1281, 1233, 1395, 1257]
[40, 52428, 1835, 1748, 1837, 1780]
[40, 52428, 1724, 1831, 1771, 1769]
[40, 52428, 1786, 1871, 1739, 1782]
[40, 52428, 1785, 1759, 1780, 1790]
[40, 52428, 1778, 1710, 1804, 1841]
[40, 52428, 1801, 1851, 1642, 1783]
[40, 52428, 1724, 1796, 1888, 1679]
[40, 52428, 1754, 1692, 1689, 1852]
[40, 52428, 1769, 1896, 1784, 1808]
[40, 52428, 1658, 1797, 1940, 1727]
[40, 52428, 1752, 1867, 1857, 1809]
[40, 52428, 1768, 1849, 1745, 1750]
[40, 52428, 1750, 1912, 1682, 1816]
[40, 52428, 1665, 1788, 1786, 1734]
[40, 52428, 1810, 1755, 1808, 1689]
[40, 52428, 1641, 1727, 1732, 1876]
[40, 52428, 1721, 1908, 1646, 1716]
[40, 52428, 1825, 1587, 1745, 1760]
[40, 52428, 1863, 1854, 1773, 1772]
[40, 52428, 1717, 1790, 1742, 1815]
[40, 52428, 1781, 1653, 1865, 1768]
[40, 52428, 1812, 1805, 1749, 1745]
[40, 52428, 1756, 1725, 1758, 1848]
[40, 52428, 1820, 1794, 1756, 1676]
[40, 52428, 1810, 1873, 1926, 1670]
[40, 52428, 1768, 1795, 1772, 1792]
[40, 52428, 1841, 1726, 1769, 1730]
[40, 52428, 1690, 1818, 1791, 1839]
[40, 52428, 1813, 1853, 1657, 1816]
[40, 52428, 1825, 1682, 1770, 1819]
[40, 52428, 1683, 1894, 1809, 1735]
[40, 52428, 1837, 1785, 1710, 1714]
[40, 52428, 1707, 1779, 1809, 1796]
[40, 52428, 1757, 1711, 1851, 1739]
[40, 52428, 1713, 1802, 1744, 1822]
[40, 52428, 1733, 1811, 1758, 1784]
[40, 52428, 1738, 1772, 1841, 1742]
[40, 52428, 1862, 1769, 1792, 1736]
[40, 52428, 1788, 1789, 1794, 1833]
[40, 52428, 1751, 1863, 1673, 1818]
[40, 52428, 1765, 1748, 1732, 1831]
[40, 52428, 1750, 1725, 1820, 1730]
[40, 52428, 1771, 1738, 1803, 1855]
[40, 52428, 1718, 1933, 1867, 1798]
[40, 52428, 1760, 1733, 1750, 1787]
[40, 52428, 1751, 1832, 1825, 1823]
[40, 52428, 1730, 1661, 1707, 1848]
[40, 52428, 1854, 1858, 1816, 1713]
[40, 52428, 1865, 1785, 1857, 1820]
[40, 52428, 1698, 1709, 1769, 1783]
[40, 52428, 1775, 1738, 1829, 1799]
[40, 52428, 1703, 1730, 1764, 1848]
[40, 52428, 1844, 1682, 1686, 1823]
[40, 52428, 1702, 1788, 1744, 1830]
[40, 52428, 1852, 1778, 1677, 1719]
[40, 52428, 1918, 1800, 1792, 1805]
[40, 52428, 1833, 1684, 1792, 1786]
[40, 52428, 1894, 1854, 1729, 1716]
[40, 52428, 1699, 1708, 1808, 1774]
[40, 52428, 1727, 1794, 1721, 1793]
[40, 52428, 1826, 1819, 1801, 1660]
[40, 52428, 1825, 1835, 1766, 1735]
[40, 52428, 1689, 1859, 1951, 1683]
[40, 52428, 1887, 1670, 1787, 1741]
[40, 52428, 1760, 1910, 1736, 1699]
[40, 52428, 1707, 1741, 1756, 1849]
[40, 52428, 1710, 1837, 1762, 1666]
[40, 52428, 1711, 1686, 1888, 1923]
[40, 52428, 1777, 1803, 1775, 1742]
[40, 52428, 1730, 1810, 1866, 1817]
[40, 52428, 1827, 1809, 1756, 1826]
[40, 52428, 1736, 1824, 1911, 1704]
[40, 52428, 1824, 1880, 1781, 1733]
[40, 52428, 1784, 1728, 1852, 1808]
[40, 52428, 1812, 1848, 1775, 1664]
[40, 52428, 1712, 1968, 1813, 1796]
[40, 52428, 1767, 1787, 1735, 1818]
[40, 52428, 1804, 1910, 1672, 1767]
[40, 52428, 1718, 1817, 1748, 1830]
[40, 52428, 1734, 1844, 1742, 1809]
[40, 52428, 1743, 1803, 1718, 1747]
[40, 52428, 1718, 1750, 1759, 1784]
[40, 52428, 1708, 1753, 1640, 1763]
[40, 52428, 1703, 1743, 1789, 1733]
[40, 52428, 1933, 1766, 1781, 1800]
[40, 52428, 1744, 1853, 1769, 1842]
[40, 52428, 1739, 1764, 1752, 1693]
[40, 52428, 1788, 1798, 1895, 1753]
[40, 52428, 1804, 1842, 1822, 1673]
[40, 52428, 1816, 1818, 1798, 1867]
[40, 52428, 1753, 1722, 1633, 1716]
[40, 52428, 1833, 1796, 1777, 1787]
[40, 52428, 1704, 1730, 1901, 1708]
[40, 52428, 1793, 1818, 1808, 1811]
[40, 52428, 1664, 1774, 1768, 1878]
[40, 52428, 1829, 1823, 1732, 1771]
[40, 52428, 1740, 1733, 1863, 1840]
[40, 52428, 1697, 1782, 1826, 1695]
[40, 52428, 1893, 1799, 1852, 1669]
[40, 52428, 1886, 1689, 1867, 1741]
