[1, 1310, 172]
[1, 1310, 196]
[1, 1310, 198]
[1, 1310, 176]
[1, 1310, 188]
[1, 1310, 184]
[1, 1310, 198]
[1, 1310, 193]
[1, 1310, 199]
[1, 1310, 210]
[1, 1310, 187]
[1, 1310, 217]
[1, 1310, 194]
[1, 1310, 198]
[1, 1310, 222]
[1, 1310, 193]
[1, 1310, 201]
[1, 1310, 202]
[1, 1310, 185]
[1, 1310, 211]
[1, 1310, 201]
[1, 1310, 197]
[1, 1310, 213]
[1, 1310, 192]
[1, 1310, 201]
[1, 1310, 212]
[1, 1310, 178]
[1, 1310, 179]
[1, 1310, 191]
[1, 1310, 179]
[1, 1310, 182]
[1, 1310, 211]
[1, 1310, 187]
[1, 1310, 184]
[1, 1310, 183]
[1, 1310, 213]
[1, 1310, 213]
[1, 1310, 195]
[1, 1310, 186]
[1, 1310, 201]
[1, 1310, 169]
[1, 1310, 187]
[1, 1310, 215]
[1, 1310, 202]
[1, 1310, 206]
[1, 1310, 200]
[1, 1310, 178]
[1, 1310, 197]
[1, 1310, 215]
[1, 1310, 178]
[1, 1310, 207]
[1, 1310, 179]
[1, 1310, 172]
[1, 1310, 192]
[1, 1310, 190]
[1, 1310, 192]
[1, 1310, 185]
[1, 1310, 179]
[1, 1310, 176]
[1, 1310, 216]
[1, 1310, 217]
[1, 1310, 195]
[1, 1310, 179]
[1, 1310, 205]
[1, 1310, 179]
[1, 1310, 187]
[1, 1310, 199]
[1, 1310, 217]
[1, 1310, 208]
[1, 1310, 171]
[1, 1310, 179]
[1, 1310, 194]
[1, 1310, 202]
[1, 1310, 179]
[1, 1310, 210]
[1, 1310, 190]
[1, 1310, 187]
[1, 1310, 175]
[1, 1310, 191]
[1, 1310, 185]
[1, 1310, 185]
[1, 1310, 181]
[1, 1310, 209]
[1, 1310, 214]
[1, 1310, 171]
[1, 1310, 182]
[1, 1310, 188]
[1, 1310, 154]
[1, 1310, 180]
[1, 1310, 207]
[1, 1310, 209]
[1, 1310, 196]
[1, 1310, 167]
[1, 1310, 178]
[1, 1310, 213]
[1, 1310, 187]
[1, 1310, 202]
[1, 1310, 224]
[1, 1310, 215]
[1, 1310, 200]
[2, 2621, 571]
[2, 2621, 585]
[2, 2621, 566]
[2, 2621, 568]
[2, 2621, 577]
[2, 2621, 581]
[2, 2621, 559]
[2, 2621, 554]
[2, 2621, 551]
[2, 2621, 575]
[2, 2621, 567]
[2, 2621, 563]
[2, 2621, 530]
[2, 2621, 569]
[2, 2621, 573]
[2, 2621, 584]
[2, 2621, 569]
[2, 2621, 582]
[2, 2621, 574]
[2, 2621, 586]
[2, 2621, 595]
[2, 2621, 594]
[2, 2621, 599]
[2, 2621, 570]
[2, 2621, 546]
[2, 2621, 595]
[2, 2621, 547]
[2, 2621, 530]
[2, 2621, 578]
[2, 2621, 508]
[2, 2621, 522]
[2, 2621, 563]
[2, 2621, 593]
[2, 2621, 561]
[2, 2621, 542]
[2, 2621, 569]
[2, 2621, 554]
[2, 2621, 559]
[2, 2621, 528]
[2, 2621, 573]
[2, 2621, 522]
[2, 2621, 552]
[2, 2621, 565]
[2, 2621, 582]
[2, 2621, 555]
[2, 2621, 581]
[2, 2621, 541]
[2, 2621, 536]
[2, 2621, 601]
[2, 2621, 534]
[2, 2621, 545]
[2, 2621, 566]
[2, 2621, 542]
[2, 2621, 560]
[2, 2621, 536]
[2, 2621, 577]
[2, 2621, 591]
[2, 2621, 558]
[2, 2621, 556]
[2, 2621, 565]
[2, 2621, 577]
[2, 2621, 568]
[2, 2621, 566]
[2, 2621, 573]
[2, 2621, 564]
[2, 2621, 550]
[2, 2621, 547]
[2, 2621, 561]
[2, 2621, 577]
[2, 2621, 521]
[2, 2621, 536]
[2, 2621, 547]
[2, 2621, 585]
[2, 2621, 504]
[2, 2621, 596]
[2, 2621, 499]
[2, 2621, 552]
[2, 2621, 549]
[2, 2621, 557]
[2, 2621, 521]
[2, 2621, 518]
[2, 2621, 547]
[2, 2621, 570]
[2, 2621, 569]
[2, 2621, 510]
[2, 2621, 558]
[2, 2621, 569]
[2, 2621, 492]
[2, 2621, 545]
[2, 2621, 558]
[2, 2621, 582]
[2, 2621, 556]
[2, 2621, 551]
[2, 2621, 541]
[2, 2621, 587]
[2, 2621, 548]
[2, 2621, 557]
[2, 2621, 591]
[2, 2621, 617]
[2, 2621, 566]
[5, 6553, 2492]
[5, 6553, 2531]
[5, 6553, 2579]
[5, 6553, 2498]
[5, 6553, 2448]
[5, 6553, 2503]
[5, 6553, 2491]
[5, 6553, 2507]
[5, 6553, 2416]
[5, 6553, 2525]
[5, 6553, 2447]
[5, 6553, 2541]
[5, 6553, 2458]
[5, 6553, 2554]
[5, 6553, 2549]
[5, 6553, 2518]
[5, 6553, 2532]
[5, 6553, 2478]
[5, 6553, 2506]
[5, 6553, 2502]
[5, 6553, 2441]
[5, 6553, 2498]
[5, 6553, 2538]
[5, 6553, 2515]
[5, 6553, 2507]
[5, 6553, 2510]
[5, 6553, 2473]
[5, 6553, 2519]
[5, 6553, 2513]
[5, 6553, 2431]
[5, 6553, 2494]
[5, 6553, 2472]
[5, 6553, 2489]
[5, 6553, 2472]
[5, 6553, 2511]
[5, 6553, 2472]
[5, 6553, 2466]
[5, 6553, 2524]
[5, 6553, 2432]
[5, 6553, 2508]
[5, 6553, 2463]
[5, 6553, 2455]
[5, 6553, 2493]
[5, 6553, 2485]
[5, 6553, 2535]
[5, 6553, 2482]
[5, 6553, 2464]
[5, 6553, 2437]
[5, 6553, 2541]
[5, 6553, 2559]
[5, 6553, 2459]
[5, 6553, 2494]
[5, 6553, 2521]
[5, 6553, 2545]
[5, 6553, 2496]
[5, 6553, 2537]
[5, 6553, 2562]
[5, 6553, 2463]
[5, 6553, 2473]
[5, 6553, 2452]
[5, 6553, 2470]
[5, 6553, 2585]
[5, 6553, 2581]
[5, 6553, 2500]
[5, 6553, 2473]
[5, 6553, 2510]
[5, 6553, 2454]
[5, 6553, 2520]
[5, 6553, 2513]
[5, 6553, 2457]
[5, 6553, 2476]
[5, 6553, 2449]
[5, 6553, 2507]
[5, 6553, 2465]
[5, 6553, 2548]
[5, 6553, 2341]
[5, 6553, 2480]
[5, 6553, 2456]
[5, 6553, 2526]
[5, 6553, 2447]
[5, 6553, 2513]
[5, 6553, 2518]
[5, 6553, 2470]
[5, 6553, 2475]
[5, 6553, 2471]
[5, 6553, 2503]
[5, 6553, 2492]
[5, 6553, 2457]
[5, 6553, 2479]
[5, 6553, 2518]
[5, 6553, 2558]
[5, 6553, 2366]
[5, 6553, 2473]
[5, 6553, 2438]
[5, 6553, 2466]
[5, 6553, 2525]
[5, 6553, 2550]
[5, 6553, 2512]
[5, 6553, 2482]
[5, 6553, 2498]
[10, 13107, 7563]
[10, 13107, 7752]
[10, 13107, 7753]
[10, 13107, 7619]
[10, 13107, 7627]
[10, 13107, 7602]
[10, 13107, 7653]
[10, 13107, 7724]
[10, 13107, 7545]
[10, 13107, 7808]
[10, 13107, 7596]
[10, 13107, 7725]
[10, 13107, 7620]
[10, 13107, 7684]
[10, 13107, 7690]
[10, 13107, 7642]
[10, 13107, 7635]
[10, 13107, 7682]
[10, 13107, 7690]
[10, 13107, 7703]
[10, 13107, 7614]
[10, 13107, 7588]
[10, 13107, 7733]
[10, 13107, 7607]
[10, 13107, 7681]
[10, 13107, 7638]
[10, 13107, 7604]
[10, 13107, 7612]
[10, 13107, 7683]
[10, 13107, 7708]
[10, 13107, 7717]
[10, 13107, 7701]
[10, 13107, 7667]
[10, 13107, 7686]
[10, 13107, 7620]
[10, 13107, 7681]
[10, 13107, 7676]
[10, 13107, 7709]
[10, 13107, 7553]
[10, 13107, 7763]
[10, 13107, 7723]
[10, 13107, 7529]
[10, 13107, 7662]
[10, 13107, 7650]
[10, 13107, 7696]
[10, 13107, 7647]
[10, 13107, 7606]
[10, 13107, 7697]
[10, 13107, 7607]
[10, 13107, 7654]
[10, 13107, 7613]
[10, 13107, 7703]
[10, 13107, 7625]
[10, 13107, 7741]
[10, 13107, 7691]
[10, 13107, 7696]
[10, 13107, 7666]
[10, 13107, 7476]
[10, 13107, 7734]
[10, 13107, 7601]
[10, 13107, 7740]
[10, 13107, 7734]
[10, 13107, 7735]
[10, 13107, 7801]
[10, 13107, 7659]
[10, 13107, 7617]
[10, 13107, 7547]
[10, 13107, 7657]
[10, 13107, 7742]
[10, 13107, 7605]
[10, 13107, 7612]
[10, 13107, 7614]
[10, 13107, 7588]
[10, 13107, 7581]
[10, 13107, 7675]
[10, 13107, 7539]
[10, 13107, 7678]
[10, 13107, 7636]
[10, 13107, 7683]
[10, 13107, 7700]
[10, 13107, 7764]
[10, 13107, 7749]
[10, 13107, 7736]
[10, 13107, 7699]
[10, 13107, 7698]
[10, 13107, 7645]
[10, 13107, 7728]
[10, 13107, 7579]
[10, 13107, 7610]
[10, 13107, 7653]
[10, 13107, 7733]
[10, 13107, 7544]
[10, 13107, 7698]
[10, 13107, 7593]
[10, 13107, 7733]
[10, 13107, 7669]
[10, 13107, 7668]
[10, 13107, 7719]
[10, 13107, 7687]
[10, 13107, 7765]
[15, 19660, 14131]
[15, 19660, 14250]
[15, 19660, 14249]
[15, 19660, 14185]
[15, 19660, 14110]
[15, 19660, 14155]
[15, 19660, 14238]
[15, 19660, 14224]
[15, 19660, 14189]
[15, 19660, 14220]
[15, 19660, 14156]
[15, 19660, 14142]
[15, 19660, 14196]
[15, 19660, 14107]
[15, 19660, 14221]
[15, 19660, 14119]
[15, 19660, 14173]
[15, 19660, 14286]
[15, 19660, 14168]
[15, 19660, 14270]
[15, 19660, 14185]
[15, 19660, 14089]
[15, 19660, 14205]
[15, 19660, 14196]
[15, 19660, 14216]
[15, 19660, 14139]
[15, 19660, 14141]
[15, 19660, 14097]
[15, 19660, 14255]
[15, 19660, 14180]
[15, 19660, 14183]
[15, 19660, 14214]
[15, 19660, 14157]
[15, 19660, 14271]
[15, 19660, 14175]
[15, 19660, 14206]
[15, 19660, 14254]
[15, 19660, 14217]
[15, 19660, 14188]
[15, 19660, 14271]
[15, 19660, 14248]
[15, 19660, 14106]
[15, 19660, 14245]
[15, 19660, 14239]
[15, 19660, 14176]
[15, 19660, 14277]
[15, 19660, 14148]
[15, 19660, 14152]
[15, 19660, 14081]
[15, 19660, 14159]
[15, 19660, 14262]
[15, 19660, 14202]
[15, 19660, 14134]
[15, 19660, 14186]
[15, 19660, 14207]
[15, 19660, 14248]
[15, 19660, 14142]
[15, 19660, 13966]
[15, 19660, 14234]
[15, 19660, 14095]
[15, 19660, 14272]
[15, 19660, 14203]
[15, 19660, 14234]
[15, 19660, 14207]
[15, 19660, 14240]
[15, 19660, 14126]
[15, 19660, 14173]
[15, 19660, 14214]
[15, 19660, 14131]
[15, 19660, 14185]
[15, 19660, 14093]
[15, 19660, 14234]
[15, 19660, 14194]
[15, 19660, 14162]
[15, 19660, 14180]
[15, 19660, 14028]
[15, 19660, 14140]
[15, 19660, 14164]
[15, 19660, 14239]
[15, 19660, 14371]
[15, 19660, 14222]
[15, 19660, 14217]
[15, 19660, 14232]
[15, 19660, 14202]
[15, 19660, 14184]
[15, 19660, 14201]
[15, 19660, 14170]
[15, 19660, 14105]
[15, 19660, 14133]
[15, 19660, 14159]
[15, 19660, 14228]
[15, 19660, 14190]
[15, 19660, 14258]
[15, 19660, 14097]
[15, 19660, 14343]
[15, 19660, 14192]
[15, 19660, 14160]
[15, 19660, 14271]
[15, 19660, 14220]
[15, 19660, 14264]
[20, 26214, 21316]
[20, 26214, 21339]
[20, 26214, 21343]
[20, 26214, 21308]
[20, 26214, 21308]
[20, 26214, 21332]
[20, 26214, 21350]
[20, 26214, 21340]
[20, 26214, 21278]
[20, 26214, 21388]
[20, 26214, 21340]
[20, 26214, 21314]
[20, 26214, 21430]
[20, 26214, 21320]
[20, 26214, 21399]
[20, 26214, 21287]
[20, 26214, 21341]
[20, 26214, 21297]
[20, 26214, 21349]
[20, 26214, 21378]
[20, 26214, 21327]
[20, 26214, 21268]
[20, 26214, 21329]
[20, 26214, 21347]
[20, 26214, 21315]
[20, 26214, 21278]
[20, 26214, 21325]
[20, 26214, 21239]
[20, 26214, 21254]
[20, 26214, 21361]
[20, 26214, 21327]
[20, 26214, 21325]
[20, 26214, 21259]
[20, 26214, 21406]
[20, 26214, 21361]
[20, 26214, 21346]
[20, 26214, 21336]
[20, 26214, 21410]
[20, 26214, 21304]
[20, 26214, 21368]
[20, 26214, 21370]
[20, 26214, 21288]
[20, 26214, 21363]
[20, 26214, 21353]
[20, 26214, 21231]
[20, 26214, 21419]
[20, 26214, 21299]
[20, 26214, 21313]
[20, 26214, 21253]
[20, 26214, 21326]
[20, 26214, 21330]
[20, 26214, 21336]
[20, 26214, 21331]
[20, 26214, 21271]
[20, 26214, 21316]
[20, 26214, 21328]
[20, 26214, 21376]
[20, 26214, 21197]
[20, 26214, 21229]
[20, 26214, 21273]
[20, 26214, 21301]
[20, 26214, 21353]
[20, 26214, 21365]
[20, 26214, 21249]
[20, 26214, 21263]
[20, 26214, 21282]
[20, 26214, 21355]
[20, 26214, 21321]
[20, 26214, 21308]
[20, 26214, 21316]
[20, 26214, 21278]
[20, 26214, 21386]
[20, 26214, 21334]
[20, 26214, 21321]
[20, 26214, 21291]
[20, 26214, 21141]
[20, 26214, 21265]
[20, 26214, 21270]
[20, 26214, 21328]
[20, 26214, 21383]
[20, 26214, 21328]
[20, 26214, 21295]
[20, 26214, 21331]
[20, 26214, 21373]
[20, 26214, 21401]
[20, 26214, 21298]
[20, 26214, 21315]
[20, 26214, 21333]
[20, 26214, 21282]
[20, 26214, 21295]
[20, 26214, 21306]
[20, 26214, 21350]
[20, 26214, 21398]
[20, 26214, 21234]
[20, 26214, 21380]
[20, 26214, 21340]
[20, 26214, 21349]
[20, 26214, 21326]
[20, 26214, 21378]
[20, 26214, 21341]
[25, 32768, 28649]
[25, 32768, 28638]
[25, 32768, 28708]
[25, 32768, 28724]
[25, 32768, 28727]
[25, 32768, 28696]
[25, 32768, 28623]
[25, 32768, 28683]
[25, 32768, 28659]
[25, 32768, 28709]
[25, 32768, 28732]
[25, 32768, 28647]
[25, 32768, 28793]
[25, 32768, 28650]
[25, 32768, 28696]
[25, 32768, 28682]
[25, 32768, 28625]
[25, 32768, 28637]
[25, 32768, 28675]
[25, 32768, 28620]
[25, 32768, 28696]
[25, 32768, 28613]
[25, 32768, 28617]
[25, 32768, 28756]
[25, 32768, 28632]
[25, 32768, 28634]
[25, 32768, 28725]
[25, 32768, 28585]
[25, 32768, 28611]
[25, 32768, 28694]
[25, 32768, 28699]
[25, 32768, 28635]
[25, 32768, 28782]
[25, 32768, 28723]
[25, 32768, 28693]
[25, 32768, 28695]
[25, 32768, 28677]
[25, 32768, 28762]
[25, 32768, 28705]
[25, 32768, 28592]
[25, 32768, 28666]
[25, 32768, 28651]
[25, 32768, 28640]
[25, 32768, 28629]
[25, 32768, 28647]
[25, 32768, 28715]
[25, 32768, 28654]
[25, 32768, 28651]
[25, 32768, 28549]
[25, 32768, 28668]
[25, 32768, 28636]
[25, 32768, 28671]
[25, 32768, 28609]
[25, 32768, 28570]
[25, 32768, 28731]
[25, 32768, 28615]
[25, 32768, 28741]
[25, 32768, 28609]
[25, 32768, 28516]
[25, 32768, 28623]
[25, 32768, 28690]
[25, 32768, 28680]
[25, 32768, 28625]
[25, 32768, 28673]
[25, 32768, 28636]
[25, 32768, 28644]
[25, 32768, 28689]
[25, 32768, 28670]
[25, 32768, 28677]
[25, 32768, 28624]
[25, 32768, 28601]
[25, 32768, 28626]
[25, 32768, 28688]
[25, 32768, 28657]
[25, 32768, 28660]
[25, 32768, 28622]
[25, 32768, 28571]
[25, 32768, 28731]
[25, 32768, 28646]
[25, 32768, 28674]
[25, 32768, 28717]
[25, 32768, 28650]
[25, 32768, 28683]
[25, 32768, 28654]
[25, 32768, 28761]
[25, 32768, 28606]
[25, 32768, 28665]
[25, 32768, 28690]
[25, 32768, 28631]
[25, 32768, 28689]
[25, 32768, 28665]
[25, 32768, 28747]
[25, 32768, 28725]
[25, 32768, 28543]
[25, 32768, 28717]
[25, 32768, 28662]
[25, 32768, 28673]
[25, 32768, 28674]
[25, 32768, 28672]
[25, 32768, 28708]
[30, 39321, 36085]
[30, 39321, 36026]
[30, 39321, 36073]
[30, 39321, 36095]
[30, 39321, 36058]
[30, 39321, 36101]
[30, 39321, 35946]
[30, 39321, 35974]
[30, 39321, 35921]
[30, 39321, 36082]
[30, 39321, 36080]
[30, 39321, 35968]
[30, 39321, 36150]
[30, 39321, 36024]
[30, 39321, 36037]
[30, 39321, 36078]
[30, 39321, 35963]
[30, 39321, 35967]
[30, 39321, 35969]
[30, 39321, 35974]
[30, 39321, 36049]
[30, 39321, 35950]
[30, 39321, 35978]
[30, 39321, 36071]
[30, 39321, 36040]
[30, 39321, 36004]
[30, 39321, 36046]
[30, 39321, 36001]
[30, 39321, 36015]
[30, 39321, 35991]
[30, 39321, 36024]
[30, 39321, 35988]
[30, 39321, 36087]
[30, 39321, 36004]
[30, 39321, 36008]
[30, 39321, 36038]
[30, 39321, 36029]
[30, 39321, 36092]
[30, 39321, 36086]
[30, 39321, 35940]
[30, 39321, 36000]
[30, 39321, 36023]
[30, 39321, 36084]
[30, 39321, 36027]
[30, 39321, 36008]
[30, 39321, 36022]
[30, 39321, 36041]
[30, 39321, 35996]
[30, 39321, 35935]
[30, 39321, 36018]
[30, 39321, 35986]
[30, 39321, 36046]
[30, 39321, 36006]
[30, 39321, 35985]
[30, 39321, 36040]
[30, 39321, 35962]
[30, 39321, 36071]
[30, 39321, 35976]
[30, 39321, 35932]
[30, 39321, 36006]
[30, 39321, 36051]
[30, 39321, 36055]
[30, 39321, 36021]
[30, 39321, 36018]
[30, 39321, 36023]
[30, 39321, 36056]
[30, 39321, 36126]
[30, 39321, 36057]
[30, 39321, 35954]
[30, 39321, 36039]
[30, 39321, 36051]
[30, 39321, 35988]
[30, 39321, 36030]
[30, 39321, 36041]
[30, 39321, 35985]
[30, 39321, 36010]
[30, 39321, 35942]
[30, 39321, 36011]
[30, 39321, 36085]
[30, 39321, 36020]
[30, 39321, 36076]
[30, 39321, 35987]
[30, 39321, 36075]
[30, 39321, 36061]
[30, 39321, 36070]
[30, 39321, 35997]
[30, 39321, 36003]
[30, 39321, 36067]
[30, 39321, 35964]
[30, 39321, 36004]
[30, 39321, 36023]
[30, 39321, 36132]
[30, 39321, 36098]
[30, 39321, 36026]
[30, 39321, 36073]
[30, 39321, 36033]
[30, 39321, 36020]
[30, 39321, 36053]
[30, 39321, 35974]
[30, 39321, 36013]
[35, 45875, 43345]
[35, 45875, 43287]
[35, 45875, 43324]
[35, 45875, 43280]
[35, 45875, 43279]
[35, 45875, 43414]
[35, 45875, 43198]
[35, 45875, 43286]
[35, 45875, 43266]
[35, 45875, 43329]
[35, 45875, 43310]
[35, 45875, 43237]
[35, 45875, 43324]
[35, 45875, 43272]
[35, 45875, 43291]
[35, 45875, 43334]
[35, 45875, 43221]
[35, 45875, 43276]
[35, 45875, 43271]
[35, 45875, 43242]
[35, 45875, 43312]
[35, 45875, 43216]
[35, 45875, 43238]
[35, 45875, 43303]
[35, 45875, 43349]
[35, 45875, 43280]
[35, 45875, 43286]
[35, 45875, 43273]
[35, 45875, 43290]
[35, 45875, 43254]
[35, 45875, 43313]
[35, 45875, 43298]
[35, 45875, 43308]
[35, 45875, 43213]
[35, 45875, 43312]
[35, 45875, 43275]
[35, 45875, 43317]
[35, 45875, 43256]
[35, 45875, 43331]
[35, 45875, 43254]
[35, 45875, 43295]
[35, 45875, 43336]
[35, 45875, 43371]
[35, 45875, 43351]
[35, 45875, 43330]
[35, 45875, 43256]
[35, 45875, 43327]
[35, 45875, 43239]
[35, 45875, 43253]
[35, 45875, 43384]
[35, 45875, 43308]
[35, 45875, 43294]
[35, 45875, 43272]
[35, 45875, 43246]
[35, 45875, 43320]
[35, 45875, 43239]
[35, 45875, 43301]
[35, 45875, 43270]
[35, 45875, 43171]
[35, 45875, 43258]
[35, 45875, 43241]
[35, 45875, 43295]
[35, 45875, 43286]
[35, 45875, 43307]
[35, 45875, 43262]
[35, 45875, 43355]
[35, 45875, 43397]
[35, 45875, 43318]
[35, 45875, 43267]
[35, 45875, 43321]
[35, 45875, 43332]
[35, 45875, 43291]
[35, 45875, 43291]
[35, 45875, 43267]
[35, 45875, 43260]
[35, 45875, 43258]
[35, 45875, 43284]
[35, 45875, 43272]
[35, 45875, 43352]
[35, 45875, 43238]
[35, 45875, 43311]
[35, 45875, 43198]
[35, 45875, 43382]
[35, 45875, 43323]
[35, 45875, 43345]
[35, 45875, 43215]
[35, 45875, 43298]
[35, 45875, 43332]
[35, 45875, 43270]
[35, 45875, 43329]
[35, 45875, 43299]
[35, 45875, 43370]
[35, 45875, 43366]
[35, 45875, 43250]
[35, 45875, 43349]
[35, 45875, 43272]
[35, 45875, 43266]
[35, 45875, 43260]
[35, 45875, 43272]
[35, 45875, 43281]
[40, 52428, 50521]
[40, 52428, 50430]
[40, 52428, 50497]
[40, 52428, 50433]
[40, 52428, 50391]
[40, 52428, 50519]
[40, 52428, 50395]
[40, 52428, 50386]
[40, 52428, 50445]
[40, 52428, 50434]
[40, 52428, 50464]
[40, 52428, 50418]
[40, 52428, 50480]
[40, 52428, 50455]
[40, 52428, 50461]
[40, 52428, 50476]
[40, 52428, 50378]
[40, 52428, 50404]
[40, 52428, 50427]
[40, 52428, 50400]
[40, 52428, 50456]
[40, 52428, 50436]
[40, 52428, 50404]
[40, 52428, 50469]
[40, 52428, 50508]
[40, 52428, 50476]
[40, 52428, 50417]
[40, 52428, 50412]
[40, 52428, 50412]
[40, 52428, 50418]
[40, 52428, 50467]
[40, 52428, 50477]
[40, 52428, 50470]
[40, 52428, 50383]
[40, 52428, 50474]
[40, 52428, 50434]
[40, 52428, 50413]
[40, 52428, 50406]
[40, 52428, 50480]
[40, 52428, 50407]
[40, 52428, 50443]
[40, 52428, 50475]
[40, 52428, 50526]
[40, 52428, 50482]
[40, 52428, 50499]
[40, 52428, 50400]
[40, 52428, 50436]
[40, 52428, 50450]
[40, 52428, 50419]
[40, 52428, 50513]
[40, 52428, 50443]
[40, 52428, 50472]
[40, 52428, 50423]
[40, 52428, 50420]
[40, 52428, 50472]
[40, 52428, 50422]
[40, 52428, 50429]
[40, 52428, 50426]
[40, 52428, 50394]
[40, 52428, 50391]
[40, 52428, 50405]
[40, 52428, 50449]
[40, 52428, 50372]
[40, 52428, 50459]
[40, 52428, 50444]
[40, 52428, 50493]
[40, 52428, 50526]
[40, 52428, 50453]
[40, 52428, 50447]
[40, 52428, 50409]
[40, 52428, 50513]
[40, 52428, 50434]
[40, 52428, 50407]
[40, 52428, 50433]
[40, 52428, 50429]
[40, 52428, 50421]
[40, 52428, 50449]
[40, 52428, 50456]
[40, 52428, 50501]
[40, 52428, 50424]
[40, 52428, 50460]
[40, 52428, 50426]
[40, 52428, 50476]
[40, 52428, 50501]
[40, 52428, 50498]
[40, 52428, 50406]
[40, 52428, 50437]
[40, 52428, 50481]
[40, 52428, 50419]
[40, 52428, 50494]
[40, 52428, 50451]
[40, 52428, 50521]
[40, 52428, 50468]
[40, 52428, 50406]
[40, 52428, 50462]
[40, 52428, 50404]
[40, 52428, 50395]
[40, 52428, 50436]
[40, 52428, 50440]
[40, 52428, 50406]
