[1, 1310, 0]
[1, 1310, 0]
[1, 1310, 0]
[1, 1310, 0]
[1, 1310, 0]
[1, 1310, 0]
[1, 1310, 0]
[1, 1310, 0]
[1, 1310, 0]
[1, 1310, 0]
[1, 1310, 0]
[1, 1310, 0]
[1, 1310, 0]
[1, 1310, 0]
[1, 1310, 0]
[1, 1310, 0]
[1, 1310, 0]
[1, 1310, 0]
[1, 1310, 0]
[1, 1310, 0]
[1, 1310, 0]
[1, 1310, 0]
[1, 1310, 0]
[1, 1310, 0]
[1, 1310, 0]
[1, 1310, 0]
[1, 1310, 0]
[1, 1310, 0]
[1, 1310, 0]
[1, 1310, 0]
[1, 1310, 0]
[1, 1310, 0]
[1, 1310, 0]
[1, 1310, 0]
[1, 1310, 0]
[1, 1310, 0]
[1, 1310, 0]
[1, 1310, 0]
[1, 1310, 0]
[1, 1310, 0]
[1, 1310, 0]
[1, 1310, 0]
[1, 1310, 0]
[1, 1310, 0]
[1, 1310, 0]
[1, 1310, 0]
[1, 1310, 0]
[1, 1310, 0]
[1, 1310, 0]
[1, 1310, 0]
[1, 1310, 0]
[1, 1310, 0]
[1, 1310, 0]
[1, 1310, 0]
[1, 1310, 0]
[1, 1310, 0]
[1, 1310, 0]
[1, 1310, 0]
[1, 1310, 0]
[1, 1310, 0]
[1, 1310, 0]
[1, 1310, 0]
[1, 1310, 0]
[1, 1310, 0]
[1, 1310, 0]
[1, 1310, 0]
[1, 1310, 0]
[1, 1310, 0]
[1, 1310, 0]
[1, 1310, 0]
[1, 1310, 0]
[1, 1310, 0]
[1, 1310, 0]
[1, 1310, 0]
[1, 1310, 0]
[1, 1310, 0]
[1, 1310, 0]
[1, 1310, 0]
[1, 1310, 0]
[1, 1310, 0]
[1, 1310, 0]
[1, 1310, 0]
[1, 1310, 0]
[1, 1310, 0]
[1, 1310, 0]
[1, 1310, 0]
[1, 1310, 0]
[1, 1310, 0]
[1, 1310, 0]
[1, 1310, 0]
[1, 1310, 0]
[1, 1310, 0]
[1, 1310, 0]
[1, 1310, 0]
[1, 1310, 0]
[1, 1310, 0]
[1, 1310, 0]
[1, 1310, 0]
[1, 1310, 0]
[1, 1310, 0]
[2, 2621, 0]
[2, 2621, 0]
[2, 2621, 0]
[2, 2621, 0]
[2, 2621, 0]
[2, 2621, 0]
[2, 2621, 0]
[2, 2621, 0]
[2, 2621, 0]
[2, 2621, 0]
[2, 2621, 0]
[2, 2621, 0]
[2, 2621, 0]
[2, 2621, 0]
[2, 2621, 0]
[2, 2621, 0]
[2, 2621, 0]
[2, 2621, 0]
[2, 2621, 0]
[2, 2621, 0]
[2, 2621, 0]
[2, 2621, 0]
[2, 2621, 0]
[2, 2621, 0]
[2, 2621, 0]
[2, 2621, 0]
[2, 2621, 0]
[2, 2621, 0]
[2, 2621, 0]
[2, 2621, 0]
[2, 2621, 0]
[2, 2621, 0]
[2, 2621, 0]
[2, 2621, 0]
[2, 2621, 0]
[2, 2621, 0]
[2, 2621, 0]
[2, 2621, 0]
[2, 2621, 0]
[2, 2621, 0]
[2, 2621, 0]
[2, 2621, 0]
[2, 2621, 0]
[2, 2621, 0]
[2, 2621, 0]
[2, 2621, 0]
[2, 2621, 0]
[2, 2621, 0]
[2, 2621, 0]
[2, 2621, 0]
[2, 2621, 0]
[2, 2621, 0]
[2, 2621, 0]
[2, 2621, 0]
[2, 2621, 0]
[2, 2621, 0]
[2, 2621, 0]
[2, 2621, 0]
[2, 2621, 0]
[2, 2621, 0]
[2, 2621, 0]
[2, 2621, 0]
[2, 2621, 0]
[2, 2621, 0]
[2, 2621, 0]
[2, 2621, 0]
[2, 2621, 0]
[2, 2621, 0]
[2, 2621, 0]
[2, 2621, 0]
[2, 2621, 0]
[2, 2621, 0]
[2, 2621, 0]
[2, 2621, 0]
[2, 2621, 0]
[2, 2621, 0]
[2, 2621, 0]
[2, 2621, 0]
[2, 2621, 0]
[2, 2621, 0]
[2, 2621, 0]
[2, 2621, 0]
[2, 2621, 0]
[2, 2621, 0]
[2, 2621, 0]
[2, 2621, 0]
[2, 2621, 0]
[2, 2621, 0]
[2, 2621, 0]
[2, 2621, 0]
[2, 2621, 0]
[2, 2621, 0]
[2, 2621, 0]
[2, 2621, 0]
[2, 2621, 0]
[2, 2621, 0]
[2, 2621, 0]
[2, 2621, 0]
[2, 2621, 0]
[2, 2621, 0]
[5, 6553, 0]
[5, 6553, 0]
[5, 6553, 0]
[5, 6553, 0]
[5, 6553, 0]
[5, 6553, 0]
[5, 6553, 0]
[5, 6553, 0]
[5, 6553, 0]
[5, 6553, 0]
[5, 6553, 0]
[5, 6553, 0]
[5, 6553, 0]
[5, 6553, 0]
[5, 6553, 0]
[5, 6553, 0]
[5, 6553, 0]
[5, 6553, 0]
[5, 6553, 0]
[5, 6553, 0]
[5, 6553, 0]
[5, 6553, 0]
[5, 6553, 0]
[5, 6553, 0]
[5, 6553, 0]
[5, 6553, 0]
[5, 6553, 0]
[5, 6553, 1]
[5, 6553, 0]
[5, 6553, 0]
[5, 6553, 1]
[5, 6553, 0]
[5, 6553, 0]
[5, 6553, 0]
[5, 6553, 0]
[5, 6553, 2]
[5, 6553, 0]
[5, 6553, 0]
[5, 6553, 0]
[5, 6553, 0]
[5, 6553, 1]
[5, 6553, 0]
[5, 6553, 0]
[5, 6553, 1]
[5, 6553, 0]
[5, 6553, 0]
[5, 6553, 0]
[5, 6553, 0]
[5, 6553, 2]
[5, 6553, 0]
[5, 6553, 0]
[5, 6553, 0]
[5, 6553, 0]
[5, 6553, 0]
[5, 6553, 0]
[5, 6553, 0]
[5, 6553, 0]
[5, 6553, 0]
[5, 6553, 0]
[5, 6553, 2]
[5, 6553, 0]
[5, 6553, 0]
[5, 6553, 0]
[5, 6553, 2]
[5, 6553, 0]
[5, 6553, 0]
[5, 6553, 0]
[5, 6553, 0]
[5, 6553, 0]
[5, 6553, 0]
[5, 6553, 3]
[5, 6553, 0]
[5, 6553, 1]
[5, 6553, 3]
[5, 6553, 2]
[5, 6553, 0]
[5, 6553, 0]
[5, 6553, 1]
[5, 6553, 1]
[5, 6553, 0]
[5, 6553, 0]
[5, 6553, 1]
[5, 6553, 0]
[5, 6553, 0]
[5, 6553, 0]
[5, 6553, 0]
[5, 6553, 0]
[5, 6553, 0]
[5, 6553, 0]
[5, 6553, 0]
[5, 6553, 0]
[5, 6553, 0]
[5, 6553, 0]
[5, 6553, 0]
[5, 6553, 0]
[5, 6553, 0]
[5, 6553, 0]
[5, 6553, 0]
[5, 6553, 0]
[5, 6553, 2]
[10, 13107, 1]
[10, 13107, 3]
[10, 13107, 4]
[10, 13107, 2]
[10, 13107, 5]
[10, 13107, 4]
[10, 13107, 1]
[10, 13107, 6]
[10, 13107, 3]
[10, 13107, 3]
[10, 13107, 0]
[10, 13107, 0]
[10, 13107, 9]
[10, 13107, 6]
[10, 13107, 2]
[10, 13107, 1]
[10, 13107, 3]
[10, 13107, 1]
[10, 13107, 0]
[10, 13107, 2]
[10, 13107, 4]
[10, 13107, 1]
[10, 13107, 2]
[10, 13107, 4]
[10, 13107, 1]
[10, 13107, 0]
[10, 13107, 3]
[10, 13107, 2]
[10, 13107, 0]
[10, 13107, 4]
[10, 13107, 2]
[10, 13107, 3]
[10, 13107, 4]
[10, 13107, 3]
[10, 13107, 0]
[10, 13107, 6]
[10, 13107, 4]
[10, 13107, 0]
[10, 13107, 5]
[10, 13107, 11]
[10, 13107, 8]
[10, 13107, 5]
[10, 13107, 6]
[10, 13107, 7]
[10, 13107, 2]
[10, 13107, 0]
[10, 13107, 7]
[10, 13107, 6]
[10, 13107, 5]
[10, 13107, 2]
[10, 13107, 8]
[10, 13107, 1]
[10, 13107, 2]
[10, 13107, 5]
[10, 13107, 3]
[10, 13107, 3]
[10, 13107, 4]
[10, 13107, 11]
[10, 13107, 0]
[10, 13107, 3]
[10, 13107, 2]
[10, 13107, 8]
[10, 13107, 3]
[10, 13107, 5]
[10, 13107, 3]
[10, 13107, 1]
[10, 13107, 2]
[10, 13107, 2]
[10, 13107, 3]
[10, 13107, 5]
[10, 13107, 10]
[10, 13107, 5]
[10, 13107, 2]
[10, 13107, 4]
[10, 13107, 5]
[10, 13107, 5]
[10, 13107, 4]
[10, 13107, 5]
[10, 13107, 4]
[10, 13107, 4]
[10, 13107, 6]
[10, 13107, 1]
[10, 13107, 2]
[10, 13107, 3]
[10, 13107, 5]
[10, 13107, 2]
[10, 13107, 3]
[10, 13107, 0]
[10, 13107, 0]
[10, 13107, 3]
[10, 13107, 9]
[10, 13107, 1]
[10, 13107, 4]
[10, 13107, 2]
[10, 13107, 0]
[10, 13107, 0]
[10, 13107, 6]
[10, 13107, 8]
[10, 13107, 1]
[10, 13107, 1]
[15, 19660, 24]
[15, 19660, 21]
[15, 19660, 28]
[15, 19660, 21]
[15, 19660, 17]
[15, 19660, 25]
[15, 19660, 17]
[15, 19660, 23]
[15, 19660, 14]
[15, 19660, 23]
[15, 19660, 19]
[15, 19660, 6]
[15, 19660, 32]
[15, 19660, 20]
[15, 19660, 18]
[15, 19660, 13]
[15, 19660, 11]
[15, 19660, 17]
[15, 19660, 9]
[15, 19660, 16]
[15, 19660, 11]
[15, 19660, 20]
[15, 19660, 14]
[15, 19660, 19]
[15, 19660, 12]
[15, 19660, 10]
[15, 19660, 19]
[15, 19660, 14]
[15, 19660, 11]
[15, 19660, 18]
[15, 19660, 18]
[15, 19660, 36]
[15, 19660, 12]
[15, 19660, 23]
[15, 19660, 11]
[15, 19660, 16]
[15, 19660, 26]
[15, 19660, 22]
[15, 19660, 22]
[15, 19660, 15]
[15, 19660, 22]
[15, 19660, 27]
[15, 19660, 16]
[15, 19660, 25]
[15, 19660, 21]
[15, 19660, 17]
[15, 19660, 22]
[15, 19660, 16]
[15, 19660, 24]
[15, 19660, 22]
[15, 19660, 21]
[15, 19660, 13]
[15, 19660, 26]
[15, 19660, 18]
[15, 19660, 15]
[15, 19660, 30]
[15, 19660, 17]
[15, 19660, 34]
[15, 19660, 10]
[15, 19660, 21]
[15, 19660, 26]
[15, 19660, 27]
[15, 19660, 16]
[15, 19660, 12]
[15, 19660, 13]
[15, 19660, 17]
[15, 19660, 23]
[15, 19660, 16]
[15, 19660, 12]
[15, 19660, 23]
[15, 19660, 19]
[15, 19660, 27]
[15, 19660, 12]
[15, 19660, 27]
[15, 19660, 21]
[15, 19660, 21]
[15, 19660, 14]
[15, 19660, 27]
[15, 19660, 32]
[15, 19660, 23]
[15, 19660, 19]
[15, 19660, 23]
[15, 19660, 15]
[15, 19660, 19]
[15, 19660, 20]
[15, 19660, 21]
[15, 19660, 18]
[15, 19660, 13]
[15, 19660, 18]
[15, 19660, 22]
[15, 19660, 19]
[15, 19660, 15]
[15, 19660, 25]
[15, 19660, 15]
[15, 19660, 12]
[15, 19660, 14]
[15, 19660, 19]
[15, 19660, 18]
[15, 19660, 21]
[15, 19660, 9]
[20, 26214, 65]
[20, 26214, 55]
[20, 26214, 74]
[20, 26214, 60]
[20, 26214, 60]
[20, 26214, 72]
[20, 26214, 69]
[20, 26214, 81]
[20, 26214, 57]
[20, 26214, 75]
[20, 26214, 58]
[20, 26214, 71]
[20, 26214, 74]
[20, 26214, 58]
[20, 26214, 47]
[20, 26214, 54]
[20, 26214, 52]
[20, 26214, 67]
[20, 26214, 32]
[20, 26214, 65]
[20, 26214, 39]
[20, 26214, 62]
[20, 26214, 68]
[20, 26214, 70]
[20, 26214, 66]
[20, 26214, 54]
[20, 26214, 64]
[20, 26214, 47]
[20, 26214, 43]
[20, 26214, 66]
[20, 26214, 64]
[20, 26214, 67]
[20, 26214, 74]
[20, 26214, 97]
[20, 26214, 46]
[20, 26214, 55]
[20, 26214, 52]
[20, 26214, 68]
[20, 26214, 89]
[20, 26214, 83]
[20, 26214, 69]
[20, 26214, 75]
[20, 26214, 50]
[20, 26214, 73]
[20, 26214, 67]
[20, 26214, 86]
[20, 26214, 81]
[20, 26214, 57]
[20, 26214, 84]
[20, 26214, 64]
[20, 26214, 83]
[20, 26214, 42]
[20, 26214, 76]
[20, 26214, 77]
[20, 26214, 55]
[20, 26214, 78]
[20, 26214, 55]
[20, 26214, 75]
[20, 26214, 60]
[20, 26214, 74]
[20, 26214, 64]
[20, 26214, 52]
[20, 26214, 69]
[20, 26214, 53]
[20, 26214, 64]
[20, 26214, 39]
[20, 26214, 53]
[20, 26214, 69]
[20, 26214, 59]
[20, 26214, 69]
[20, 26214, 53]
[20, 26214, 62]
[20, 26214, 60]
[20, 26214, 65]
[20, 26214, 48]
[20, 26214, 77]
[20, 26214, 65]
[20, 26214, 83]
[20, 26214, 69]
[20, 26214, 60]
[20, 26214, 60]
[20, 26214, 73]
[20, 26214, 67]
[20, 26214, 52]
[20, 26214, 58]
[20, 26214, 78]
[20, 26214, 85]
[20, 26214, 60]
[20, 26214, 72]
[20, 26214, 92]
[20, 26214, 78]
[20, 26214, 49]
[20, 26214, 67]
[20, 26214, 44]
[20, 26214, 64]
[20, 26214, 75]
[20, 26214, 61]
[20, 26214, 57]
[20, 26214, 57]
[20, 26214, 69]
[25, 32768, 163]
[25, 32768, 173]
[25, 32768, 161]
[25, 32768, 162]
[25, 32768, 162]
[25, 32768, 172]
[25, 32768, 170]
[25, 32768, 184]
[25, 32768, 152]
[25, 32768, 176]
[25, 32768, 170]
[25, 32768, 161]
[25, 32768, 170]
[25, 32768, 155]
[25, 32768, 133]
[25, 32768, 133]
[25, 32768, 141]
[25, 32768, 153]
[25, 32768, 115]
[25, 32768, 167]
[25, 32768, 144]
[25, 32768, 134]
[25, 32768, 165]
[25, 32768, 186]
[25, 32768, 161]
[25, 32768, 148]
[25, 32768, 149]
[25, 32768, 167]
[25, 32768, 123]
[25, 32768, 128]
[25, 32768, 151]
[25, 32768, 157]
[25, 32768, 158]
[25, 32768, 227]
[25, 32768, 148]
[25, 32768, 155]
[25, 32768, 160]
[25, 32768, 160]
[25, 32768, 152]
[25, 32768, 171]
[25, 32768, 126]
[25, 32768, 173]
[25, 32768, 142]
[25, 32768, 161]
[25, 32768, 151]
[25, 32768, 188]
[25, 32768, 169]
[25, 32768, 154]
[25, 32768, 167]
[25, 32768, 163]
[25, 32768, 170]
[25, 32768, 160]
[25, 32768, 180]
[25, 32768, 202]
[25, 32768, 157]
[25, 32768, 197]
[25, 32768, 163]
[25, 32768, 192]
[25, 32768, 155]
[25, 32768, 207]
[25, 32768, 165]
[25, 32768, 156]
[25, 32768, 145]
[25, 32768, 146]
[25, 32768, 188]
[25, 32768, 139]
[25, 32768, 155]
[25, 32768, 176]
[25, 32768, 155]
[25, 32768, 157]
[25, 32768, 145]
[25, 32768, 177]
[25, 32768, 160]
[25, 32768, 193]
[25, 32768, 137]
[25, 32768, 174]
[25, 32768, 144]
[25, 32768, 201]
[25, 32768, 170]
[25, 32768, 159]
[25, 32768, 158]
[25, 32768, 163]
[25, 32768, 169]
[25, 32768, 124]
[25, 32768, 143]
[25, 32768, 150]
[25, 32768, 201]
[25, 32768, 176]
[25, 32768, 187]
[25, 32768, 140]
[25, 32768, 166]
[25, 32768, 162]
[25, 32768, 149]
[25, 32768, 143]
[25, 32768, 166]
[25, 32768, 145]
[25, 32768, 177]
[25, 32768, 160]
[25, 32768, 153]
[25, 32768, 159]
[30, 39321, 347]
[30, 39321, 346]
[30, 39321, 336]
[30, 39321, 339]
[30, 39321, 335]
[30, 39321, 348]
[30, 39321, 328]
[30, 39321, 356]
[30, 39321, 337]
[30, 39321, 379]
[30, 39321, 315]
[30, 39321, 371]
[30, 39321, 356]
[30, 39321, 302]
[30, 39321, 275]
[30, 39321, 295]
[30, 39321, 361]
[30, 39321, 273]
[30, 39321, 293]
[30, 39321, 350]
[30, 39321, 281]
[30, 39321, 327]
[30, 39321, 306]
[30, 39321, 372]
[30, 39321, 372]
[30, 39321, 343]
[30, 39321, 329]
[30, 39321, 350]
[30, 39321, 283]
[30, 39321, 269]
[30, 39321, 348]
[30, 39321, 317]
[30, 39321, 344]
[30, 39321, 398]
[30, 39321, 309]
[30, 39321, 337]
[30, 39321, 339]
[30, 39321, 354]
[30, 39321, 320]
[30, 39321, 336]
[30, 39321, 268]
[30, 39321, 347]
[30, 39321, 298]
[30, 39321, 338]
[30, 39321, 337]
[30, 39321, 348]
[30, 39321, 356]
[30, 39321, 286]
[30, 39321, 343]
[30, 39321, 332]
[30, 39321, 368]
[30, 39321, 308]
[30, 39321, 391]
[30, 39321, 381]
[30, 39321, 360]
[30, 39321, 375]
[30, 39321, 363]
[30, 39321, 377]
[30, 39321, 367]
[30, 39321, 403]
[30, 39321, 302]
[30, 39321, 340]
[30, 39321, 321]
[30, 39321, 321]
[30, 39321, 339]
[30, 39321, 301]
[30, 39321, 327]
[30, 39321, 362]
[30, 39321, 279]
[30, 39321, 353]
[30, 39321, 320]
[30, 39321, 358]
[30, 39321, 341]
[30, 39321, 372]
[30, 39321, 313]
[30, 39321, 327]
[30, 39321, 346]
[30, 39321, 381]
[30, 39321, 317]
[30, 39321, 332]
[30, 39321, 337]
[30, 39321, 320]
[30, 39321, 350]
[30, 39321, 309]
[30, 39321, 319]
[30, 39321, 306]
[30, 39321, 344]
[30, 39321, 354]
[30, 39321, 373]
[30, 39321, 325]
[30, 39321, 377]
[30, 39321, 333]
[30, 39321, 328]
[30, 39321, 310]
[30, 39321, 303]
[30, 39321, 302]
[30, 39321, 361]
[30, 39321, 332]
[30, 39321, 293]
[30, 39321, 360]
[35, 45875, 629]
[35, 45875, 645]
[35, 45875, 610]
[35, 45875, 606]
[35, 45875, 631]
[35, 45875, 632]
[35, 45875, 592]
[35, 45875, 624]
[35, 45875, 614]
[35, 45875, 695]
[35, 45875, 651]
[35, 45875, 641]
[35, 45875, 645]
[35, 45875, 626]
[35, 45875, 602]
[35, 45875, 599]
[35, 45875, 611]
[35, 45875, 539]
[35, 45875, 547]
[35, 45875, 646]
[35, 45875, 563]
[35, 45875, 635]
[35, 45875, 623]
[35, 45875, 673]
[35, 45875, 635]
[35, 45875, 579]
[35, 45875, 591]
[35, 45875, 656]
[35, 45875, 598]
[35, 45875, 546]
[35, 45875, 624]
[35, 45875, 640]
[35, 45875, 663]
[35, 45875, 716]
[35, 45875, 615]
[35, 45875, 584]
[35, 45875, 580]
[35, 45875, 632]
[35, 45875, 619]
[35, 45875, 638]
[35, 45875, 524]
[35, 45875, 628]
[35, 45875, 586]
[35, 45875, 654]
[35, 45875, 651]
[35, 45875, 654]
[35, 45875, 636]
[35, 45875, 542]
[35, 45875, 648]
[35, 45875, 570]
[35, 45875, 626]
[35, 45875, 608]
[35, 45875, 695]
[35, 45875, 636]
[35, 45875, 566]
[35, 45875, 656]
[35, 45875, 664]
[35, 45875, 656]
[35, 45875, 632]
[35, 45875, 681]
[35, 45875, 625]
[35, 45875, 657]
[35, 45875, 602]
[35, 45875, 592]
[35, 45875, 625]
[35, 45875, 565]
[35, 45875, 588]
[35, 45875, 660]
[35, 45875, 556]
[35, 45875, 623]
[35, 45875, 564]
[35, 45875, 636]
[35, 45875, 606]
[35, 45875, 655]
[35, 45875, 598]
[35, 45875, 647]
[35, 45875, 649]
[35, 45875, 694]
[35, 45875, 614]
[35, 45875, 565]
[35, 45875, 614]
[35, 45875, 573]
[35, 45875, 626]
[35, 45875, 611]
[35, 45875, 626]
[35, 45875, 593]
[35, 45875, 684]
[35, 45875, 694]
[35, 45875, 657]
[35, 45875, 567]
[35, 45875, 680]
[35, 45875, 640]
[35, 45875, 561]
[35, 45875, 619]
[35, 45875, 642]
[35, 45875, 593]
[35, 45875, 682]
[35, 45875, 606]
[35, 45875, 580]
[35, 45875, 628]
[40, 52428, 1049]
[40, 52428, 1055]
[40, 52428, 1056]
[40, 52428, 1078]
[40, 52428, 1067]
[40, 52428, 1034]
[40, 52428, 1036]
[40, 52428, 1049]
[40, 52428, 998]
[40, 52428, 1119]
[40, 52428, 984]
[40, 52428, 1085]
[40, 52428, 1050]
[40, 52428, 1010]
[40, 52428, 1025]
[40, 52428, 1050]
[40, 52428, 1075]
[40, 52428, 996]
[40, 52428, 951]
[40, 52428, 1061]
[40, 52428, 1037]
[40, 52428, 1081]
[40, 52428, 1049]
[40, 52428, 1107]
[40, 52428, 1069]
[40, 52428, 1009]
[40, 52428, 1009]
[40, 52428, 1015]
[40, 52428, 1039]
[40, 52428, 995]
[40, 52428, 1048]
[40, 52428, 1120]
[40, 52428, 1010]
[40, 52428, 1140]
[40, 52428, 1021]
[40, 52428, 975]
[40, 52428, 1011]
[40, 52428, 1051]
[40, 52428, 1049]
[40, 52428, 1036]
[40, 52428, 946]
[40, 52428, 1054]
[40, 52428, 1007]
[40, 52428, 1066]
[40, 52428, 971]
[40, 52428, 1094]
[40, 52428, 1024]
[40, 52428, 1001]
[40, 52428, 1105]
[40, 52428, 992]
[40, 52428, 1059]
[40, 52428, 1025]
[40, 52428, 1138]
[40, 52428, 1069]
[40, 52428, 947]
[40, 52428, 1015]
[40, 52428, 1058]
[40, 52428, 1109]
[40, 52428, 1032]
[40, 52428, 1082]
[40, 52428, 1017]
[40, 52428, 1161]
[40, 52428, 1079]
[40, 52428, 979]
[40, 52428, 1061]
[40, 52428, 980]
[40, 52428, 948]
[40, 52428, 1059]
[40, 52428, 941]
[40, 52428, 1049]
[40, 52428, 997]
[40, 52428, 1064]
[40, 52428, 1038]
[40, 52428, 1068]
[40, 52428, 1036]
[40, 52428, 1097]
[40, 52428, 1078]
[40, 52428, 1072]
[40, 52428, 1032]
[40, 52428, 988]
[40, 52428, 1082]
[40, 52428, 1025]
[40, 52428, 1062]
[40, 52428, 1051]
[40, 52428, 1032]
[40, 52428, 968]
[40, 52428, 1060]
[40, 52428, 1160]
[40, 52428, 1093]
[40, 52428, 1023]
[40, 52428, 1059]
[40, 52428, 992]
[40, 52428, 1040]
[40, 52428, 1060]
[40, 52428, 1063]
[40, 52428, 952]
[40, 52428, 1107]
[40, 52428, 1057]
[40, 52428, 994]
[40, 52428, 1090]
