[1, 1310, 1, 4, 0, 0, 0, 3, 0, 2, 0, 0, 0, 2, 1, 2, 0, 0]
[1, 1310, 2, 0, 2, 1, 0, 0, 0, 0, 1, 1, 1, 1, 1, 0, 2, 0]
[1, 1310, 2, 1, 1, 1, 0, 2, 0, 0, 0, 0, 0, 0, 0, 2, 2, 0]
[1, 1310, 1, 2, 0, 0, 2, 0, 1, 2, 0, 0, 0, 0, 2, 2, 2, 0]
[1, 1310, 1, 2, 0, 2, 1, 1, 0, 2, 3, 2, 0, 2, 0, 0, 4, 0]
[1, 1310, 4, 0, 1, 0, 0, 1, 0, 2, 1, 0, 0, 0, 1, 0, 1, 0]
[1, 1310, 0, 1, 2, 0, 0, 1, 0, 0, 0, 2, 5, 1, 0, 0, 0, 0]
[1, 1310, 0, 0, 0, 3, 1, 0, 1, 0, 0, 0, 1, 0, 0, 0, 2, 2]
[1, 1310, 0, 0, 0, 1, 1, 2, 0, 0, 4, 0, 0, 1, 2, 1, 0, 1]
[1, 1310, 2, 0, 3, 0, 4, 3, 0, 2, 2, 2, 0, 0, 0, 1, 0, 0]
[1, 1310, 2, 0, 0, 0, 0, 2, 1, 1, 1, 1, 2, 0, 0, 0, 0, 1]
[1, 1310, 1, 2, 1, 0, 1, 0, 0, 0, 4, 1, 1, 0, 0, 2, 0, 0]
[1, 1310, 3, 2, 3, 0, 0, 0, 2, 2, 1, 0, 0, 1, 2, 2, 0, 0]
[1, 1310, 1, 0, 0, 3, 0, 0, 0, 1, 1, 0, 1, 1, 2, 0, 1, 0]
[1, 1310, 1, 0, 0, 0, 0, 2, 0, 1, 0, 0, 0, 0, 0, 0, 0, 0]
[1, 1310, 2, 0, 1, 0, 1, 0, 0, 0, 2, 1, 0, 0, 2, 0, 1, 0]
[1, 1310, 0, 0, 0, 0, 0, 0, 4, 1, 0, 0, 0, 1, 0, 0, 0, 0]
[1, 1310, 2, 0, 0, 0, 0, 0, 2, 2, 0, 0, 0, 0, 0, 0, 0, 2]
[1, 1310, 1, 0, 2, 1, 0, 0, 0, 1, 0, 5, 0, 0, 2, 0, 1, 0]
[1, 1310, 0, 0, 1, 1, 0, 0, 1, 1, 1, 2, 0, 3, 0, 2, 0, 0]
[1, 1310, 0, 0, 0, 2, 0, 2, 0, 2, 2, 3, 2, 0, 1, 2, 1, 1]
[1, 1310, 1, 0, 2, 2, 1, 0, 0, 0, 2, 5, 0, 0, 0, 0, 4, 0]
[1, 1310, 1, 2, 0, 2, 1, 1, 0, 0, 2, 4, 1, 4, 2, 1, 0, 1]
[1, 1310, 0, 0, 0, 1, 0, 1, 2, 0, 0, 3, 1, 0, 0, 0, 4, 1]
[1, 1310, 0, 2, 2, 2, 3, 2, 0, 2, 0, 0, 1, 0, 0, 1, 1, 1]
[1, 1310, 0, 0, 0, 0, 0, 0, 0, 0, 1, 0, 0, 2, 4, 2, 2, 0]
[1, 1310, 5, 0, 0, 0, 0, 0, 0, 0, 1, 3, 0, 2, 0, 0, 3, 1]
[1, 1310, 0, 3, 0, 0, 1, 2, 0, 1, 1, 1, 0, 1, 4, 2, 0, 0]
[1, 1310, 1, 1, 1, 0, 0, 0, 0, 0, 0, 1, 0, 4, 0, 2, 0, 0]
[1, 1310, 2, 1, 1, 0, 0, 0, 0, 1, 0, 0, 0, 2, 1, 0, 4, 0]
[1, 1310, 0, 1, 0, 0, 2, 1, 0, 0, 0, 0, 1, 0, 1, 0, 5, 0]
[1, 1310, 2, 0, 0, 0, 0, 0, 0, 1, 1, 0, 0, 0, 2, 2, 1, 0]
[1, 1310, 0, 0, 1, 0, 0, 0, 0, 0, 0, 0, 3, 2, 0, 0, 0, 0]
[1, 1310, 1, 0, 1, 2, 2, 0, 0, 1, 0, 0, 0, 0, 2, 0, 3, 0]
[1, 1310, 2, 5, 0, 3, 1, 1, 0, 0, 1, 1, 1, 0, 0, 1, 0, 1]
[1, 1310, 3, 0, 4, 0, 3, 0, 3, 1, 0, 1, 0, 0, 2, 3, 2, 0]
[1, 1310, 1, 2, 0, 0, 0, 0, 3, 0, 0, 0, 0, 0, 2, 1, 0, 1]
[1, 1310, 0, 1, 1, 2, 0, 3, 0, 0, 0, 2, 1, 1, 0, 0, 2, 3]
[1, 1310, 3, 0, 2, 2, 0, 0, 2, 0, 2, 4, 1, 0, 0, 0, 1, 0]
[1, 1310, 1, 0, 1, 0, 0, 0, 0, 0, 0, 1, 1, 2, 0, 1, 3, 0]
[1, 1310, 0, 0, 0, 0, 0, 0, 1, 2, 1, 0, 0, 0, 1, 3, 0, 2]
[1, 1310, 0, 0, 1, 1, 2, 0, 4, 0, 0, 1, 0, 1, 4, 4, 0, 0]
[1, 1310, 1, 0, 0, 3, 1, 2, 1, 1, 0, 0, 5, 2, 3, 1, 2, 1]
[1, 1310, 1, 1, 3, 0, 1, 0, 1, 0, 0, 2, 1, 0, 4, 3, 0, 2]
[1, 1310, 2, 2, 2, 0, 0, 2, 1, 0, 0, 3, 1, 0, 1, 1, 0, 2]
[1, 1310, 1, 0, 1, 0, 0, 0, 1, 0, 1, 0, 0, 0, 0, 2, 0, 0]
[1, 1310, 2, 0, 0, 0, 1, 0, 1, 2, 3, 2, 2, 0, 0, 0, 0, 0]
[1, 1310, 2, 2, 1, 2, 2, 2, 0, 0, 0, 0, 1, 0, 2, 1, 0, 0]
[1, 1310, 0, 0, 0, 0, 4, 0, 0, 4, 0, 1, 0, 0, 2, 0, 0, 0]
[1, 1310, 0, 2, 0, 0, 3, 2, 2, 2, 2, 2, 0, 2, 0, 2, 2, 0]
[1, 1310, 2, 0, 1, 1, 0, 0, 2, 1, 1, 1, 0, 0, 1, 0, 0, 2]
[1, 1310, 2, 1, 0, 2, 1, 2, 0, 0, 1, 1, 2, 0, 1, 0, 0, 0]
[1, 1310, 2, 4, 4, 4, 0, 1, 0, 2, 1, 0, 4, 1, 0, 0, 0, 0]
[1, 1310, 0, 0, 1, 0, 0, 0, 0, 2, 3, 1, 2, 1, 2, 0, 1, 0]
[1, 1310, 0, 2, 0, 3, 1, 2, 2, 3, 0, 0, 0, 0, 1, 1, 0, 2]
[1, 1310, 0, 0, 4, 0, 0, 0, 2, 0, 0, 2, 0, 2, 0, 0, 0, 1]
[1, 1310, 0, 1, 0, 2, 0, 1, 1, 0, 0, 0, 1, 1, 0, 0, 2, 0]
[1, 1310, 2, 0, 0, 0, 0, 0, 0, 0, 0, 2, 0, 1, 2, 1, 1, 2]
[1, 1310, 1, 0, 0, 0, 0, 0, 0, 1, 1, 1, 1, 3, 1, 1, 0, 1]
[1, 1310, 1, 0, 0, 0, 2, 1, 0, 1, 2, 0, 0, 0, 1, 0, 1, 1]
[1, 1310, 0, 0, 1, 4, 0, 2, 0, 4, 2, 1, 0, 0, 0, 0, 0, 2]
[1, 1310, 1, 1, 0, 0, 2, 3, 0, 2, 1, 0, 1, 3, 2, 2, 3, 1]
[1, 1310, 1, 0, 0, 2, 0, 0, 2, 2, 0, 1, 2, 1, 0, 0, 0, 2]
[1, 1310, 2, 2, 2, 1, 0, 1, 4, 0, 4, 1, 0, 1, 0, 2, 0, 1]
[1, 1310, 0, 1, 0, 0, 2, 0, 1, 0, 0, 0, 0, 0, 2, 0, 0, 0]
[1, 1310, 0, 0, 1, 2, 1, 0, 1, 0, 1, 1, 2, 2, 0, 1, 4, 0]
[1, 1310, 0, 0, 0, 0, 1, 3, 0, 0, 0, 1, 4, 0, 1, 1, 0, 0]
[1, 1310, 0, 0, 2, 0, 2, 0, 0, 0, 0, 1, 0, 0, 0, 0, 0, 2]
[1, 1310, 2, 0, 2, 0, 0, 0, 1, 3, 0, 0, 1, 2, 0, 0, 2, 0]
[1, 1310, 2, 0, 2, 2, 3, 1, 0, 0, 0, 0, 0, 1, 2, 0, 1, 2]
[1, 1310, 2, 0, 0, 0, 1, 1, 0, 1, 1, 0, 1, 2, 1, 0, 0, 0]
[1, 1310, 1, 1, 1, 3, 2, 0, 1, 3, 1, 0, 2, 0, 1, 0, 3, 0]
[1, 1310, 0, 0, 2, 0, 1, 0, 0, 1, 0, 1, 2, 2, 2, 0, 0, 0]
[1, 1310, 0, 4, 0, 2, 0, 1, 0, 0, 0, 0, 0, 2, 0, 0, 1, 1]
[1, 1310, 1, 0, 0, 1, 1, 0, 0, 2, 1, 0, 1, 0, 0, 1, 0, 2]
[1, 1310, 0, 2, 0, 2, 0, 1, 2, 0, 0, 0, 1, 1, 0, 0, 1, 1]
[1, 1310, 0, 0, 0, 0, 2, 0, 0, 0, 1, 0, 4, 2, 0, 1, 0, 0]
[1, 1310, 1, 0, 2, 2, 1, 0, 1, 0, 2, 1, 0, 0, 3, 2, 0, 1]
[1, 1310, 0, 2, 0, 3, 0, 0, 0, 0, 0, 1, 0, 1, 0, 5, 1, 1]
[1, 1310, 0, 2, 0, 1, 1, 0, 3, 1, 0, 2, 0, 0, 0, 0, 0, 0]
[1, 1310, 1, 0, 0, 0, 1, 0, 2, 0, 2, 2, 0, 0, 1, 0, 1, 1]
[1, 1310, 1, 0, 0, 1, 1, 0, 0, 0, 0, 0, 0, 0, 0, 1, 2, 0]
[1, 1310, 3, 0, 1, 0, 0, 1, 0, 1, 4, 0, 1, 0, 3, 0, 0, 0]
[1, 1310, 0, 1, 0, 0, 4, 0, 0, 2, 0, 0, 2, 0, 0, 4, 1, 2]
[1, 1310, 0, 0, 1, 3, 0, 1, 1, 1, 3, 0, 3, 1, 1, 1, 0, 0]
[1, 1310, 1, 1, 2, 3, 0, 0, 0, 2, 0, 2, 0, 1, 0, 0, 0, 0]
[1, 1310, 0, 0, 2, 1, 1, 0, 2, 1, 0, 2, 0, 2, 0, 1, 0, 0]
[1, 1310, 0, 2, 0, 3, 0, 0, 4, 3, 0, 2, 0, 2, 0, 0, 0, 0]
[1, 1310, 0, 0, 1, 0, 0, 1, 1, 0, 3, 2, 0, 0, 0, 1, 2, 0]
[1, 1310, 0, 0, 2, 0, 2, 0, 1, 0, 0, 0, 0, 1, 0, 0, 1, 1]
[1, 1310, 1, 0, 0, 0, 0, 0, 0, 0, 2, 0, 1, 0, 2, 0, 0, 2]
[1, 1310, 1, 0, 0, 0, 2, 1, 1, 1, 0, 0, 0, 0, 3, 1, 0, 0]
[1, 1310, 0, 0, 0, 3, 1, 1, 0, 0, 2, 0, 1, 0, 1, 0, 2, 0]
[1, 1310, 1, 0, 0, 0, 0, 0, 1, 0, 3, 0, 5, 1, 1, 0, 4, 0]
[1, 1310, 1, 1, 0, 1, 0, 3, 1, 1, 0, 0, 0, 0, 1, 0, 3, 2]
[1, 1310, 0, 0, 0, 0, 1, 0, 0, 4, 1, 2, 2, 2, 0, 0, 0, 3]
[1, 1310, 0, 0, 0, 0, 0, 1, 3, 0, 3, 3, 2, 0, 0, 3, 1, 2]
[1, 1310, 0, 0, 0, 0, 2, 0, 0, 0, 0, 2, 1, 0, 0, 1, 0, 0]
[1, 1310, 0, 0, 3, 0, 2, 2, 1, 1, 2, 0, 4, 0, 0, 0, 0, 2]
[1, 1310, 3, 0, 0, 0, 1, 1, 1, 0, 1, 1, 2, 0, 0, 0, 0, 0]
[2, 2621, 1, 6, 2, 0, 1, 4, 2, 4, 1, 1, 0, 2, 2, 5, 0, 2]
[2, 2621, 2, 4, 3, 5, 2, 0, 0, 2, 3, 2, 2, 4, 3, 3, 2, 0]
[2, 2621, 4, 3, 2, 1, 0, 4, 4, 1, 2, 2, 3, 0, 2, 7, 8, 4]
[2, 2621, 4, 2, 2, 0, 2, 2, 3, 2, 0, 2, 1, 0, 2, 6, 5, 0]
[2, 2621, 7, 2, 2, 4, 5, 1, 3, 5, 3, 5, 0, 2, 0, 3, 4, 0]
[2, 2621, 6, 0, 1, 2, 3, 3, 4, 4, 1, 1, 4, 2, 2, 2, 7, 0]
[2, 2621, 0, 1, 2, 2, 2, 1, 2, 1, 1, 3, 5, 3, 0, 0, 4, 4]
[2, 2621, 0, 0, 2, 7, 3, 0, 3, 2, 7, 3, 3, 0, 6, 0, 4, 4]
[2, 2621, 0, 3, 2, 3, 6, 2, 2, 2, 4, 4, 2, 4, 2, 3, 0, 1]
[2, 2621, 2, 2, 5, 1, 4, 5, 2, 3, 2, 2, 0, 0, 4, 2, 3, 0]
[2, 2621, 2, 3, 0, 2, 4, 7, 3, 1, 2, 1, 4, 0, 4, 0, 4, 1]
[2, 2621, 4, 2, 3, 4, 2, 2, 0, 1, 6, 3, 5, 3, 4, 2, 0, 2]
[2, 2621, 5, 4, 4, 0, 7, 2, 5, 7, 7, 1, 2, 1, 4, 9, 4, 0]
[2, 2621, 3, 0, 0, 5, 3, 4, 0, 5, 1, 1, 3, 3, 8, 4, 1, 2]
[2, 2621, 3, 0, 0, 2, 0, 3, 0, 3, 4, 2, 4, 6, 0, 2, 0, 2]
[2, 2621, 6, 2, 1, 0, 1, 3, 3, 0, 2, 1, 0, 0, 9, 0, 2, 1]
[2, 2621, 2, 0, 1, 4, 0, 6, 7, 1, 0, 6, 2, 3, 3, 2, 1, 0]
[2, 2621, 9, 2, 0, 1, 2, 0, 2, 2, 0, 4, 0, 3, 7, 2, 1, 2]
[2, 2621, 1, 0, 4, 3, 1, 0, 0, 5, 1, 10, 0, 2, 6, 1, 5, 1]
[2, 2621, 7, 0, 3, 5, 1, 1, 5, 6, 2, 4, 3, 4, 0, 2, 4, 2]
[2, 2621, 0, 3, 0, 2, 4, 3, 1, 2, 2, 4, 5, 0, 1, 6, 2, 5]
[2, 2621, 6, 2, 7, 3, 3, 2, 8, 2, 2, 8, 2, 6, 0, 1, 6, 0]
[2, 2621, 2, 3, 3, 5, 1, 3, 2, 0, 6, 7, 3, 7, 3, 1, 1, 2]
[2, 2621, 2, 3, 0, 3, 0, 1, 2, 2, 0, 3, 7, 0, 4, 0, 6, 3]
[2, 2621, 3, 2, 2, 5, 5, 4, 1, 4, 3, 0, 1, 5, 0, 1, 2, 2]
[2, 2621, 2, 0, 4, 2, 0, 0, 0, 0, 3, 0, 6, 3, 8, 4, 2, 2]
[2, 2621, 8, 1, 4, 2, 1, 0, 1, 7, 3, 7, 1, 6, 2, 4, 9, 1]
[2, 2621, 0, 3, 4, 0, 4, 2, 0, 3, 3, 2, 8, 5, 6, 2, 1, 4]
[2, 2621, 3, 3, 2, 1, 0, 0, 2, 2, 1, 2, 0, 6, 0, 4, 2, 0]
[2, 2621, 9, 2, 1, 0, 1, 4, 1, 1, 4, 0, 2, 3, 3, 1, 6, 2]
[2, 2621, 0, 1, 1, 0, 2, 5, 7, 1, 3, 0, 1, 4, 3, 1, 6, 3]
[2, 2621, 2, 2, 2, 1, 0, 1, 3, 1, 2, 1, 0, 3, 6, 3, 2, 4]
[2, 2621, 5, 0, 3, 0, 3, 2, 0, 1, 2, 2, 4, 2, 4, 1, 2, 8]
[2, 2621, 1, 1, 1, 2, 3, 2, 1, 1, 2, 1, 2, 0, 4, 0, 4, 2]
[2, 2621, 2, 6, 0, 3, 1, 5, 5, 4, 5, 3, 1, 0, 0, 2, 0, 4]
[2, 2621, 5, 5, 5, 0, 5, 10, 8, 1, 4, 1, 1, 2, 6, 4, 2, 0]
[2, 2621, 5, 2, 3, 1, 5, 2, 5, 0, 0, 3, 0, 1, 2, 3, 2, 3]
[2, 2621, 0, 1, 4, 2, 2, 4, 2, 0, 0, 2, 4, 1, 0, 0, 2, 4]
[2, 2621, 7, 0, 7, 6, 1, 1, 2, 3, 2, 4, 1, 1, 0, 3, 3, 0]
[2, 2621, 3, 0, 2, 2, 4, 2, 2, 0, 3, 6, 3, 2, 0, 5, 3, 0]
[2, 2621, 0, 3, 0, 0, 0, 0, 1, 2, 1, 1, 0, 1, 4, 3, 0, 7]
[2, 2621, 3, 2, 1, 1, 3, 0, 5, 2, 2, 1, 0, 2, 4, 9, 2, 0]
[2, 2621, 3, 1, 3, 3, 3, 6, 1, 2, 2, 5, 7, 3, 4, 2, 5, 1]
[2, 2621, 1, 2, 3, 2, 3, 0, 1, 2, 0, 7, 3, 0, 4, 8, 5, 6]
[2, 2621, 5, 4, 5, 2, 1, 5, 3, 0, 2, 3, 1, 3, 5, 1, 2, 2]
[2, 2621, 1, 1, 5, 2, 0, 1, 6, 0, 3, 2, 0, 2, 0, 5, 2, 11]
[2, 2621, 4, 0, 2, 0, 2, 2, 1, 3, 6, 2, 5, 4, 0, 3, 2, 2]
[2, 2621, 4, 3, 1, 4, 4, 2, 2, 0, 2, 4, 1, 6, 5, 4, 2, 0]
[2, 2621, 0, 0, 1, 0, 6, 2, 1, 6, 0, 2, 0, 5, 6, 0, 0, 1]
[2, 2621, 1, 2, 3, 3, 4, 6, 6, 3, 2, 2, 0, 3, 2, 4, 6, 1]
[2, 2621, 4, 1, 5, 4, 1, 0, 6, 1, 1, 7, 2, 2, 5, 2, 0, 2]
[2, 2621, 3, 1, 0, 4, 2, 4, 2, 0, 5, 2, 5, 2, 5, 2, 4, 4]
[2, 2621, 2, 6, 4, 4, 6, 1, 0, 3, 2, 2, 4, 4, 0, 5, 4, 4]
[2, 2621, 5, 0, 4, 0, 1, 2, 1, 4, 6, 2, 5, 1, 4, 6, 2, 2]
[2, 2621, 0, 7, 0, 4, 1, 2, 4, 3, 1, 0, 0, 0, 1, 4, 2, 5]
[2, 2621, 8, 1, 4, 2, 1, 2, 4, 9, 2, 4, 0, 8, 0, 0, 0, 1]
[2, 2621, 1, 4, 4, 2, 4, 5, 1, 0, 0, 2, 4, 3, 0, 2, 4, 4]
[2, 2621, 4, 3, 3, 0, 0, 3, 0, 4, 0, 3, 4, 2, 7, 1, 2, 4]
[2, 2621, 1, 0, 1, 1, 1, 1, 0, 1, 3, 3, 4, 4, 1, 3, 2, 4]
[2, 2621, 3, 5, 0, 0, 3, 2, 0, 7, 3, 0, 3, 0, 3, 0, 3, 2]
[2, 2621, 2, 0, 2, 5, 3, 2, 2, 8, 4, 3, 2, 0, 1, 2, 2, 6]
[2, 2621, 1, 3, 1, 0, 2, 7, 2, 2, 1, 1, 2, 9, 2, 5, 8, 3]
[2, 2621, 1, 2, 3, 4, 0, 3, 2, 4, 0, 1, 2, 5, 4, 2, 1, 4]
[2, 2621, 5, 8, 4, 3, 2, 3, 6, 3, 5, 1, 0, 7, 0, 6, 0, 3]
[2, 2621, 5, 3, 0, 4, 4, 0, 1, 2, 0, 0, 2, 4, 2, 4, 0, 1]
[2, 2621, 2, 2, 4, 2, 3, 2, 3, 3, 1, 2, 4, 5, 0, 2, 4, 4]
[2, 2621, 2, 0, 0, 4, 1, 4, 2, 0, 0, 10, 4, 3, 4, 1, 2, 4]
[2, 2621, 0, 2, 5, 0, 4, 0, 2, 4, 2, 3, 7, 5, 1, 5, 0, 4]
[2, 2621, 6, 3, 7, 4, 1, 2, 3, 5, 1, 4, 4, 2, 1, 0, 5, 4]
[2, 2621, 4, 1, 2, 5, 7, 2, 2, 5, 2, 4, 1, 5, 5, 3, 1, 3]
[2, 2621, 4, 0, 2, 3, 3, 4, 5, 3, 2, 0, 2, 4, 3, 0, 0, 1]
[2, 2621, 1, 2, 1, 7, 4, 2, 3, 5, 3, 5, 5, 3, 8, 1, 3, 0]
[2, 2621, 2, 2, 4, 0, 2, 3, 2, 2, 1, 5, 2, 6, 5, 0, 0, 0]
[2, 2621, 2, 4, 1, 6, 3, 1, 1, 0, 0, 4, 2, 2, 0, 0, 6, 5]
[2, 2621, 1, 2, 1, 2, 1, 2, 0, 3, 4, 4, 3, 1, 2, 3, 3, 2]
[2, 2621, 0, 8, 1, 2, 2, 2, 2, 2, 2, 0, 5, 4, 3, 0, 1, 1]
[2, 2621, 0, 2, 1, 2, 2, 0, 0, 6, 2, 0, 6, 5, 4, 1, 1, 1]
[2, 2621, 1, 6, 3, 4, 1, 2, 1, 0, 4, 1, 2, 3, 5, 9, 2, 3]
[2, 2621, 1, 7, 0, 3, 0, 3, 2, 1, 0, 1, 1, 7, 4, 9, 1, 1]
[2, 2621, 0, 6, 0, 5, 3, 0, 3, 1, 0, 5, 0, 0, 0, 2, 4, 0]
[2, 2621, 1, 0, 2, 0, 3, 4, 4, 0, 4, 4, 2, 4, 3, 1, 3, 1]
[2, 2621, 2, 4, 0, 6, 4, 0, 2, 0, 1, 1, 0, 0, 0, 4, 3, 0]
[2, 2621, 5, 0, 1, 0, 0, 1, 3, 3, 6, 0, 5, 3, 3, 1, 2, 2]
[2, 2621, 0, 1, 1, 0, 6, 2, 2, 4, 5, 2, 4, 8, 2, 6, 3, 2]
[2, 2621, 0, 0, 2, 5, 0, 1, 2, 1, 3, 4, 4, 2, 1, 2, 2, 4]
[2, 2621, 1, 5, 5, 3, 3, 5, 0, 2, 0, 2, 2, 2, 1, 0, 2, 2]
[2, 2621, 2, 2, 3, 5, 6, 0, 2, 2, 4, 2, 3, 2, 0, 2, 0, 2]
[2, 2621, 3, 2, 2, 3, 3, 0, 5, 4, 0, 7, 4, 2, 3, 1, 2, 1]
[2, 2621, 2, 3, 3, 2, 1, 4, 5, 3, 7, 2, 2, 2, 1, 1, 5, 4]
[2, 2621, 0, 2, 3, 0, 6, 3, 1, 3, 5, 2, 2, 3, 1, 3, 3, 1]
[2, 2621, 2, 3, 6, 2, 4, 2, 4, 2, 2, 0, 3, 6, 2, 0, 0, 2]
[2, 2621, 2, 0, 6, 0, 2, 5, 1, 2, 4, 0, 3, 2, 6, 1, 2, 0]
[2, 2621, 4, 2, 0, 7, 1, 1, 2, 2, 5, 1, 7, 2, 1, 0, 4, 0]
[2, 2621, 6, 3, 2, 2, 1, 0, 1, 0, 4, 2, 6, 3, 1, 0, 9, 2]
[2, 2621, 5, 1, 0, 3, 0, 4, 1, 3, 2, 0, 0, 5, 2, 2, 3, 5]
[2, 2621, 0, 2, 1, 8, 1, 0, 0, 6, 1, 5, 3, 4, 4, 0, 1, 8]
[2, 2621, 1, 0, 2, 4, 1, 1, 8, 0, 7, 3, 2, 2, 1, 5, 5, 3]
[2, 2621, 5, 3, 4, 0, 4, 1, 2, 1, 3, 2, 3, 3, 2, 6, 2, 2]
[2, 2621, 4, 2, 7, 2, 5, 6, 1, 4, 2, 0, 5, 0, 3, 1, 0, 3]
[2, 2621, 3, 4, 0, 3, 1, 1, 1, 5, 7, 3, 4, 1, 4, 0, 1, 0]
[5, 6553, 14, 12, 11, 8, 13, 17, 11, 16, 10, 10, 7, 8, 2, 22, 10, 6]
[5, 6553, 14, 10, 8, 11, 15, 6, 5, 9, 7, 7, 17, 21, 12, 10, 17, 11]
[5, 6553, 17, 12, 13, 9, 6, 11, 17, 10, 7, 15, 5, 11, 10, 14, 18, 16]
[5, 6553, 13, 6, 7, 3, 2, 13, 12, 26, 7, 15, 14, 16, 10, 17, 10, 7]
[5, 6553, 12, 6, 14, 12, 16, 13, 9, 17, 13, 17, 12, 14, 8, 16, 10, 4]
[5, 6553, 15, 4, 2, 11, 10, 12, 17, 7, 9, 18, 16, 6, 10, 14, 23, 14]
[5, 6553, 17, 6, 18, 21, 13, 10, 11, 11, 12, 17, 20, 14, 7, 14, 16, 10]
[5, 6553, 6, 18, 7, 16, 9, 4, 16, 9, 14, 11, 21, 14, 13, 7, 11, 23]
[5, 6553, 7, 9, 12, 15, 25, 8, 15, 4, 6, 15, 9, 13, 5, 11, 8, 9]
[5, 6553, 11, 7, 22, 12, 18, 22, 19, 16, 12, 13, 10, 14, 10, 6, 15, 4]
[5, 6553, 9, 8, 10, 14, 14, 17, 8, 17, 12, 12, 10, 13, 7, 8, 8, 9]
[5, 6553, 21, 7, 18, 11, 6, 5, 9, 19, 20, 11, 12, 12, 18, 10, 10, 14]
[5, 6553, 12, 12, 14, 10, 17, 7, 8, 14, 15, 16, 11, 20, 16, 19, 13, 11]
[5, 6553, 7, 9, 4, 15, 13, 8, 6, 21, 16, 15, 28, 14, 20, 25, 16, 19]
[5, 6553, 5, 14, 10, 10, 3, 13, 10, 10, 16, 13, 13, 14, 10, 7, 14, 23]
[5, 6553, 21, 14, 8, 19, 10, 15, 6, 11, 14, 23, 8, 13, 14, 2, 16, 6]
[5, 6553, 10, 10, 10, 20, 21, 10, 13, 7, 11, 22, 12, 15, 16, 12, 11, 12]
[5, 6553, 21, 11, 7, 6, 11, 8, 18, 7, 15, 13, 4, 10, 17, 8, 8, 18]
[5, 6553, 14, 6, 13, 8, 14, 11, 10, 14, 14, 16, 10, 14, 10, 5, 13, 19]
[5, 6553, 12, 6, 15, 10, 13, 5, 20, 16, 11, 15, 12, 22, 2, 9, 8, 18]
[5, 6553, 14, 23, 16, 17, 14, 17, 8, 15, 14, 13, 20, 8, 15, 17, 9, 36]
[5, 6553, 13, 9, 16, 13, 12, 10, 21, 12, 17, 12, 10, 17, 6, 11, 13, 3]
[5, 6553, 10, 13, 17, 7, 11, 16, 12, 10, 16, 21, 16, 17, 10, 1, 15, 12]
[5, 6553, 10, 5, 2, 7, 12, 6, 11, 6, 11, 12, 16, 2, 7, 8, 14, 13]
[5, 6553, 18, 5, 8, 14, 12, 18, 17, 22, 10, 5, 7, 10, 6, 11, 12, 9]
[5, 6553, 10, 17, 12, 8, 2, 7, 4, 25, 8, 19, 11, 17, 17, 8, 9, 9]
[5, 6553, 20, 6, 13, 20, 11, 6, 11, 13, 14, 16, 8, 16, 14, 17, 19, 6]
[5, 6553, 7, 7, 8, 17, 15, 10, 9, 10, 16, 14, 20, 11, 15, 10, 11, 15]
[5, 6553, 10, 14, 6, 10, 6, 9, 14, 13, 5, 9, 1, 16, 2, 9, 8, 16]
[5, 6553, 19, 15, 13, 6, 6, 10, 10, 3, 13, 11, 14, 17, 9, 9, 12, 9]
[5, 6553, 8, 12, 9, 9, 14, 9, 21, 12, 17, 16, 10, 18, 13, 18, 13, 14]
[5, 6553, 14, 11, 15, 5, 7, 14, 15, 3, 11, 20, 3, 13, 21, 10, 9, 14]
[5, 6553, 16, 10, 14, 3, 12, 9, 12, 14, 12, 11, 21, 10, 16, 10, 13, 15]
[5, 6553, 19, 16, 25, 8, 16, 22, 5, 16, 14, 16, 6, 9, 24, 8, 9, 11]
[5, 6553, 10, 16, 13, 7, 14, 13, 11, 8, 26, 8, 11, 8, 8, 8, 7, 11]
[5, 6553, 11, 18, 17, 6, 12, 17, 16, 12, 15, 14, 4, 10, 15, 16, 16, 9]
[5, 6553, 6, 13, 13, 20, 15, 11, 19, 9, 7, 11, 16, 9, 18, 12, 16, 14]
[5, 6553, 12, 18, 10, 9, 21, 16, 10, 3, 17, 4, 12, 9, 1, 10, 7, 19]
[5, 6553, 18, 10, 14, 9, 13, 14, 9, 10, 11, 14, 12, 16, 6, 20, 6, 4]
[5, 6553, 14, 10, 10, 8, 7, 14, 2, 11, 20, 14, 14, 11, 12, 27, 10, 18]
[5, 6553, 3, 13, 11, 20, 9, 10, 9, 10, 8, 15, 7, 10, 13, 11, 6, 17]
[5, 6553, 15, 18, 5, 13, 15, 15, 14, 6, 10, 5, 8, 13, 13, 22, 9, 10]
[5, 6553, 13, 7, 15, 17, 10, 13, 13, 8, 10, 7, 18, 7, 8, 10, 12, 10]
[5, 6553, 9, 8, 13, 9, 22, 10, 11, 9, 11, 17, 10, 12, 21, 20, 22, 14]
[5, 6553, 10, 12, 14, 7, 8, 12, 14, 9, 7, 11, 13, 11, 15, 9, 12, 8]
[5, 6553, 14, 6, 21, 8, 15, 7, 7, 7, 16, 14, 17, 15, 3, 12, 9, 25]
[5, 6553, 17, 13, 13, 10, 13, 14, 9, 16, 16, 16, 12, 11, 9, 14, 19, 10]
[5, 6553, 12, 17, 12, 14, 10, 10, 21, 10, 17, 16, 16, 13, 11, 10, 8, 8]
[5, 6553, 9, 2, 8, 3, 17, 25, 9, 18, 6, 14, 7, 7, 14, 9, 8, 8]
[5, 6553, 8, 9, 13, 13, 12, 9, 17, 11, 11, 12, 6, 19, 18, 15, 20, 13]
[5, 6553, 8, 11, 28, 23, 3, 16, 15, 13, 12, 12, 13, 8, 15, 18, 8, 13]
[5, 6553, 15, 10, 13, 10, 20, 18, 13, 5, 17, 17, 9, 5, 20, 9, 21, 14]
[5, 6553, 10, 8, 12, 9, 13, 6, 8, 7, 5, 11, 12, 10, 12, 13, 25, 20]
[5, 6553, 7, 14, 14, 5, 16, 9, 5, 13, 16, 7, 18, 13, 13, 18, 13, 7]
[5, 6553, 12, 11, 6, 12, 7, 19, 12, 14, 11, 11, 3, 5, 9, 17, 8, 24]
[5, 6553, 21, 8, 20, 13, 12, 5, 13, 16, 8, 12, 11, 15, 7, 12, 10, 5]
[5, 6553, 5, 20, 19, 8, 17, 18, 6, 6, 15, 10, 13, 10, 13, 12, 13, 10]
[5, 6553, 15, 17, 11, 11, 2, 18, 12, 10, 17, 9, 14, 13, 19, 6, 12, 12]
[5, 6553, 3, 10, 14, 12, 14, 14, 10, 8, 13, 14, 12, 18, 7, 29, 13, 8]
[5, 6553, 17, 14, 11, 12, 13, 12, 7, 11, 10, 8, 9, 10, 12, 7, 24, 7]
[5, 6553, 21, 13, 9, 15, 12, 15, 5, 11, 18, 9, 10, 14, 8, 21, 10, 17]
[5, 6553, 6, 7, 13, 6, 11, 25, 6, 9, 10, 6, 15, 24, 10, 13, 23, 15]
[5, 6553, 10, 12, 6, 20, 15, 11, 4, 18, 13, 10, 10, 14, 19, 10, 8, 12]
[5, 6553, 18, 23, 7, 8, 10, 5, 17, 10, 17, 6, 6, 19, 13, 14, 5, 6]
[5, 6553, 15, 15, 16, 14, 19, 13, 9, 14, 13, 13, 13, 10, 7, 12, 12, 13]
[5, 6553, 11, 9, 19, 13, 7, 12, 19, 12, 15, 11, 12, 12, 19, 11, 12, 21]
[5, 6553, 8, 12, 4, 17, 4, 14, 11, 8, 10, 20, 7, 17, 17, 10, 16, 10]
[5, 6553, 6, 11, 13, 6, 14, 9, 11, 23, 6, 14, 17, 12, 7, 8, 7, 16]
[5, 6553, 15, 12, 16, 9, 3, 13, 8, 18, 13, 14, 7, 6, 19, 11, 16, 16]
[5, 6553, 14, 11, 7, 18, 17, 13, 14, 23, 16, 16, 8, 13, 18, 9, 6, 17]
[5, 6553, 6, 9, 10, 14, 18, 20, 17, 14, 5, 10, 8, 21, 17, 13, 10, 9]
[5, 6553, 17, 6, 7, 16, 11, 10, 16, 16, 14, 9, 24, 18, 16, 7, 4, 19]
[5, 6553, 8, 16, 12, 6, 10, 6, 9, 6, 8, 27, 10, 10, 15, 14, 10, 3]
[5, 6553, 16, 13, 15, 15, 11, 6, 8, 5, 12, 10, 8, 10, 9, 20, 14, 19]
[5, 6553, 8, 14, 13, 15, 10, 10, 9, 19, 20, 14, 10, 6, 14, 14, 4, 12]
[5, 6553, 8, 14, 14, 11, 10, 5, 8, 15, 7, 12, 11, 11, 18, 15, 20, 12]
[5, 6553, 6, 15, 11, 10, 15, 9, 5, 18, 10, 4, 19, 13, 11, 16, 11, 12]
[5, 6553, 12, 18, 13, 19, 16, 10, 4, 9, 7, 5, 11, 5, 16, 20, 8, 15]
[5, 6553, 12, 25, 6, 4, 10, 13, 24, 8, 7, 24, 10, 13, 14, 20, 9, 8]
[5, 6553, 11, 18, 2, 10, 21, 10, 10, 10, 4, 13, 13, 8, 6, 18, 15, 17]
[5, 6553, 7, 4, 21, 8, 15, 12, 22, 9, 10, 7, 23, 15, 10, 13, 9, 12]
[5, 6553, 17, 20, 16, 20, 15, 13, 17, 2, 9, 14, 13, 4, 6, 13, 10, 0]
[5, 6553, 28, 22, 14, 11, 3, 9, 18, 8, 18, 22, 13, 8, 16, 8, 5, 8]
[5, 6553, 7, 13, 11, 7, 21, 6, 11, 13, 14, 14, 18, 16, 9, 9, 10, 20]
[5, 6553, 3, 12, 5, 15, 8, 6, 15, 6, 13, 17, 16, 11, 12, 12, 13, 6]
[5, 6553, 13, 18, 11, 15, 8, 10, 17, 11, 11, 20, 8, 17, 3, 6, 13, 8]
[5, 6553, 4, 6, 8, 5, 17, 8, 9, 6, 16, 12, 11, 6, 9, 12, 12, 11]
[5, 6553, 15, 13, 10, 13, 20, 14, 12, 21, 12, 23, 11, 13, 14, 20, 10, 9]
[5, 6553, 13, 15, 8, 16, 13, 14, 14, 14, 11, 13, 10, 10, 5, 20, 17, 13]
[5, 6553, 8, 19, 8, 7, 13, 17, 7, 14, 16, 7, 18, 12, 1, 10, 15, 5]
[5, 6553, 16, 12, 21, 14, 13, 6, 14, 19, 13, 10, 14, 13, 14, 9, 8, 20]
[5, 6553, 11, 6, 18, 5, 10, 15, 14, 16, 20, 7, 16, 11, 15, 17, 13, 14]
[5, 6553, 18, 9, 2, 26, 4, 10, 10, 8, 20, 10, 10, 10, 10, 10, 16, 12]
[5, 6553, 13, 12, 10, 9, 13, 3, 7, 4, 17, 14, 17, 17, 1, 9, 27, 12]
[5, 6553, 13, 17, 12, 12, 14, 13, 6, 20, 10, 12, 5, 13, 5, 7, 15, 16]
[5, 6553, 12, 10, 15, 17, 9, 6, 2, 19, 16, 18, 12, 16, 11, 10, 6, 12]
[5, 6553, 10, 6, 8, 10, 13, 14, 24, 8, 18, 9, 17, 13, 11, 10, 16, 20]
[5, 6553, 14, 17, 12, 14, 8, 10, 8, 2, 5, 13, 12, 17, 17, 16, 7, 8]
[5, 6553, 18, 8, 14, 12, 5, 13, 15, 16, 6, 4, 15, 18, 11, 18, 12, 7]
[5, 6553, 9, 7, 11, 9, 14, 11, 15, 9, 13, 9, 20, 7, 9, 11, 17, 9]
[10, 13107, 43, 43, 42, 33, 33, 44, 53, 47, 38, 56, 32, 53, 33, 53, 53, 31]
[10, 13107, 45, 45, 49, 52, 45, 34, 35, 36, 39, 46, 59, 48, 44, 42, 47, 48]
[10, 13107, 54, 37, 48, 45, 35, 30, 48, 32, 25, 44, 42, 40, 43, 40, 60, 53]
[10, 13107, 41, 36, 22, 40, 32, 49, 43, 54, 44, 55, 43, 47, 50, 46, 42, 21]
[10, 13107, 43, 41, 49, 42, 52, 47, 50, 36, 36, 55, 46, 48, 41, 37, 37, 29]
[10, 13107, 51, 30, 44, 44, 55, 39, 39, 53, 36, 59, 46, 47, 48, 44, 59, 59]
[10, 13107, 48, 50, 57, 63, 43, 43, 57, 41, 54, 57, 43, 36, 39, 44, 55, 36]
[10, 13107, 37, 48, 47, 55, 43, 33, 54, 37, 36, 37, 69, 54, 50, 59, 43, 55]
[10, 13107, 35, 33, 30, 51, 74, 55, 43, 43, 30, 44, 45, 60, 44, 34, 56, 53]
[10, 13107, 53, 33, 50, 56, 56, 46, 45, 27, 47, 43, 40, 34, 43, 50, 44, 32]
[10, 13107, 35, 34, 31, 56, 53, 45, 45, 46, 50, 46, 42, 63, 43, 34, 28, 50]
[10, 13107, 47, 40, 55, 52, 29, 38, 45, 54, 59, 53, 69, 53, 51, 28, 35, 49]
[10, 13107, 41, 44, 32, 58, 40, 47, 38, 38, 43, 46, 37, 55, 38, 53, 58, 40]
[10, 13107, 38, 40, 33, 47, 38, 23, 38, 48, 59, 50, 53, 51, 53, 45, 47, 61]
[10, 13107, 31, 38, 38, 38, 27, 50, 36, 39, 46, 52, 49, 48, 48, 54, 57, 45]
[10, 13107, 42, 51, 30, 45, 41, 27, 35, 38, 58, 64, 40, 35, 51, 36, 42, 29]
[10, 13107, 61, 47, 49, 68, 48, 43, 37, 41, 56, 73, 34, 31, 42, 42, 35, 49]
[10, 13107, 56, 29, 46, 35, 39, 30, 44, 36, 44, 48, 43, 43, 53, 46, 30, 39]
[10, 13107, 41, 35, 54, 49, 51, 44, 48, 44, 52, 39, 46, 51, 46, 44, 48, 39]
[10, 13107, 42, 33, 38, 42, 41, 24, 44, 60, 53, 34, 46, 70, 35, 42, 37, 58]
[10, 13107, 47, 65, 53, 50, 51, 57, 43, 50, 52, 41, 61, 43, 48, 43, 23, 68]
[10, 13107, 51, 33, 54, 48, 43, 30, 52, 39, 45, 60, 37, 56, 42, 48, 46, 45]
[10, 13107, 43, 31, 54, 47, 45, 48, 38, 31, 67, 41, 62, 62, 39, 33, 36, 48]
[10, 13107, 35, 38, 39, 46, 37, 39, 43, 30, 63, 44, 44, 28, 43, 37, 56, 26]
[10, 13107, 45, 42, 33, 48, 36, 46, 56, 62, 33, 32, 44, 27, 39, 39, 55, 57]
[10, 13107, 62, 49, 55, 37, 31, 43, 29, 61, 51, 44, 55, 39, 50, 33, 48, 27]
[10, 13107, 57, 43, 35, 61, 36, 39, 53, 54, 45, 37, 40, 56, 46, 60, 62, 45]
[10, 13107, 48, 40, 38, 49, 32, 44, 34, 46, 41, 61, 67, 43, 40, 42, 31, 44]
[10, 13107, 48, 69, 33, 41, 36, 50, 42, 41, 50, 54, 23, 42, 37, 48, 40, 53]
[10, 13107, 45, 35, 43, 27, 39, 46, 40, 31, 37, 34, 47, 33, 45, 35, 61, 39]
[10, 13107, 41, 56, 38, 44, 44, 31, 49, 39, 46, 44, 43, 53, 55, 55, 41, 52]
[10, 13107, 49, 45, 43, 37, 23, 44, 58, 18, 35, 52, 39, 35, 49, 52, 39, 32]
[10, 13107, 48, 49, 40, 34, 42, 29, 50, 42, 54, 51, 59, 40, 46, 38, 54, 41]
[10, 13107, 53, 41, 49, 43, 50, 42, 27, 53, 25, 41, 43, 38, 55, 42, 32, 40]
[10, 13107, 42, 58, 47, 41, 57, 39, 33, 37, 52, 39, 37, 33, 46, 38, 55, 42]
[10, 13107, 50, 54, 53, 51, 41, 51, 64, 28, 46, 46, 32, 56, 53, 52, 49, 32]
[10, 13107, 46, 44, 49, 47, 25, 48, 50, 39, 42, 39, 50, 43, 41, 41, 49, 42]
[10, 13107, 50, 48, 34, 41, 62, 45, 33, 17, 51, 30, 36, 39, 37, 39, 45, 66]
[10, 13107, 45, 29, 41, 37, 49, 51, 47, 34, 40, 41, 50, 42, 38, 44, 32, 28]
[10, 13107, 44, 36, 48, 46, 54, 45, 32, 41, 57, 32, 46, 43, 41, 66, 48, 41]
[10, 13107, 30, 47, 46, 38, 58, 39, 35, 30, 49, 41, 29, 37, 67, 40, 39, 62]
[10, 13107, 63, 47, 34, 61, 37, 57, 35, 35, 48, 24, 33, 58, 39, 40, 35, 36]
[10, 13107, 49, 34, 45, 41, 39, 38, 45, 45, 53, 21, 57, 26, 37, 44, 43, 38]
[10, 13107, 44, 41, 45, 32, 45, 39, 39, 46, 41, 53, 42, 45, 60, 51, 40, 54]
[10, 13107, 28, 43, 35, 31, 36, 58, 53, 37, 41, 41, 52, 33, 50, 46, 47, 39]
[10, 13107, 42, 38, 54, 31, 38, 36, 45, 36, 38, 43, 59, 41, 42, 50, 57, 50]
[10, 13107, 45, 31, 40, 30, 45, 47, 43, 37, 51, 48, 42, 43, 37, 59, 49, 36]
[10, 13107, 53, 50, 44, 33, 32, 52, 56, 50, 59, 56, 46, 40, 46, 50, 43, 28]
[10, 13107, 35, 45, 44, 34, 50, 48, 47, 53, 34, 40, 38, 33, 39, 42, 48, 38]
[10, 13107, 36, 39, 55, 43, 41, 36, 41, 34, 43, 50, 29, 46, 57, 52, 50, 37]
[10, 13107, 54, 40, 55, 56, 44, 51, 46, 31, 37, 42, 42, 43, 51, 51, 38, 45]
[10, 13107, 31, 49, 38, 35, 49, 49, 46, 58, 46, 46, 46, 50, 58, 30, 42, 48]
[10, 13107, 40, 40, 35, 48, 49, 43, 47, 33, 45, 41, 39, 43, 62, 39, 53, 46]
[10, 13107, 31, 45, 52, 27, 57, 42, 41, 38, 40, 40, 56, 35, 31, 36, 41, 46]
[10, 13107, 33, 54, 25, 52, 43, 57, 44, 45, 52, 37, 46, 39, 27, 54, 31, 52]
[10, 13107, 52, 32, 54, 44, 45, 50, 46, 43, 36, 28, 38, 36, 26, 53, 34, 29]
[10, 13107, 54, 49, 45, 38, 42, 40, 36, 40, 43, 40, 69, 30, 62, 41, 41, 36]
[10, 13107, 53, 54, 37, 47, 37, 61, 57, 36, 52, 38, 26, 49, 46, 30, 43, 47]
[10, 13107, 34, 39, 52, 41, 44, 41, 57, 40, 45, 44, 24, 39, 38, 58, 46, 37]
[10, 13107, 58, 52, 46, 45, 48, 36, 38, 44, 47, 37, 41, 41, 51, 39, 43, 31]
[10, 13107, 60, 49, 46, 56, 46, 45, 48, 37, 51, 32, 50, 40, 43, 55, 33, 44]
[10, 13107, 23, 26, 44, 25, 37, 53, 49, 40, 54, 35, 39, 58, 64, 45, 63, 51]
[10, 13107, 32, 48, 37, 51, 53, 48, 40, 46, 46, 31, 56, 40, 48, 41, 58, 39]
[10, 13107, 47, 47, 37, 34, 42, 53, 46, 41, 54, 47, 27, 53, 60, 44, 40, 40]
[10, 13107, 51, 44, 40, 41, 51, 47, 34, 58, 57, 49, 32, 47, 33, 61, 53, 37]
[10, 13107, 56, 33, 47, 36, 42, 46, 50, 47, 61, 48, 29, 50, 55, 56, 51, 52]
[10, 13107, 35, 35, 33, 72, 35, 42, 37, 28, 36, 53, 37, 57, 49, 43, 54, 44]
[10, 13107, 50, 35, 50, 54, 41, 37, 33, 71, 33, 42, 57, 41, 31, 53, 42, 56]
[10, 13107, 42, 45, 54, 30, 40, 34, 53, 52, 29, 41, 31, 56, 49, 51, 42, 50]
[10, 13107, 37, 41, 25, 50, 44, 52, 41, 52, 45, 62, 44, 35, 46, 40, 39, 52]
[10, 13107, 48, 27, 51, 48, 43, 54, 49, 38, 33, 52, 45, 51, 60, 43, 43, 37]
[10, 13107, 53, 35, 26, 56, 44, 38, 53, 51, 36, 25, 50, 65, 47, 35, 34, 38]
[10, 13107, 33, 40, 55, 36, 52, 47, 42, 34, 31, 52, 52, 48, 42, 34, 38, 25]
[10, 13107, 54, 53, 47, 40, 45, 31, 51, 43, 35, 56, 36, 69, 40, 52, 34, 48]
[10, 13107, 39, 51, 33, 42, 39, 47, 41, 61, 50, 40, 39, 47, 44, 41, 33, 50]
[10, 13107, 41, 51, 46, 40, 37, 46, 25, 51, 41, 40, 36, 45, 62, 45, 58, 43]
[10, 13107, 47, 46, 55, 58, 35, 49, 33, 58, 46, 40, 37, 43, 29, 43, 41, 45]
[10, 13107, 48, 48, 41, 60, 56, 46, 29, 29, 44, 30, 40, 40, 62, 36, 49, 46]
[10, 13107, 41, 40, 35, 34, 34, 48, 57, 36, 38, 75, 47, 44, 45, 53, 45, 34]
[10, 13107, 46, 47, 29, 46, 45, 44, 47, 43, 31, 41, 58, 48, 18, 45, 41, 49]
[10, 13107, 33, 42, 57, 42, 46, 42, 55, 43, 37, 62, 63, 38, 34, 39, 37, 47]
[10, 13107, 40, 37, 44, 57, 47, 37, 60, 36, 31, 42, 51, 44, 34, 48, 36, 28]
[10, 13107, 50, 54, 49, 34, 31, 40, 48, 32, 50, 50, 51, 57, 40, 25, 45, 41]
[10, 13107, 43, 38, 54, 38, 52, 55, 51, 49, 59, 55, 52, 52, 48, 34, 40, 51]
[10, 13107, 27, 43, 21, 42, 26, 30, 53, 20, 50, 61, 38, 39, 40, 56, 48, 35]
[10, 13107, 45, 39, 48, 49, 36, 42, 64, 42, 43, 50, 41, 41, 41, 22, 56, 46]
[10, 13107, 28, 40, 38, 40, 58, 42, 33, 27, 48, 46, 42, 35, 34, 34, 44, 63]
[10, 13107, 45, 35, 42, 43, 51, 39, 51, 56, 42, 45, 37, 47, 32, 45, 34, 42]
[10, 13107, 44, 50, 43, 43, 31, 42, 51, 57, 49, 42, 39, 37, 47, 40, 52, 46]
[10, 13107, 48, 39, 41, 28, 40, 62, 43, 43, 56, 46, 30, 53, 50, 41, 59, 49]
[10, 13107, 60, 62, 63, 50, 41, 39, 40, 54, 53, 46, 44, 56, 47, 48, 30, 57]
[10, 13107, 47, 30, 54, 23, 43, 51, 32, 51, 57, 44, 47, 53, 51, 37, 35, 47]
[10, 13107, 50, 48, 25, 56, 26, 36, 34, 49, 43, 40, 36, 40, 43, 36, 42, 40]
[10, 13107, 57, 46, 35, 41, 52, 17, 33, 35, 43, 44, 50, 51, 22, 32, 51, 37]
[10, 13107, 40, 66, 57, 45, 62, 26, 28, 51, 48, 41, 39, 58, 23, 29, 42, 39]
[10, 13107, 35, 46, 45, 33, 41, 19, 43, 50, 53, 48, 50, 54, 33, 35, 36, 41]
[10, 13107, 35, 41, 45, 35, 42, 54, 49, 42, 40, 48, 74, 38, 55, 38, 43, 58]
[10, 13107, 45, 58, 27, 48, 40, 41, 37, 42, 32, 44, 48, 44, 51, 51, 40, 39]
[10, 13107, 48, 57, 48, 42, 38, 40, 52, 46, 46, 27, 48, 45, 47, 49, 43, 34]
[10, 13107, 42, 38, 43, 43, 34, 52, 50, 28, 50, 44, 45, 57, 51, 51, 39, 49]
[15, 19660, 92, 72, 98, 91, 72, 105, 92, 88, 69, 107, 82, 92, 74, 106, 108, 72]
[15, 19660, 101, 92, 97, 100, 84, 96, 69, 81, 100, 86, 108, 103, 81, 107, 111, 89]
[15, 19660, 92, 86, 99, 73, 79, 70, 98, 87, 97, 87, 99, 82, 74, 94, 103, 127]
[15, 19660, 97, 118, 81, 108, 90, 100, 92, 93, 94, 89, 105, 83, 108, 81, 109, 97]
[15, 19660, 108, 85, 111, 94, 113, 97, 109, 89, 97, 107, 105, 101, 97, 91, 93, 65]
[15, 19660, 97, 94, 99, 78, 127, 95, 100, 88, 98, 93, 90, 107, 104, 110, 105, 139]
[15, 19660, 106, 115, 102, 106, 82, 86, 96, 105, 108, 109, 95, 95, 115, 88, 96, 107]
[15, 19660, 74, 84, 103, 114, 92, 89, 95, 94, 102, 85, 113, 111, 115, 122, 94, 134]
[15, 19660, 76, 74, 95, 111, 119, 107, 89, 100, 77, 98, 77, 111, 90, 106, 104, 95]
[15, 19660, 110, 92, 91, 109, 103, 86, 103, 67, 87, 102, 102, 83, 99, 80, 110, 86]
[15, 19660, 75, 83, 97, 99, 97, 74, 101, 98, 105, 113, 85, 103, 120, 75, 66, 120]
[15, 19660, 111, 93, 112, 123, 78, 73, 84, 97, 116, 94, 129, 110, 112, 67, 81, 91]
[15, 19660, 78, 106, 80, 102, 86, 89, 90, 78, 107, 104, 79, 88, 112, 96, 103, 74]
[15, 19660, 79, 97, 72, 94, 87, 76, 85, 107, 107, 89, 115, 91, 105, 86, 83, 113]
[15, 19660, 69, 82, 84, 85, 71, 101, 75, 96, 87, 119, 91, 102, 93, 121, 104, 89]
[15, 19660, 87, 91, 93, 99, 85, 86, 107, 74, 106, 113, 101, 90, 103, 102, 110, 85]
[15, 19660, 125, 112, 101, 137, 118, 82, 74, 92, 117, 124, 94, 82, 91, 99, 87, 99]
[15, 19660, 110, 89, 94, 83, 102, 81, 73, 97, 89, 96, 101, 78, 107, 78, 89, 76]
[15, 19660, 86, 93, 89, 112, 99, 90, 134, 80, 97, 98, 110, 103, 104, 82, 106, 120]
[15, 19660, 95, 87, 94, 95, 110, 80, 88, 105, 112, 81, 80, 125, 78, 93, 88, 107]
[15, 19660, 96, 113, 120, 103, 99, 108, 97, 113, 108, 88, 116, 83, 105, 83, 74, 117]
[15, 19660, 103, 82, 119, 92, 97, 82, 113, 98, 96, 111, 101, 96, 105, 103, 106, 94]
[15, 19660, 86, 102, 94, 97, 81, 90, 104, 86, 102, 91, 111, 111, 81, 72, 95, 103]
[15, 19660, 72, 73, 79, 98, 83, 84, 82, 90, 105, 107, 93, 95, 103, 84, 110, 67]
[15, 19660, 106, 87, 76, 102, 97, 101, 114, 110, 60, 84, 89, 69, 104, 90, 107, 99]
[15, 19660, 98, 94, 103, 89, 76, 93, 82, 116, 101, 115, 94, 66, 116, 77, 95, 108]
[15, 19660, 110, 83, 80, 101, 72, 88, 96, 119, 95, 103, 89, 103, 105, 102, 112, 90]
[15, 19660, 84, 98, 103, 97, 87, 94, 83, 97, 97, 105, 134, 86, 87, 102, 85, 115]
[15, 19660, 99, 112, 76, 91, 76, 99, 102, 108, 93, 123, 77, 90, 70, 81, 91, 108]
[15, 19660, 94, 98, 96, 75, 100, 105, 82, 80, 83, 81, 101, 79, 88, 75, 123, 89]
[15, 19660, 92, 103, 93, 98, 96, 67, 101, 81, 95, 108, 77, 84, 90, 95, 90, 101]
[15, 19660, 109, 98, 104, 76, 90, 90, 103, 53, 110, 112, 91, 87, 100, 99, 90, 66]
[15, 19660, 103, 89, 69, 82, 82, 78, 116, 105, 125, 106, 109, 81, 116, 85, 95, 77]
[15, 19660, 100, 106, 89, 95, 105, 88, 57, 104, 94, 87, 84, 95, 86, 111, 81, 86]
[15, 19660, 81, 141, 110, 94, 105, 85, 55, 85, 108, 104, 92, 86, 95, 98, 98, 94]
[15, 19660, 100, 127, 93, 109, 89, 111, 134, 71, 98, 113, 64, 103, 99, 99, 91, 64]
[15, 19660, 97, 80, 113, 115, 81, 93, 78, 101, 107, 77, 125, 103, 68, 105, 107, 94]
[15, 19660, 106, 112, 107, 91, 115, 100, 90, 48, 103, 74, 99, 90, 86, 86, 78, 131]
[15, 19660, 80, 66, 90, 76, 95, 102, 107, 78, 79, 69, 107, 88, 96, 93, 82, 84]
[15, 19660, 89, 91, 113, 111, 99, 111, 63, 100, 128, 92, 81, 82, 98, 95, 99, 79]
[15, 19660, 87, 96, 104, 80, 96, 98, 81, 68, 108, 92, 73, 112, 117, 81, 88, 107]
[15, 19660, 107, 102, 86, 106, 88, 103, 82, 85, 106, 62, 91, 98, 86, 105, 93, 69]
[15, 19660, 95, 80, 108, 97, 92, 70, 107, 104, 101, 82, 99, 72, 75, 75, 91, 98]
[15, 19660, 100, 100, 104, 91, 104, 99, 92, 87, 98, 106, 77, 94, 112, 113, 90, 108]
[15, 19660, 75, 88, 85, 84, 101, 120, 106, 86, 94, 98, 97, 75, 104, 102, 95, 89]
[15, 19660, 96, 74, 82, 77, 84, 76, 101, 87, 95, 104, 110, 81, 68, 102, 109, 108]
[15, 19660, 78, 85, 78, 83, 88, 93, 99, 93, 86, 83, 87, 101, 94, 101, 100, 93]
[15, 19660, 105, 94, 109, 84, 87, 112, 113, 92, 121, 106, 78, 88, 94, 102, 99, 90]
[15, 19660, 80, 102, 100, 80, 121, 80, 92, 113, 86, 88, 101, 73, 85, 86, 96, 96]
[15, 19660, 80, 102, 82, 81, 98, 99, 101, 89, 74, 112, 93, 93, 101, 104, 100, 70]
[15, 19660, 115, 91, 103, 91, 99, 85, 95, 86, 104, 95, 97, 84, 97, 104, 99, 72]
[15, 19660, 81, 103, 67, 78, 94, 99, 89, 107, 72, 92, 99, 108, 113, 91, 82, 101]
[15, 19660, 101, 77, 78, 113, 103, 106, 90, 84, 96, 74, 98, 101, 119, 76, 122, 88]
[15, 19660, 77, 94, 103, 69, 108, 97, 103, 92, 98, 87, 103, 81, 71, 90, 111, 82]
[15, 19660, 75, 105, 83, 102, 77, 96, 102, 98, 110, 75, 89, 91, 75, 117, 73, 109]
[15, 19660, 97, 99, 110, 92, 100, 105, 102, 99, 83, 65, 77, 87, 69, 97, 93, 82]
[15, 19660, 113, 106, 86, 101, 92, 82, 81, 94, 94, 91, 139, 73, 111, 84, 95, 92]
[15, 19660, 110, 101, 91, 112, 91, 102, 99, 92, 126, 87, 81, 110, 86, 87, 92, 92]
[15, 19660, 65, 86, 105, 81, 94, 108, 128, 94, 115, 82, 62, 107, 86, 108, 108, 86]
[15, 19660, 89, 100, 90, 98, 89, 79, 85, 106, 97, 86, 97, 88, 101, 104, 89, 82]
[15, 19660, 121, 103, 117, 92, 105, 79, 97, 120, 103, 86, 94, 83, 102, 105, 73, 95]
[15, 19660, 66, 68, 97, 81, 75, 102, 114, 100, 103, 100, 92, 114, 117, 87, 118, 102]
[15, 19660, 105, 111, 99, 110, 96, 93, 88, 108, 80, 97, 94, 85, 115, 101, 99, 79]
[15, 19660, 92, 113, 91, 65, 92, 113, 95, 85, 94, 119, 77, 108, 98, 117, 99, 99]
[15, 19660, 94, 89, 82, 85, 94, 92, 81, 117, 127, 99, 99, 83, 78, 123, 119, 84]
[15, 19660, 113, 84, 97, 89, 98, 91, 84, 106, 106, 101, 86, 103, 101, 117, 95, 118]
[15, 19660, 78, 92, 86, 117, 79, 106, 94, 89, 75, 88, 78, 108, 109, 101, 114, 97]
[15, 19660, 89, 93, 110, 100, 99, 82, 69, 117, 89, 104, 102, 107, 73, 100, 81, 95]
[15, 19660, 100, 86, 106, 72, 91, 91, 98, 115, 76, 97, 72, 108, 98, 110, 110, 95]
[15, 19660, 98, 98, 63, 108, 89, 90, 114, 95, 97, 114, 92, 98, 113, 93, 81, 95]
[15, 19660, 88, 97, 107, 90, 87, 105, 85, 99, 82, 107, 98, 98, 106, 83, 74, 81]
[15, 19660, 85, 98, 87, 102, 99, 90, 112, 97, 83, 73, 102, 119, 105, 83, 72, 89]
[15, 19660, 74, 103, 113, 84, 100, 98, 94, 70, 90, 93, 107, 93, 103, 91, 89, 57]
[15, 19660, 112, 114, 90, 78, 96, 84, 111, 104, 91, 103, 86, 124, 83, 88, 77, 112]
[15, 19660, 96, 99, 90, 82, 87, 130, 96, 109, 108, 91, 80, 81, 104, 80, 78, 105]
[15, 19660, 86, 98, 102, 102, 105, 86, 97, 108, 103, 101, 76, 109, 119, 95, 107, 89]
[15, 19660, 98, 101, 105, 130, 102, 83, 80, 101, 86, 98, 90, 93, 62, 80, 94, 85]
[15, 19660, 93, 111, 85, 109, 107, 98, 69, 77, 104, 77, 87, 82, 104, 90, 103, 84]
[15, 19660, 99, 80, 86, 89, 76, 95, 102, 92, 104, 102, 101, 82, 99, 87, 81, 68]
[15, 19660, 105, 93, 60, 107, 95, 91, 100, 88, 85, 85, 115, 105, 71, 96, 84, 93]
[15, 19660, 68, 93, 100, 72, 81, 89, 123, 106, 85, 110, 122, 89, 88, 96, 86, 99]
[15, 19660, 92, 82, 92, 94, 108, 89, 98, 72, 65, 95, 106, 94, 92, 107, 82, 95]
[15, 19660, 105, 100, 90, 76, 83, 99, 108, 74, 101, 124, 110, 100, 80, 67, 118, 92]
[15, 19660, 97, 73, 100, 107, 95, 108, 100, 101, 123, 104, 104, 92, 101, 69, 93, 95]
[15, 19660, 85, 105, 66, 94, 68, 80, 93, 76, 109, 115, 104, 106, 98, 98, 83, 68]
[15, 19660, 80, 95, 92, 90, 98, 84, 111, 104, 93, 88, 108, 61, 100, 88, 114, 90]
[15, 19660, 62, 100, 81, 96, 110, 103, 97, 71, 101, 81, 84, 100, 87, 77, 88, 108]
[15, 19660, 95, 71, 89, 95, 111, 79, 96, 104, 99, 99, 78, 88, 74, 92, 91, 84]
[15, 19660, 107, 89, 84, 105, 71, 89, 98, 103, 103, 101, 92, 77, 85, 62, 85, 109]
[15, 19660, 90, 95, 97, 70, 103, 102, 82, 109, 93, 84, 99, 104, 113, 79, 106, 125]
[15, 19660, 107, 131, 105, 99, 101, 79, 85, 110, 108, 89, 87, 98, 103, 100, 73, 114]
[15, 19660, 111, 84, 90, 75, 95, 107, 70, 87, 113, 106, 101, 109, 86, 83, 86, 98]
[15, 19660, 114, 98, 79, 123, 76, 98, 116, 112, 77, 105, 86, 111, 91, 96, 95, 98]
[15, 19660, 110, 101, 93, 86, 94, 55, 80, 76, 90, 110, 91, 95, 69, 86, 94, 91]
[15, 19660, 80, 114, 108, 91, 114, 67, 74, 129, 94, 89, 108, 89, 61, 79, 81, 96]
[15, 19660, 102, 94, 110, 66, 90, 64, 93, 93, 97, 97, 96, 119, 86, 88, 83, 97]
[15, 19660, 92, 98, 90, 87, 97, 114, 98, 98, 99, 102, 129, 69, 113, 111, 86, 106]
[15, 19660, 107, 101, 93, 97, 91, 89, 80, 88, 64, 107, 90, 101, 102, 101, 92, 84]
[15, 19660, 92, 107, 84, 92, 94, 74, 118, 109, 77, 82, 88, 86, 95, 89, 86, 92]
[15, 19660, 101, 98, 93, 111, 83, 93, 83, 92, 99, 93, 109, 90, 91, 93, 72, 84]
[20, 26214, 159, 158, 144, 189, 142, 169, 157, 147, 128, 145, 169, 168, 142, 183, 177, 134]
[20, 26214, 176, 154, 164, 182, 136, 169, 131, 138, 174, 130, 185, 173, 152, 184, 178, 165]
[20, 26214, 186, 149, 170, 122, 131, 130, 179, 152, 166, 161, 183, 156, 149, 156, 174, 191]
[20, 26214, 170, 197, 150, 172, 151, 144, 166, 154, 180, 158, 195, 141, 182, 153, 145, 149]
[20, 26214, 163, 153, 169, 165, 168, 175, 166, 156, 164, 186, 160, 165, 159, 171, 153, 160]
[20, 26214, 173, 180, 153, 161, 213, 184, 177, 173, 160, 158, 151, 173, 176, 181, 172, 212]
[20, 26214, 187, 200, 177, 148, 155, 161, 170, 169, 170, 187, 152, 166, 188, 147, 151, 207]
[20, 26214, 134, 147, 169, 187, 163, 146, 157, 162, 159, 154, 179, 187, 189, 190, 158, 188]
[20, 26214, 131, 142, 154, 198, 182, 177, 164, 152, 124, 183, 150, 199, 155, 169, 155, 149]
[20, 26214, 153, 157, 160, 173, 163, 147, 158, 130, 156, 177, 172, 131, 170, 149, 176, 139]
[20, 26214, 141, 160, 172, 159, 159, 158, 162, 157, 174, 175, 135, 146, 180, 144, 137, 188]
[20, 26214, 171, 159, 168, 191, 144, 126, 150, 145, 190, 153, 221, 205, 192, 140, 137, 158]
[20, 26214, 142, 182, 140, 175, 174, 155, 168, 136, 168, 170, 144, 160, 201, 145, 173, 129]
[20, 26214, 125, 195, 150, 176, 142, 141, 156, 200, 184, 171, 182, 169, 186, 166, 155, 185]
[20, 26214, 138, 138, 154, 144, 132, 181, 127, 162, 158, 208, 172, 160, 175, 190, 190, 163]
[20, 26214, 175, 154, 175, 171, 165, 140, 173, 140, 164, 196, 161, 176, 161, 173, 184, 161]
[20, 26214, 177, 190, 169, 207, 184, 126, 161, 158, 187, 188, 174, 144, 146, 186, 165, 149]
[20, 26214, 179, 152, 159, 161, 175, 141, 127, 159, 149, 163, 170, 124, 187, 156, 181, 154]
[20, 26214, 146, 178, 156, 175, 198, 166, 173, 132, 166, 165, 164, 186, 171, 155, 167, 176]
[20, 26214, 154, 156, 178, 191, 201, 147, 155, 174, 175, 131, 160, 185, 174, 151, 147, 167]
[20, 26214, 187, 187, 203, 169, 175, 166, 158, 190, 196, 148, 185, 161, 173, 148, 140, 185]
[20, 26214, 168, 140, 181, 168, 157, 145, 178, 178, 134, 168, 172, 150, 175, 183, 182, 165]
[20, 26214, 155, 181, 154, 157, 149, 154, 175, 137, 195, 171, 185, 194, 152, 132, 166, 167]
[20, 26214, 146, 162, 145, 157, 132, 183, 180, 164, 195, 177, 164, 139, 166, 130, 194, 123]
[20, 26214, 158, 167, 132, 177, 154, 158, 190, 168, 114, 165, 143, 143, 170, 160, 181, 167]
[20, 26214, 175, 169, 185, 161, 150, 159, 129, 199, 177, 174, 175, 129, 191, 140, 166, 160]
[20, 26214, 205, 168, 126, 160, 144, 144, 157, 171, 173, 177, 157, 172, 143, 181, 176, 173]
[20, 26214, 175, 165, 181, 177, 164, 167, 153, 153, 178, 177, 203, 147, 146, 159, 140, 186]
[20, 26214, 160, 196, 146, 148, 140, 196, 194, 165, 158, 207, 134, 161, 126, 157, 156, 174]
[20, 26214, 164, 146, 150, 172, 163, 179, 153, 150, 139, 143, 174, 135, 153, 144, 198, 157]
[20, 26214, 165, 187, 146, 173, 161, 133, 169, 160, 180, 185, 137, 152, 168, 160, 170, 173]
[20, 26214, 170, 166, 167, 150, 142, 175, 168, 118, 180, 191, 157, 168, 162, 175, 148, 146]
[20, 26214, 190, 168, 139, 172, 159, 154, 188, 165, 176, 158, 182, 147, 173, 159, 154, 152]
[20, 26214, 153, 199, 156, 172, 174, 131, 118, 167, 171, 169, 157, 166, 150, 179, 148, 140]
[20, 26214, 164, 208, 165, 160, 167, 138, 131, 145, 180, 168, 167, 158, 149, 157, 162, 154]
[20, 26214, 179, 202, 175, 176, 169, 186, 221, 139, 168, 170, 143, 171, 158, 160, 142, 116]
[20, 26214, 148, 159, 170, 169, 147, 169, 151, 164, 172, 149, 195, 162, 138, 158, 158, 168]
[20, 26214, 166, 180, 181, 145, 192, 190, 160, 106, 163, 167, 155, 162, 154, 145, 157, 204]
[20, 26214, 163, 125, 170, 144, 177, 203, 174, 156, 136, 128, 173, 162, 159, 145, 145, 162]
[20, 26214, 148, 175, 186, 181, 181, 186, 150, 163, 190, 159, 144, 171, 155, 162, 187, 145]
[20, 26214, 181, 174, 160, 163, 147, 163, 140, 120, 189, 159, 160, 186, 198, 154, 167, 170]
[20, 26214, 209, 168, 144, 183, 145, 171, 169, 149, 166, 144, 171, 154, 161, 171, 138, 118]
[20, 26214, 157, 155, 201, 156, 159, 138, 177, 187, 156, 153, 173, 124, 131, 156, 151, 180]
[20, 26214, 164, 173, 188, 149, 195, 175, 158, 160, 144, 180, 139, 149, 173, 186, 154, 177]
[20, 26214, 144, 167, 178, 132, 170, 197, 183, 166, 179, 132, 175, 142, 186, 167, 184, 144]
[20, 26214, 167, 130, 167, 151, 161, 181, 175, 139, 173, 168, 189, 154, 120, 165, 182, 174]
[20, 26214, 145, 175, 140, 159, 167, 140, 181, 165, 159, 152, 145, 170, 163, 153, 171, 169]
[20, 26214, 172, 169, 167, 152, 170, 193, 179, 162, 185, 177, 145, 149, 167, 157, 157, 142]
[20, 26214, 133, 178, 160, 132, 175, 136, 155, 183, 158, 174, 161, 146, 161, 151, 190, 155]
[20, 26214, 128, 155, 131, 141, 172, 151, 175, 152, 174, 172, 141, 152, 157, 170, 180, 145]
[20, 26214, 173, 147, 177, 161, 174, 166, 145, 155, 168, 194, 175, 167, 150, 176, 159, 150]
[20, 26214, 134, 170, 131, 139, 144, 175, 179, 182, 139, 165, 159, 180, 184, 145, 148, 153]
[20, 26214, 178, 159, 154, 187, 170, 179, 146, 163, 156, 129, 171, 170, 185, 151, 200, 153]
[20, 26214, 137, 147, 184, 142, 146, 166, 174, 163, 163, 172, 159, 165, 123, 175, 190, 155]
[20, 26214, 148, 177, 155, 152, 150, 150, 182, 164, 184, 132, 135, 144, 136, 189, 141, 164]
[20, 26214, 181, 188, 183, 171, 173, 170, 155, 153, 143, 124, 155, 140, 148, 168, 161, 146]
[20, 26214, 170, 174, 137, 186, 150, 147, 155, 179, 180, 181, 208, 120, 161, 161, 172, 178]
[20, 26214, 193, 173, 147, 178, 150, 180, 179, 169, 198, 140, 141, 172, 133, 158, 168, 155]
[20, 26214, 126, 160, 172, 160, 162, 178, 192, 175, 175, 155, 123, 165, 168, 181, 179, 151]
[20, 26214, 147, 155, 152, 162, 162, 148, 175, 163, 167, 159, 162, 158, 173, 180, 160, 167]
[20, 26214, 195, 168, 172, 159, 173, 149, 169, 195, 186, 156, 163, 152, 160, 189, 134, 160]
[20, 26214, 123, 125, 164, 144, 149, 185, 165, 190, 178, 173, 161, 194, 201, 160, 204, 184]
[20, 26214, 186, 153, 148, 173, 157, 162, 157, 157, 130, 179, 175, 169, 167, 195, 176, 149]
[20, 26214, 161, 180, 174, 139, 164, 175, 147, 182, 151, 191, 128, 175, 175, 189, 176, 196]
[20, 26214, 197, 148, 146, 137, 177, 161, 155, 189, 212, 150, 169, 155, 150, 173, 192, 148]
[20, 26214, 184, 164, 157, 157, 130, 160, 164, 177, 173, 166, 169, 171, 175, 186, 138, 201]
[20, 26214, 150, 169, 162, 183, 146, 182, 174, 144, 138, 135, 147, 196, 172, 185, 191, 160]
[20, 26214, 158, 167, 179, 142, 189, 159, 143, 192, 160, 164, 155, 170, 133, 183, 146, 160]
[20, 26214, 176, 148, 173, 136, 158, 163, 150, 180, 156, 163, 144, 167, 185, 155, 175, 164]
[20, 26214, 165, 164, 129, 163, 153, 147, 202, 153, 163, 155, 153, 160, 197, 173, 127, 153]
[20, 26214, 176, 153, 179, 151, 164, 176, 157, 163, 137, 179, 147, 177, 187, 144, 136, 153]
[20, 26214, 154, 180, 158, 180, 156, 159, 149, 175, 163, 156, 169, 182, 166, 152, 149, 149]
[20, 26214, 147, 178, 188, 142, 156, 163, 171, 139, 145, 159, 174, 171, 177, 169, 174, 109]
[20, 26214, 179, 196, 151, 165, 151, 139, 184, 169, 159, 166, 145, 216, 150, 143, 135, 190]
[20, 26214, 159, 172, 180, 165, 147, 198, 177, 165, 205, 178, 123, 153, 158, 165, 130, 178]
[20, 26214, 188, 172, 173, 179, 175, 147, 165, 168, 170, 172, 160, 196, 171, 170, 179, 146]
[20, 26214, 162, 182, 167, 191, 167, 141, 152, 180, 160, 165, 169, 157, 123, 138, 158, 148]
[20, 26214, 153, 159, 143, 174, 146, 181, 145, 130, 184, 143, 172, 134, 163, 150, 181, 137]
[20, 26214, 174, 154, 148, 149, 136, 167, 173, 170, 162, 153, 170, 152, 186, 156, 151, 125]
[20, 26214, 158, 157, 133, 184, 180, 185, 168, 147, 166, 173, 183, 187, 161, 158, 163, 151]
[20, 26214, 150, 154, 151, 156, 158, 164, 174, 176, 148, 166, 182, 141, 154, 174, 147, 165]
[20, 26214, 181, 160, 170, 179, 177, 157, 158, 137, 141, 161, 182, 160, 171, 178, 158, 160]
[20, 26214, 163, 155, 160, 150, 143, 150, 160, 158, 149, 182, 188, 191, 157, 135, 173, 188]
[20, 26214, 166, 158, 173, 190, 145, 167, 163, 168, 189, 176, 181, 177, 187, 135, 170, 161]
[20, 26214, 153, 181, 145, 150, 125, 147, 160, 148, 170, 177, 165, 212, 178, 188, 149, 130]
[20, 26214, 135, 155, 170, 169, 166, 156, 210, 172, 176, 144, 177, 129, 171, 168, 175, 156]
[20, 26214, 109, 170, 155, 158, 172, 164, 155, 152, 156, 144, 156, 165, 177, 135, 166, 166]
[20, 26214, 161, 140, 151, 147, 185, 149, 167, 172, 167, 184, 151, 144, 152, 167, 169, 142]
[20, 26214, 172, 155, 176, 171, 143, 148, 188, 171, 162, 169, 156, 137, 157, 143, 125, 188]
[20, 26214, 158, 162, 174, 145, 175, 165, 141, 159, 177, 162, 170, 179, 169, 123, 181, 171]
[20, 26214, 185, 204, 181, 163, 168, 171, 157, 169, 179, 153, 154, 153, 168, 158, 147, 181]
[20, 26214, 174, 157, 162, 162, 180, 185, 136, 150, 173, 189, 177, 168, 154, 173, 150, 165]
[20, 26214, 192, 173, 131, 198, 143, 171, 190, 184, 133, 172, 143, 165, 159, 169, 134, 187]
[20, 26214, 173, 173, 173, 184, 155, 100, 157, 160, 149, 175, 156, 158, 136, 128, 149, 177]
[20, 26214, 153, 184, 181, 166, 194, 130, 152, 211, 176, 160, 164, 141, 132, 151, 167, 171]
[20, 26214, 154, 167, 142, 137, 155, 129, 161, 162, 156, 161, 180, 204, 154, 149, 165, 177]
[20, 26214, 176, 146, 152, 136, 163, 200, 178, 180, 153, 184, 224, 153, 180, 163, 140, 171]
[20, 26214, 177, 187, 169, 168, 153, 161, 172, 148, 122, 167, 182, 185, 156, 152, 156, 136]
[20, 26214, 150, 172, 149, 180, 154, 149, 184, 184, 155, 147, 152, 165, 156, 162, 166, 177]
[20, 26214, 188, 171, 153, 179, 159, 149, 157, 164, 190, 159, 187, 153, 166, 171, 123, 145]
[25, 32768, 220, 246, 217, 292, 232, 258, 253, 240, 215, 230, 240, 232, 228, 273, 271, 212]
[25, 32768, 254, 244, 238, 272, 231, 279, 212, 236, 249, 230, 282, 272, 233, 280, 262, 248]
[25, 32768, 262, 243, 271, 187, 214, 218, 257, 239, 268, 244, 248, 238, 223, 258, 262, 290]
[25, 32768, 254, 267, 247, 255, 238, 238, 242, 224, 268, 242, 282, 213, 279, 247, 225, 237]
[25, 32768, 258, 239, 259, 242, 271, 286, 258, 239, 284, 289, 263, 240, 217, 240, 245, 238]
[25, 32768, 253, 262, 229, 246, 302, 267, 269, 253, 234, 254, 238, 268, 248, 285, 263, 293]
[25, 32768, 284, 278, 249, 244, 242, 239, 275, 237, 285, 278, 214, 256, 268, 233, 240, 276]
[25, 32768, 219, 240, 259, 244, 233, 233, 237, 244, 253, 264, 257, 279, 278, 290, 236, 283]
[25, 32768, 197, 229, 235, 282, 263, 278, 246, 234, 209, 250, 237, 291, 233, 225, 253, 235]
[25, 32768, 228, 238, 256, 253, 265, 237, 258, 201, 220, 259, 251, 208, 245, 233, 273, 233]
[25, 32768, 230, 250, 259, 253, 230, 240, 256, 234, 264, 283, 226, 229, 268, 244, 218, 301]
[25, 32768, 294, 241, 277, 266, 220, 194, 239, 244, 249, 235, 297, 298, 296, 230, 214, 246]
[25, 32768, 220, 261, 231, 255, 267, 223, 225, 251, 255, 246, 224, 233, 300, 208, 236, 218]
[25, 32768, 222, 277, 236, 249, 252, 226, 242, 272, 268, 234, 258, 254, 266, 233, 234, 301]
[25, 32768, 215, 221, 222, 218, 224, 297, 209, 250, 247, 276, 271, 229, 257, 290, 284, 245]
[25, 32768, 255, 235, 248, 245, 270, 220, 260, 225, 249, 269, 260, 252, 259, 255, 271, 259]
[25, 32768, 248, 290, 255, 280, 283, 185, 222, 245, 295, 261, 251, 199, 216, 287, 258, 238]
[25, 32768, 262, 234, 249, 238, 233, 232, 230, 266, 253, 234, 268, 208, 260, 251, 270, 232]
[25, 32768, 236, 281, 239, 268, 280, 259, 254, 220, 260, 250, 244, 265, 266, 251, 259, 301]
[25, 32768, 257, 229, 276, 269, 264, 234, 230, 246, 275, 254, 242, 292, 276, 252, 195, 260]
[25, 32768, 263, 296, 268, 250, 239, 261, 255, 296, 294, 245, 293, 231, 263, 233, 230, 286]
[25, 32768, 255, 243, 275, 252, 247, 229, 258, 246, 233, 265, 269, 251, 255, 249, 266, 248]
[25, 32768, 276, 250, 247, 231, 236, 235, 270, 238, 296, 263, 272, 303, 230, 216, 247, 251]
[25, 32768, 235, 241, 224, 256, 198, 294, 263, 254, 294, 257, 245, 232, 224, 200, 261, 220]
[25, 32768, 256, 239, 224, 269, 232, 257, 273, 239, 197, 259, 226, 224, 256, 231, 280, 264]
[25, 32768, 275, 240, 253, 224, 244, 251, 199, 277, 262, 271, 284, 197, 269, 220, 243, 254]
[25, 32768, 293, 259, 194, 225, 238, 211, 224, 262, 263, 262, 221, 267, 245, 259, 269, 258]
[25, 32768, 269, 257, 264, 287, 241, 259, 226, 254, 269, 254, 258, 208, 240, 242, 220, 272]
[25, 32768, 234, 289, 230, 218, 233, 288, 284, 269, 222, 296, 197, 263, 210, 255, 252, 256]
[25, 32768, 274, 252, 241, 255, 225, 250, 261, 220, 226, 233, 248, 231, 250, 237, 275, 248]
[25, 32768, 252, 278, 233, 227, 270, 222, 258, 249, 262, 269, 216, 215, 250, 260, 259, 273]
[25, 32768, 268, 247, 256, 219, 232, 283, 263, 213, 261, 278, 256, 259, 236, 259, 250, 213]
[25, 32768, 270, 249, 226, 275, 252, 236, 285, 254, 258, 248, 289, 225, 244, 232, 221, 247]
[25, 32768, 254, 300, 222, 257, 267, 203, 206, 278, 256, 239, 250, 247, 229, 273, 227, 225]
[25, 32768, 252, 279, 243, 252, 244, 221, 238, 237, 263, 259, 246, 245, 238, 227, 244, 245]
[25, 32768, 276, 280, 243, 277, 262, 271, 314, 230, 251, 276, 221, 259, 235, 251, 242, 199]
[25, 32768, 227, 229, 273, 250, 219, 243, 242, 235, 274, 248, 269, 261, 208, 248, 252, 257]
[25, 32768, 236, 277, 286, 215, 288, 275, 231, 246, 254, 251, 224, 228, 219, 259, 227, 303]
[25, 32768, 257, 194, 262, 249, 276, 320, 255, 250, 221, 220, 268, 259, 237, 223, 258, 241]
[25, 32768, 251, 269, 277, 267, 269, 266, 242, 246, 290, 262, 247, 250, 218, 235, 276, 225]
[25, 32768, 279, 272, 244, 268, 234, 250, 221, 194, 297, 250, 246, 260, 266, 232, 241, 275]
[25, 32768, 286, 253, 240, 275, 230, 271, 268, 219, 234, 232, 245, 232, 240, 252, 211, 202]
[25, 32768, 230, 228, 302, 238, 258, 215, 276, 276, 229, 230, 242, 215, 206, 219, 246, 276]
[25, 32768, 258, 272, 303, 243, 269, 273, 242, 235, 240, 256, 224, 251, 250, 274, 225, 251]
[25, 32768, 251, 258, 274, 219, 266, 287, 280, 250, 269, 214, 262, 224, 246, 252, 255, 232]
[25, 32768, 253, 207, 254, 221, 249, 286, 245, 215, 266, 259, 265, 252, 205, 261, 269, 282]
[25, 32768, 216, 266, 226, 256, 281, 240, 273, 233, 259, 231, 234, 261, 268, 236, 264, 266]
[25, 32768, 257, 234, 282, 235, 263, 279, 274, 259, 267, 252, 208, 244, 247, 237, 265, 217]
[25, 32768, 215, 234, 245, 206, 250, 237, 242, 261, 224, 266, 236, 226, 232, 244, 303, 245]
[25, 32768, 222, 229, 228, 244, 253, 246, 264, 241, 263, 262, 219, 252, 261, 244, 284, 206]
[25, 32768, 253, 221, 257, 277, 272, 234, 249, 253, 229, 277, 263, 262, 214, 249, 244, 222]
[25, 32768, 220, 271, 215, 225, 231, 262, 276, 296, 221, 256, 232, 267, 276, 248, 247, 258]
[25, 32768, 278, 230, 226, 276, 246, 266, 229, 241, 233, 226, 249, 242, 277, 230, 294, 234]
[25, 32768, 236, 228, 266, 215, 221, 242, 272, 252, 266, 273, 232, 248, 200, 261, 274, 267]
[25, 32768, 242, 274, 252, 237, 232, 221, 298, 246, 278, 225, 212, 233, 223, 266, 223, 246]
[25, 32768, 280, 283, 283, 246, 267, 272, 250, 262, 215, 211, 246, 246, 224, 250, 255, 226]
[25, 32768, 255, 257, 226, 255, 233, 234, 261, 265, 271, 277, 279, 212, 242, 236, 229, 273]
[25, 32768, 260, 249, 228, 276, 231, 267, 276, 257, 276, 237, 227, 275, 237, 241, 249, 249]
[25, 32768, 232, 239, 245, 250, 244, 264, 276, 248, 292, 256, 214, 256, 262, 266, 267, 241]
[25, 32768, 224, 260, 225, 244, 249, 234, 254, 243, 261, 242, 265, 252, 271, 279, 244, 252]
[25, 32768, 279, 236, 237, 244, 274, 230, 270, 280, 270, 234, 259, 207, 263, 266, 228, 231]
[25, 32768, 193, 207, 267, 223, 248, 294, 259, 285, 250, 268, 259, 284, 286, 228, 280, 264]
[25, 32768, 267, 260, 241, 260, 240, 240, 231, 241, 198, 271, 257, 248, 249, 258, 250, 240]
[25, 32768, 255, 278, 281, 201, 255, 254, 264, 275, 246, 270, 210, 249, 268, 282, 261, 275]
[25, 32768, 270, 219, 228, 213, 265, 247, 266, 282, 292, 213, 240, 227, 247, 263, 278, 244]
[25, 32768, 259, 248, 265, 228, 189, 224, 251, 243, 252, 250, 256, 238, 241, 282, 260, 295]
[25, 32768, 252, 248, 280, 265, 228, 256, 301, 222, 209, 221, 225, 271, 272, 287, 251, 255]
[25, 32768, 239, 245, 252, 214, 271, 250, 254, 291, 218, 275, 234, 281, 220, 277, 234, 261]
[25, 32768, 278, 255, 277, 221, 265, 270, 228, 254, 229, 245, 233, 246, 273, 225, 259, 238]
[25, 32768, 259, 243, 213, 252, 219, 226, 272, 235, 247, 229, 256, 258, 288, 248, 201, 241]
[25, 32768, 262, 243, 262, 243, 264, 259, 256, 260, 231, 280, 259, 288, 290, 218, 243, 247]
[25, 32768, 230, 264, 247, 260, 239, 239, 227, 256, 239, 251, 258, 281, 309, 243, 266, 208]
[25, 32768, 244, 260, 274, 228, 234, 252, 246, 225, 232, 248, 266, 244, 271, 258, 271, 212]
[25, 32768, 290, 294, 224, 281, 227, 216, 298, 241, 244, 220, 224, 305, 251, 230, 219, 271]
[25, 32768, 241, 265, 262, 249, 235, 277, 263, 247, 300, 268, 220, 213, 228, 259, 226, 243]
[25, 32768, 283, 263, 265, 242, 246, 250, 250, 250, 239, 247, 266, 292, 254, 265, 244, 247]
[25, 32768, 253, 272, 240, 292, 252, 213, 259, 285, 241, 261, 254, 250, 218, 225, 279, 224]
[25, 32768, 230, 241, 205, 285, 233, 256, 235, 241, 292, 228, 266, 227, 258, 252, 287, 236]
[25, 32768, 260, 251, 247, 232, 212, 242, 251, 293, 238, 247, 246, 234, 280, 232, 227, 213]
[25, 32768, 244, 248, 220, 254, 274, 267, 251, 243, 252, 245, 297, 270, 219, 242, 254, 252]
[25, 32768, 245, 255, 253, 231, 260, 241, 249, 262, 213, 259, 263, 194, 225, 284, 227, 264]
[25, 32768, 279, 238, 266, 258, 283, 248, 241, 210, 226, 255, 267, 248, 269, 273, 239, 236]
[25, 32768, 252, 249, 259, 231, 246, 270, 268, 235, 232, 264, 261, 279, 222, 211, 282, 275]
[25, 32768, 232, 248, 271, 274, 228, 252, 251, 254, 261, 269, 272, 258, 296, 245, 262, 245]
[25, 32768, 262, 252, 254, 260, 224, 223, 234, 224, 262, 254, 252, 273, 271, 271, 244, 196]
[25, 32768, 227, 232, 234, 260, 230, 230, 287, 247, 252, 247, 252, 182, 276, 255, 263, 219]
[25, 32768, 200, 252, 234, 237, 252, 251, 247, 237, 233, 239, 249, 279, 278, 240, 261, 257]
[25, 32768, 241, 206, 255, 223, 274, 234, 235, 259, 253, 294, 236, 232, 229, 236, 247, 225]
[25, 32768, 304, 222, 264, 277, 203, 241, 285, 296, 246, 259, 229, 231, 251, 257, 211, 275]
[25, 32768, 230, 226, 250, 236, 276, 233, 238, 265, 249, 254, 232, 250, 265, 198, 273, 261]
[25, 32768, 251, 282, 275, 254, 245, 260, 235, 263, 298, 247, 238, 230, 256, 228, 218, 272]
[25, 32768, 269, 225, 242, 247, 286, 246, 222, 239, 261, 267, 258, 263, 234, 263, 226, 267]
[25, 32768, 273, 266, 235, 287, 215, 260, 279, 271, 209, 245, 213, 263, 248, 246, 224, 263]
[25, 32768, 245, 256, 265, 262, 260, 185, 241, 270, 251, 253, 278, 233, 230, 202, 222, 245]
[25, 32768, 243, 257, 280, 267, 287, 231, 238, 327, 251, 238, 252, 226, 206, 221, 257, 232]
[25, 32768, 244, 231, 230, 222, 258, 212, 244, 223, 250, 250, 273, 303, 248, 226, 249, 278]
[25, 32768, 262, 213, 243, 217, 251, 301, 261, 271, 251, 253, 317, 256, 240, 252, 233, 243]
[25, 32768, 283, 284, 273, 250, 260, 246, 247, 217, 187, 263, 270, 275, 255, 211, 236, 228]
[25, 32768, 226, 274, 241, 273, 217, 234, 252, 287, 233, 227, 231, 239, 246, 263, 260, 270]
[25, 32768, 280, 253, 246, 251, 245, 253, 246, 265, 299, 226, 305, 224, 260, 234, 208, 248]
[30, 39321, 302, 348, 360, 378, 339, 342, 377, 349, 335, 330, 305, 322, 335, 387, 387, 313]
[30, 39321, 349, 350, 339, 371, 346, 397, 329, 334, 380, 324, 376, 379, 334, 401, 348, 353]
[30, 39321, 368, 346, 379, 272, 315, 343, 342, 358, 372, 339, 348, 351, 340, 337, 367, 390]
[30, 39321, 361, 367, 377, 375, 353, 326, 356, 333, 402, 340, 384, 309, 376, 343, 324, 331]
[30, 39321, 367, 353, 348, 331, 378, 387, 388, 310, 416, 383, 343, 358, 352, 315, 351, 325]
[30, 39321, 338, 359, 326, 356, 402, 335, 365, 374, 327, 356, 366, 377, 361, 411, 359, 399]
[30, 39321, 363, 406, 335, 325, 334, 348, 386, 339, 381, 370, 315, 369, 392, 322, 371, 423]
[30, 39321, 319, 328, 364, 314, 337, 369, 339, 355, 347, 349, 392, 358, 362, 383, 338, 396]
[30, 39321, 315, 342, 364, 388, 356, 383, 336, 311, 318, 361, 327, 392, 336, 341, 368, 341]
[30, 39321, 345, 355, 384, 348, 387, 320, 382, 319, 316, 358, 352, 307, 344, 332, 404, 340]
[30, 39321, 328, 357, 390, 386, 358, 344, 340, 333, 358, 366, 318, 321, 359, 355, 340, 421]
[30, 39321, 404, 338, 417, 364, 312, 274, 363, 345, 351, 334, 374, 402, 389, 355, 321, 359]
[30, 39321, 337, 349, 315, 367, 370, 337, 305, 354, 355, 356, 344, 349, 401, 315, 317, 325]
[30, 39321, 348, 378, 341, 346, 377, 324, 346, 386, 373, 343, 338, 362, 419, 358, 332, 407]
[30, 39321, 330, 301, 339, 327, 334, 410, 287, 343, 357, 355, 370, 356, 358, 372, 385, 341]
[30, 39321, 366, 339, 363, 337, 372, 302, 363, 324, 369, 373, 359, 342, 369, 353, 378, 344]
[30, 39321, 333, 384, 358, 387, 384, 309, 345, 354, 370, 370, 371, 301, 314, 383, 380, 348]
[30, 39321, 378, 321, 366, 343, 346, 360, 356, 360, 367, 340, 365, 314, 358, 334, 367, 359]
[30, 39321, 339, 389, 341, 356, 379, 350, 359, 330, 374, 352, 340, 364, 370, 361, 347, 410]
[30, 39321, 371, 329, 383, 369, 389, 323, 325, 356, 380, 384, 359, 373, 406, 370, 276, 352]
[30, 39321, 378, 402, 369, 357, 331, 352, 361, 388, 393, 311, 395, 333, 375, 338, 312, 383]
[30, 39321, 358, 352, 388, 345, 347, 358, 370, 334, 342, 400, 362, 367, 388, 326, 380, 350]
[30, 39321, 395, 344, 348, 362, 337, 330, 356, 342, 375, 372, 390, 415, 342, 292, 330, 346]
[30, 39321, 325, 335, 337, 378, 266, 394, 365, 368, 386, 374, 341, 322, 326, 284, 355, 288]
[30, 39321, 361, 349, 343, 381, 298, 364, 368, 337, 309, 348, 314, 352, 362, 351, 354, 387]
[30, 39321, 389, 343, 340, 325, 345, 351, 316, 403, 378, 351, 390, 295, 401, 300, 329, 352]
[30, 39321, 406, 351, 298, 326, 354, 307, 344, 359, 374, 373, 324, 369, 347, 385, 369, 360]
[30, 39321, 372, 363, 375, 393, 338, 365, 336, 342, 370, 360, 356, 306, 350, 339, 315, 374]
[30, 39321, 315, 392, 340, 320, 311, 426, 398, 365, 349, 401, 285, 355, 344, 361, 354, 353]
[30, 39321, 393, 358, 350, 348, 343, 342, 359, 320, 338, 325, 340, 336, 344, 345, 377, 344]
[30, 39321, 346, 376, 314, 305, 354, 299, 365, 351, 355, 395, 326, 322, 360, 373, 341, 361]
[30, 39321, 367, 339, 369, 294, 317, 410, 384, 305, 374, 362, 378, 376, 347, 371, 334, 299]
[30, 39321, 372, 355, 336, 364, 352, 334, 397, 347, 385, 364, 402, 329, 332, 343, 308, 362]
[30, 39321, 381, 393, 320, 335, 393, 318, 329, 374, 363, 345, 338, 334, 349, 359, 332, 337]
[30, 39321, 358, 384, 350, 366, 350, 333, 323, 325, 341, 369, 335, 341, 352, 370, 368, 373]
[30, 39321, 385, 379, 326, 385, 350, 375, 421, 313, 361, 377, 355, 340, 346, 329, 340, 300]
[30, 39321, 340, 329, 370, 361, 314, 339, 336, 350, 376, 352, 384, 362, 309, 349, 363, 372]
[30, 39321, 340, 363, 388, 317, 395, 359, 338, 376, 325, 381, 331, 361, 323, 337, 335, 411]
[30, 39321, 368, 281, 381, 323, 346, 423, 349, 348, 334, 324, 384, 376, 319, 359, 376, 325]
[30, 39321, 361, 372, 385, 368, 391, 377, 344, 364, 380, 387, 361, 375, 323, 337, 366, 324]
[30, 39321, 386, 393, 332, 355, 333, 346, 341, 284, 417, 363, 333, 329, 376, 335, 359, 381]
[30, 39321, 350, 365, 348, 375, 320, 373, 362, 332, 317, 338, 332, 353, 340, 353, 327, 323]
[30, 39321, 311, 344, 436, 352, 339, 318, 381, 372, 320, 343, 334, 340, 314, 314, 337, 369]
[30, 39321, 360, 387, 409, 382, 351, 382, 341, 330, 324, 343, 319, 365, 360, 386, 323, 366]
[30, 39321, 341, 363, 372, 317, 353, 382, 410, 342, 407, 313, 359, 335, 353, 360, 366, 338]
[30, 39321, 322, 306, 323, 320, 351, 393, 351, 333, 381, 368, 383, 368, 325, 376, 372, 366]
[30, 39321, 297, 382, 344, 346, 364, 370, 365, 349, 363, 344, 333, 382, 353, 360, 351, 361]
[30, 39321, 349, 365, 414, 322, 351, 384, 397, 362, 366, 362, 332, 337, 350, 350, 347, 343]
[30, 39321, 307, 342, 354, 305, 380, 350, 346, 372, 327, 368, 355, 341, 346, 348, 395, 339]
[30, 39321, 346, 349, 319, 359, 370, 321, 387, 335, 337, 380, 343, 372, 343, 380, 368, 315]
[30, 39321, 338, 337, 363, 370, 380, 338, 335, 357, 349, 394, 373, 341, 320, 343, 354, 334]
[30, 39321, 314, 384, 314, 354, 335, 375, 390, 405, 298, 349, 327, 353, 391, 368, 348, 349]
[30, 39321, 379, 351, 350, 363, 355, 371, 344, 358, 329, 328, 354, 341, 369, 320, 395, 337]
[30, 39321, 337, 342, 375, 336, 332, 336, 368, 397, 371, 368, 332, 346, 313, 356, 382, 381]
[30, 39321, 355, 374, 362, 340, 334, 318, 408, 347, 390, 345, 300, 349, 345, 386, 323, 347]
[30, 39321, 367, 393, 379, 358, 362, 364, 361, 392, 315, 322, 393, 345, 329, 332, 353, 314]
[30, 39321, 348, 383, 338, 365, 331, 339, 360, 377, 375, 366, 380, 335, 336, 330, 336, 375]
[30, 39321, 379, 368, 326, 383, 328, 389, 367, 345, 369, 344, 335, 374, 334, 349, 357, 368]
[30, 39321, 319, 356, 330, 339, 341, 355, 376, 360, 407, 363, 295, 353, 357, 375, 375, 341]
[30, 39321, 347, 364, 333, 342, 362, 336, 362, 343, 364, 379, 364, 349, 387, 399, 349, 348]
[30, 39321, 406, 324, 333, 326, 385, 352, 391, 365, 389, 336, 373, 280, 358, 383, 330, 356]
[30, 39321, 295, 292, 356, 318, 355, 377, 374, 396, 360, 373, 364, 377, 406, 326, 365, 350]
[30, 39321, 380, 360, 343, 356, 338, 366, 325, 338, 280, 398, 375, 361, 358, 355, 356, 359]
[30, 39321, 375, 375, 405, 327, 355, 361, 345, 382, 334, 380, 314, 353, 389, 376, 358, 390]
[30, 39321, 361, 308, 338, 298, 368, 366, 374, 395, 390, 316, 349, 322, 320, 359, 392, 321]
[30, 39321, 352, 371, 367, 324, 293, 334, 361, 356, 365, 347, 351, 321, 342, 399, 356, 406]
[30, 39321, 353, 367, 379, 380, 330, 378, 427, 318, 319, 339, 348, 382, 369, 404, 355, 346]
[30, 39321, 332, 340, 351, 348, 360, 346, 346, 379, 332, 375, 370, 385, 310, 383, 325, 361]
[30, 39321, 371, 355, 387, 334, 352, 369, 351, 365, 320, 349, 304, 366, 393, 355, 367, 321]
[30, 39321, 368, 322, 289, 346, 319, 340, 369, 329, 346, 341, 364, 375, 381, 349, 299, 360]
[30, 39321, 355, 347, 352, 340, 352, 381, 354, 365, 324, 388, 355, 372, 373, 332, 338, 347]
[30, 39321, 337, 371, 385, 351, 324, 350, 321, 369, 355, 358, 351, 380, 405, 363, 372, 321]
[30, 39321, 347, 372, 384, 329, 355, 349, 340, 344, 332, 365, 361, 348, 373, 359, 349, 329]
[30, 39321, 407, 382, 310, 376, 329, 333, 399, 324, 348, 297, 306, 433, 362, 343, 299, 377]
[30, 39321, 365, 356, 368, 351, 341, 386, 373, 350, 403, 370, 326, 300, 347, 352, 363, 346]
[30, 39321, 393, 350, 367, 346, 341, 366, 357, 343, 342, 355, 367, 413, 358, 363, 342, 363]
[30, 39321, 355, 386, 330, 386, 351, 322, 360, 419, 350, 360, 349, 353, 319, 323, 364, 320]
[30, 39321, 310, 382, 303, 366, 343, 356, 321, 344, 381, 322, 375, 316, 386, 340, 393, 345]
[30, 39321, 389, 342, 353, 336, 321, 352, 354, 411, 362, 341, 362, 324, 356, 322, 346, 359]
[30, 39321, 368, 344, 321, 359, 353, 340, 364, 358, 360, 320, 388, 365, 334, 338, 365, 351]
[30, 39321, 347, 354, 350, 321, 381, 337, 368, 353, 319, 392, 355, 275, 315, 373, 337, 385]
[30, 39321, 376, 333, 367, 360, 375, 354, 353, 305, 312, 354, 348, 346, 360, 395, 344, 339]
[30, 39321, 352, 389, 347, 349, 348, 370, 359, 355, 344, 382, 378, 347, 320, 305, 390, 395]
[30, 39321, 319, 332, 368, 368, 334, 360, 366, 355, 349, 375, 374, 351, 394, 339, 364, 342]
[30, 39321, 354, 357, 368, 363, 369, 314, 339, 325, 343, 342, 363, 386, 377, 350, 345, 283]
[30, 39321, 329, 333, 345, 369, 338, 328, 375, 344, 338, 351, 365, 271, 384, 358, 346, 314]
[30, 39321, 303, 345, 339, 336, 333, 350, 374, 326, 309, 325, 366, 402, 390, 342, 378, 359]
[30, 39321, 345, 314, 357, 311, 374, 331, 323, 366, 345, 396, 338, 315, 334, 345, 348, 325]
[30, 39321, 409, 327, 372, 377, 323, 348, 373, 385, 336, 358, 347, 323, 349, 382, 314, 368]
[30, 39321, 359, 342, 360, 352, 403, 314, 360, 365, 325, 351, 355, 369, 391, 326, 346, 341]
[30, 39321, 368, 376, 376, 349, 363, 366, 337, 366, 421, 389, 332, 329, 350, 328, 350, 362]
[30, 39321, 343, 347, 334, 358, 361, 334, 356, 332, 356, 371, 353, 353, 359, 395, 334, 339]
[30, 39321, 366, 361, 336, 372, 318, 368, 392, 402, 319, 343, 310, 364, 358, 328, 319, 382]
[30, 39321, 355, 385, 340, 405, 362, 299, 328, 373, 358, 368, 391, 341, 329, 290, 346, 347]
[30, 39321, 348, 373, 370, 368, 389, 355, 335, 438, 350, 343, 372, 320, 306, 320, 352, 329]
[30, 39321, 352, 339, 329, 310, 360, 332, 336, 299, 342, 352, 388, 392, 315, 324, 363, 414]
[30, 39321, 365, 294, 345, 310, 341, 403, 368, 378, 368, 357, 428, 370, 324, 355, 351, 340]
[30, 39321, 417, 394, 361, 350, 377, 342, 348, 353, 275, 369, 353, 358, 346, 326, 348, 326]
[30, 39321, 321, 363, 352, 388, 321, 355, 371, 414, 337, 331, 338, 339, 340, 331, 353, 374]
[30, 39321, 378, 345, 357, 349, 359, 353, 350, 383, 386, 326, 422, 316, 353, 328, 313, 359]
[35, 45875, 423, 464, 488, 509, 460, 431, 512, 477, 466, 469, 422, 477, 457, 506, 491, 434]
[35, 45875, 485, 471, 438, 517, 451, 508, 441, 451, 509, 456, 462, 493, 447, 531, 474, 444]
[35, 45875, 474, 480, 483, 400, 437, 469, 468, 480, 499, 436, 444, 492, 480, 450, 483, 543]
[35, 45875, 484, 481, 485, 506, 481, 448, 456, 432, 535, 456, 506, 430, 505, 485, 427, 442]
[35, 45875, 479, 474, 495, 451, 473, 514, 489, 424, 532, 481, 448, 498, 484, 434, 462, 436]
[35, 45875, 457, 505, 439, 483, 518, 469, 465, 467, 434, 470, 481, 494, 494, 527, 460, 551]
[35, 45875, 494, 539, 448, 461, 452, 465, 495, 456, 486, 494, 435, 483, 514, 448, 516, 534]
[35, 45875, 444, 456, 461, 422, 455, 455, 466, 479, 480, 464, 487, 499, 483, 484, 473, 506]
[35, 45875, 430, 458, 497, 488, 468, 501, 449, 432, 441, 483, 456, 517, 472, 461, 499, 468]
[35, 45875, 494, 473, 513, 477, 506, 428, 495, 409, 421, 476, 459, 424, 464, 437, 513, 464]
[35, 45875, 456, 478, 517, 496, 487, 454, 448, 478, 458, 490, 459, 439, 486, 453, 472, 538]
[35, 45875, 517, 458, 536, 483, 422, 356, 490, 440, 480, 467, 481, 525, 479, 490, 443, 517]
[35, 45875, 471, 486, 436, 477, 470, 456, 417, 474, 455, 460, 464, 486, 513, 459, 433, 447]
[35, 45875, 497, 510, 456, 450, 488, 418, 457, 517, 523, 476, 445, 480, 556, 497, 447, 529]
[35, 45875, 455, 419, 457, 446, 437, 560, 401, 466, 484, 484, 498, 471, 491, 493, 509, 473]
[35, 45875, 490, 469, 473, 442, 481, 433, 486, 456, 516, 494, 497, 451, 473, 482, 494, 459]
[35, 45875, 450, 481, 467, 487, 518, 429, 460, 456, 477, 494, 487, 398, 424, 513, 509, 443]
[35, 45875, 504, 426, 483, 463, 463, 469, 476, 483, 518, 437, 479, 447, 476, 433, 518, 477]
[35, 45875, 466, 505, 443, 455, 488, 478, 495, 475, 525, 501, 456, 464, 477, 454, 463, 515]
[35, 45875, 492, 439, 523, 492, 499, 438, 458, 495, 509, 514, 484, 505, 531, 475, 376, 473]
[35, 45875, 519, 537, 490, 470, 425, 457, 488, 486, 486, 443, 515, 457, 488, 425, 419, 515]
[35, 45875, 473, 499, 494, 450, 491, 468, 491, 441, 463, 537, 479, 495, 497, 447, 513, 449]
[35, 45875, 470, 441, 483, 503, 452, 431, 471, 479, 493, 490, 536, 517, 446, 444, 465, 454]
[35, 45875, 443, 454, 443, 484, 389, 503, 479, 487, 494, 484, 477, 438, 433, 415, 506, 414]
[35, 45875, 506, 463, 479, 497, 407, 479, 515, 455, 423, 447, 446, 451, 474, 486, 455, 501]
[35, 45875, 505, 435, 477, 441, 459, 462, 482, 526, 475, 513, 489, 380, 528, 443, 449, 470]
[35, 45875, 516, 459, 411, 454, 443, 453, 450, 479, 499, 472, 434, 470, 464, 514, 501, 463]
[35, 45875, 519, 476, 506, 503, 452, 498, 478, 488, 499, 484, 468, 424, 474, 451, 440, 509]
[35, 45875, 448, 494, 482, 448, 417, 563, 509, 483, 463, 516, 390, 496, 459, 464, 463, 496]
[35, 45875, 499, 502, 461, 439, 459, 467, 478, 455, 449, 445, 472, 447, 432, 478, 533, 458]
[35, 45875, 474, 481, 431, 409, 489, 412, 485, 505, 484, 518, 461, 466, 483, 496, 459, 456]
[35, 45875, 483, 477, 498, 413, 415, 515, 483, 433, 487, 496, 510, 481, 459, 472, 450, 429]
[35, 45875, 507, 479, 470, 479, 465, 452, 513, 474, 481, 481, 494, 461, 455, 442, 445, 459]
[35, 45875, 479, 502, 465, 465, 509, 423, 462, 491, 498, 461, 444, 450, 482, 483, 448, 449]
[35, 45875, 490, 493, 472, 493, 470, 444, 433, 439, 447, 489, 468, 458, 484, 466, 487, 468]
[35, 45875, 519, 496, 474, 523, 479, 507, 517, 438, 490, 496, 497, 472, 451, 466, 452, 409]
[35, 45875, 463, 460, 507, 465, 448, 439, 447, 471, 501, 458, 493, 479, 437, 455, 472, 463]
[35, 45875, 447, 497, 490, 428, 495, 483, 460, 518, 432, 523, 434, 473, 454, 479, 462, 519]
[35, 45875, 490, 406, 503, 438, 450, 546, 448, 491, 452, 472, 501, 507, 434, 488, 492, 431]
[35, 45875, 474, 481, 489, 480, 504, 501, 459, 494, 499, 518, 477, 465, 483, 460, 478, 457]
[35, 45875, 514, 529, 453, 478, 427, 479, 461, 389, 550, 479, 454, 448, 475, 442, 491, 495]
[35, 45875, 486, 467, 461, 498, 413, 498, 495, 434, 458, 461, 421, 474, 461, 477, 427, 449]
[35, 45875, 404, 456, 527, 446, 445, 449, 496, 468, 459, 462, 457, 448, 445, 405, 462, 510]
[35, 45875, 490, 519, 505, 511, 475, 498, 479, 461, 455, 454, 444, 507, 472, 494, 433, 496]
[35, 45875, 487, 530, 482, 452, 490, 550, 524, 457, 538, 457, 468, 443, 475, 461, 486, 461]
[35, 45875, 412, 432, 451, 451, 477, 500, 489, 468, 502, 489, 502, 511, 433, 525, 489, 479]
[35, 45875, 393, 526, 470, 460, 466, 498, 465, 472, 466, 458, 457, 509, 471, 474, 472, 495]
[35, 45875, 473, 493, 510, 447, 453, 473, 536, 499, 497, 496, 459, 443, 465, 475, 461, 484]
[35, 45875, 434, 485, 468, 414, 506, 472, 464, 490, 427, 470, 473, 466, 469, 456, 531, 446]
[35, 45875, 474, 460, 466, 491, 476, 432, 510, 458, 464, 482, 434, 492, 463, 489, 491, 433]
[35, 45875, 480, 442, 490, 474, 492, 447, 457, 464, 482, 494, 515, 475, 435, 472, 461, 439]
[35, 45875, 439, 511, 421, 469, 488, 466, 485, 524, 398, 463, 494, 480, 472, 507, 468, 474]
[35, 45875, 513, 471, 488, 476, 489, 502, 473, 459, 449, 456, 518, 492, 481, 422, 531, 452]
[35, 45875, 456, 446, 527, 448, 467, 467, 503, 517, 504, 478, 455, 474, 436, 475, 513, 511]
[35, 45875, 472, 505, 451, 453, 429, 455, 527, 451, 518, 453, 439, 461, 467, 513, 422, 480]
[35, 45875, 470, 484, 525, 455, 490, 468, 445, 499, 444, 444, 476, 506, 443, 452, 493, 447]
[35, 45875, 471, 477, 454, 483, 465, 492, 490, 480, 496, 490, 520, 441, 431, 455, 457, 506]
[35, 45875, 509, 476, 458, 500, 464, 482, 473, 490, 484, 443, 475, 493, 477, 489, 477, 492]
[35, 45875, 464, 472, 446, 459, 466, 471, 519, 480, 530, 470, 414, 461, 477, 494, 472, 462]
[35, 45875, 469, 502, 474, 450, 492, 439, 475, 433, 502, 496, 499, 487, 495, 478, 483, 463]
[35, 45875, 502, 450, 433, 441, 507, 486, 497, 496, 515, 472, 502, 408, 494, 486, 444, 466]
[35, 45875, 415, 403, 481, 445, 481, 518, 480, 516, 467, 497, 463, 492, 520, 436, 483, 471]
[35, 45875, 490, 486, 469, 476, 467, 481, 465, 444, 381, 518, 500, 488, 497, 481, 495, 478]
[35, 45875, 494, 473, 517, 441, 465, 461, 456, 510, 433, 502, 434, 494, 521, 484, 490, 511]
[35, 45875, 464, 418, 456, 422, 489, 504, 472, 520, 511, 450, 448, 453, 422, 483, 513, 429]
[35, 45875, 464, 471, 498, 434, 416, 448, 497, 488, 512, 462, 477, 426, 435, 521, 483, 534]
[35, 45875, 498, 471, 495, 491, 410, 479, 539, 435, 434, 467, 453, 512, 481, 500, 472, 477]
[35, 45875, 459, 451, 501, 444, 494, 465, 463, 502, 463, 479, 480, 509, 408, 496, 472, 489]
[35, 45875, 478, 486, 482, 471, 489, 509, 473, 440, 470, 478, 433, 501, 532, 469, 495, 434]
[35, 45875, 474, 435, 413, 446, 425, 434, 469, 449, 478, 457, 470, 528, 506, 474, 442, 463]
[35, 45875, 472, 478, 488, 462, 488, 483, 483, 501, 456, 494, 472, 477, 481, 452, 453, 472]
[35, 45875, 444, 479, 510, 474, 462, 471, 451, 517, 473, 465, 478, 533, 511, 502, 496, 442]
[35, 45875, 483, 489, 465, 445, 463, 448, 469, 458, 443, 501, 480, 453, 475, 462, 471, 449]
[35, 45875, 536, 518, 409, 482, 456, 482, 529, 453, 474, 426, 404, 573, 494, 455, 434, 486]
[35, 45875, 468, 492, 505, 460, 444, 508, 495, 468, 529, 475, 474, 424, 487, 468, 442, 471]
[35, 45875, 503, 442, 461, 453, 463, 493, 461, 454, 480, 457, 493, 529, 493, 480, 444, 488]
[35, 45875, 504, 481, 440, 492, 457, 425, 483, 514, 454, 498, 487, 488, 450, 433, 483, 473]
[35, 45875, 425, 495, 415, 478, 441, 479, 456, 438, 489, 445, 483, 462, 504, 454, 516, 460]
[35, 45875, 482, 452, 504, 463, 471, 481, 452, 514, 498, 446, 483, 428, 474, 456, 470, 472]
[35, 45875, 502, 468, 455, 473, 477, 450, 479, 467, 502, 451, 494, 490, 438, 452, 478, 472]
[35, 45875, 476, 493, 477, 444, 529, 466, 476, 486, 456, 529, 479, 407, 431, 504, 482, 498]
[35, 45875, 475, 442, 505, 499, 509, 475, 496, 416, 476, 486, 463, 469, 473, 538, 449, 481]
[35, 45875, 449, 518, 465, 463, 457, 484, 475, 501, 436, 503, 513, 467, 489, 406, 498, 502]
[35, 45875, 460, 451, 504, 476, 441, 431, 506, 467, 443, 500, 501, 458, 534, 441, 466, 476]
[35, 45875, 475, 469, 473, 462, 494, 450, 449, 471, 453, 451, 482, 513, 473, 498, 454, 445]
[35, 45875, 470, 423, 493, 491, 476, 420, 498, 439, 454, 482, 509, 391, 512, 468, 454, 443]
[35, 45875, 390, 466, 431, 452, 448, 491, 491, 484, 431, 461, 478, 532, 493, 453, 481, 462]
[35, 45875, 480, 410, 488, 414, 504, 459, 440, 463, 457, 507, 453, 411, 436, 502, 474, 454]
[35, 45875, 524, 454, 505, 503, 444, 469, 522, 526, 437, 465, 471, 436, 479, 523, 437, 484]
[35, 45875, 486, 434, 478, 488, 524, 414, 485, 514, 449, 461, 482, 479, 527, 436, 467, 457]
[35, 45875, 497, 475, 479, 475, 462, 499, 460, 474, 544, 481, 455, 454, 484, 468, 464, 457]
[35, 45875, 472, 445, 451, 465, 474, 451, 497, 439, 498, 495, 469, 460, 497, 516, 505, 451]
[35, 45875, 485, 455, 453, 508, 429, 455, 508, 536, 416, 436, 425, 474, 469, 458, 432, 514]
[35, 45875, 498, 527, 432, 528, 508, 425, 431, 493, 477, 498, 496, 446, 429, 429, 462, 474]
[35, 45875, 484, 489, 506, 499, 541, 503, 457, 555, 471, 473, 493, 425, 399, 458, 478, 457]
[35, 45875, 478, 457, 446, 443, 452, 423, 446, 437, 479, 478, 494, 528, 447, 453, 487, 503]
[35, 45875, 467, 402, 458, 417, 470, 533, 495, 490, 485, 486, 521, 492, 452, 447, 488, 451]
[35, 45875, 548, 508, 484, 447, 480, 454, 464, 459, 404, 501, 455, 482, 469, 430, 484, 462]
[35, 45875, 418, 500, 476, 528, 440, 479, 491, 541, 439, 458, 474, 472, 433, 458, 484, 486]
[35, 45875, 522, 477, 464, 473, 481, 461, 473, 497, 498, 450, 549, 416, 466, 441, 441, 472]
[40, 52428, 572, 609, 611, 646, 619, 574, 666, 590, 584, 594, 576, 624, 586, 632, 611, 584]
[40, 52428, 622, 628, 572, 620, 589, 627, 548, 599, 648, 587, 613, 591, 591, 695, 623, 607]
[40, 52428, 594, 609, 612, 533, 570, 623, 600, 616, 656, 562, 564, 633, 631, 577, 657, 683]
[40, 52428, 612, 600, 616, 620, 613, 596, 604, 570, 654, 598, 620, 575, 599, 617, 549, 572]
[40, 52428, 595, 627, 627, 591, 645, 671, 650, 528, 670, 633, 559, 658, 614, 551, 600, 553]
[40, 52428, 603, 671, 578, 615, 645, 606, 583, 596, 566, 583, 610, 635, 608, 665, 588, 649]
[40, 52428, 606, 694, 587, 603, 583, 585, 638, 600, 599, 648, 525, 632, 674, 567, 650, 657]
[40, 52428, 597, 586, 618, 554, 590, 630, 603, 591, 624, 638, 618, 614, 668, 630, 622, 627]
[40, 52428, 572, 586, 653, 634, 579, 642, 589, 576, 552, 623, 595, 627, 611, 601, 653, 602]
[40, 52428, 616, 616, 640, 628, 636, 579, 616, 566, 578, 619, 588, 533, 605, 566, 658, 614]
[40, 52428, 600, 611, 630, 642, 631, 593, 577, 616, 580, 640, 606, 564, 607, 606, 612, 702]
[40, 52428, 612, 592, 702, 614, 572, 461, 619, 566, 609, 599, 647, 655, 602, 620, 580, 658]
[40, 52428, 588, 607, 571, 592, 629, 596, 564, 595, 601, 586, 590, 613, 668, 592, 548, 598]
[40, 52428, 612, 651, 600, 586, 639, 538, 586, 654, 660, 639, 585, 630, 689, 630, 592, 653]
[40, 52428, 587, 557, 598, 584, 575, 690, 524, 602, 631, 644, 641, 599, 621, 633, 648, 596]
[40, 52428, 633, 614, 599, 570, 615, 555, 610, 578, 640, 652, 648, 572, 599, 638, 604, 597]
[40, 52428, 614, 604, 605, 632, 648, 545, 603, 605, 620, 644, 650, 528, 584, 665, 634, 573]
[40, 52428, 630, 556, 609, 639, 609, 619, 620, 612, 691, 578, 611, 564, 634, 552, 665, 609]
[40, 52428, 603, 622, 599, 620, 629, 596, 602, 620, 641, 650, 578, 612, 603, 612, 606, 633]
[40, 52428, 632, 526, 652, 627, 647, 578, 594, 640, 634, 653, 620, 679, 673, 596, 507, 586]
[40, 52428, 643, 678, 621, 606, 575, 592, 648, 600, 627, 577, 636, 592, 620, 564, 524, 647]
[40, 52428, 579, 674, 653, 614, 632, 616, 615, 599, 586, 682, 612, 643, 623, 565, 652, 587]
[40, 52428, 593, 575, 608, 643, 618, 592, 608, 604, 645, 629, 676, 644, 578, 578, 626, 582]
[40, 52428, 571, 593, 605, 652, 526, 640, 605, 618, 623, 630, 624, 596, 566, 546, 648, 572]
[40, 52428, 613, 561, 620, 641, 553, 622, 671, 619, 523, 562, 582, 583, 595, 627, 592, 647]
[40, 52428, 648, 559, 572, 575, 585, 586, 633, 665, 641, 658, 617, 521, 672, 590, 566, 592]
[40, 52428, 662, 605, 525, 594, 551, 602, 613, 629, 623, 619, 554, 618, 625, 651, 654, 601]
[40, 52428, 662, 594, 634, 657, 574, 620, 607, 619, 648, 614, 604, 545, 595, 609, 582, 633]
[40, 52428, 570, 644, 634, 591, 539, 715, 644, 604, 600, 636, 532, 627, 608, 587, 607, 664]
[40, 52428, 617, 627, 613, 574, 600, 608, 620, 584, 577, 571, 608, 588, 599, 586, 681, 575]
[40, 52428, 590, 618, 565, 564, 634, 565, 626, 653, 620, 656, 591, 606, 606, 657, 604, 586]
[40, 52428, 620, 619, 649, 578, 550, 662, 607, 598, 668, 647, 634, 636, 579, 611, 591, 551]
[40, 52428, 657, 621, 611, 606, 586, 595, 622, 586, 619, 585, 628, 600, 583, 550, 615, 586]
[40, 52428, 603, 633, 604, 589, 631, 568, 592, 626, 627, 570, 580, 606, 597, 610, 616, 591]
[40, 52428, 616, 657, 627, 623, 593, 579, 578, 574, 593, 630, 632, 588, 613, 596, 657, 601]
[40, 52428, 630, 636, 606, 646, 619, 638, 639, 563, 631, 636, 621, 607, 590, 635, 583, 537]
[40, 52428, 600, 614, 645, 624, 569, 584, 556, 580, 641, 586, 599, 611, 582, 592, 606, 606]
[40, 52428, 580, 630, 628, 548, 638, 652, 584, 660, 592, 670, 563, 618, 601, 604, 575, 623]
[40, 52428, 642, 536, 649, 553, 598, 691, 584, 635, 588, 609, 620, 638, 573, 648, 633, 570]
[40, 52428, 610, 622, 615, 613, 618, 647, 600, 636, 628, 639, 614, 600, 621, 587, 615, 602]
[40, 52428, 656, 672, 600, 629, 567, 630, 620, 503, 678, 596, 585, 580, 625, 597, 629, 649]
[40, 52428, 621, 595, 586, 615, 556, 622, 633, 543, 593, 613, 546, 594, 612, 609, 544, 570]
[40, 52428, 594, 586, 674, 593, 591, 582, 621, 598, 597, 609, 579, 564, 594, 537, 589, 633]
[40, 52428, 670, 659, 627, 635, 617, 642, 613, 573, 583, 579, 570, 658, 618, 648, 585, 622]
[40, 52428, 615, 680, 621, 579, 623, 693, 674, 589, 691, 585, 602, 590, 601, 573, 623, 624]
[40, 52428, 575, 528, 590, 573, 598, 628, 648, 626, 631, 631, 653, 641, 585, 621, 637, 604]
[40, 52428, 531, 658, 619, 592, 606, 630, 603, 609, 589, 626, 599, 669, 586, 600, 600, 641]
[40, 52428, 647, 628, 650, 568, 591, 605, 676, 654, 653, 670, 570, 654, 597, 594, 607, 628]
[40, 52428, 574, 618, 586, 576, 637, 565, 582, 628, 571, 608, 614, 613, 597, 586, 667, 576]
[40, 52428, 634, 585, 588, 631, 649, 574, 641, 597, 573, 637, 575, 638, 602, 640, 614, 575]
[40, 52428, 614, 568, 629, 609, 653, 597, 600, 611, 630, 638, 636, 614, 575, 595, 578, 543]
[40, 52428, 579, 644, 559, 599, 598, 593, 609, 682, 539, 604, 633, 634, 595, 663, 578, 602]
[40, 52428, 688, 617, 603, 629, 632, 644, 624, 587, 578, 592, 639, 647, 608, 546, 671, 611]
[40, 52428, 588, 596, 667, 585, 604, 618, 637, 661, 646, 612, 598, 619, 586, 613, 651, 630]
[40, 52428, 642, 648, 586, 585, 581, 574, 666, 568, 644, 583, 575, 609, 623, 640, 546, 607]
[40, 52428, 590, 654, 669, 574, 609, 600, 573, 626, 569, 558, 613, 662, 560, 580, 601, 591]
[40, 52428, 601, 603, 581, 642, 652, 643, 615, 601, 635, 635, 658, 598, 607, 613, 637, 637]
[40, 52428, 645, 623, 596, 631, 581, 629, 574, 649, 583, 572, 617, 644, 634, 631, 591, 628]
[40, 52428, 592, 611, 578, 599, 622, 591, 671, 598, 684, 599, 547, 594, 622, 650, 606, 610]
[40, 52428, 602, 643, 626, 587, 633, 562, 603, 567, 617, 617, 652, 621, 636, 621, 603, 617]
[40, 52428, 617, 579, 564, 590, 631, 622, 611, 612, 657, 591, 651, 550, 631, 616, 615, 615]
[40, 52428, 545, 561, 587, 566, 637, 665, 627, 666, 596, 634, 595, 660, 647, 564, 624, 597]
[40, 52428, 658, 605, 618, 571, 591, 606, 605, 586, 531, 660, 606, 629, 596, 614, 665, 604]
[40, 52428, 614, 622, 657, 581, 596, 619, 606, 618, 584, 625, 574, 594, 635, 630, 610, 632]
[40, 52428, 575, 536, 589, 563, 644, 639, 619, 644, 696, 582, 561, 583, 551, 615, 633, 539]
[40, 52428, 596, 603, 662, 607, 523, 585, 636, 620, 620, 594, 612, 544, 570, 681, 613, 709]
[40, 52428, 643, 586, 651, 618, 554, 634, 690, 597, 566, 610, 616, 673, 600, 631, 612, 619]
[40, 52428, 567, 588, 635, 570, 609, 631, 585, 655, 586, 636, 601, 660, 525, 631, 593, 656]
[40, 52428, 620, 638, 584, 620, 648, 639, 595, 591, 622, 614, 574, 661, 660, 615, 622, 546]
[40, 52428, 610, 574, 554, 586, 556, 540, 584, 606, 610, 595, 613, 646, 645, 617, 577, 620]
[40, 52428, 626, 629, 604, 616, 633, 646, 599, 641, 587, 675, 612, 607, 620, 610, 574, 609]
[40, 52428, 584, 601, 658, 616, 603, 611, 585, 637, 605, 588, 606, 629, 667, 641, 635, 548]
[40, 52428, 647, 628, 575, 574, 632, 614, 620, 601, 568, 652, 615, 571, 598, 601, 596, 606]
[40, 52428, 662, 642, 550, 617, 584, 625, 668, 605, 631, 571, 557, 677, 636, 576, 566, 651]
[40, 52428, 589, 625, 635, 594, 573, 659, 644, 640, 648, 620, 596, 565, 639, 608, 573, 612]
[40, 52428, 636, 559, 600, 593, 610, 624, 601, 584, 641, 583, 659, 636, 610, 591, 585, 645]
[40, 52428, 625, 599, 574, 608, 580, 551, 625, 650, 568, 616, 638, 616, 581, 588, 622, 634]
[40, 52428, 567, 620, 549, 606, 549, 643, 590, 571, 592, 574, 608, 633, 643, 593, 652, 597]
[40, 52428, 627, 612, 625, 585, 605, 610, 559, 644, 623, 591, 621, 596, 616, 598, 591, 620]
[40, 52428, 639, 605, 631, 615, 607, 571, 618, 603, 619, 579, 637, 629, 597, 577, 604, 637]
[40, 52428, 607, 585, 618, 600, 680, 593, 616, 625, 568, 656, 610, 574, 544, 615, 616, 612]
[40, 52428, 615, 573, 615, 612, 661, 619, 612, 572, 640, 624, 597, 613, 615, 676, 551, 642]
[40, 52428, 592, 646, 593, 609, 600, 629, 618, 628, 574, 632, 668, 615, 623, 551, 630, 632]
[40, 52428, 585, 598, 629, 638, 578, 571, 670, 586, 586, 649, 629, 599, 659, 586, 608, 616]
[40, 52428, 601, 565, 614, 601, 628, 605, 591, 628, 592, 582, 624, 670, 615, 607, 603, 569]
[40, 52428, 621, 538, 626, 658, 634, 521, 640, 587, 579, 618, 654, 554, 634, 579, 618, 564]
[40, 52428, 553, 602, 542, 601, 594, 660, 594, 605, 573, 631, 625, 681, 616, 615, 604, 584]
[40, 52428, 627, 530, 626, 551, 697, 606, 560, 639, 602, 623, 585, 544, 586, 626, 618, 582]
[40, 52428, 632, 556, 628, 641, 599, 607, 685, 658, 594, 587, 584, 561, 588, 669, 562, 626]
[40, 52428, 640, 584, 605, 643, 657, 559, 634, 647, 597, 628, 597, 625, 661, 583, 594, 604]
[40, 52428, 651, 586, 625, 605, 600, 643, 602, 614, 682, 619, 572, 585, 640, 597, 612, 575]
[40, 52428, 610, 563, 581, 602, 604, 568, 650, 602, 632, 610, 601, 603, 672, 621, 645, 558]
[40, 52428, 611, 599, 581, 646, 561, 629, 634, 661, 541, 559, 532, 626, 601, 587, 588, 635]
[40, 52428, 626, 647, 556, 677, 655, 580, 568, 624, 587, 622, 604, 596, 564, 601, 610, 627]
[40, 52428, 627, 594, 653, 626, 679, 633, 596, 685, 599, 596, 612, 553, 541, 576, 608, 590]
[40, 52428, 616, 614, 597, 590, 568, 539, 590, 550, 639, 610, 616, 662, 537, 597, 617, 633]
[40, 52428, 596, 539, 560, 539, 584, 686, 652, 622, 617, 634, 648, 622, 587, 568, 612, 575]
[40, 52428, 682, 635, 608, 585, 606, 573, 601, 593, 560, 628, 594, 639, 594, 559, 619, 591]
[40, 52428, 529, 646, 644, 662, 574, 617, 613, 681, 553, 570, 592, 592, 553, 577, 628, 617]
[40, 52428, 676, 604, 609, 602, 637, 593, 636, 621, 630, 568, 687, 552, 593, 569, 542, 607]
