[1, 1310, 0]
[1, 1310, 0]
[1, 1310, 0]
[1, 1310, 0]
[1, 1310, 0]
[1, 1310, 0]
[1, 1310, 0]
[1, 1310, 0]
[1, 1310, 0]
[1, 1310, 0]
[1, 1310, 0]
[1, 1310, 0]
[1, 1310, 0]
[1, 1310, 0]
[1, 1310, 0]
[1, 1310, 0]
[1, 1310, 0]
[1, 1310, 0]
[1, 1310, 0]
[1, 1310, 0]
[1, 1310, 0]
[1, 1310, 0]
[1, 1310, 0]
[1, 1310, 0]
[1, 1310, 0]
[1, 1310, 0]
[1, 1310, 0]
[1, 1310, 0]
[1, 1310, 0]
[1, 1310, 0]
[1, 1310, 0]
[1, 1310, 0]
[1, 1310, 0]
[1, 1310, 0]
[1, 1310, 0]
[1, 1310, 0]
[1, 1310, 0]
[1, 1310, 0]
[1, 1310, 0]
[1, 1310, 0]
[1, 1310, 0]
[1, 1310, 0]
[1, 1310, 0]
[1, 1310, 0]
[1, 1310, 0]
[1, 1310, 0]
[1, 1310, 0]
[1, 1310, 0]
[1, 1310, 0]
[1, 1310, 0]
[1, 1310, 0]
[1, 1310, 0]
[1, 1310, 0]
[1, 1310, 0]
[1, 1310, 0]
[1, 1310, 0]
[1, 1310, 0]
[1, 1310, 0]
[1, 1310, 0]
[1, 1310, 0]
[1, 1310, 0]
[1, 1310, 0]
[1, 1310, 0]
[1, 1310, 0]
[1, 1310, 0]
[1, 1310, 0]
[1, 1310, 0]
[1, 1310, 0]
[1, 1310, 0]
[1, 1310, 0]
[1, 1310, 0]
[1, 1310, 0]
[1, 1310, 0]
[1, 1310, 0]
[1, 1310, 0]
[1, 1310, 0]
[1, 1310, 0]
[1, 1310, 0]
[1, 1310, 0]
[1, 1310, 0]
[1, 1310, 0]
[1, 1310, 0]
[1, 1310, 0]
[1, 1310, 0]
[1, 1310, 0]
[1, 1310, 0]
[1, 1310, 0]
[1, 1310, 0]
[1, 1310, 0]
[1, 1310, 0]
[1, 1310, 0]
[1, 1310, 0]
[1, 1310, 0]
[1, 1310, 0]
[1, 1310, 0]
[1, 1310, 0]
[1, 1310, 0]
[1, 1310, 0]
[1, 1310, 0]
[1, 1310, 0]
[2, 2621, 0]
[2, 2621, 0]
[2, 2621, 0]
[2, 2621, 0]
[2, 2621, 0]
[2, 2621, 0]
[2, 2621, 0]
[2, 2621, 0]
[2, 2621, 0]
[2, 2621, 0]
[2, 2621, 0]
[2, 2621, 0]
[2, 2621, 0]
[2, 2621, 0]
[2, 2621, 0]
[2, 2621, 0]
[2, 2621, 0]
[2, 2621, 0]
[2, 2621, 0]
[2, 2621, 0]
[2, 2621, 0]
[2, 2621, 0]
[2, 2621, 0]
[2, 2621, 0]
[2, 2621, 0]
[2, 2621, 0]
[2, 2621, 0]
[2, 2621, 0]
[2, 2621, 0]
[2, 2621, 0]
[2, 2621, 0]
[2, 2621, 0]
[2, 2621, 0]
[2, 2621, 0]
[2, 2621, 0]
[2, 2621, 0]
[2, 2621, 0]
[2, 2621, 0]
[2, 2621, 0]
[2, 2621, 0]
[2, 2621, 0]
[2, 2621, 0]
[2, 2621, 0]
[2, 2621, 0]
[2, 2621, 0]
[2, 2621, 0]
[2, 2621, 0]
[2, 2621, 0]
[2, 2621, 0]
[2, 2621, 0]
[2, 2621, 0]
[2, 2621, 0]
[2, 2621, 0]
[2, 2621, 0]
[2, 2621, 0]
[2, 2621, 0]
[2, 2621, 0]
[2, 2621, 0]
[2, 2621, 0]
[2, 2621, 0]
[2, 2621, 0]
[2, 2621, 0]
[2, 2621, 0]
[2, 2621, 0]
[2, 2621, 0]
[2, 2621, 0]
[2, 2621, 0]
[2, 2621, 0]
[2, 2621, 0]
[2, 2621, 0]
[2, 2621, 0]
[2, 2621, 0]
[2, 2621, 0]
[2, 2621, 0]
[2, 2621, 0]
[2, 2621, 0]
[2, 2621, 0]
[2, 2621, 0]
[2, 2621, 0]
[2, 2621, 0]
[2, 2621, 0]
[2, 2621, 0]
[2, 2621, 0]
[2, 2621, 0]
[2, 2621, 0]
[2, 2621, 0]
[2, 2621, 0]
[2, 2621, 0]
[2, 2621, 0]
[2, 2621, 0]
[2, 2621, 0]
[2, 2621, 0]
[2, 2621, 0]
[2, 2621, 0]
[2, 2621, 0]
[2, 2621, 0]
[2, 2621, 0]
[2, 2621, 0]
[2, 2621, 0]
[2, 2621, 0]
[5, 6553, 0]
[5, 6553, 0]
[5, 6553, 0]
[5, 6553, 0]
[5, 6553, 0]
[5, 6553, 0]
[5, 6553, 0]
[5, 6553, 0]
[5, 6553, 0]
[5, 6553, 0]
[5, 6553, 0]
[5, 6553, 0]
[5, 6553, 0]
[5, 6553, 0]
[5, 6553, 0]
[5, 6553, 0]
[5, 6553, 0]
[5, 6553, 0]
[5, 6553, 0]
[5, 6553, 0]
[5, 6553, 0]
[5, 6553, 0]
[5, 6553, 0]
[5, 6553, 0]
[5, 6553, 0]
[5, 6553, 0]
[5, 6553, 0]
[5, 6553, 0]
[5, 6553, 0]
[5, 6553, 0]
[5, 6553, 0]
[5, 6553, 0]
[5, 6553, 0]
[5, 6553, 0]
[5, 6553, 0]
[5, 6553, 0]
[5, 6553, 0]
[5, 6553, 0]
[5, 6553, 0]
[5, 6553, 0]
[5, 6553, 0]
[5, 6553, 0]
[5, 6553, 0]
[5, 6553, 0]
[5, 6553, 0]
[5, 6553, 0]
[5, 6553, 0]
[5, 6553, 0]
[5, 6553, 0]
[5, 6553, 0]
[5, 6553, 0]
[5, 6553, 0]
[5, 6553, 0]
[5, 6553, 0]
[5, 6553, 0]
[5, 6553, 0]
[5, 6553, 0]
[5, 6553, 0]
[5, 6553, 0]
[5, 6553, 0]
[5, 6553, 0]
[5, 6553, 0]
[5, 6553, 0]
[5, 6553, 0]
[5, 6553, 0]
[5, 6553, 0]
[5, 6553, 0]
[5, 6553, 0]
[5, 6553, 0]
[5, 6553, 0]
[5, 6553, 0]
[5, 6553, 0]
[5, 6553, 0]
[5, 6553, 0]
[5, 6553, 0]
[5, 6553, 0]
[5, 6553, 0]
[5, 6553, 0]
[5, 6553, 0]
[5, 6553, 0]
[5, 6553, 0]
[5, 6553, 0]
[5, 6553, 0]
[5, 6553, 0]
[5, 6553, 0]
[5, 6553, 0]
[5, 6553, 0]
[5, 6553, 0]
[5, 6553, 0]
[5, 6553, 0]
[5, 6553, 0]
[5, 6553, 0]
[5, 6553, 0]
[5, 6553, 0]
[5, 6553, 0]
[5, 6553, 0]
[5, 6553, 0]
[5, 6553, 0]
[5, 6553, 0]
[5, 6553, 0]
[10, 13107, 0]
[10, 13107, 0]
[10, 13107, 0]
[10, 13107, 0]
[10, 13107, 0]
[10, 13107, 0]
[10, 13107, 0]
[10, 13107, 0]
[10, 13107, 0]
[10, 13107, 0]
[10, 13107, 0]
[10, 13107, 0]
[10, 13107, 0]
[10, 13107, 0]
[10, 13107, 0]
[10, 13107, 0]
[10, 13107, 0]
[10, 13107, 0]
[10, 13107, 0]
[10, 13107, 0]
[10, 13107, 0]
[10, 13107, 0]
[10, 13107, 0]
[10, 13107, 0]
[10, 13107, 0]
[10, 13107, 0]
[10, 13107, 0]
[10, 13107, 0]
[10, 13107, 0]
[10, 13107, 0]
[10, 13107, 0]
[10, 13107, 0]
[10, 13107, 0]
[10, 13107, 0]
[10, 13107, 0]
[10, 13107, 0]
[10, 13107, 0]
[10, 13107, 0]
[10, 13107, 0]
[10, 13107, 0]
[10, 13107, 0]
[10, 13107, 0]
[10, 13107, 0]
[10, 13107, 0]
[10, 13107, 0]
[10, 13107, 0]
[10, 13107, 0]
[10, 13107, 0]
[10, 13107, 0]
[10, 13107, 0]
[10, 13107, 0]
[10, 13107, 0]
[10, 13107, 0]
[10, 13107, 0]
[10, 13107, 0]
[10, 13107, 0]
[10, 13107, 0]
[10, 13107, 0]
[10, 13107, 0]
[10, 13107, 0]
[10, 13107, 0]
[10, 13107, 0]
[10, 13107, 0]
[10, 13107, 0]
[10, 13107, 0]
[10, 13107, 0]
[10, 13107, 0]
[10, 13107, 0]
[10, 13107, 0]
[10, 13107, 0]
[10, 13107, 0]
[10, 13107, 0]
[10, 13107, 0]
[10, 13107, 0]
[10, 13107, 0]
[10, 13107, 0]
[10, 13107, 0]
[10, 13107, 0]
[10, 13107, 0]
[10, 13107, 0]
[10, 13107, 0]
[10, 13107, 0]
[10, 13107, 0]
[10, 13107, 0]
[10, 13107, 0]
[10, 13107, 0]
[10, 13107, 0]
[10, 13107, 0]
[10, 13107, 0]
[10, 13107, 0]
[10, 13107, 0]
[10, 13107, 0]
[10, 13107, 0]
[10, 13107, 0]
[10, 13107, 0]
[10, 13107, 0]
[10, 13107, 0]
[10, 13107, 0]
[10, 13107, 0]
[10, 13107, 0]
[15, 19660, 0]
[15, 19660, 0]
[15, 19660, 0]
[15, 19660, 0]
[15, 19660, 0]
[15, 19660, 0]
[15, 19660, 0]
[15, 19660, 0]
[15, 19660, 0]
[15, 19660, 0]
[15, 19660, 0]
[15, 19660, 0]
[15, 19660, 1]
[15, 19660, 0]
[15, 19660, 0]
[15, 19660, 0]
[15, 19660, 0]
[15, 19660, 0]
[15, 19660, 0]
[15, 19660, 0]
[15, 19660, 0]
[15, 19660, 0]
[15, 19660, 0]
[15, 19660, 0]
[15, 19660, 0]
[15, 19660, 0]
[15, 19660, 0]
[15, 19660, 0]
[15, 19660, 0]
[15, 19660, 0]
[15, 19660, 0]
[15, 19660, 0]
[15, 19660, 0]
[15, 19660, 0]
[15, 19660, 0]
[15, 19660, 0]
[15, 19660, 0]
[15, 19660, 0]
[15, 19660, 0]
[15, 19660, 0]
[15, 19660, 2]
[15, 19660, 0]
[15, 19660, 0]
[15, 19660, 0]
[15, 19660, 0]
[15, 19660, 0]
[15, 19660, 0]
[15, 19660, 0]
[15, 19660, 0]
[15, 19660, 0]
[15, 19660, 0]
[15, 19660, 0]
[15, 19660, 0]
[15, 19660, 0]
[15, 19660, 0]
[15, 19660, 0]
[15, 19660, 4]
[15, 19660, 0]
[15, 19660, 0]
[15, 19660, 0]
[15, 19660, 0]
[15, 19660, 0]
[15, 19660, 1]
[15, 19660, 0]
[15, 19660, 0]
[15, 19660, 0]
[15, 19660, 0]
[15, 19660, 0]
[15, 19660, 0]
[15, 19660, 0]
[15, 19660, 0]
[15, 19660, 0]
[15, 19660, 0]
[15, 19660, 0]
[15, 19660, 0]
[15, 19660, 0]
[15, 19660, 0]
[15, 19660, 0]
[15, 19660, 0]
[15, 19660, 0]
[15, 19660, 0]
[15, 19660, 2]
[15, 19660, 0]
[15, 19660, 1]
[15, 19660, 0]
[15, 19660, 0]
[15, 19660, 0]
[15, 19660, 0]
[15, 19660, 0]
[15, 19660, 0]
[15, 19660, 1]
[15, 19660, 0]
[15, 19660, 0]
[15, 19660, 0]
[15, 19660, 0]
[15, 19660, 0]
[15, 19660, 0]
[15, 19660, 0]
[15, 19660, 0]
[15, 19660, 0]
[20, 26214, 4]
[20, 26214, 2]
[20, 26214, 1]
[20, 26214, 0]
[20, 26214, 2]
[20, 26214, 4]
[20, 26214, 0]
[20, 26214, 0]
[20, 26214, 3]
[20, 26214, 3]
[20, 26214, 0]
[20, 26214, 0]
[20, 26214, 4]
[20, 26214, 0]
[20, 26214, 3]
[20, 26214, 1]
[20, 26214, 2]
[20, 26214, 0]
[20, 26214, 0]
[20, 26214, 0]
[20, 26214, 0]
[20, 26214, 0]
[20, 26214, 1]
[20, 26214, 0]
[20, 26214, 1]
[20, 26214, 4]
[20, 26214, 3]
[20, 26214, 0]
[20, 26214, 0]
[20, 26214, 6]
[20, 26214, 1]
[20, 26214, 4]
[20, 26214, 0]
[20, 26214, 0]
[20, 26214, 1]
[20, 26214, 0]
[20, 26214, 0]
[20, 26214, 0]
[20, 26214, 0]
[20, 26214, 2]
[20, 26214, 4]
[20, 26214, 0]
[20, 26214, 0]
[20, 26214, 0]
[20, 26214, 2]
[20, 26214, 2]
[20, 26214, 0]
[20, 26214, 2]
[20, 26214, 1]
[20, 26214, 2]
[20, 26214, 1]
[20, 26214, 2]
[20, 26214, 0]
[20, 26214, 2]
[20, 26214, 1]
[20, 26214, 2]
[20, 26214, 5]
[20, 26214, 3]
[20, 26214, 2]
[20, 26214, 1]
[20, 26214, 0]
[20, 26214, 6]
[20, 26214, 5]
[20, 26214, 2]
[20, 26214, 7]
[20, 26214, 0]
[20, 26214, 3]
[20, 26214, 9]
[20, 26214, 1]
[20, 26214, 0]
[20, 26214, 3]
[20, 26214, 7]
[20, 26214, 0]
[20, 26214, 2]
[20, 26214, 10]
[20, 26214, 4]
[20, 26214, 6]
[20, 26214, 0]
[20, 26214, 0]
[20, 26214, 0]
[20, 26214, 0]
[20, 26214, 4]
[20, 26214, 0]
[20, 26214, 7]
[20, 26214, 0]
[20, 26214, 0]
[20, 26214, 2]
[20, 26214, 5]
[20, 26214, 5]
[20, 26214, 0]
[20, 26214, 1]
[20, 26214, 0]
[20, 26214, 0]
[20, 26214, 0]
[20, 26214, 3]
[20, 26214, 0]
[20, 26214, 0]
[20, 26214, 0]
[20, 26214, 0]
[20, 26214, 3]
[25, 32768, 8]
[25, 32768, 6]
[25, 32768, 8]
[25, 32768, 9]
[25, 32768, 9]
[25, 32768, 10]
[25, 32768, 6]
[25, 32768, 9]
[25, 32768, 15]
[25, 32768, 15]
[25, 32768, 4]
[25, 32768, 1]
[25, 32768, 11]
[25, 32768, 15]
[25, 32768, 4]
[25, 32768, 3]
[25, 32768, 12]
[25, 32768, 19]
[25, 32768, 6]
[25, 32768, 3]
[25, 32768, 14]
[25, 32768, 7]
[25, 32768, 5]
[25, 32768, 2]
[25, 32768, 5]
[25, 32768, 20]
[25, 32768, 15]
[25, 32768, 7]
[25, 32768, 10]
[25, 32768, 13]
[25, 32768, 8]
[25, 32768, 8]
[25, 32768, 0]
[25, 32768, 14]
[25, 32768, 13]
[25, 32768, 13]
[25, 32768, 8]
[25, 32768, 3]
[25, 32768, 6]
[25, 32768, 13]
[25, 32768, 11]
[25, 32768, 6]
[25, 32768, 8]
[25, 32768, 7]
[25, 32768, 13]
[25, 32768, 9]
[25, 32768, 4]
[25, 32768, 7]
[25, 32768, 21]
[25, 32768, 8]
[25, 32768, 10]
[25, 32768, 9]
[25, 32768, 7]
[25, 32768, 21]
[25, 32768, 4]
[25, 32768, 5]
[25, 32768, 25]
[25, 32768, 24]
[25, 32768, 9]
[25, 32768, 11]
[25, 32768, 12]
[25, 32768, 7]
[25, 32768, 15]
[25, 32768, 14]
[25, 32768, 19]
[25, 32768, 14]
[25, 32768, 3]
[25, 32768, 10]
[25, 32768, 15]
[25, 32768, 7]
[25, 32768, 10]
[25, 32768, 10]
[25, 32768, 4]
[25, 32768, 9]
[25, 32768, 25]
[25, 32768, 20]
[25, 32768, 13]
[25, 32768, 5]
[25, 32768, 3]
[25, 32768, 11]
[25, 32768, 11]
[25, 32768, 11]
[25, 32768, 5]
[25, 32768, 20]
[25, 32768, 13]
[25, 32768, 5]
[25, 32768, 12]
[25, 32768, 21]
[25, 32768, 12]
[25, 32768, 8]
[25, 32768, 1]
[25, 32768, 9]
[25, 32768, 3]
[25, 32768, 7]
[25, 32768, 4]
[25, 32768, 3]
[25, 32768, 7]
[25, 32768, 1]
[25, 32768, 1]
[25, 32768, 5]
[30, 39321, 39]
[30, 39321, 16]
[30, 39321, 27]
[30, 39321, 34]
[30, 39321, 55]
[30, 39321, 41]
[30, 39321, 32]
[30, 39321, 39]
[30, 39321, 38]
[30, 39321, 42]
[30, 39321, 40]
[30, 39321, 36]
[30, 39321, 25]
[30, 39321, 60]
[30, 39321, 34]
[30, 39321, 47]
[30, 39321, 20]
[30, 39321, 44]
[30, 39321, 43]
[30, 39321, 42]
[30, 39321, 36]
[30, 39321, 28]
[30, 39321, 27]
[30, 39321, 29]
[30, 39321, 18]
[30, 39321, 45]
[30, 39321, 53]
[30, 39321, 23]
[30, 39321, 30]
[30, 39321, 39]
[30, 39321, 26]
[30, 39321, 24]
[30, 39321, 24]
[30, 39321, 39]
[30, 39321, 45]
[30, 39321, 44]
[30, 39321, 37]
[30, 39321, 40]
[30, 39321, 28]
[30, 39321, 51]
[30, 39321, 25]
[30, 39321, 24]
[30, 39321, 29]
[30, 39321, 27]
[30, 39321, 55]
[30, 39321, 25]
[30, 39321, 36]
[30, 39321, 42]
[30, 39321, 46]
[30, 39321, 35]
[30, 39321, 32]
[30, 39321, 42]
[30, 39321, 29]
[30, 39321, 46]
[30, 39321, 21]
[30, 39321, 27]
[30, 39321, 59]
[30, 39321, 42]
[30, 39321, 41]
[30, 39321, 29]
[30, 39321, 31]
[30, 39321, 39]
[30, 39321, 40]
[30, 39321, 48]
[30, 39321, 57]
[30, 39321, 55]
[30, 39321, 38]
[30, 39321, 37]
[30, 39321, 37]
[30, 39321, 39]
[30, 39321, 37]
[30, 39321, 39]
[30, 39321, 41]
[30, 39321, 36]
[30, 39321, 73]
[30, 39321, 37]
[30, 39321, 58]
[30, 39321, 28]
[30, 39321, 35]
[30, 39321, 33]
[30, 39321, 47]
[30, 39321, 40]
[30, 39321, 23]
[30, 39321, 52]
[30, 39321, 36]
[30, 39321, 46]
[30, 39321, 41]
[30, 39321, 56]
[30, 39321, 49]
[30, 39321, 21]
[30, 39321, 26]
[30, 39321, 33]
[30, 39321, 33]
[30, 39321, 25]
[30, 39321, 47]
[30, 39321, 32]
[30, 39321, 39]
[30, 39321, 23]
[30, 39321, 24]
[30, 39321, 26]
[35, 45875, 122]
[35, 45875, 82]
[35, 45875, 106]
[35, 45875, 101]
[35, 45875, 128]
[35, 45875, 93]
[35, 45875, 104]
[35, 45875, 121]
[35, 45875, 133]
[35, 45875, 136]
[35, 45875, 105]
[35, 45875, 109]
[35, 45875, 76]
[35, 45875, 131]
[35, 45875, 98]
[35, 45875, 126]
[35, 45875, 94]
[35, 45875, 124]
[35, 45875, 131]
[35, 45875, 126]
[35, 45875, 106]
[35, 45875, 113]
[35, 45875, 78]
[35, 45875, 64]
[35, 45875, 77]
[35, 45875, 107]
[35, 45875, 111]
[35, 45875, 93]
[35, 45875, 117]
[35, 45875, 114]
[35, 45875, 76]
[35, 45875, 70]
[35, 45875, 103]
[35, 45875, 89]
[35, 45875, 121]
[35, 45875, 129]
[35, 45875, 79]
[35, 45875, 121]
[35, 45875, 130]
[35, 45875, 112]
[35, 45875, 85]
[35, 45875, 100]
[35, 45875, 92]
[35, 45875, 91]
[35, 45875, 93]
[35, 45875, 102]
[35, 45875, 103]
[35, 45875, 112]
[35, 45875, 109]
[35, 45875, 101]
[35, 45875, 83]
[35, 45875, 116]
[35, 45875, 112]
[35, 45875, 133]
[35, 45875, 56]
[35, 45875, 121]
[35, 45875, 121]
[35, 45875, 117]
[35, 45875, 113]
[35, 45875, 118]
[35, 45875, 87]
[35, 45875, 137]
[35, 45875, 90]
[35, 45875, 130]
[35, 45875, 124]
[35, 45875, 98]
[35, 45875, 83]
[35, 45875, 133]
[35, 45875, 119]
[35, 45875, 109]
[35, 45875, 100]
[35, 45875, 115]
[35, 45875, 120]
[35, 45875, 98]
[35, 45875, 138]
[35, 45875, 116]
[35, 45875, 143]
[35, 45875, 85]
[35, 45875, 132]
[35, 45875, 93]
[35, 45875, 122]
[35, 45875, 135]
[35, 45875, 93]
[35, 45875, 130]
[35, 45875, 112]
[35, 45875, 117]
[35, 45875, 99]
[35, 45875, 141]
[35, 45875, 108]
[35, 45875, 89]
[35, 45875, 112]
[35, 45875, 97]
[35, 45875, 122]
[35, 45875, 93]
[35, 45875, 109]
[35, 45875, 78]
[35, 45875, 126]
[35, 45875, 80]
[35, 45875, 104]
[35, 45875, 103]
[40, 52428, 243]
[40, 52428, 237]
[40, 52428, 245]
[40, 52428, 254]
[40, 52428, 282]
[40, 52428, 221]
[40, 52428, 259]
[40, 52428, 280]
[40, 52428, 285]
[40, 52428, 255]
[40, 52428, 258]
[40, 52428, 257]
[40, 52428, 222]
[40, 52428, 307]
[40, 52428, 229]
[40, 52428, 305]
[40, 52428, 276]
[40, 52428, 301]
[40, 52428, 253]
[40, 52428, 271]
[40, 52428, 242]
[40, 52428, 269]
[40, 52428, 259]
[40, 52428, 197]
[40, 52428, 216]
[40, 52428, 282]
[40, 52428, 242]
[40, 52428, 281]
[40, 52428, 297]
[40, 52428, 274]
[40, 52428, 225]
[40, 52428, 222]
[40, 52428, 261]
[40, 52428, 275]
[40, 52428, 335]
[40, 52428, 318]
[40, 52428, 227]
[40, 52428, 270]
[40, 52428, 293]
[40, 52428, 250]
[40, 52428, 239]
[40, 52428, 239]
[40, 52428, 249]
[40, 52428, 289]
[40, 52428, 258]
[40, 52428, 248]
[40, 52428, 254]
[40, 52428, 262]
[40, 52428, 288]
[40, 52428, 245]
[40, 52428, 240]
[40, 52428, 306]
[40, 52428, 261]
[40, 52428, 292]
[40, 52428, 220]
[40, 52428, 292]
[40, 52428, 321]
[40, 52428, 261]
[40, 52428, 275]
[40, 52428, 271]
[40, 52428, 245]
[40, 52428, 324]
[40, 52428, 237]
[40, 52428, 292]
[40, 52428, 301]
[40, 52428, 259]
[40, 52428, 233]
[40, 52428, 302]
[40, 52428, 316]
[40, 52428, 227]
[40, 52428, 248]
[40, 52428, 242]
[40, 52428, 324]
[40, 52428, 307]
[40, 52428, 288]
[40, 52428, 270]
[40, 52428, 283]
[40, 52428, 235]
[40, 52428, 301]
[40, 52428, 241]
[40, 52428, 256]
[40, 52428, 299]
[40, 52428, 223]
[40, 52428, 295]
[40, 52428, 308]
[40, 52428, 302]
[40, 52428, 227]
[40, 52428, 290]
[40, 52428, 246]
[40, 52428, 219]
[40, 52428, 296]
[40, 52428, 239]
[40, 52428, 238]
[40, 52428, 228]
[40, 52428, 260]
[40, 52428, 233]
[40, 52428, 312]
[40, 52428, 252]
[40, 52428, 261]
[40, 52428, 224]
