[1, 327, 0]
[1, 327, 0]
[1, 327, 0]
[1, 327, 0]
[1, 327, 0]
[1, 327, 0]
[1, 327, 0]
[1, 327, 0]
[1, 327, 0]
[1, 327, 0]
[1, 327, 0]
[1, 327, 0]
[1, 327, 0]
[1, 327, 0]
[1, 327, 0]
[1, 327, 0]
[1, 327, 0]
[1, 327, 0]
[1, 327, 0]
[1, 327, 0]
[1, 327, 0]
[1, 327, 0]
[1, 327, 0]
[1, 327, 0]
[1, 327, 0]
[1, 327, 0]
[1, 327, 0]
[1, 327, 0]
[1, 327, 0]
[1, 327, 0]
[1, 327, 0]
[1, 327, 0]
[1, 327, 0]
[1, 327, 0]
[1, 327, 0]
[1, 327, 0]
[1, 327, 0]
[1, 327, 0]
[1, 327, 0]
[1, 327, 0]
[1, 327, 0]
[1, 327, 0]
[1, 327, 0]
[1, 327, 0]
[1, 327, 0]
[1, 327, 0]
[1, 327, 0]
[1, 327, 0]
[1, 327, 0]
[1, 327, 0]
[1, 327, 0]
[1, 327, 0]
[1, 327, 0]
[1, 327, 0]
[1, 327, 0]
[1, 327, 0]
[1, 327, 0]
[1, 327, 0]
[1, 327, 0]
[1, 327, 0]
[1, 327, 0]
[1, 327, 0]
[1, 327, 0]
[1, 327, 0]
[1, 327, 0]
[1, 327, 0]
[1, 327, 0]
[1, 327, 0]
[1, 327, 0]
[1, 327, 0]
[1, 327, 0]
[1, 327, 0]
[1, 327, 0]
[1, 327, 0]
[1, 327, 0]
[1, 327, 0]
[1, 327, 0]
[1, 327, 0]
[1, 327, 0]
[1, 327, 0]
[1, 327, 0]
[1, 327, 0]
[1, 327, 0]
[1, 327, 0]
[1, 327, 0]
[1, 327, 0]
[1, 327, 0]
[1, 327, 0]
[1, 327, 0]
[1, 327, 0]
[1, 327, 0]
[1, 327, 0]
[1, 327, 0]
[1, 327, 0]
[1, 327, 0]
[1, 327, 0]
[1, 327, 0]
[1, 327, 0]
[1, 327, 0]
[1, 327, 0]
[2, 655, 0]
[2, 655, 0]
[2, 655, 0]
[2, 655, 0]
[2, 655, 0]
[2, 655, 0]
[2, 655, 0]
[2, 655, 0]
[2, 655, 0]
[2, 655, 0]
[2, 655, 0]
[2, 655, 0]
[2, 655, 0]
[2, 655, 0]
[2, 655, 0]
[2, 655, 0]
[2, 655, 0]
[2, 655, 0]
[2, 655, 0]
[2, 655, 0]
[2, 655, 0]
[2, 655, 0]
[2, 655, 0]
[2, 655, 0]
[2, 655, 0]
[2, 655, 0]
[2, 655, 0]
[2, 655, 0]
[2, 655, 0]
[2, 655, 0]
[2, 655, 0]
[2, 655, 0]
[2, 655, 0]
[2, 655, 0]
[2, 655, 0]
[2, 655, 0]
[2, 655, 0]
[2, 655, 0]
[2, 655, 0]
[2, 655, 0]
[2, 655, 0]
[2, 655, 0]
[2, 655, 0]
[2, 655, 0]
[2, 655, 0]
[2, 655, 0]
[2, 655, 0]
[2, 655, 0]
[2, 655, 0]
[2, 655, 0]
[2, 655, 0]
[2, 655, 0]
[2, 655, 0]
[2, 655, 0]
[2, 655, 0]
[2, 655, 0]
[2, 655, 0]
[2, 655, 0]
[2, 655, 0]
[2, 655, 0]
[2, 655, 0]
[2, 655, 0]
[2, 655, 0]
[2, 655, 0]
[2, 655, 0]
[2, 655, 0]
[2, 655, 0]
[2, 655, 0]
[2, 655, 0]
[2, 655, 0]
[2, 655, 0]
[2, 655, 0]
[2, 655, 0]
[2, 655, 0]
[2, 655, 0]
[2, 655, 0]
[2, 655, 0]
[2, 655, 0]
[2, 655, 0]
[2, 655, 0]
[2, 655, 0]
[2, 655, 0]
[2, 655, 0]
[2, 655, 0]
[2, 655, 0]
[2, 655, 0]
[2, 655, 0]
[2, 655, 0]
[2, 655, 0]
[2, 655, 0]
[2, 655, 0]
[2, 655, 0]
[2, 655, 0]
[2, 655, 0]
[2, 655, 0]
[2, 655, 0]
[2, 655, 0]
[2, 655, 0]
[2, 655, 0]
[2, 655, 0]
[5, 1638, 0]
[5, 1638, 0]
[5, 1638, 0]
[5, 1638, 0]
[5, 1638, 0]
[5, 1638, 0]
[5, 1638, 0]
[5, 1638, 0]
[5, 1638, 0]
[5, 1638, 0]
[5, 1638, 0]
[5, 1638, 0]
[5, 1638, 0]
[5, 1638, 0]
[5, 1638, 0]
[5, 1638, 0]
[5, 1638, 0]
[5, 1638, 0]
[5, 1638, 0]
[5, 1638, 0]
[5, 1638, 0]
[5, 1638, 0]
[5, 1638, 0]
[5, 1638, 0]
[5, 1638, 0]
[5, 1638, 0]
[5, 1638, 0]
[5, 1638, 0]
[5, 1638, 0]
[5, 1638, 0]
[5, 1638, 0]
[5, 1638, 0]
[5, 1638, 0]
[5, 1638, 0]
[5, 1638, 0]
[5, 1638, 0]
[5, 1638, 0]
[5, 1638, 0]
[5, 1638, 0]
[5, 1638, 0]
[5, 1638, 0]
[5, 1638, 0]
[5, 1638, 0]
[5, 1638, 0]
[5, 1638, 0]
[5, 1638, 0]
[5, 1638, 0]
[5, 1638, 0]
[5, 1638, 0]
[5, 1638, 0]
[5, 1638, 0]
[5, 1638, 0]
[5, 1638, 0]
[5, 1638, 0]
[5, 1638, 0]
[5, 1638, 0]
[5, 1638, 0]
[5, 1638, 0]
[5, 1638, 0]
[5, 1638, 0]
[5, 1638, 0]
[5, 1638, 0]
[5, 1638, 0]
[5, 1638, 0]
[5, 1638, 0]
[5, 1638, 0]
[5, 1638, 0]
[5, 1638, 0]
[5, 1638, 0]
[5, 1638, 0]
[5, 1638, 0]
[5, 1638, 0]
[5, 1638, 0]
[5, 1638, 0]
[5, 1638, 0]
[5, 1638, 0]
[5, 1638, 0]
[5, 1638, 0]
[5, 1638, 0]
[5, 1638, 0]
[5, 1638, 0]
[5, 1638, 0]
[5, 1638, 0]
[5, 1638, 0]
[5, 1638, 0]
[5, 1638, 0]
[5, 1638, 0]
[5, 1638, 0]
[5, 1638, 0]
[5, 1638, 0]
[5, 1638, 0]
[5, 1638, 0]
[5, 1638, 0]
[5, 1638, 0]
[5, 1638, 0]
[5, 1638, 0]
[5, 1638, 0]
[5, 1638, 0]
[5, 1638, 0]
[5, 1638, 0]
[10, 3276, 0]
[10, 3276, 0]
[10, 3276, 0]
[10, 3276, 0]
[10, 3276, 0]
[10, 3276, 0]
[10, 3276, 0]
[10, 3276, 0]
[10, 3276, 0]
[10, 3276, 0]
[10, 3276, 0]
[10, 3276, 0]
[10, 3276, 0]
[10, 3276, 0]
[10, 3276, 0]
[10, 3276, 0]
[10, 3276, 0]
[10, 3276, 0]
[10, 3276, 0]
[10, 3276, 0]
[10, 3276, 0]
[10, 3276, 0]
[10, 3276, 0]
[10, 3276, 0]
[10, 3276, 0]
[10, 3276, 0]
[10, 3276, 0]
[10, 3276, 0]
[10, 3276, 0]
[10, 3276, 0]
[10, 3276, 0]
[10, 3276, 0]
[10, 3276, 0]
[10, 3276, 0]
[10, 3276, 0]
[10, 3276, 0]
[10, 3276, 0]
[10, 3276, 0]
[10, 3276, 0]
[10, 3276, 0]
[10, 3276, 0]
[10, 3276, 0]
[10, 3276, 0]
[10, 3276, 0]
[10, 3276, 0]
[10, 3276, 0]
[10, 3276, 0]
[10, 3276, 0]
[10, 3276, 0]
[10, 3276, 0]
[10, 3276, 0]
[10, 3276, 0]
[10, 3276, 0]
[10, 3276, 0]
[10, 3276, 0]
[10, 3276, 0]
[10, 3276, 0]
[10, 3276, 0]
[10, 3276, 0]
[10, 3276, 0]
[10, 3276, 0]
[10, 3276, 0]
[10, 3276, 0]
[10, 3276, 0]
[10, 3276, 0]
[10, 3276, 0]
[10, 3276, 0]
[10, 3276, 0]
[10, 3276, 0]
[10, 3276, 0]
[10, 3276, 0]
[10, 3276, 0]
[10, 3276, 0]
[10, 3276, 0]
[10, 3276, 0]
[10, 3276, 0]
[10, 3276, 0]
[10, 3276, 0]
[10, 3276, 0]
[10, 3276, 0]
[10, 3276, 2]
[10, 3276, 0]
[10, 3276, 0]
[10, 3276, 0]
[10, 3276, 0]
[10, 3276, 0]
[10, 3276, 0]
[10, 3276, 0]
[10, 3276, 0]
[10, 3276, 0]
[10, 3276, 0]
[10, 3276, 0]
[10, 3276, 0]
[10, 3276, 0]
[10, 3276, 0]
[10, 3276, 0]
[10, 3276, 0]
[10, 3276, 0]
[10, 3276, 0]
[10, 3276, 0]
[15, 4915, 0]
[15, 4915, 0]
[15, 4915, 0]
[15, 4915, 0]
[15, 4915, 0]
[15, 4915, 0]
[15, 4915, 0]
[15, 4915, 0]
[15, 4915, 0]
[15, 4915, 0]
[15, 4915, 0]
[15, 4915, 0]
[15, 4915, 0]
[15, 4915, 0]
[15, 4915, 0]
[15, 4915, 0]
[15, 4915, 0]
[15, 4915, 0]
[15, 4915, 0]
[15, 4915, 0]
[15, 4915, 0]
[15, 4915, 1]
[15, 4915, 1]
[15, 4915, 0]
[15, 4915, 0]
[15, 4915, 0]
[15, 4915, 0]
[15, 4915, 2]
[15, 4915, 0]
[15, 4915, 0]
[15, 4915, 0]
[15, 4915, 0]
[15, 4915, 0]
[15, 4915, 1]
[15, 4915, 0]
[15, 4915, 2]
[15, 4915, 0]
[15, 4915, 0]
[15, 4915, 2]
[15, 4915, 0]
[15, 4915, 0]
[15, 4915, 0]
[15, 4915, 3]
[15, 4915, 0]
[15, 4915, 0]
[15, 4915, 0]
[15, 4915, 0]
[15, 4915, 0]
[15, 4915, 0]
[15, 4915, 0]
[15, 4915, 0]
[15, 4915, 0]
[15, 4915, 0]
[15, 4915, 0]
[15, 4915, 0]
[15, 4915, 0]
[15, 4915, 2]
[15, 4915, 0]
[15, 4915, 0]
[15, 4915, 0]
[15, 4915, 0]
[15, 4915, 0]
[15, 4915, 0]
[15, 4915, 0]
[15, 4915, 0]
[15, 4915, 0]
[15, 4915, 0]
[15, 4915, 0]
[15, 4915, 0]
[15, 4915, 0]
[15, 4915, 0]
[15, 4915, 0]
[15, 4915, 0]
[15, 4915, 0]
[15, 4915, 0]
[15, 4915, 0]
[15, 4915, 0]
[15, 4915, 0]
[15, 4915, 0]
[15, 4915, 0]
[15, 4915, 2]
[15, 4915, 0]
[15, 4915, 0]
[15, 4915, 0]
[15, 4915, 1]
[15, 4915, 0]
[15, 4915, 0]
[15, 4915, 0]
[15, 4915, 2]
[15, 4915, 0]
[15, 4915, 0]
[15, 4915, 0]
[15, 4915, 0]
[15, 4915, 0]
[15, 4915, 0]
[15, 4915, 0]
[15, 4915, 0]
[15, 4915, 3]
[15, 4915, 0]
[15, 4915, 0]
[20, 6553, 2]
[20, 6553, 0]
[20, 6553, 4]
[20, 6553, 0]
[20, 6553, 0]
[20, 6553, 2]
[20, 6553, 2]
[20, 6553, 0]
[20, 6553, 5]
[20, 6553, 0]
[20, 6553, 0]
[20, 6553, 0]
[20, 6553, 0]
[20, 6553, 2]
[20, 6553, 6]
[20, 6553, 2]
[20, 6553, 3]
[20, 6553, 1]
[20, 6553, 0]
[20, 6553, 2]
[20, 6553, 2]
[20, 6553, 1]
[20, 6553, 1]
[20, 6553, 0]
[20, 6553, 1]
[20, 6553, 4]
[20, 6553, 0]
[20, 6553, 3]
[20, 6553, 0]
[20, 6553, 0]
[20, 6553, 1]
[20, 6553, 1]
[20, 6553, 0]
[20, 6553, 5]
[20, 6553, 0]
[20, 6553, 1]
[20, 6553, 0]
[20, 6553, 2]
[20, 6553, 3]
[20, 6553, 0]
[20, 6553, 2]
[20, 6553, 0]
[20, 6553, 6]
[20, 6553, 0]
[20, 6553, 1]
[20, 6553, 0]
[20, 6553, 0]
[20, 6553, 0]
[20, 6553, 0]
[20, 6553, 3]
[20, 6553, 6]
[20, 6553, 0]
[20, 6553, 0]
[20, 6553, 5]
[20, 6553, 0]
[20, 6553, 0]
[20, 6553, 2]
[20, 6553, 0]
[20, 6553, 0]
[20, 6553, 2]
[20, 6553, 4]
[20, 6553, 0]
[20, 6553, 0]
[20, 6553, 0]
[20, 6553, 0]
[20, 6553, 0]
[20, 6553, 1]
[20, 6553, 1]
[20, 6553, 0]
[20, 6553, 0]
[20, 6553, 2]
[20, 6553, 1]
[20, 6553, 3]
[20, 6553, 0]
[20, 6553, 2]
[20, 6553, 1]
[20, 6553, 1]
[20, 6553, 0]
[20, 6553, 1]
[20, 6553, 2]
[20, 6553, 4]
[20, 6553, 0]
[20, 6553, 0]
[20, 6553, 3]
[20, 6553, 7]
[20, 6553, 0]
[20, 6553, 2]
[20, 6553, 0]
[20, 6553, 5]
[20, 6553, 5]
[20, 6553, 0]
[20, 6553, 0]
[20, 6553, 2]
[20, 6553, 0]
[20, 6553, 3]
[20, 6553, 0]
[20, 6553, 0]
[20, 6553, 3]
[20, 6553, 2]
[20, 6553, 3]
[25, 8192, 6]
[25, 8192, 2]
[25, 8192, 7]
[25, 8192, 4]
[25, 8192, 1]
[25, 8192, 3]
[25, 8192, 8]
[25, 8192, 8]
[25, 8192, 9]
[25, 8192, 15]
[25, 8192, 4]
[25, 8192, 4]
[25, 8192, 2]
[25, 8192, 1]
[25, 8192, 7]
[25, 8192, 3]
[25, 8192, 11]
[25, 8192, 16]
[25, 8192, 7]
[25, 8192, 5]
[25, 8192, 5]
[25, 8192, 8]
[25, 8192, 12]
[25, 8192, 2]
[25, 8192, 6]
[25, 8192, 8]
[25, 8192, 1]
[25, 8192, 17]
[25, 8192, 6]
[25, 8192, 6]
[25, 8192, 5]
[25, 8192, 3]
[25, 8192, 8]
[25, 8192, 3]
[25, 8192, 5]
[25, 8192, 9]
[25, 8192, 12]
[25, 8192, 10]
[25, 8192, 7]
[25, 8192, 0]
[25, 8192, 3]
[25, 8192, 4]
[25, 8192, 7]
[25, 8192, 2]
[25, 8192, 6]
[25, 8192, 1]
[25, 8192, 6]
[25, 8192, 2]
[25, 8192, 0]
[25, 8192, 6]
[25, 8192, 6]
[25, 8192, 5]
[25, 8192, 0]
[25, 8192, 14]
[25, 8192, 3]
[25, 8192, 5]
[25, 8192, 8]
[25, 8192, 2]
[25, 8192, 0]
[25, 8192, 4]
[25, 8192, 2]
[25, 8192, 13]
[25, 8192, 1]
[25, 8192, 3]
[25, 8192, 4]
[25, 8192, 1]
[25, 8192, 4]
[25, 8192, 4]
[25, 8192, 11]
[25, 8192, 6]
[25, 8192, 8]
[25, 8192, 9]
[25, 8192, 11]
[25, 8192, 4]
[25, 8192, 3]
[25, 8192, 14]
[25, 8192, 6]
[25, 8192, 7]
[25, 8192, 9]
[25, 8192, 8]
[25, 8192, 11]
[25, 8192, 3]
[25, 8192, 3]
[25, 8192, 7]
[25, 8192, 10]
[25, 8192, 1]
[25, 8192, 5]
[25, 8192, 0]
[25, 8192, 13]
[25, 8192, 7]
[25, 8192, 4]
[25, 8192, 3]
[25, 8192, 8]
[25, 8192, 2]
[25, 8192, 10]
[25, 8192, 5]
[25, 8192, 1]
[25, 8192, 5]
[25, 8192, 2]
[25, 8192, 13]
[30, 9830, 25]
[30, 9830, 13]
[30, 9830, 30]
[30, 9830, 16]
[30, 9830, 8]
[30, 9830, 8]
[30, 9830, 30]
[30, 9830, 13]
[30, 9830, 23]
[30, 9830, 20]
[30, 9830, 4]
[30, 9830, 16]
[30, 9830, 12]
[30, 9830, 28]
[30, 9830, 10]
[30, 9830, 8]
[30, 9830, 24]
[30, 9830, 30]
[30, 9830, 18]
[30, 9830, 16]
[30, 9830, 16]
[30, 9830, 13]
[30, 9830, 23]
[30, 9830, 21]
[30, 9830, 28]
[30, 9830, 13]
[30, 9830, 17]
[30, 9830, 38]
[30, 9830, 30]
[30, 9830, 19]
[30, 9830, 10]
[30, 9830, 21]
[30, 9830, 18]
[30, 9830, 17]
[30, 9830, 15]
[30, 9830, 30]
[30, 9830, 16]
[30, 9830, 18]
[30, 9830, 14]
[30, 9830, 8]
[30, 9830, 7]
[30, 9830, 15]
[30, 9830, 20]
[30, 9830, 21]
[30, 9830, 20]
[30, 9830, 11]
[30, 9830, 19]
[30, 9830, 9]
[30, 9830, 1]
[30, 9830, 26]
[30, 9830, 24]
[30, 9830, 19]
[30, 9830, 8]
[30, 9830, 19]
[30, 9830, 29]
[30, 9830, 17]
[30, 9830, 18]
[30, 9830, 18]
[30, 9830, 15]
[30, 9830, 9]
[30, 9830, 17]
[30, 9830, 18]
[30, 9830, 9]
[30, 9830, 13]
[30, 9830, 11]
[30, 9830, 16]
[30, 9830, 17]
[30, 9830, 12]
[30, 9830, 17]
[30, 9830, 10]
[30, 9830, 19]
[30, 9830, 33]
[30, 9830, 21]
[30, 9830, 10]
[30, 9830, 14]
[30, 9830, 30]
[30, 9830, 19]
[30, 9830, 21]
[30, 9830, 31]
[30, 9830, 19]
[30, 9830, 26]
[30, 9830, 8]
[30, 9830, 14]
[30, 9830, 12]
[30, 9830, 29]
[30, 9830, 23]
[30, 9830, 12]
[30, 9830, 8]
[30, 9830, 24]
[30, 9830, 22]
[30, 9830, 11]
[30, 9830, 8]
[30, 9830, 15]
[30, 9830, 7]
[30, 9830, 27]
[30, 9830, 19]
[30, 9830, 18]
[30, 9830, 13]
[30, 9830, 11]
[30, 9830, 25]
[35, 11468, 46]
[35, 11468, 50]
[35, 11468, 62]
[35, 11468, 48]
[35, 11468, 39]
[35, 11468, 34]
[35, 11468, 43]
[35, 11468, 56]
[35, 11468, 58]
[35, 11468, 53]
[35, 11468, 30]
[35, 11468, 37]
[35, 11468, 42]
[35, 11468, 59]
[35, 11468, 44]
[35, 11468, 21]
[35, 11468, 58]
[35, 11468, 48]
[35, 11468, 49]
[35, 11468, 49]
[35, 11468, 40]
[35, 11468, 36]
[35, 11468, 52]
[35, 11468, 50]
[35, 11468, 51]
[35, 11468, 35]
[35, 11468, 57]
[35, 11468, 77]
[35, 11468, 54]
[35, 11468, 50]
[35, 11468, 47]
[35, 11468, 58]
[35, 11468, 35]
[35, 11468, 52]
[35, 11468, 44]
[35, 11468, 63]
[35, 11468, 49]
[35, 11468, 48]
[35, 11468, 50]
[35, 11468, 35]
[35, 11468, 35]
[35, 11468, 36]
[35, 11468, 55]
[35, 11468, 35]
[35, 11468, 46]
[35, 11468, 30]
[35, 11468, 45]
[35, 11468, 34]
[35, 11468, 28]
[35, 11468, 47]
[35, 11468, 45]
[35, 11468, 52]
[35, 11468, 32]
[35, 11468, 43]
[35, 11468, 73]
[35, 11468, 55]
[35, 11468, 40]
[35, 11468, 37]
[35, 11468, 55]
[35, 11468, 49]
[35, 11468, 41]
[35, 11468, 43]
[35, 11468, 43]
[35, 11468, 46]
[35, 11468, 55]
[35, 11468, 36]
[35, 11468, 46]
[35, 11468, 50]
[35, 11468, 34]
[35, 11468, 38]
[35, 11468, 40]
[35, 11468, 66]
[35, 11468, 70]
[35, 11468, 31]
[35, 11468, 38]
[35, 11468, 66]
[35, 11468, 58]
[35, 11468, 31]
[35, 11468, 61]
[35, 11468, 53]
[35, 11468, 41]
[35, 11468, 38]
[35, 11468, 38]
[35, 11468, 37]
[35, 11468, 60]
[35, 11468, 38]
[35, 11468, 44]
[35, 11468, 38]
[35, 11468, 46]
[35, 11468, 44]
[35, 11468, 38]
[35, 11468, 31]
[35, 11468, 32]
[35, 11468, 43]
[35, 11468, 62]
[35, 11468, 49]
[35, 11468, 41]
[35, 11468, 45]
[35, 11468, 34]
[35, 11468, 63]
[40, 13107, 102]
[40, 13107, 84]
[40, 13107, 123]
[40, 13107, 105]
[40, 13107, 82]
[40, 13107, 95]
[40, 13107, 76]
[40, 13107, 100]
[40, 13107, 118]
[40, 13107, 110]
[40, 13107, 89]
[40, 13107, 73]
[40, 13107, 97]
[40, 13107, 118]
[40, 13107, 111]
[40, 13107, 94]
[40, 13107, 111]
[40, 13107, 124]
[40, 13107, 100]
[40, 13107, 101]
[40, 13107, 106]
[40, 13107, 90]
[40, 13107, 101]
[40, 13107, 109]
[40, 13107, 119]
[40, 13107, 87]
[40, 13107, 110]
[40, 13107, 125]
[40, 13107, 107]
[40, 13107, 96]
[40, 13107, 95]
[40, 13107, 100]
[40, 13107, 79]
[40, 13107, 102]
[40, 13107, 77]
[40, 13107, 119]
[40, 13107, 76]
[40, 13107, 80]
[40, 13107, 92]
[40, 13107, 59]
[40, 13107, 72]
[40, 13107, 59]
[40, 13107, 99]
[40, 13107, 98]
[40, 13107, 107]
[40, 13107, 95]
[40, 13107, 87]
[40, 13107, 128]
[40, 13107, 83]
[40, 13107, 123]
[40, 13107, 100]
[40, 13107, 101]
[40, 13107, 97]
[40, 13107, 98]
[40, 13107, 116]
[40, 13107, 95]
[40, 13107, 97]
[40, 13107, 75]
[40, 13107, 124]
[40, 13107, 91]
[40, 13107, 76]
[40, 13107, 90]
[40, 13107, 90]
[40, 13107, 125]
[40, 13107, 110]
[40, 13107, 90]
[40, 13107, 101]
[40, 13107, 114]
[40, 13107, 63]
[40, 13107, 88]
[40, 13107, 99]
[40, 13107, 132]
[40, 13107, 147]
[40, 13107, 78]
[40, 13107, 87]
[40, 13107, 136]
[40, 13107, 82]
[40, 13107, 80]
[40, 13107, 105]
[40, 13107, 124]
[40, 13107, 87]
[40, 13107, 84]
[40, 13107, 109]
[40, 13107, 126]
[40, 13107, 110]
[40, 13107, 80]
[40, 13107, 87]
[40, 13107, 65]
[40, 13107, 94]
[40, 13107, 105]
[40, 13107, 87]
[40, 13107, 92]
[40, 13107, 93]
[40, 13107, 101]
[40, 13107, 104]
[40, 13107, 128]
[40, 13107, 90]
[40, 13107, 101]
[40, 13107, 85]
[40, 13107, 104]
