[1, 1310, 0, 0]
[1, 1310, 0, 0]
[1, 1310, 0, 0]
[1, 1310, 0, 0]
[1, 1310, 0, 0]
[1, 1310, 0, 0]
[1, 1310, 0, 0]
[1, 1310, 0, 0]
[1, 1310, 0, 0]
[1, 1310, 0, 0]
[1, 1310, 0, 0]
[1, 1310, 0, 0]
[1, 1310, 0, 0]
[1, 1310, 0, 0]
[1, 1310, 0, 0]
[1, 1310, 0, 0]
[1, 1310, 0, 0]
[1, 1310, 0, 0]
[1, 1310, 0, 0]
[1, 1310, 0, 0]
[1, 1310, 0, 0]
[1, 1310, 0, 0]
[1, 1310, 0, 0]
[1, 1310, 0, 0]
[1, 1310, 0, 0]
[1, 1310, 0, 0]
[1, 1310, 0, 0]
[1, 1310, 0, 0]
[1, 1310, 0, 0]
[1, 1310, 0, 0]
[1, 1310, 0, 0]
[1, 1310, 0, 0]
[1, 1310, 0, 0]
[1, 1310, 0, 0]
[1, 1310, 0, 0]
[1, 1310, 0, 0]
[1, 1310, 0, 0]
[1, 1310, 0, 0]
[1, 1310, 0, 0]
[1, 1310, 0, 0]
[1, 1310, 0, 0]
[1, 1310, 0, 0]
[1, 1310, 0, 0]
[1, 1310, 0, 0]
[1, 1310, 0, 0]
[1, 1310, 0, 0]
[1, 1310, 0, 0]
[1, 1310, 0, 0]
[1, 1310, 0, 0]
[1, 1310, 0, 0]
[1, 1310, 0, 0]
[1, 1310, 0, 0]
[1, 1310, 0, 0]
[1, 1310, 0, 0]
[1, 1310, 0, 0]
[1, 1310, 0, 0]
[1, 1310, 0, 0]
[1, 1310, 0, 0]
[1, 1310, 0, 0]
[1, 1310, 0, 0]
[1, 1310, 0, 0]
[1, 1310, 0, 0]
[1, 1310, 0, 0]
[1, 1310, 0, 0]
[1, 1310, 0, 0]
[1, 1310, 0, 0]
[1, 1310, 0, 0]
[1, 1310, 0, 0]
[1, 1310, 0, 0]
[1, 1310, 0, 0]
[1, 1310, 0, 0]
[1, 1310, 0, 0]
[1, 1310, 0, 0]
[1, 1310, 0, 0]
[1, 1310, 0, 0]
[1, 1310, 0, 0]
[1, 1310, 0, 0]
[1, 1310, 0, 0]
[1, 1310, 0, 0]
[1, 1310, 0, 0]
[1, 1310, 0, 0]
[1, 1310, 0, 0]
[1, 1310, 0, 0]
[1, 1310, 0, 0]
[1, 1310, 0, 0]
[1, 1310, 0, 0]
[1, 1310, 0, 0]
[1, 1310, 0, 0]
[1, 1310, 0, 0]
[1, 1310, 0, 0]
[1, 1310, 0, 0]
[1, 1310, 0, 0]
[1, 1310, 0, 0]
[1, 1310, 0, 0]
[1, 1310, 0, 0]
[1, 1310, 0, 0]
[1, 1310, 0, 0]
[1, 1310, 0, 0]
[1, 1310, 0, 0]
[1, 1310, 0, 0]
[2, 2621, 0, 0]
[2, 2621, 0, 0]
[2, 2621, 0, 0]
[2, 2621, 0, 0]
[2, 2621, 0, 0]
[2, 2621, 0, 0]
[2, 2621, 0, 0]
[2, 2621, 0, 0]
[2, 2621, 0, 0]
[2, 2621, 0, 0]
[2, 2621, 0, 0]
[2, 2621, 0, 0]
[2, 2621, 0, 0]
[2, 2621, 0, 0]
[2, 2621, 0, 0]
[2, 2621, 0, 0]
[2, 2621, 0, 0]
[2, 2621, 0, 0]
[2, 2621, 0, 0]
[2, 2621, 0, 0]
[2, 2621, 0, 0]
[2, 2621, 0, 0]
[2, 2621, 0, 0]
[2, 2621, 0, 0]
[2, 2621, 0, 0]
[2, 2621, 0, 0]
[2, 2621, 0, 0]
[2, 2621, 0, 0]
[2, 2621, 0, 0]
[2, 2621, 0, 0]
[2, 2621, 0, 0]
[2, 2621, 0, 0]
[2, 2621, 0, 0]
[2, 2621, 0, 0]
[2, 2621, 0, 0]
[2, 2621, 0, 0]
[2, 2621, 0, 0]
[2, 2621, 0, 0]
[2, 2621, 0, 0]
[2, 2621, 0, 0]
[2, 2621, 0, 0]
[2, 2621, 0, 0]
[2, 2621, 0, 0]
[2, 2621, 0, 0]
[2, 2621, 0, 0]
[2, 2621, 0, 0]
[2, 2621, 0, 0]
[2, 2621, 0, 0]
[2, 2621, 0, 0]
[2, 2621, 0, 0]
[2, 2621, 0, 0]
[2, 2621, 0, 0]
[2, 2621, 0, 0]
[2, 2621, 0, 0]
[2, 2621, 0, 0]
[2, 2621, 0, 0]
[2, 2621, 0, 0]
[2, 2621, 0, 0]
[2, 2621, 0, 0]
[2, 2621, 0, 0]
[2, 2621, 0, 0]
[2, 2621, 0, 0]
[2, 2621, 0, 0]
[2, 2621, 0, 0]
[2, 2621, 0, 0]
[2, 2621, 0, 0]
[2, 2621, 0, 0]
[2, 2621, 0, 0]
[2, 2621, 0, 0]
[2, 2621, 0, 0]
[2, 2621, 0, 0]
[2, 2621, 0, 0]
[2, 2621, 0, 0]
[2, 2621, 0, 0]
[2, 2621, 0, 0]
[2, 2621, 0, 0]
[2, 2621, 0, 0]
[2, 2621, 0, 0]
[2, 2621, 0, 0]
[2, 2621, 0, 0]
[2, 2621, 0, 0]
[2, 2621, 0, 0]
[2, 2621, 0, 0]
[2, 2621, 0, 0]
[2, 2621, 0, 0]
[2, 2621, 0, 0]
[2, 2621, 0, 0]
[2, 2621, 0, 0]
[2, 2621, 0, 0]
[2, 2621, 0, 0]
[2, 2621, 0, 0]
[2, 2621, 0, 0]
[2, 2621, 0, 0]
[2, 2621, 0, 0]
[2, 2621, 0, 0]
[2, 2621, 0, 0]
[2, 2621, 0, 0]
[2, 2621, 0, 0]
[2, 2621, 0, 0]
[2, 2621, 0, 0]
[5, 6553, 0, 0]
[5, 6553, 0, 0]
[5, 6553, 0, 0]
[5, 6553, 0, 0]
[5, 6553, 0, 0]
[5, 6553, 0, 0]
[5, 6553, 0, 0]
[5, 6553, 0, 0]
[5, 6553, 0, 0]
[5, 6553, 0, 0]
[5, 6553, 0, 0]
[5, 6553, 0, 0]
[5, 6553, 0, 0]
[5, 6553, 0, 0]
[5, 6553, 0, 0]
[5, 6553, 0, 0]
[5, 6553, 0, 0]
[5, 6553, 0, 0]
[5, 6553, 0, 0]
[5, 6553, 0, 0]
[5, 6553, 0, 0]
[5, 6553, 0, 0]
[5, 6553, 0, 0]
[5, 6553, 0, 0]
[5, 6553, 0, 0]
[5, 6553, 0, 0]
[5, 6553, 0, 0]
[5, 6553, 0, 0]
[5, 6553, 0, 0]
[5, 6553, 0, 0]
[5, 6553, 0, 0]
[5, 6553, 0, 0]
[5, 6553, 0, 0]
[5, 6553, 0, 0]
[5, 6553, 0, 0]
[5, 6553, 0, 0]
[5, 6553, 0, 0]
[5, 6553, 0, 0]
[5, 6553, 0, 0]
[5, 6553, 0, 0]
[5, 6553, 0, 0]
[5, 6553, 0, 0]
[5, 6553, 0, 0]
[5, 6553, 0, 0]
[5, 6553, 0, 0]
[5, 6553, 0, 0]
[5, 6553, 0, 0]
[5, 6553, 0, 0]
[5, 6553, 0, 0]
[5, 6553, 0, 0]
[5, 6553, 0, 0]
[5, 6553, 0, 0]
[5, 6553, 0, 0]
[5, 6553, 0, 0]
[5, 6553, 0, 0]
[5, 6553, 0, 0]
[5, 6553, 0, 0]
[5, 6553, 0, 0]
[5, 6553, 0, 0]
[5, 6553, 0, 0]
[5, 6553, 0, 0]
[5, 6553, 0, 0]
[5, 6553, 0, 0]
[5, 6553, 0, 0]
[5, 6553, 0, 0]
[5, 6553, 0, 0]
[5, 6553, 0, 0]
[5, 6553, 0, 0]
[5, 6553, 0, 0]
[5, 6553, 0, 0]
[5, 6553, 0, 0]
[5, 6553, 0, 0]
[5, 6553, 0, 0]
[5, 6553, 0, 0]
[5, 6553, 0, 0]
[5, 6553, 0, 0]
[5, 6553, 0, 0]
[5, 6553, 0, 0]
[5, 6553, 0, 0]
[5, 6553, 0, 0]
[5, 6553, 0, 0]
[5, 6553, 0, 0]
[5, 6553, 0, 0]
[5, 6553, 0, 0]
[5, 6553, 0, 0]
[5, 6553, 0, 0]
[5, 6553, 0, 0]
[5, 6553, 0, 0]
[5, 6553, 0, 0]
[5, 6553, 0, 0]
[5, 6553, 0, 0]
[5, 6553, 0, 0]
[5, 6553, 0, 0]
[5, 6553, 0, 0]
[5, 6553, 0, 0]
[5, 6553, 0, 0]
[5, 6553, 0, 0]
[5, 6553, 0, 0]
[5, 6553, 0, 0]
[5, 6553, 0, 0]
[10, 13107, 0, 0]
[10, 13107, 0, 0]
[10, 13107, 0, 0]
[10, 13107, 0, 0]
[10, 13107, 0, 0]
[10, 13107, 0, 0]
[10, 13107, 0, 0]
[10, 13107, 0, 0]
[10, 13107, 0, 0]
[10, 13107, 0, 0]
[10, 13107, 0, 0]
[10, 13107, 0, 0]
[10, 13107, 0, 0]
[10, 13107, 0, 0]
[10, 13107, 0, 0]
[10, 13107, 0, 0]
[10, 13107, 0, 0]
[10, 13107, 0, 0]
[10, 13107, 0, 0]
[10, 13107, 0, 0]
[10, 13107, 0, 0]
[10, 13107, 0, 0]
[10, 13107, 0, 0]
[10, 13107, 0, 0]
[10, 13107, 0, 0]
[10, 13107, 0, 0]
[10, 13107, 4, 0]
[10, 13107, 0, 0]
[10, 13107, 0, 0]
[10, 13107, 0, 0]
[10, 13107, 0, 0]
[10, 13107, 0, 0]
[10, 13107, 0, 0]
[10, 13107, 0, 0]
[10, 13107, 0, 0]
[10, 13107, 0, 0]
[10, 13107, 0, 0]
[10, 13107, 0, 0]
[10, 13107, 0, 0]
[10, 13107, 0, 0]
[10, 13107, 0, 0]
[10, 13107, 0, 0]
[10, 13107, 0, 0]
[10, 13107, 0, 0]
[10, 13107, 0, 0]
[10, 13107, 0, 0]
[10, 13107, 0, 0]
[10, 13107, 0, 0]
[10, 13107, 0, 0]
[10, 13107, 0, 0]
[10, 13107, 0, 0]
[10, 13107, 1, 0]
[10, 13107, 0, 0]
[10, 13107, 0, 0]
[10, 13107, 0, 0]
[10, 13107, 0, 0]
[10, 13107, 0, 0]
[10, 13107, 0, 0]
[10, 13107, 0, 0]
[10, 13107, 0, 0]
[10, 13107, 0, 0]
[10, 13107, 0, 0]
[10, 13107, 0, 0]
[10, 13107, 0, 0]
[10, 13107, 0, 0]
[10, 13107, 0, 0]
[10, 13107, 0, 0]
[10, 13107, 0, 0]
[10, 13107, 0, 0]
[10, 13107, 0, 0]
[10, 13107, 0, 0]
[10, 13107, 0, 0]
[10, 13107, 0, 0]
[10, 13107, 0, 0]
[10, 13107, 0, 0]
[10, 13107, 0, 0]
[10, 13107, 0, 0]
[10, 13107, 0, 0]
[10, 13107, 0, 0]
[10, 13107, 0, 0]
[10, 13107, 0, 0]
[10, 13107, 2, 0]
[10, 13107, 0, 0]
[10, 13107, 0, 0]
[10, 13107, 0, 0]
[10, 13107, 0, 0]
[10, 13107, 0, 1]
[10, 13107, 0, 0]
[10, 13107, 0, 0]
[10, 13107, 0, 0]
[10, 13107, 0, 0]
[10, 13107, 0, 0]
[10, 13107, 0, 0]
[10, 13107, 0, 0]
[10, 13107, 0, 0]
[10, 13107, 0, 0]
[10, 13107, 0, 0]
[10, 13107, 0, 0]
[10, 13107, 0, 0]
[10, 13107, 0, 0]
[15, 19660, 3, 0]
[15, 19660, 1, 0]
[15, 19660, 0, 0]
[15, 19660, 0, 0]
[15, 19660, 0, 0]
[15, 19660, 0, 0]
[15, 19660, 0, 0]
[15, 19660, 0, 1]
[15, 19660, 0, 0]
[15, 19660, 0, 0]
[15, 19660, 0, 0]
[15, 19660, 0, 0]
[15, 19660, 2, 0]
[15, 19660, 1, 0]
[15, 19660, 0, 0]
[15, 19660, 0, 0]
[15, 19660, 0, 0]
[15, 19660, 0, 0]
[15, 19660, 0, 1]
[15, 19660, 0, 0]
[15, 19660, 0, 0]
[15, 19660, 0, 0]
[15, 19660, 0, 0]
[15, 19660, 0, 0]
[15, 19660, 0, 1]
[15, 19660, 0, 0]
[15, 19660, 2, 0]
[15, 19660, 0, 2]
[15, 19660, 0, 0]
[15, 19660, 0, 0]
[15, 19660, 0, 0]
[15, 19660, 0, 0]
[15, 19660, 0, 0]
[15, 19660, 1, 0]
[15, 19660, 0, 0]
[15, 19660, 0, 0]
[15, 19660, 0, 0]
[15, 19660, 0, 0]
[15, 19660, 0, 2]
[15, 19660, 0, 0]
[15, 19660, 0, 0]
[15, 19660, 1, 0]
[15, 19660, 0, 1]
[15, 19660, 0, 0]
[15, 19660, 0, 0]
[15, 19660, 0, 0]
[15, 19660, 0, 0]
[15, 19660, 0, 0]
[15, 19660, 0, 1]
[15, 19660, 0, 0]
[15, 19660, 0, 0]
[15, 19660, 5, 0]
[15, 19660, 0, 0]
[15, 19660, 0, 0]
[15, 19660, 0, 0]
[15, 19660, 0, 0]
[15, 19660, 0, 0]
[15, 19660, 0, 0]
[15, 19660, 0, 0]
[15, 19660, 0, 0]
[15, 19660, 0, 0]
[15, 19660, 0, 0]
[15, 19660, 0, 0]
[15, 19660, 0, 1]
[15, 19660, 2, 0]
[15, 19660, 0, 0]
[15, 19660, 0, 0]
[15, 19660, 0, 0]
[15, 19660, 0, 0]
[15, 19660, 0, 0]
[15, 19660, 0, 0]
[15, 19660, 0, 0]
[15, 19660, 0, 2]
[15, 19660, 0, 0]
[15, 19660, 1, 0]
[15, 19660, 2, 0]
[15, 19660, 0, 0]
[15, 19660, 0, 0]
[15, 19660, 0, 0]
[15, 19660, 0, 0]
[15, 19660, 0, 0]
[15, 19660, 6, 0]
[15, 19660, 0, 0]
[15, 19660, 0, 0]
[15, 19660, 0, 0]
[15, 19660, 0, 0]
[15, 19660, 0, 3]
[15, 19660, 0, 0]
[15, 19660, 0, 0]
[15, 19660, 0, 0]
[15, 19660, 0, 0]
[15, 19660, 0, 0]
[15, 19660, 0, 0]
[15, 19660, 0, 1]
[15, 19660, 0, 0]
[15, 19660, 0, 0]
[15, 19660, 0, 0]
[15, 19660, 0, 0]
[15, 19660, 0, 0]
[15, 19660, 0, 0]
[20, 26214, 4, 6]
[20, 26214, 3, 0]
[20, 26214, 2, 0]
[20, 26214, 0, 2]
[20, 26214, 0, 4]
[20, 26214, 0, 2]
[20, 26214, 0, 1]
[20, 26214, 8, 2]
[20, 26214, 0, 0]
[20, 26214, 2, 5]
[20, 26214, 3, 0]
[20, 26214, 0, 0]
[20, 26214, 4, 3]
[20, 26214, 4, 0]
[20, 26214, 0, 0]
[20, 26214, 0, 0]
[20, 26214, 3, 2]
[20, 26214, 2, 0]
[20, 26214, 0, 2]
[20, 26214, 2, 0]
[20, 26214, 3, 0]
[20, 26214, 2, 1]
[20, 26214, 0, 2]
[20, 26214, 4, 0]
[20, 26214, 0, 12]
[20, 26214, 2, 0]
[20, 26214, 7, 5]
[20, 26214, 5, 2]
[20, 26214, 2, 1]
[20, 26214, 2, 0]
[20, 26214, 1, 0]
[20, 26214, 2, 0]
[20, 26214, 3, 0]
[20, 26214, 5, 2]
[20, 26214, 0, 4]
[20, 26214, 0, 3]
[20, 26214, 0, 5]
[20, 26214, 8, 3]
[20, 26214, 1, 2]
[20, 26214, 0, 0]
[20, 26214, 0, 0]
[20, 26214, 7, 1]
[20, 26214, 7, 3]
[20, 26214, 1, 0]
[20, 26214, 0, 0]
[20, 26214, 3, 1]
[20, 26214, 0, 2]
[20, 26214, 2, 0]
[20, 26214, 1, 7]
[20, 26214, 0, 7]
[20, 26214, 0, 0]
[20, 26214, 8, 1]
[20, 26214, 0, 0]
[20, 26214, 0, 5]
[20, 26214, 0, 2]
[20, 26214, 1, 0]
[20, 26214, 0, 1]
[20, 26214, 0, 0]
[20, 26214, 0, 0]
[20, 26214, 0, 1]
[20, 26214, 4, 0]
[20, 26214, 0, 2]
[20, 26214, 0, 0]
[20, 26214, 2, 4]
[20, 26214, 4, 3]
[20, 26214, 0, 0]
[20, 26214, 2, 1]
[20, 26214, 0, 0]
[20, 26214, 0, 0]
[20, 26214, 0, 4]
[20, 26214, 0, 2]
[20, 26214, 2, 1]
[20, 26214, 0, 4]
[20, 26214, 0, 0]
[20, 26214, 10, 1]
[20, 26214, 2, 0]
[20, 26214, 4, 3]
[20, 26214, 0, 2]
[20, 26214, 0, 2]
[20, 26214, 0, 1]
[20, 26214, 0, 1]
[20, 26214, 9, 0]
[20, 26214, 1, 1]
[20, 26214, 1, 0]
[20, 26214, 5, 0]
[20, 26214, 0, 0]
[20, 26214, 2, 6]
[20, 26214, 2, 3]
[20, 26214, 0, 0]
[20, 26214, 1, 2]
[20, 26214, 1, 0]
[20, 26214, 0, 0]
[20, 26214, 1, 0]
[20, 26214, 0, 2]
[20, 26214, 0, 6]
[20, 26214, 4, 1]
[20, 26214, 2, 3]
[20, 26214, 1, 1]
[20, 26214, 0, 0]
[20, 26214, 0, 0]
[25, 32768, 9, 14]
[25, 32768, 1, 8]
[25, 32768, 18, 2]
[25, 32768, 5, 2]
[25, 32768, 10, 6]
[25, 32768, 13, 14]
[25, 32768, 3, 7]
[25, 32768, 12, 12]
[25, 32768, 7, 2]
[25, 32768, 14, 8]
[25, 32768, 10, 5]
[25, 32768, 10, 4]
[25, 32768, 12, 14]
[25, 32768, 18, 3]
[25, 32768, 5, 8]
[25, 32768, 4, 1]
[25, 32768, 9, 4]
[25, 32768, 6, 3]
[25, 32768, 10, 10]
[25, 32768, 9, 9]
[25, 32768, 7, 6]
[25, 32768, 5, 8]
[25, 32768, 2, 10]
[25, 32768, 4, 7]
[25, 32768, 5, 22]
[25, 32768, 8, 13]
[25, 32768, 21, 6]
[25, 32768, 7, 10]
[25, 32768, 8, 5]
[25, 32768, 10, 5]
[25, 32768, 7, 7]
[25, 32768, 7, 8]
[25, 32768, 11, 6]
[25, 32768, 11, 12]
[25, 32768, 5, 2]
[25, 32768, 12, 8]
[25, 32768, 3, 8]
[25, 32768, 11, 14]
[25, 32768, 7, 10]
[25, 32768, 4, 16]
[25, 32768, 7, 5]
[25, 32768, 15, 13]
[25, 32768, 5, 10]
[25, 32768, 8, 5]
[25, 32768, 6, 4]
[25, 32768, 17, 4]
[25, 32768, 4, 11]
[25, 32768, 11, 6]
[25, 32768, 8, 16]
[25, 32768, 7, 14]
[25, 32768, 9, 3]
[25, 32768, 14, 2]
[25, 32768, 4, 2]
[25, 32768, 3, 13]
[25, 32768, 2, 7]
[25, 32768, 3, 4]
[25, 32768, 9, 5]
[25, 32768, 2, 1]
[25, 32768, 6, 4]
[25, 32768, 6, 6]
[25, 32768, 9, 7]
[25, 32768, 5, 8]
[25, 32768, 4, 3]
[25, 32768, 11, 5]
[25, 32768, 14, 7]
[25, 32768, 0, 9]
[25, 32768, 9, 11]
[25, 32768, 4, 4]
[25, 32768, 5, 7]
[25, 32768, 1, 8]
[25, 32768, 0, 12]
[25, 32768, 10, 15]
[25, 32768, 4, 15]
[25, 32768, 0, 4]
[25, 32768, 18, 9]
[25, 32768, 9, 5]
[25, 32768, 3, 8]
[25, 32768, 2, 7]
[25, 32768, 3, 11]
[25, 32768, 6, 3]
[25, 32768, 5, 3]
[25, 32768, 15, 1]
[25, 32768, 7, 6]
[25, 32768, 2, 3]
[25, 32768, 14, 2]
[25, 32768, 0, 4]
[25, 32768, 6, 16]
[25, 32768, 11, 17]
[25, 32768, 15, 2]
[25, 32768, 3, 6]
[25, 32768, 8, 5]
[25, 32768, 0, 2]
[25, 32768, 8, 3]
[25, 32768, 2, 12]
[25, 32768, 11, 7]
[25, 32768, 6, 13]
[25, 32768, 9, 5]
[25, 32768, 0, 7]
[25, 32768, 7, 7]
[25, 32768, 1, 3]
[30, 39321, 20, 26]
[30, 39321, 24, 23]
[30, 39321, 28, 36]
[30, 39321, 17, 12]
[30, 39321, 35, 20]
[30, 39321, 25, 24]
[30, 39321, 20, 24]
[30, 39321, 49, 24]
[30, 39321, 21, 13]
[30, 39321, 24, 30]
[30, 39321, 27, 10]
[30, 39321, 14, 19]
[30, 39321, 24, 36]
[30, 39321, 31, 27]
[30, 39321, 11, 29]
[30, 39321, 18, 6]
[30, 39321, 29, 17]
[30, 39321, 36, 21]
[30, 39321, 32, 27]
[30, 39321, 31, 26]
[30, 39321, 25, 23]
[30, 39321, 21, 20]
[30, 39321, 17, 21]
[30, 39321, 22, 22]
[30, 39321, 19, 34]
[30, 39321, 16, 34]
[30, 39321, 38, 17]
[30, 39321, 37, 37]
[30, 39321, 28, 37]
[30, 39321, 33, 26]
[30, 39321, 18, 24]
[30, 39321, 18, 21]
[30, 39321, 50, 25]
[30, 39321, 16, 26]
[30, 39321, 33, 16]
[30, 39321, 16, 22]
[30, 39321, 17, 36]
[30, 39321, 30, 31]
[30, 39321, 26, 20]
[30, 39321, 24, 31]
[30, 39321, 34, 15]
[30, 39321, 40, 32]
[30, 39321, 18, 19]
[30, 39321, 16, 21]
[30, 39321, 12, 15]
[30, 39321, 39, 30]
[30, 39321, 21, 28]
[30, 39321, 30, 23]
[30, 39321, 26, 36]
[30, 39321, 19, 26]
[30, 39321, 14, 12]
[30, 39321, 33, 18]
[30, 39321, 22, 13]
[30, 39321, 25, 39]
[30, 39321, 37, 24]
[30, 39321, 20, 20]
[30, 39321, 19, 22]
[30, 39321, 17, 8]
[30, 39321, 27, 43]
[30, 39321, 21, 16]
[30, 39321, 18, 24]
[30, 39321, 27, 27]
[30, 39321, 36, 21]
[30, 39321, 24, 25]
[30, 39321, 30, 21]
[30, 39321, 8, 16]
[30, 39321, 33, 26]
[30, 39321, 11, 26]
[30, 39321, 11, 43]
[30, 39321, 16, 25]
[30, 39321, 15, 25]
[30, 39321, 21, 28]
[30, 39321, 32, 46]
[30, 39321, 13, 26]
[30, 39321, 32, 23]
[30, 39321, 20, 27]
[30, 39321, 27, 17]
[30, 39321, 31, 28]
[30, 39321, 18, 37]
[30, 39321, 30, 24]
[30, 39321, 27, 19]
[30, 39321, 35, 12]
[30, 39321, 26, 27]
[30, 39321, 15, 23]
[30, 39321, 42, 14]
[30, 39321, 7, 26]
[30, 39321, 25, 35]
[30, 39321, 29, 30]
[30, 39321, 37, 15]
[30, 39321, 23, 36]
[30, 39321, 24, 28]
[30, 39321, 20, 17]
[30, 39321, 24, 12]
[30, 39321, 11, 31]
[30, 39321, 31, 27]
[30, 39321, 29, 34]
[30, 39321, 13, 18]
[30, 39321, 18, 18]
[30, 39321, 23, 24]
[30, 39321, 17, 15]
[35, 45875, 64, 73]
[35, 45875, 77, 63]
[35, 45875, 73, 76]
[35, 45875, 59, 45]
[35, 45875, 73, 62]
[35, 45875, 74, 72]
[35, 45875, 32, 65]
[35, 45875, 100, 68]
[35, 45875, 75, 49]
[35, 45875, 53, 95]
[35, 45875, 66, 49]
[35, 45875, 50, 57]
[35, 45875, 61, 87]
[35, 45875, 84, 61]
[35, 45875, 63, 74]
[35, 45875, 60, 30]
[35, 45875, 51, 51]
[35, 45875, 72, 54]
[35, 45875, 62, 83]
[35, 45875, 83, 75]
[35, 45875, 63, 55]
[35, 45875, 76, 68]
[35, 45875, 63, 74]
[35, 45875, 68, 62]
[35, 45875, 57, 91]
[35, 45875, 47, 76]
[35, 45875, 81, 57]
[35, 45875, 87, 77]
[35, 45875, 57, 75]
[35, 45875, 67, 73]
[35, 45875, 64, 69]
[35, 45875, 65, 68]
[35, 45875, 98, 71]
[35, 45875, 48, 63]
[35, 45875, 73, 56]
[35, 45875, 71, 43]
[35, 45875, 51, 71]
[35, 45875, 75, 96]
[35, 45875, 59, 52]
[35, 45875, 52, 74]
[35, 45875, 85, 51]
[35, 45875, 97, 80]
[35, 45875, 82, 67]
[35, 45875, 56, 81]
[35, 45875, 43, 48]
[35, 45875, 100, 83]
[35, 45875, 45, 62]
[35, 45875, 78, 78]
[35, 45875, 53, 83]
[35, 45875, 69, 72]
[35, 45875, 49, 53]
[35, 45875, 68, 74]
[35, 45875, 59, 60]
[35, 45875, 70, 87]
[35, 45875, 52, 62]
[35, 45875, 49, 58]
[35, 45875, 76, 55]
[35, 45875, 69, 50]
[35, 45875, 67, 80]
[35, 45875, 56, 35]
[35, 45875, 47, 66]
[35, 45875, 62, 79]
[35, 45875, 84, 58]
[35, 45875, 74, 67]
[35, 45875, 79, 54]
[35, 45875, 47, 59]
[35, 45875, 63, 66]
[35, 45875, 52, 64]
[35, 45875, 43, 75]
[35, 45875, 46, 67]
[35, 45875, 54, 49]
[35, 45875, 45, 60]
[35, 45875, 73, 79]
[35, 45875, 53, 67]
[35, 45875, 90, 58]
[35, 45875, 68, 57]
[35, 45875, 71, 55]
[35, 45875, 62, 76]
[35, 45875, 61, 80]
[35, 45875, 62, 59]
[35, 45875, 47, 63]
[35, 45875, 108, 56]
[35, 45875, 75, 72]
[35, 45875, 75, 66]
[35, 45875, 84, 48]
[35, 45875, 47, 61]
[35, 45875, 56, 84]
[35, 45875, 58, 99]
[35, 45875, 84, 73]
[35, 45875, 58, 92]
[35, 45875, 60, 78]
[35, 45875, 58, 52]
[35, 45875, 47, 59]
[35, 45875, 58, 67]
[35, 45875, 66, 84]
[35, 45875, 69, 79]
[35, 45875, 39, 54]
[35, 45875, 55, 64]
[35, 45875, 73, 63]
[35, 45875, 48, 39]
[40, 52428, 172, 183]
[40, 52428, 135, 150]
[40, 52428, 160, 183]
[40, 52428, 151, 125]
[40, 52428, 161, 154]
[40, 52428, 170, 138]
[40, 52428, 135, 155]
[40, 52428, 220, 149]
[40, 52428, 172, 162]
[40, 52428, 142, 177]
[40, 52428, 180, 132]
[40, 52428, 106, 117]
[40, 52428, 162, 188]
[40, 52428, 154, 194]
[40, 52428, 151, 138]
[40, 52428, 165, 116]
[40, 52428, 154, 146]
[40, 52428, 139, 134]
[40, 52428, 158, 211]
[40, 52428, 191, 176]
[40, 52428, 144, 106]
[40, 52428, 144, 141]
[40, 52428, 148, 144]
[40, 52428, 141, 138]
[40, 52428, 153, 172]
[40, 52428, 137, 143]
[40, 52428, 173, 146]
[40, 52428, 182, 147]
[40, 52428, 128, 157]
[40, 52428, 158, 148]
[40, 52428, 133, 150]
[40, 52428, 158, 174]
[40, 52428, 206, 178]
[40, 52428, 127, 147]
[40, 52428, 151, 145]
[40, 52428, 165, 124]
[40, 52428, 112, 158]
[40, 52428, 165, 160]
[40, 52428, 170, 142]
[40, 52428, 129, 126]
[40, 52428, 146, 118]
[40, 52428, 200, 173]
[40, 52428, 181, 137]
[40, 52428, 160, 178]
[40, 52428, 117, 118]
[40, 52428, 173, 155]
[40, 52428, 114, 157]
[40, 52428, 190, 186]
[40, 52428, 121, 226]
[40, 52428, 175, 137]
[40, 52428, 130, 107]
[40, 52428, 154, 167]
[40, 52428, 165, 126]
[40, 52428, 177, 170]
[40, 52428, 151, 160]
[40, 52428, 152, 135]
[40, 52428, 163, 147]
[40, 52428, 161, 164]
[40, 52428, 157, 152]
[40, 52428, 146, 106]
[40, 52428, 151, 148]
[40, 52428, 168, 196]
[40, 52428, 182, 169]
[40, 52428, 147, 140]
[40, 52428, 153, 151]
[40, 52428, 109, 134]
[40, 52428, 141, 141]
[40, 52428, 135, 137]
[40, 52428, 122, 185]
[40, 52428, 108, 143]
[40, 52428, 127, 109]
[40, 52428, 102, 137]
[40, 52428, 167, 163]
[40, 52428, 128, 140]
[40, 52428, 183, 133]
[40, 52428, 146, 150]
[40, 52428, 170, 132]
[40, 52428, 137, 137]
[40, 52428, 145, 185]
[40, 52428, 164, 141]
[40, 52428, 119, 149]
[40, 52428, 163, 173]
[40, 52428, 149, 161]
[40, 52428, 182, 156]
[40, 52428, 203, 116]
[40, 52428, 140, 135]
[40, 52428, 163, 172]
[40, 52428, 135, 187]
[40, 52428, 172, 160]
[40, 52428, 145, 190]
[40, 52428, 135, 167]
[40, 52428, 174, 145]
[40, 52428, 117, 119]
[40, 52428, 141, 143]
[40, 52428, 131, 139]
[40, 52428, 151, 165]
[40, 52428, 120, 123]
[40, 52428, 143, 140]
[40, 52428, 154, 133]
[40, 52428, 173, 97]
