[1, 1310, 0]
[1, 1310, 0]
[1, 1310, 0]
[1, 1310, 0]
[1, 1310, 0]
[1, 1310, 0]
[1, 1310, 0]
[1, 1310, 0]
[1, 1310, 0]
[1, 1310, 0]
[1, 1310, 0]
[1, 1310, 0]
[1, 1310, 0]
[1, 1310, 0]
[1, 1310, 0]
[1, 1310, 0]
[1, 1310, 0]
[1, 1310, 0]
[1, 1310, 0]
[1, 1310, 0]
[1, 1310, 0]
[1, 1310, 0]
[1, 1310, 0]
[1, 1310, 0]
[1, 1310, 0]
[1, 1310, 0]
[1, 1310, 0]
[1, 1310, 0]
[1, 1310, 0]
[1, 1310, 0]
[1, 1310, 0]
[1, 1310, 0]
[1, 1310, 0]
[1, 1310, 0]
[1, 1310, 0]
[1, 1310, 0]
[1, 1310, 0]
[1, 1310, 0]
[1, 1310, 0]
[1, 1310, 0]
[1, 1310, 0]
[1, 1310, 0]
[1, 1310, 0]
[1, 1310, 0]
[1, 1310, 0]
[1, 1310, 0]
[1, 1310, 0]
[1, 1310, 0]
[1, 1310, 0]
[1, 1310, 0]
[1, 1310, 0]
[1, 1310, 0]
[1, 1310, 0]
[1, 1310, 0]
[1, 1310, 0]
[1, 1310, 0]
[1, 1310, 0]
[1, 1310, 0]
[1, 1310, 0]
[1, 1310, 0]
[1, 1310, 0]
[1, 1310, 0]
[1, 1310, 0]
[1, 1310, 0]
[1, 1310, 0]
[1, 1310, 0]
[1, 1310, 0]
[1, 1310, 0]
[1, 1310, 0]
[1, 1310, 0]
[1, 1310, 0]
[1, 1310, 0]
[1, 1310, 0]
[1, 1310, 0]
[1, 1310, 0]
[1, 1310, 0]
[1, 1310, 0]
[1, 1310, 0]
[1, 1310, 0]
[1, 1310, 0]
[1, 1310, 0]
[1, 1310, 0]
[1, 1310, 0]
[1, 1310, 0]
[1, 1310, 0]
[1, 1310, 0]
[1, 1310, 0]
[1, 1310, 0]
[1, 1310, 0]
[1, 1310, 0]
[1, 1310, 0]
[1, 1310, 0]
[1, 1310, 0]
[1, 1310, 0]
[1, 1310, 0]
[1, 1310, 0]
[1, 1310, 0]
[1, 1310, 0]
[1, 1310, 0]
[1, 1310, 0]
[2, 2621, 0]
[2, 2621, 0]
[2, 2621, 0]
[2, 2621, 0]
[2, 2621, 0]
[2, 2621, 0]
[2, 2621, 0]
[2, 2621, 0]
[2, 2621, 0]
[2, 2621, 0]
[2, 2621, 0]
[2, 2621, 0]
[2, 2621, 0]
[2, 2621, 0]
[2, 2621, 0]
[2, 2621, 0]
[2, 2621, 0]
[2, 2621, 0]
[2, 2621, 0]
[2, 2621, 0]
[2, 2621, 0]
[2, 2621, 0]
[2, 2621, 0]
[2, 2621, 0]
[2, 2621, 0]
[2, 2621, 0]
[2, 2621, 0]
[2, 2621, 0]
[2, 2621, 0]
[2, 2621, 0]
[2, 2621, 0]
[2, 2621, 0]
[2, 2621, 0]
[2, 2621, 0]
[2, 2621, 0]
[2, 2621, 0]
[2, 2621, 0]
[2, 2621, 0]
[2, 2621, 0]
[2, 2621, 0]
[2, 2621, 0]
[2, 2621, 0]
[2, 2621, 0]
[2, 2621, 0]
[2, 2621, 0]
[2, 2621, 0]
[2, 2621, 0]
[2, 2621, 0]
[2, 2621, 0]
[2, 2621, 0]
[2, 2621, 0]
[2, 2621, 0]
[2, 2621, 0]
[2, 2621, 0]
[2, 2621, 0]
[2, 2621, 0]
[2, 2621, 0]
[2, 2621, 0]
[2, 2621, 0]
[2, 2621, 0]
[2, 2621, 0]
[2, 2621, 0]
[2, 2621, 0]
[2, 2621, 0]
[2, 2621, 0]
[2, 2621, 0]
[2, 2621, 0]
[2, 2621, 0]
[2, 2621, 0]
[2, 2621, 0]
[2, 2621, 0]
[2, 2621, 0]
[2, 2621, 0]
[2, 2621, 0]
[2, 2621, 0]
[2, 2621, 0]
[2, 2621, 0]
[2, 2621, 0]
[2, 2621, 0]
[2, 2621, 0]
[2, 2621, 0]
[2, 2621, 0]
[2, 2621, 0]
[2, 2621, 0]
[2, 2621, 0]
[2, 2621, 0]
[2, 2621, 0]
[2, 2621, 0]
[2, 2621, 0]
[2, 2621, 0]
[2, 2621, 0]
[2, 2621, 0]
[2, 2621, 0]
[2, 2621, 0]
[2, 2621, 0]
[2, 2621, 0]
[2, 2621, 0]
[2, 2621, 0]
[2, 2621, 0]
[2, 2621, 0]
[5, 6553, 0]
[5, 6553, 0]
[5, 6553, 0]
[5, 6553, 0]
[5, 6553, 0]
[5, 6553, 0]
[5, 6553, 0]
[5, 6553, 0]
[5, 6553, 0]
[5, 6553, 0]
[5, 6553, 0]
[5, 6553, 0]
[5, 6553, 0]
[5, 6553, 0]
[5, 6553, 0]
[5, 6553, 0]
[5, 6553, 0]
[5, 6553, 0]
[5, 6553, 0]
[5, 6553, 0]
[5, 6553, 0]
[5, 6553, 0]
[5, 6553, 0]
[5, 6553, 0]
[5, 6553, 0]
[5, 6553, 0]
[5, 6553, 0]
[5, 6553, 0]
[5, 6553, 0]
[5, 6553, 0]
[5, 6553, 0]
[5, 6553, 0]
[5, 6553, 0]
[5, 6553, 0]
[5, 6553, 0]
[5, 6553, 0]
[5, 6553, 0]
[5, 6553, 0]
[5, 6553, 0]
[5, 6553, 0]
[5, 6553, 0]
[5, 6553, 0]
[5, 6553, 0]
[5, 6553, 0]
[5, 6553, 0]
[5, 6553, 0]
[5, 6553, 0]
[5, 6553, 0]
[5, 6553, 0]
[5, 6553, 0]
[5, 6553, 0]
[5, 6553, 0]
[5, 6553, 0]
[5, 6553, 0]
[5, 6553, 0]
[5, 6553, 0]
[5, 6553, 0]
[5, 6553, 0]
[5, 6553, 0]
[5, 6553, 0]
[5, 6553, 0]
[5, 6553, 0]
[5, 6553, 0]
[5, 6553, 0]
[5, 6553, 0]
[5, 6553, 0]
[5, 6553, 0]
[5, 6553, 0]
[5, 6553, 0]
[5, 6553, 0]
[5, 6553, 0]
[5, 6553, 0]
[5, 6553, 0]
[5, 6553, 0]
[5, 6553, 0]
[5, 6553, 0]
[5, 6553, 0]
[5, 6553, 0]
[5, 6553, 0]
[5, 6553, 0]
[5, 6553, 0]
[5, 6553, 0]
[5, 6553, 0]
[5, 6553, 0]
[5, 6553, 0]
[5, 6553, 0]
[5, 6553, 0]
[5, 6553, 0]
[5, 6553, 0]
[5, 6553, 0]
[5, 6553, 0]
[5, 6553, 0]
[5, 6553, 0]
[5, 6553, 0]
[5, 6553, 0]
[5, 6553, 0]
[5, 6553, 0]
[5, 6553, 0]
[5, 6553, 0]
[5, 6553, 0]
[10, 13107, 0]
[10, 13107, 0]
[10, 13107, 0]
[10, 13107, 0]
[10, 13107, 0]
[10, 13107, 2]
[10, 13107, 0]
[10, 13107, 0]
[10, 13107, 0]
[10, 13107, 0]
[10, 13107, 0]
[10, 13107, 0]
[10, 13107, 0]
[10, 13107, 0]
[10, 13107, 0]
[10, 13107, 0]
[10, 13107, 0]
[10, 13107, 0]
[10, 13107, 0]
[10, 13107, 0]
[10, 13107, 0]
[10, 13107, 0]
[10, 13107, 0]
[10, 13107, 0]
[10, 13107, 0]
[10, 13107, 0]
[10, 13107, 0]
[10, 13107, 0]
[10, 13107, 0]
[10, 13107, 0]
[10, 13107, 0]
[10, 13107, 0]
[10, 13107, 0]
[10, 13107, 0]
[10, 13107, 0]
[10, 13107, 0]
[10, 13107, 0]
[10, 13107, 0]
[10, 13107, 0]
[10, 13107, 0]
[10, 13107, 0]
[10, 13107, 0]
[10, 13107, 0]
[10, 13107, 0]
[10, 13107, 0]
[10, 13107, 0]
[10, 13107, 0]
[10, 13107, 0]
[10, 13107, 0]
[10, 13107, 0]
[10, 13107, 0]
[10, 13107, 0]
[10, 13107, 0]
[10, 13107, 0]
[10, 13107, 0]
[10, 13107, 0]
[10, 13107, 0]
[10, 13107, 0]
[10, 13107, 0]
[10, 13107, 0]
[10, 13107, 0]
[10, 13107, 0]
[10, 13107, 0]
[10, 13107, 0]
[10, 13107, 0]
[10, 13107, 0]
[10, 13107, 0]
[10, 13107, 0]
[10, 13107, 0]
[10, 13107, 0]
[10, 13107, 0]
[10, 13107, 0]
[10, 13107, 0]
[10, 13107, 0]
[10, 13107, 0]
[10, 13107, 0]
[10, 13107, 0]
[10, 13107, 0]
[10, 13107, 0]
[10, 13107, 0]
[10, 13107, 0]
[10, 13107, 0]
[10, 13107, 0]
[10, 13107, 0]
[10, 13107, 0]
[10, 13107, 0]
[10, 13107, 0]
[10, 13107, 0]
[10, 13107, 0]
[10, 13107, 0]
[10, 13107, 0]
[10, 13107, 0]
[10, 13107, 0]
[10, 13107, 0]
[10, 13107, 0]
[10, 13107, 0]
[10, 13107, 0]
[10, 13107, 0]
[10, 13107, 0]
[10, 13107, 0]
[15, 19660, 0]
[15, 19660, 0]
[15, 19660, 0]
[15, 19660, 0]
[15, 19660, 1]
[15, 19660, 1]
[15, 19660, 0]
[15, 19660, 0]
[15, 19660, 0]
[15, 19660, 0]
[15, 19660, 0]
[15, 19660, 0]
[15, 19660, 1]
[15, 19660, 0]
[15, 19660, 0]
[15, 19660, 0]
[15, 19660, 0]
[15, 19660, 0]
[15, 19660, 0]
[15, 19660, 0]
[15, 19660, 0]
[15, 19660, 0]
[15, 19660, 0]
[15, 19660, 0]
[15, 19660, 0]
[15, 19660, 0]
[15, 19660, 0]
[15, 19660, 0]
[15, 19660, 0]
[15, 19660, 0]
[15, 19660, 0]
[15, 19660, 0]
[15, 19660, 0]
[15, 19660, 0]
[15, 19660, 0]
[15, 19660, 0]
[15, 19660, 0]
[15, 19660, 0]
[15, 19660, 0]
[15, 19660, 0]
[15, 19660, 1]
[15, 19660, 0]
[15, 19660, 0]
[15, 19660, 0]
[15, 19660, 0]
[15, 19660, 0]
[15, 19660, 0]
[15, 19660, 0]
[15, 19660, 0]
[15, 19660, 0]
[15, 19660, 0]
[15, 19660, 0]
[15, 19660, 0]
[15, 19660, 2]
[15, 19660, 0]
[15, 19660, 0]
[15, 19660, 3]
[15, 19660, 0]
[15, 19660, 0]
[15, 19660, 0]
[15, 19660, 0]
[15, 19660, 0]
[15, 19660, 1]
[15, 19660, 0]
[15, 19660, 0]
[15, 19660, 0]
[15, 19660, 0]
[15, 19660, 0]
[15, 19660, 0]
[15, 19660, 0]
[15, 19660, 0]
[15, 19660, 0]
[15, 19660, 0]
[15, 19660, 0]
[15, 19660, 0]
[15, 19660, 0]
[15, 19660, 0]
[15, 19660, 0]
[15, 19660, 0]
[15, 19660, 0]
[15, 19660, 0]
[15, 19660, 5]
[15, 19660, 0]
[15, 19660, 1]
[15, 19660, 0]
[15, 19660, 0]
[15, 19660, 1]
[15, 19660, 0]
[15, 19660, 0]
[15, 19660, 0]
[15, 19660, 1]
[15, 19660, 0]
[15, 19660, 0]
[15, 19660, 0]
[15, 19660, 0]
[15, 19660, 0]
[15, 19660, 0]
[15, 19660, 1]
[15, 19660, 0]
[15, 19660, 0]
[20, 26214, 7]
[20, 26214, 2]
[20, 26214, 1]
[20, 26214, 0]
[20, 26214, 5]
[20, 26214, 9]
[20, 26214, 0]
[20, 26214, 0]
[20, 26214, 3]
[20, 26214, 3]
[20, 26214, 2]
[20, 26214, 0]
[20, 26214, 3]
[20, 26214, 1]
[20, 26214, 1]
[20, 26214, 3]
[20, 26214, 3]
[20, 26214, 0]
[20, 26214, 1]
[20, 26214, 0]
[20, 26214, 1]
[20, 26214, 3]
[20, 26214, 3]
[20, 26214, 0]
[20, 26214, 1]
[20, 26214, 7]
[20, 26214, 2]
[20, 26214, 4]
[20, 26214, 0]
[20, 26214, 5]
[20, 26214, 1]
[20, 26214, 3]
[20, 26214, 0]
[20, 26214, 0]
[20, 26214, 3]
[20, 26214, 3]
[20, 26214, 1]
[20, 26214, 0]
[20, 26214, 0]
[20, 26214, 4]
[20, 26214, 4]
[20, 26214, 0]
[20, 26214, 0]
[20, 26214, 0]
[20, 26214, 3]
[20, 26214, 1]
[20, 26214, 1]
[20, 26214, 2]
[20, 26214, 3]
[20, 26214, 1]
[20, 26214, 1]
[20, 26214, 1]
[20, 26214, 0]
[20, 26214, 4]
[20, 26214, 1]
[20, 26214, 6]
[20, 26214, 5]
[20, 26214, 6]
[20, 26214, 4]
[20, 26214, 2]
[20, 26214, 0]
[20, 26214, 7]
[20, 26214, 5]
[20, 26214, 2]
[20, 26214, 10]
[20, 26214, 1]
[20, 26214, 1]
[20, 26214, 5]
[20, 26214, 2]
[20, 26214, 1]
[20, 26214, 6]
[20, 26214, 5]
[20, 26214, 0]
[20, 26214, 3]
[20, 26214, 9]
[20, 26214, 5]
[20, 26214, 4]
[20, 26214, 1]
[20, 26214, 0]
[20, 26214, 0]
[20, 26214, 0]
[20, 26214, 7]
[20, 26214, 1]
[20, 26214, 11]
[20, 26214, 1]
[20, 26214, 0]
[20, 26214, 2]
[20, 26214, 3]
[20, 26214, 4]
[20, 26214, 0]
[20, 26214, 2]
[20, 26214, 1]
[20, 26214, 0]
[20, 26214, 0]
[20, 26214, 3]
[20, 26214, 0]
[20, 26214, 0]
[20, 26214, 0]
[20, 26214, 1]
[20, 26214, 3]
[25, 32768, 11]
[25, 32768, 11]
[25, 32768, 8]
[25, 32768, 14]
[25, 32768, 19]
[25, 32768, 14]
[25, 32768, 5]
[25, 32768, 17]
[25, 32768, 15]
[25, 32768, 21]
[25, 32768, 11]
[25, 32768, 2]
[25, 32768, 13]
[25, 32768, 16]
[25, 32768, 9]
[25, 32768, 9]
[25, 32768, 19]
[25, 32768, 20]
[25, 32768, 13]
[25, 32768, 6]
[25, 32768, 17]
[25, 32768, 8]
[25, 32768, 6]
[25, 32768, 6]
[25, 32768, 6]
[25, 32768, 19]
[25, 32768, 18]
[25, 32768, 7]
[25, 32768, 13]
[25, 32768, 18]
[25, 32768, 11]
[25, 32768, 12]
[25, 32768, 2]
[25, 32768, 13]
[25, 32768, 18]
[25, 32768, 13]
[25, 32768, 13]
[25, 32768, 7]
[25, 32768, 6]
[25, 32768, 14]
[25, 32768, 13]
[25, 32768, 7]
[25, 32768, 7]
[25, 32768, 7]
[25, 32768, 16]
[25, 32768, 8]
[25, 32768, 12]
[25, 32768, 10]
[25, 32768, 17]
[25, 32768, 10]
[25, 32768, 8]
[25, 32768, 7]
[25, 32768, 6]
[25, 32768, 23]
[25, 32768, 4]
[25, 32768, 6]
[25, 32768, 22]
[25, 32768, 16]
[25, 32768, 8]
[25, 32768, 9]
[25, 32768, 12]
[25, 32768, 12]
[25, 32768, 16]
[25, 32768, 19]
[25, 32768, 25]
[25, 32768, 13]
[25, 32768, 7]
[25, 32768, 11]
[25, 32768, 15]
[25, 32768, 8]
[25, 32768, 12]
[25, 32768, 11]
[25, 32768, 9]
[25, 32768, 12]
[25, 32768, 27]
[25, 32768, 21]
[25, 32768, 9]
[25, 32768, 15]
[25, 32768, 2]
[25, 32768, 13]
[25, 32768, 12]
[25, 32768, 14]
[25, 32768, 10]
[25, 32768, 27]
[25, 32768, 10]
[25, 32768, 9]
[25, 32768, 13]
[25, 32768, 20]
[25, 32768, 15]
[25, 32768, 13]
[25, 32768, 5]
[25, 32768, 11]
[25, 32768, 9]
[25, 32768, 10]
[25, 32768, 7]
[25, 32768, 5]
[25, 32768, 16]
[25, 32768, 3]
[25, 32768, 9]
[25, 32768, 8]
[30, 39321, 58]
[30, 39321, 26]
[30, 39321, 33]
[30, 39321, 42]
[30, 39321, 65]
[30, 39321, 53]
[30, 39321, 41]
[30, 39321, 51]
[30, 39321, 52]
[30, 39321, 54]
[30, 39321, 47]
[30, 39321, 40]
[30, 39321, 36]
[30, 39321, 59]
[30, 39321, 42]
[30, 39321, 60]
[30, 39321, 27]
[30, 39321, 43]
[30, 39321, 61]
[30, 39321, 49]
[30, 39321, 48]
[30, 39321, 35]
[30, 39321, 27]
[30, 39321, 37]
[30, 39321, 27]
[30, 39321, 54]
[30, 39321, 69]
[30, 39321, 33]
[30, 39321, 38]
[30, 39321, 46]
[30, 39321, 40]
[30, 39321, 33]
[30, 39321, 32]
[30, 39321, 37]
[30, 39321, 48]
[30, 39321, 53]
[30, 39321, 44]
[30, 39321, 45]
[30, 39321, 35]
[30, 39321, 53]
[30, 39321, 34]
[30, 39321, 26]
[30, 39321, 36]
[30, 39321, 29]
[30, 39321, 63]
[30, 39321, 32]
[30, 39321, 47]
[30, 39321, 50]
[30, 39321, 60]
[30, 39321, 40]
[30, 39321, 33]
[30, 39321, 45]
[30, 39321, 32]
[30, 39321, 53]
[30, 39321, 21]
[30, 39321, 34]
[30, 39321, 63]
[30, 39321, 39]
[30, 39321, 53]
[30, 39321, 38]
[30, 39321, 26]
[30, 39321, 51]
[30, 39321, 43]
[30, 39321, 69]
[30, 39321, 64]
[30, 39321, 59]
[30, 39321, 34]
[30, 39321, 46]
[30, 39321, 36]
[30, 39321, 47]
[30, 39321, 44]
[30, 39321, 53]
[30, 39321, 46]
[30, 39321, 43]
[30, 39321, 72]
[30, 39321, 49]
[30, 39321, 63]
[30, 39321, 31]
[30, 39321, 43]
[30, 39321, 41]
[30, 39321, 64]
[30, 39321, 49]
[30, 39321, 33]
[30, 39321, 55]
[30, 39321, 48]
[30, 39321, 53]
[30, 39321, 41]
[30, 39321, 61]
[30, 39321, 53]
[30, 39321, 24]
[30, 39321, 40]
[30, 39321, 40]
[30, 39321, 53]
[30, 39321, 39]
[30, 39321, 51]
[30, 39321, 35]
[30, 39321, 45]
[30, 39321, 36]
[30, 39321, 29]
[30, 39321, 38]
[35, 45875, 156]
[35, 45875, 101]
[35, 45875, 111]
[35, 45875, 115]
[35, 45875, 145]
[35, 45875, 121]
[35, 45875, 125]
[35, 45875, 131]
[35, 45875, 151]
[35, 45875, 162]
[35, 45875, 130]
[35, 45875, 117]
[35, 45875, 88]
[35, 45875, 152]
[35, 45875, 120]
[35, 45875, 142]
[35, 45875, 110]
[35, 45875, 137]
[35, 45875, 148]
[35, 45875, 138]
[35, 45875, 117]
[35, 45875, 127]
[35, 45875, 101]
[35, 45875, 95]
[35, 45875, 109]
[35, 45875, 147]
[35, 45875, 133]
[35, 45875, 109]
[35, 45875, 141]
[35, 45875, 141]
[35, 45875, 94]
[35, 45875, 89]
[35, 45875, 113]
[35, 45875, 122]
[35, 45875, 144]
[35, 45875, 163]
[35, 45875, 125]
[35, 45875, 133]
[35, 45875, 134]
[35, 45875, 132]
[35, 45875, 87]
[35, 45875, 108]
[35, 45875, 94]
[35, 45875, 101]
[35, 45875, 121]
[35, 45875, 110]
[35, 45875, 123]
[35, 45875, 114]
[35, 45875, 141]
[35, 45875, 120]
[35, 45875, 102]
[35, 45875, 127]
[35, 45875, 124]
[35, 45875, 147]
[35, 45875, 80]
[35, 45875, 138]
[35, 45875, 163]
[35, 45875, 119]
[35, 45875, 133]
[35, 45875, 133]
[35, 45875, 112]
[35, 45875, 154]
[35, 45875, 104]
[35, 45875, 153]
[35, 45875, 158]
[35, 45875, 112]
[35, 45875, 118]
[35, 45875, 144]
[35, 45875, 138]
[35, 45875, 135]
[35, 45875, 123]
[35, 45875, 128]
[35, 45875, 139]
[35, 45875, 134]
[35, 45875, 165]
[35, 45875, 147]
[35, 45875, 160]
[35, 45875, 120]
[35, 45875, 153]
[35, 45875, 118]
[35, 45875, 139]
[35, 45875, 159]
[35, 45875, 98]
[35, 45875, 151]
[35, 45875, 141]
[35, 45875, 133]
[35, 45875, 105]
[35, 45875, 163]
[35, 45875, 125]
[35, 45875, 100]
[35, 45875, 128]
[35, 45875, 118]
[35, 45875, 130]
[35, 45875, 105]
[35, 45875, 123]
[35, 45875, 93]
[35, 45875, 171]
[35, 45875, 98]
[35, 45875, 118]
[35, 45875, 117]
[40, 52428, 291]
[40, 52428, 279]
[40, 52428, 268]
[40, 52428, 275]
[40, 52428, 309]
[40, 52428, 277]
[40, 52428, 322]
[40, 52428, 320]
[40, 52428, 313]
[40, 52428, 301]
[40, 52428, 284]
[40, 52428, 262]
[40, 52428, 255]
[40, 52428, 346]
[40, 52428, 266]
[40, 52428, 340]
[40, 52428, 305]
[40, 52428, 340]
[40, 52428, 307]
[40, 52428, 288]
[40, 52428, 267]
[40, 52428, 295]
[40, 52428, 289]
[40, 52428, 249]
[40, 52428, 232]
[40, 52428, 324]
[40, 52428, 278]
[40, 52428, 305]
[40, 52428, 337]
[40, 52428, 288]
[40, 52428, 272]
[40, 52428, 252]
[40, 52428, 319]
[40, 52428, 309]
[40, 52428, 345]
[40, 52428, 374]
[40, 52428, 267]
[40, 52428, 297]
[40, 52428, 332]
[40, 52428, 274]
[40, 52428, 287]
[40, 52428, 241]
[40, 52428, 255]
[40, 52428, 315]
[40, 52428, 316]
[40, 52428, 321]
[40, 52428, 302]
[40, 52428, 289]
[40, 52428, 329]
[40, 52428, 292]
[40, 52428, 282]
[40, 52428, 327]
[40, 52428, 262]
[40, 52428, 333]
[40, 52428, 267]
[40, 52428, 291]
[40, 52428, 373]
[40, 52428, 339]
[40, 52428, 336]
[40, 52428, 312]
[40, 52428, 295]
[40, 52428, 391]
[40, 52428, 261]
[40, 52428, 324]
[40, 52428, 339]
[40, 52428, 284]
[40, 52428, 262]
[40, 52428, 310]
[40, 52428, 333]
[40, 52428, 270]
[40, 52428, 289]
[40, 52428, 286]
[40, 52428, 359]
[40, 52428, 329]
[40, 52428, 342]
[40, 52428, 309]
[40, 52428, 336]
[40, 52428, 262]
[40, 52428, 371]
[40, 52428, 288]
[40, 52428, 308]
[40, 52428, 346]
[40, 52428, 250]
[40, 52428, 329]
[40, 52428, 323]
[40, 52428, 341]
[40, 52428, 269]
[40, 52428, 319]
[40, 52428, 312]
[40, 52428, 242]
[40, 52428, 329]
[40, 52428, 260]
[40, 52428, 272]
[40, 52428, 253]
[40, 52428, 307]
[40, 52428, 257]
[40, 52428, 342]
[40, 52428, 294]
[40, 52428, 302]
[40, 52428, 245]
