[1, 1310, 6, 9, 6, 10]
[1, 1310, 11, 7, 13, 8]
[1, 1310, 8, 5, 14, 6]
[1, 1310, 11, 5, 15, 14]
[1, 1310, 8, 20, 5, 6]
[1, 1310, 5, 10, 5, 10]
[1, 1310, 2, 13, 17, 5]
[1, 1310, 13, 9, 11, 5]
[1, 1310, 6, 12, 11, 11]
[1, 1310, 10, 12, 6, 6]
[1, 1310, 8, 13, 8, 13]
[1, 1310, 16, 9, 10, 14]
[1, 1310, 6, 7, 10, 12]
[1, 1310, 6, 16, 4, 7]
[1, 1310, 3, 13, 13, 9]
[1, 1310, 9, 13, 9, 16]
[1, 1310, 7, 5, 6, 6]
[1, 1310, 13, 4, 9, 11]
[1, 1310, 10, 8, 13, 10]
[1, 1310, 12, 10, 9, 10]
[1, 1310, 9, 13, 2, 4]
[1, 1310, 13, 12, 9, 11]
[1, 1310, 10, 6, 2, 11]
[1, 1310, 10, 10, 7, 3]
[1, 1310, 3, 5, 11, 18]
[1, 1310, 10, 8, 9, 17]
[1, 1310, 14, 16, 5, 12]
[1, 1310, 9, 7, 6, 7]
[1, 1310, 11, 10, 6, 2]
[1, 1310, 11, 8, 6, 8]
[1, 1310, 8, 8, 13, 4]
[1, 1310, 11, 9, 8, 10]
[1, 1310, 6, 7, 7, 3]
[1, 1310, 5, 8, 5, 10]
[1, 1310, 16, 10, 16, 6]
[1, 1310, 12, 9, 8, 15]
[1, 1310, 13, 5, 9, 7]
[1, 1310, 10, 9, 10, 4]
[1, 1310, 11, 15, 8, 5]
[1, 1310, 7, 4, 8, 11]
[1, 1310, 7, 12, 9, 10]
[1, 1310, 3, 15, 10, 11]
[1, 1310, 12, 5, 6, 10]
[1, 1310, 5, 6, 11, 5]
[1, 1310, 14, 13, 8, 8]
[1, 1310, 11, 6, 11, 5]
[1, 1310, 4, 17, 6, 8]
[1, 1310, 23, 13, 11, 8]
[1, 1310, 7, 10, 14, 9]
[1, 1310, 9, 10, 7, 9]
[1, 1310, 6, 4, 7, 8]
[1, 1310, 5, 8, 9, 18]
[1, 1310, 13, 6, 9, 8]
[1, 1310, 7, 7, 9, 5]
[1, 1310, 6, 10, 7, 11]
[1, 1310, 6, 9, 9, 3]
[1, 1310, 11, 6, 8, 8]
[1, 1310, 8, 5, 13, 11]
[1, 1310, 14, 14, 14, 11]
[1, 1310, 12, 12, 8, 8]
[1, 1310, 10, 9, 4, 7]
[1, 1310, 9, 7, 7, 8]
[1, 1310, 10, 11, 10, 10]
[1, 1310, 10, 9, 8, 9]
[1, 1310, 11, 11, 6, 10]
[1, 1310, 8, 10, 16, 11]
[1, 1310, 9, 10, 13, 9]
[1, 1310, 5, 11, 9, 4]
[1, 1310, 5, 5, 6, 15]
[1, 1310, 10, 4, 11, 10]
[1, 1310, 5, 8, 8, 10]
[1, 1310, 5, 15, 9, 7]
[1, 1310, 11, 9, 12, 9]
[1, 1310, 10, 19, 6, 7]
[1, 1310, 10, 8, 6, 10]
[1, 1310, 4, 7, 12, 15]
[1, 1310, 7, 3, 10, 18]
[1, 1310, 5, 7, 6, 14]
[1, 1310, 14, 11, 9, 9]
[1, 1310, 12, 7, 4, 9]
[1, 1310, 4, 6, 8, 13]
[1, 1310, 8, 8, 7, 11]
[1, 1310, 8, 10, 8, 5]
[1, 1310, 9, 7, 11, 14]
[1, 1310, 11, 8, 7, 14]
[1, 1310, 9, 6, 13, 4]
[1, 1310, 13, 19, 6, 9]
[1, 1310, 10, 4, 10, 6]
[1, 1310, 11, 11, 11, 9]
[1, 1310, 8, 10, 11, 7]
[1, 1310, 13, 8, 7, 7]
[1, 1310, 9, 8, 5, 10]
[1, 1310, 8, 9, 4, 7]
[1, 1310, 10, 10, 8, 8]
[1, 1310, 11, 9, 11, 11]
[1, 1310, 11, 7, 8, 9]
[1, 1310, 5, 7, 10, 8]
[1, 1310, 9, 8, 5, 5]
[1, 1310, 8, 20, 8, 7]
[1, 1310, 3, 8, 14, 6]
[2, 2621, 32, 29, 25, 25]
[2, 2621, 28, 16, 14, 28]
[2, 2621, 29, 16, 20, 27]
[2, 2621, 28, 36, 21, 21]
[2, 2621, 19, 29, 20, 24]
[2, 2621, 27, 26, 21, 30]
[2, 2621, 19, 21, 27, 22]
[2, 2621, 28, 24, 18, 13]
[2, 2621, 26, 26, 25, 26]
[2, 2621, 15, 21, 17, 18]
[2, 2621, 19, 23, 25, 23]
[2, 2621, 35, 29, 22, 26]
[2, 2621, 20, 21, 31, 21]
[2, 2621, 18, 33, 22, 23]
[2, 2621, 22, 32, 26, 18]
[2, 2621, 23, 23, 27, 31]
[2, 2621, 16, 23, 26, 22]
[2, 2621, 30, 25, 19, 19]
[2, 2621, 18, 15, 24, 27]
[2, 2621, 21, 18, 25, 30]
[2, 2621, 30, 18, 16, 20]
[2, 2621, 17, 24, 23, 28]
[2, 2621, 25, 33, 24, 22]
[2, 2621, 22, 18, 15, 25]
[2, 2621, 23, 12, 25, 27]
[2, 2621, 28, 20, 15, 19]
[2, 2621, 34, 16, 27, 23]
[2, 2621, 17, 15, 24, 22]
[2, 2621, 20, 16, 20, 15]
[2, 2621, 23, 24, 23, 22]
[2, 2621, 24, 19, 30, 19]
[2, 2621, 19, 14, 21, 30]
[2, 2621, 25, 26, 22, 22]
[2, 2621, 18, 23, 20, 22]
[2, 2621, 22, 25, 28, 19]
[2, 2621, 23, 17, 19, 24]
[2, 2621, 20, 18, 20, 19]
[2, 2621, 25, 17, 20, 24]
[2, 2621, 30, 19, 17, 11]
[2, 2621, 26, 18, 39, 26]
[2, 2621, 31, 26, 22, 25]
[2, 2621, 20, 24, 19, 19]
[2, 2621, 25, 25, 30, 22]
[2, 2621, 17, 26, 24, 26]
[2, 2621, 26, 30, 23, 19]
[2, 2621, 25, 23, 20, 25]
[2, 2621, 27, 24, 15, 17]
[2, 2621, 27, 26, 27, 16]
[2, 2621, 23, 19, 36, 22]
[2, 2621, 25, 26, 35, 17]
[2, 2621, 12, 28, 29, 20]
[2, 2621, 25, 14, 27, 32]
[2, 2621, 35, 23, 30, 12]
[2, 2621, 15, 19, 21, 25]
[2, 2621, 27, 20, 28, 31]
[2, 2621, 29, 19, 20, 15]
[2, 2621, 24, 13, 34, 26]
[2, 2621, 24, 18, 18, 21]
[2, 2621, 28, 22, 25, 24]
[2, 2621, 31, 28, 16, 23]
[2, 2621, 21, 30, 32, 20]
[2, 2621, 18, 28, 17, 20]
[2, 2621, 26, 22, 30, 19]
[2, 2621, 20, 27, 30, 28]
[2, 2621, 24, 33, 21, 21]
[2, 2621, 26, 24, 19, 25]
[2, 2621, 16, 34, 20, 20]
[2, 2621, 21, 23, 30, 16]
[2, 2621, 27, 16, 22, 27]
[2, 2621, 20, 22, 20, 20]
[2, 2621, 19, 26, 25, 28]
[2, 2621, 25, 16, 17, 28]
[2, 2621, 36, 15, 27, 32]
[2, 2621, 11, 16, 17, 27]
[2, 2621, 11, 32, 24, 19]
[2, 2621, 22, 29, 29, 23]
[2, 2621, 29, 26, 21, 32]
[2, 2621, 16, 15, 20, 17]
[2, 2621, 28, 23, 14, 25]
[2, 2621, 39, 20, 17, 26]
[2, 2621, 29, 21, 32, 28]
[2, 2621, 21, 19, 10, 23]
[2, 2621, 38, 18, 25, 20]
[2, 2621, 25, 17, 21, 16]
[2, 2621, 30, 19, 21, 24]
[2, 2621, 20, 23, 32, 23]
[2, 2621, 21, 26, 33, 19]
[2, 2621, 25, 18, 20, 30]
[2, 2621, 39, 21, 24, 15]
[2, 2621, 26, 31, 25, 22]
[2, 2621, 17, 25, 25, 25]
[2, 2621, 25, 19, 10, 20]
[2, 2621, 28, 26, 25, 22]
[2, 2621, 21, 26, 26, 20]
[2, 2621, 23, 13, 31, 12]
[2, 2621, 24, 25, 14, 20]
[2, 2621, 18, 18, 20, 19]
[2, 2621, 23, 16, 21, 26]
[2, 2621, 24, 28, 26, 20]
[2, 2621, 21, 29, 28, 18]
[5, 6553, 105, 99, 97, 85]
[5, 6553, 68, 101, 80, 105]
[5, 6553, 75, 100, 80, 97]
[5, 6553, 119, 93, 110, 73]
[5, 6553, 83, 83, 100, 85]
[5, 6553, 106, 100, 85, 97]
[5, 6553, 100, 88, 95, 110]
[5, 6553, 105, 105, 85, 110]
[5, 6553, 84, 108, 77, 98]
[5, 6553, 94, 93, 89, 92]
[5, 6553, 96, 85, 95, 78]
[5, 6553, 98, 84, 93, 98]
[5, 6553, 100, 67, 103, 95]
[5, 6553, 90, 103, 71, 100]
[5, 6553, 98, 84, 96, 99]
[5, 6553, 99, 84, 97, 108]
[5, 6553, 116, 90, 78, 94]
[5, 6553, 113, 123, 86, 106]
[5, 6553, 71, 81, 81, 100]
[5, 6553, 85, 79, 103, 93]
[5, 6553, 112, 92, 80, 95]
[5, 6553, 103, 88, 99, 79]
[5, 6553, 112, 96, 80, 86]
[5, 6553, 82, 92, 102, 95]
[5, 6553, 88, 97, 107, 113]
[5, 6553, 69, 91, 81, 89]
[5, 6553, 75, 90, 86, 77]
[5, 6553, 103, 106, 81, 98]
[5, 6553, 93, 99, 104, 72]
[5, 6553, 89, 94, 69, 89]
[5, 6553, 100, 100, 118, 124]
[5, 6553, 93, 101, 106, 92]
[5, 6553, 119, 84, 108, 118]
[5, 6553, 78, 94, 89, 88]
[5, 6553, 101, 76, 95, 80]
[5, 6553, 82, 90, 92, 91]
[5, 6553, 83, 97, 89, 84]
[5, 6553, 86, 93, 104, 95]
[5, 6553, 100, 97, 86, 98]
[5, 6553, 93, 75, 86, 95]
[5, 6553, 85, 88, 89, 72]
[5, 6553, 90, 71, 98, 101]
[5, 6553, 73, 86, 91, 89]
[5, 6553, 97, 97, 110, 109]
[5, 6553, 93, 110, 111, 97]
[5, 6553, 89, 81, 89, 79]
[5, 6553, 97, 95, 66, 90]
[5, 6553, 110, 85, 104, 98]
[5, 6553, 83, 93, 102, 84]
[5, 6553, 107, 95, 84, 96]
[5, 6553, 98, 94, 110, 93]
[5, 6553, 78, 109, 96, 97]
[5, 6553, 96, 80, 98, 105]
[5, 6553, 82, 102, 91, 92]
[5, 6553, 75, 87, 119, 88]
[5, 6553, 88, 97, 86, 87]
[5, 6553, 88, 85, 99, 98]
[5, 6553, 85, 119, 82, 114]
[5, 6553, 88, 82, 105, 95]
[5, 6553, 93, 98, 77, 98]
[5, 6553, 76, 81, 91, 72]
[5, 6553, 89, 128, 89, 96]
[5, 6553, 77, 82, 102, 97]
[5, 6553, 99, 118, 65, 93]
[5, 6553, 88, 92, 89, 69]
[5, 6553, 115, 86, 78, 81]
[5, 6553, 107, 88, 107, 83]
[5, 6553, 85, 87, 79, 89]
[5, 6553, 88, 109, 93, 90]
[5, 6553, 80, 80, 87, 113]
[5, 6553, 76, 70, 109, 84]
[5, 6553, 98, 70, 100, 95]
[5, 6553, 105, 95, 111, 102]
[5, 6553, 78, 106, 95, 73]
[5, 6553, 92, 87, 93, 89]
[5, 6553, 78, 94, 106, 75]
[5, 6553, 97, 116, 97, 106]
[5, 6553, 104, 100, 104, 82]
[5, 6553, 98, 87, 101, 97]
[5, 6553, 114, 95, 62, 117]
[5, 6553, 84, 84, 97, 94]
[5, 6553, 83, 102, 116, 100]
[5, 6553, 91, 83, 103, 82]
[5, 6553, 94, 98, 88, 118]
[5, 6553, 88, 96, 111, 88]
[5, 6553, 91, 109, 77, 107]
[5, 6553, 89, 87, 97, 85]
[5, 6553, 101, 95, 102, 84]
[5, 6553, 90, 93, 90, 97]
[5, 6553, 95, 80, 90, 89]
[5, 6553, 95, 86, 94, 67]
[5, 6553, 91, 106, 78, 104]
[5, 6553, 91, 92, 83, 92]
[5, 6553, 87, 88, 107, 89]
[5, 6553, 79, 102, 87, 85]
[5, 6553, 101, 95, 100, 100]
[5, 6553, 67, 104, 84, 89]
[5, 6553, 89, 95, 91, 89]
[5, 6553, 82, 87, 80, 89]
[5, 6553, 99, 89, 97, 111]
[10, 13107, 303, 314, 315, 293]
[10, 13107, 291, 272, 298, 328]
[10, 13107, 260, 371, 324, 263]
[10, 13107, 332, 285, 297, 301]
[10, 13107, 286, 335, 368, 332]
[10, 13107, 312, 320, 277, 314]
[10, 13107, 297, 295, 301, 314]
[10, 13107, 311, 302, 326, 372]
[10, 13107, 303, 313, 264, 307]
[10, 13107, 300, 310, 326, 300]
[10, 13107, 321, 349, 281, 286]
[10, 13107, 323, 280, 266, 332]
[10, 13107, 308, 268, 292, 312]
[10, 13107, 301, 287, 282, 353]
[10, 13107, 311, 294, 332, 337]
[10, 13107, 287, 294, 312, 299]
[10, 13107, 341, 302, 273, 297]
[10, 13107, 315, 288, 282, 303]
[10, 13107, 288, 313, 255, 304]
[10, 13107, 306, 268, 339, 254]
[10, 13107, 328, 304, 279, 309]
[10, 13107, 334, 300, 316, 300]
[10, 13107, 288, 343, 303, 279]
[10, 13107, 312, 302, 289, 292]
[10, 13107, 268, 307, 303, 314]
[10, 13107, 295, 310, 326, 298]
[10, 13107, 312, 294, 284, 308]
[10, 13107, 299, 288, 331, 279]
[10, 13107, 312, 279, 310, 300]
[10, 13107, 354, 338, 281, 281]
[10, 13107, 289, 289, 268, 317]
[10, 13107, 342, 307, 328, 276]
[10, 13107, 305, 283, 311, 320]
[10, 13107, 281, 326, 338, 316]
[10, 13107, 340, 314, 305, 308]
[10, 13107, 289, 301, 280, 309]
[10, 13107, 289, 339, 304, 302]
[10, 13107, 273, 269, 296, 349]
[10, 13107, 338, 294, 313, 319]
[10, 13107, 322, 300, 315, 269]
[10, 13107, 372, 289, 260, 295]
[10, 13107, 329, 275, 270, 278]
[10, 13107, 284, 307, 314, 307]
[10, 13107, 344, 291, 265, 302]
[10, 13107, 300, 319, 327, 271]
[10, 13107, 303, 319, 324, 255]
[10, 13107, 298, 280, 291, 325]
[10, 13107, 320, 291, 335, 320]
[10, 13107, 310, 316, 351, 299]
[10, 13107, 283, 281, 285, 297]
[10, 13107, 276, 289, 328, 308]
[10, 13107, 283, 306, 294, 301]
[10, 13107, 288, 300, 331, 301]
[10, 13107, 299, 277, 329, 305]
[10, 13107, 331, 307, 353, 281]
[10, 13107, 272, 320, 328, 287]
[10, 13107, 267, 293, 311, 332]
[10, 13107, 287, 311, 300, 306]
[10, 13107, 326, 291, 336, 291]
[10, 13107, 304, 287, 319, 296]
[10, 13107, 321, 315, 313, 293]
[10, 13107, 305, 309, 325, 301]
[10, 13107, 320, 304, 331, 306]
[10, 13107, 310, 325, 288, 306]
[10, 13107, 285, 334, 283, 293]
[10, 13107, 305, 279, 276, 293]
[10, 13107, 290, 289, 325, 304]
[10, 13107, 269, 305, 284, 317]
[10, 13107, 289, 322, 301, 295]
[10, 13107, 263, 316, 314, 306]
[10, 13107, 302, 340, 310, 359]
[10, 13107, 317, 304, 330, 307]
[10, 13107, 310, 284, 266, 307]
[10, 13107, 321, 318, 269, 268]
[10, 13107, 296, 293, 315, 309]
[10, 13107, 266, 318, 303, 285]
[10, 13107, 327, 325, 285, 377]
[10, 13107, 279, 310, 289, 325]
[10, 13107, 253, 322, 332, 263]
[10, 13107, 312, 343, 283, 296]
[10, 13107, 297, 275, 304, 327]
[10, 13107, 317, 286, 359, 280]
[10, 13107, 321, 316, 319, 275]
[10, 13107, 337, 309, 326, 299]
[10, 13107, 322, 307, 309, 306]
[10, 13107, 278, 293, 291, 274]
[10, 13107, 253, 296, 329, 279]
[10, 13107, 322, 292, 289, 283]
[10, 13107, 312, 293, 287, 276]
[10, 13107, 356, 270, 348, 296]
[10, 13107, 293, 333, 309, 305]
[10, 13107, 258, 289, 242, 332]
[10, 13107, 348, 294, 313, 300]
[10, 13107, 284, 319, 311, 294]
[10, 13107, 313, 303, 275, 293]
[10, 13107, 305, 330, 305, 311]
[10, 13107, 291, 274, 339, 299]
[10, 13107, 288, 310, 301, 312]
[10, 13107, 308, 310, 319, 347]
[10, 13107, 315, 312, 318, 299]
[15, 19660, 577, 646, 639, 626]
[15, 19660, 604, 588, 628, 654]
[15, 19660, 633, 633, 675, 622]
[15, 19660, 649, 633, 595, 646]
[15, 19660, 629, 711, 648, 657]
[15, 19660, 632, 670, 693, 631]
[15, 19660, 649, 604, 679, 627]
[15, 19660, 639, 534, 634, 654]
[15, 19660, 621, 653, 602, 619]
[15, 19660, 636, 620, 686, 592]
[15, 19660, 663, 638, 671, 634]
[15, 19660, 657, 631, 661, 649]
[15, 19660, 680, 603, 648, 631]
[15, 19660, 646, 653, 584, 606]
[15, 19660, 668, 602, 696, 632]
[15, 19660, 610, 649, 645, 597]
[15, 19660, 650, 692, 609, 611]
[15, 19660, 615, 644, 605, 681]
[15, 19660, 602, 641, 590, 655]
[15, 19660, 626, 610, 662, 667]
[15, 19660, 646, 648, 643, 600]
[15, 19660, 650, 638, 616, 600]
[15, 19660, 661, 651, 691, 584]
[15, 19660, 656, 670, 632, 681]
[15, 19660, 635, 666, 597, 641]
[15, 19660, 607, 620, 682, 624]
[15, 19660, 627, 610, 602, 626]
[15, 19660, 638, 601, 662, 692]
[15, 19660, 608, 634, 657, 638]
[15, 19660, 620, 675, 601, 636]
[15, 19660, 598, 601, 530, 681]
[15, 19660, 665, 620, 675, 593]
[15, 19660, 649, 648, 623, 677]
[15, 19660, 599, 642, 621, 577]
[15, 19660, 671, 652, 698, 616]
[15, 19660, 657, 625, 628, 670]
[15, 19660, 552, 700, 650, 590]
[15, 19660, 591, 625, 616, 676]
[15, 19660, 597, 610, 596, 612]
[15, 19660, 668, 610, 667, 633]
[15, 19660, 647, 653, 653, 666]
[15, 19660, 651, 584, 641, 672]
[15, 19660, 619, 610, 696, 592]
[15, 19660, 663, 585, 613, 650]
[15, 19660, 664, 650, 608, 616]
[15, 19660, 677, 634, 624, 649]
[15, 19660, 643, 545, 643, 608]
[15, 19660, 664, 557, 699, 635]
[15, 19660, 672, 658, 667, 646]
[15, 19660, 597, 601, 704, 611]
[15, 19660, 667, 603, 625, 602]
[15, 19660, 654, 625, 662, 641]
[15, 19660, 666, 686, 626, 584]
[15, 19660, 690, 578, 635, 616]
[15, 19660, 662, 600, 673, 604]
[15, 19660, 602, 623, 600, 609]
[15, 19660, 576, 599, 662, 658]
[15, 19660, 615, 654, 609, 678]
[15, 19660, 721, 542, 654, 611]
[15, 19660, 629, 642, 574, 621]
[15, 19660, 617, 639, 613, 587]
[15, 19660, 612, 605, 616, 543]
[15, 19660, 613, 639, 711, 642]
[15, 19660, 639, 682, 625, 591]
[15, 19660, 610, 675, 656, 641]
[15, 19660, 668, 580, 601, 629]
[15, 19660, 627, 570, 628, 631]
[15, 19660, 611, 612, 617, 613]
[15, 19660, 573, 676, 639, 641]
[15, 19660, 612, 662, 635, 627]
[15, 19660, 631, 673, 625, 608]
[15, 19660, 691, 625, 642, 667]
[15, 19660, 586, 632, 657, 700]
[15, 19660, 669, 623, 665, 611]
[15, 19660, 636, 648, 654, 597]
[15, 19660, 600, 641, 680, 587]
[15, 19660, 648, 626, 595, 622]
[15, 19660, 628, 659, 642, 615]
[15, 19660, 691, 584, 654, 664]
[15, 19660, 606, 613, 616, 683]
[15, 19660, 602, 611, 685, 652]
[15, 19660, 678, 651, 673, 637]
[15, 19660, 689, 588, 657, 654]
[15, 19660, 619, 630, 627, 671]
[15, 19660, 591, 674, 611, 612]
[15, 19660, 619, 637, 657, 638]
[15, 19660, 593, 664, 587, 634]
[15, 19660, 663, 652, 619, 629]
[15, 19660, 587, 614, 618, 639]
[15, 19660, 628, 643, 605, 614]
[15, 19660, 621, 577, 653, 598]
[15, 19660, 568, 631, 589, 700]
[15, 19660, 647, 621, 629, 653]
[15, 19660, 642, 622, 570, 620]
[15, 19660, 562, 621, 656, 584]
[15, 19660, 657, 694, 644, 600]
[15, 19660, 646, 618, 656, 655]
[15, 19660, 628, 636, 609, 633]
[15, 19660, 599, 592, 661, 681]
[15, 19660, 647, 640, 597, 651]
[20, 26214, 1073, 1114, 1041, 995]
[20, 26214, 1080, 1016, 1067, 1114]
[20, 26214, 1104, 1044, 1117, 1029]
[20, 26214, 1084, 1038, 1004, 1061]
[20, 26214, 1045, 1136, 1131, 1085]
[20, 26214, 968, 1050, 1051, 1108]
[20, 26214, 1044, 1065, 1070, 1128]
[20, 26214, 1070, 1018, 1053, 1113]
[20, 26214, 1062, 1111, 989, 1094]
[20, 26214, 1090, 990, 1163, 1014]
[20, 26214, 1073, 1128, 1041, 1106]
[20, 26214, 1048, 1037, 1104, 1117]
[20, 26214, 1074, 1045, 1053, 1120]
[20, 26214, 1134, 1063, 1010, 1095]
[20, 26214, 1096, 999, 1245, 1062]
[20, 26214, 1081, 1087, 1065, 1068]
[20, 26214, 1078, 1087, 1033, 1065]
[20, 26214, 1041, 1061, 1010, 1056]
[20, 26214, 1094, 1127, 1043, 1067]
[20, 26214, 1126, 1096, 1120, 1065]
[20, 26214, 1073, 1077, 1084, 1061]
[20, 26214, 1057, 1022, 1071, 1066]
[20, 26214, 1076, 1048, 1086, 1061]
[20, 26214, 1131, 1104, 993, 1106]
[20, 26214, 1053, 1063, 1095, 1153]
[20, 26214, 1071, 1076, 1095, 1074]
[20, 26214, 1087, 1084, 1117, 1067]
[20, 26214, 1037, 1045, 1034, 1125]
[20, 26214, 1095, 1011, 1026, 978]
[20, 26214, 1045, 1171, 1116, 1031]
[20, 26214, 1044, 1043, 1053, 1113]
[20, 26214, 1017, 1008, 1126, 965]
[20, 26214, 1081, 1075, 1023, 1127]
[20, 26214, 1116, 1053, 1080, 1081]
[20, 26214, 1025, 1109, 1084, 1054]
[20, 26214, 1097, 1071, 1071, 1093]
[20, 26214, 1085, 1108, 1084, 1070]
[20, 26214, 1082, 1045, 1031, 1077]
[20, 26214, 1079, 1097, 1112, 1073]
[20, 26214, 1073, 1016, 1124, 1110]
[20, 26214, 1112, 1054, 1032, 1115]
[20, 26214, 1142, 1002, 1084, 1099]
[20, 26214, 1086, 1063, 1035, 1115]
[20, 26214, 1071, 1112, 1077, 1093]
[20, 26214, 1117, 1035, 1049, 1066]
[20, 26214, 1084, 978, 1118, 1054]
[20, 26214, 1086, 1036, 1106, 1083]
[20, 26214, 1105, 1054, 1133, 1063]
[20, 26214, 1056, 1115, 1093, 1118]
[20, 26214, 1041, 1046, 1119, 1052]
[20, 26214, 1091, 1014, 1084, 1100]
[20, 26214, 1093, 1079, 1082, 1009]
[20, 26214, 1134, 1089, 1056, 983]
[20, 26214, 1070, 1064, 1082, 1074]
[20, 26214, 1076, 1128, 1093, 1155]
[20, 26214, 1151, 1138, 1032, 1060]
[20, 26214, 985, 1049, 1091, 1070]
[20, 26214, 981, 1123, 994, 1098]
[20, 26214, 1086, 988, 1109, 1013]
[20, 26214, 1167, 1050, 1104, 967]
[20, 26214, 1052, 1068, 1047, 1050]
[20, 26214, 1075, 1099, 1050, 1034]
[20, 26214, 1094, 1053, 1033, 1057]
[20, 26214, 1075, 1105, 1031, 1065]
[20, 26214, 1096, 1076, 1041, 1047]
[20, 26214, 1156, 1028, 984, 1035]
[20, 26214, 1053, 1097, 1019, 1004]
[20, 26214, 1112, 1127, 1099, 1031]
[20, 26214, 1073, 1153, 1024, 1086]
[20, 26214, 1047, 1102, 1052, 1146]
[20, 26214, 1063, 1034, 1047, 1035]
[20, 26214, 1081, 1045, 1050, 1135]
[20, 26214, 1056, 1065, 1068, 1137]
[20, 26214, 1011, 1093, 1124, 1093]
[20, 26214, 1129, 1048, 1104, 1029]
[20, 26214, 1050, 999, 1083, 1031]
[20, 26214, 1069, 1113, 1077, 1110]
[20, 26214, 1048, 1089, 1052, 1077]
[20, 26214, 1011, 1043, 1082, 1131]
[20, 26214, 1069, 1100, 1052, 1111]
[20, 26214, 1065, 1095, 1059, 1043]
[20, 26214, 1102, 1058, 1134, 1083]
[20, 26214, 1073, 1046, 1085, 1115]
[20, 26214, 1070, 1047, 1049, 1096]
[20, 26214, 1055, 1027, 1132, 1048]
[20, 26214, 1044, 1123, 1002, 1090]
[20, 26214, 1041, 1016, 1050, 1065]
[20, 26214, 1053, 1084, 1022, 1044]
[20, 26214, 1118, 1025, 1039, 1028]
[20, 26214, 1151, 1105, 1085, 993]
[20, 26214, 1046, 1073, 1005, 1084]
[20, 26214, 1013, 1113, 1098, 1133]
[20, 26214, 1176, 1134, 1122, 990]
[20, 26214, 1097, 1071, 1017, 1036]
[20, 26214, 1084, 1052, 1070, 1002]
[20, 26214, 1116, 1038, 1055, 1101]
[20, 26214, 1107, 1094, 1047, 1079]
[20, 26214, 1068, 1106, 1013, 1056]
[20, 26214, 1024, 1078, 1181, 1073]
[20, 26214, 1118, 1094, 1051, 1104]
[25, 32768, 1656, 1714, 1586, 1574]
[25, 32768, 1670, 1612, 1713, 1616]
[25, 32768, 1656, 1592, 1625, 1602]
[25, 32768, 1672, 1631, 1568, 1674]
[25, 32768, 1551, 1586, 1634, 1598]
[25, 32768, 1538, 1597, 1690, 1739]
[25, 32768, 1655, 1578, 1581, 1685]
[25, 32768, 1570, 1546, 1663, 1663]
[25, 32768, 1626, 1673, 1580, 1644]
[25, 32768, 1648, 1627, 1694, 1665]
[25, 32768, 1657, 1593, 1629, 1691]
[25, 32768, 1687, 1692, 1582, 1638]
[25, 32768, 1632, 1604, 1652, 1604]
[25, 32768, 1676, 1582, 1573, 1685]
[25, 32768, 1602, 1639, 1657, 1656]
[25, 32768, 1576, 1574, 1647, 1637]
[25, 32768, 1643, 1640, 1568, 1638]
[25, 32768, 1600, 1622, 1620, 1652]
[25, 32768, 1621, 1677, 1506, 1628]
[25, 32768, 1610, 1598, 1656, 1610]
[25, 32768, 1651, 1674, 1564, 1656]
[25, 32768, 1580, 1684, 1621, 1587]
[25, 32768, 1600, 1577, 1552, 1561]
[25, 32768, 1590, 1649, 1561, 1620]
[25, 32768, 1579, 1622, 1626, 1725]
[25, 32768, 1608, 1548, 1645, 1656]
[25, 32768, 1563, 1585, 1604, 1552]
[25, 32768, 1602, 1582, 1642, 1627]
[25, 32768, 1642, 1711, 1659, 1553]
[25, 32768, 1596, 1754, 1518, 1661]
[25, 32768, 1635, 1602, 1581, 1604]
[25, 32768, 1563, 1587, 1699, 1582]
[25, 32768, 1606, 1572, 1577, 1654]
[25, 32768, 1572, 1616, 1576, 1631]
[25, 32768, 1611, 1639, 1685, 1591]
[25, 32768, 1539, 1663, 1602, 1742]
[25, 32768, 1556, 1778, 1624, 1674]
[25, 32768, 1624, 1588, 1596, 1688]
[25, 32768, 1682, 1540, 1602, 1592]
[25, 32768, 1619, 1528, 1635, 1634]
[25, 32768, 1651, 1581, 1521, 1632]
[25, 32768, 1659, 1588, 1611, 1612]
[25, 32768, 1698, 1608, 1563, 1670]
[25, 32768, 1665, 1573, 1658, 1673]
[25, 32768, 1559, 1538, 1595, 1627]
[25, 32768, 1566, 1552, 1689, 1527]
[25, 32768, 1651, 1634, 1579, 1655]
[25, 32768, 1688, 1479, 1663, 1679]
[25, 32768, 1734, 1678, 1572, 1641]
[25, 32768, 1645, 1667, 1689, 1562]
[25, 32768, 1668, 1540, 1678, 1666]
[25, 32768, 1559, 1607, 1629, 1523]
[25, 32768, 1712, 1653, 1603, 1522]
[25, 32768, 1654, 1567, 1665, 1608]
[25, 32768, 1534, 1611, 1654, 1564]
[25, 32768, 1693, 1560, 1602, 1580]
[25, 32768, 1596, 1534, 1602, 1680]
[25, 32768, 1538, 1656, 1690, 1724]
[25, 32768, 1626, 1517, 1691, 1611]
[25, 32768, 1631, 1606, 1639, 1657]
[25, 32768, 1601, 1607, 1676, 1593]
[25, 32768, 1621, 1647, 1650, 1615]
[25, 32768, 1602, 1618, 1701, 1555]
[25, 32768, 1625, 1694, 1555, 1526]
[25, 32768, 1620, 1625, 1585, 1578]
[25, 32768, 1724, 1790, 1557, 1621]
[25, 32768, 1574, 1663, 1664, 1639]
[25, 32768, 1597, 1630, 1513, 1555]
[25, 32768, 1612, 1668, 1595, 1673]
[25, 32768, 1592, 1630, 1569, 1681]
[25, 32768, 1592, 1632, 1658, 1596]
[25, 32768, 1662, 1611, 1609, 1625]
[25, 32768, 1646, 1588, 1680, 1597]
[25, 32768, 1527, 1656, 1608, 1608]
[25, 32768, 1616, 1615, 1698, 1567]
[25, 32768, 1626, 1598, 1713, 1545]
[25, 32768, 1649, 1678, 1646, 1614]
[25, 32768, 1591, 1667, 1624, 1607]
[25, 32768, 1589, 1613, 1662, 1581]
[25, 32768, 1615, 1659, 1573, 1563]
[25, 32768, 1627, 1661, 1680, 1612]
[25, 32768, 1743, 1646, 1591, 1627]
[25, 32768, 1568, 1614, 1603, 1657]
[25, 32768, 1668, 1593, 1685, 1625]
[25, 32768, 1573, 1621, 1653, 1575]
[25, 32768, 1655, 1766, 1568, 1659]
[25, 32768, 1541, 1651, 1588, 1606]
[25, 32768, 1638, 1689, 1588, 1583]
[25, 32768, 1627, 1570, 1662, 1585]
[25, 32768, 1746, 1669, 1688, 1591]
[25, 32768, 1575, 1522, 1658, 1584]
[25, 32768, 1540, 1609, 1685, 1700]
[25, 32768, 1726, 1752, 1638, 1579]
[25, 32768, 1614, 1556, 1479, 1625]
[25, 32768, 1634, 1633, 1691, 1630]
[25, 32768, 1629, 1633, 1710, 1591]
[25, 32768, 1606, 1640, 1553, 1696]
[25, 32768, 1620, 1680, 1572, 1644]
[25, 32768, 1618, 1656, 1706, 1602]
[25, 32768, 1639, 1632, 1565, 1641]
[30, 39321, 2242, 2371, 2244, 2179]
[30, 39321, 2245, 2249, 2309, 2234]
[30, 39321, 2376, 2190, 2308, 2267]
[30, 39321, 2306, 2316, 2263, 2317]
[30, 39321, 2216, 2356, 2319, 2334]
[30, 39321, 2184, 2179, 2407, 2305]
[30, 39321, 2389, 2251, 2284, 2305]
[30, 39321, 2352, 2257, 2289, 2333]
[30, 39321, 2229, 2377, 2104, 2380]
[30, 39321, 2189, 2254, 2409, 2326]
[30, 39321, 2222, 2275, 2282, 2199]
[30, 39321, 2254, 2307, 2296, 2282]
[30, 39321, 2399, 2211, 2306, 2278]
[30, 39321, 2317, 2405, 2243, 2280]
[30, 39321, 2253, 2233, 2339, 2165]
[30, 39321, 2262, 2352, 2360, 2294]
[30, 39321, 2331, 2341, 2324, 2266]
[30, 39321, 2214, 2406, 2253, 2241]
[30, 39321, 2305, 2394, 2185, 2307]
[30, 39321, 2255, 2323, 2304, 2195]
[30, 39321, 2327, 2276, 2157, 2324]
[30, 39321, 2276, 2263, 2210, 2325]
[30, 39321, 2262, 2250, 2265, 2222]
[30, 39321, 2310, 2260, 2254, 2232]
[30, 39321, 2220, 2326, 2225, 2268]
[30, 39321, 2257, 2219, 2346, 2263]
[30, 39321, 2219, 2200, 2309, 2162]
[30, 39321, 2236, 2302, 2301, 2283]
[30, 39321, 2346, 2224, 2315, 2261]
[30, 39321, 2302, 2346, 2250, 2195]
[30, 39321, 2315, 2203, 2251, 2327]
[30, 39321, 2181, 2364, 2335, 2149]
[30, 39321, 2187, 2341, 2148, 2416]
[30, 39321, 2324, 2289, 2393, 2217]
[30, 39321, 2189, 2200, 2322, 2386]
[30, 39321, 2194, 2302, 2226, 2386]
[30, 39321, 2171, 2325, 2273, 2375]
[30, 39321, 2242, 2264, 2356, 2312]
[30, 39321, 2298, 2226, 2260, 2136]
[30, 39321, 2266, 2220, 2209, 2244]
[30, 39321, 2299, 2259, 2204, 2279]
[30, 39321, 2281, 2188, 2276, 2333]
[30, 39321, 2263, 2253, 2225, 2280]
[30, 39321, 2241, 2281, 2376, 2298]
[30, 39321, 2260, 2189, 2214, 2299]
[30, 39321, 2182, 2232, 2248, 2284]
[30, 39321, 2333, 2251, 2295, 2285]
[30, 39321, 2354, 2033, 2347, 2268]
[30, 39321, 2214, 2224, 2272, 2198]
[30, 39321, 2328, 2269, 2315, 2252]
[30, 39321, 2377, 2196, 2223, 2213]
[30, 39321, 2256, 2270, 2322, 2184]
[30, 39321, 2385, 2329, 2208, 2226]
[30, 39321, 2307, 2198, 2244, 2291]
[30, 39321, 2312, 2243, 2256, 2203]
[30, 39321, 2336, 2280, 2245, 2292]
[30, 39321, 2162, 2239, 2272, 2276]
[30, 39321, 2235, 2329, 2303, 2360]
[30, 39321, 2371, 2214, 2340, 2246]
[30, 39321, 2247, 2259, 2201, 2263]
[30, 39321, 2278, 2253, 2293, 2178]
[30, 39321, 2323, 2306, 2293, 2253]
[30, 39321, 2309, 2322, 2221, 2320]
[30, 39321, 2288, 2367, 2243, 2095]
[30, 39321, 2277, 2285, 2265, 2191]
[30, 39321, 2373, 2260, 2251, 2231]
[30, 39321, 2342, 2334, 2269, 2260]
[30, 39321, 2335, 2277, 2256, 2299]
[30, 39321, 2283, 2389, 2278, 2273]
[30, 39321, 2283, 2336, 2222, 2272]
[30, 39321, 2272, 2216, 2142, 2252]
[30, 39321, 2213, 2205, 2305, 2366]
[30, 39321, 2267, 2210, 2225, 2352]
[30, 39321, 2298, 2291, 2247, 2238]
[30, 39321, 2348, 2265, 2240, 2205]
[30, 39321, 2290, 2277, 2344, 2176]
[30, 39321, 2249, 2376, 2256, 2270]
[30, 39321, 2309, 2208, 2264, 2304]
[30, 39321, 2246, 2288, 2383, 2225]
[30, 39321, 2358, 2307, 2251, 2248]
[30, 39321, 2273, 2256, 2315, 2153]
[30, 39321, 2235, 2319, 2342, 2268]
[30, 39321, 2216, 2333, 2303, 2226]
[30, 39321, 2376, 2216, 2320, 2219]
[30, 39321, 2286, 2216, 2254, 2302]
[30, 39321, 2198, 2321, 2280, 2194]
[30, 39321, 2247, 2176, 2319, 2282]
[30, 39321, 2322, 2391, 2210, 2184]
[30, 39321, 2353, 2149, 2264, 2320]
[30, 39321, 2282, 2270, 2327, 2249]
[30, 39321, 2316, 2212, 2311, 2224]
[30, 39321, 2189, 2319, 2349, 2386]
[30, 39321, 2334, 2401, 2289, 2264]
[30, 39321, 2293, 2277, 2128, 2272]
[30, 39321, 2220, 2337, 2338, 2287]
[30, 39321, 2222, 2264, 2405, 2283]
[30, 39321, 2225, 2246, 2283, 2363]
[30, 39321, 2220, 2305, 2305, 2317]
[30, 39321, 2156, 2230, 2365, 2225]
[30, 39321, 2303, 2325, 2259, 2328]
[35, 45875, 2973, 3151, 3061, 2990]
[35, 45875, 3051, 2986, 3014, 3057]
[35, 45875, 3081, 3125, 3021, 2915]
[35, 45875, 3044, 3087, 2980, 3063]
[35, 45875, 3027, 3148, 2990, 3069]
[35, 45875, 3021, 2883, 3094, 3114]
[35, 45875, 3027, 3015, 3001, 3029]
[35, 45875, 2955, 3061, 3017, 3060]
[35, 45875, 3030, 3128, 2928, 3092]
[35, 45875, 3058, 2990, 3154, 3042]
[35, 45875, 2994, 3068, 2910, 3087]
[35, 45875, 3065, 3085, 3056, 3042]
[35, 45875, 3088, 2962, 3098, 3090]
[35, 45875, 3071, 3013, 2910, 3174]
[35, 45875, 3049, 2986, 3108, 2978]
[35, 45875, 3010, 3093, 3078, 2990]
[35, 45875, 2999, 3017, 3071, 2971]
[35, 45875, 2956, 3169, 2915, 2950]
[35, 45875, 3014, 3113, 2926, 2997]
[35, 45875, 3040, 2972, 2964, 3000]
[35, 45875, 3062, 2945, 2969, 3121]
[35, 45875, 3043, 2996, 3043, 3070]
[35, 45875, 2986, 2971, 3095, 2820]
[35, 45875, 3074, 3061, 2984, 3001]
[35, 45875, 3059, 3103, 2967, 3049]
[35, 45875, 3174, 3011, 3037, 3033]
[35, 45875, 3000, 3038, 3027, 2937]
[35, 45875, 3019, 2974, 3049, 3066]
[35, 45875, 3126, 3054, 3080, 2871]
[35, 45875, 2976, 3244, 2902, 2938]
[35, 45875, 2970, 2908, 3027, 3018]
[35, 45875, 2968, 3008, 3206, 2981]
[35, 45875, 2884, 3094, 2888, 3160]
[35, 45875, 3004, 3056, 3024, 2906]
[35, 45875, 2962, 3064, 3219, 2978]
[35, 45875, 2975, 3011, 3137, 3074]
[35, 45875, 2923, 3061, 2991, 3054]
[35, 45875, 3083, 2933, 2960, 3148]
[35, 45875, 3056, 2958, 3048, 3025]
[35, 45875, 3075, 2956, 2998, 2957]
[35, 45875, 3105, 3030, 2916, 2995]
[35, 45875, 3139, 2945, 2983, 2998]
[35, 45875, 2978, 3067, 3040, 3035]
[35, 45875, 3019, 3094, 3097, 2956]
[35, 45875, 3022, 2983, 3004, 3058]
[35, 45875, 2973, 2915, 3087, 3107]
[35, 45875, 3050, 3035, 3002, 2969]
[35, 45875, 3065, 2827, 3218, 3084]
[35, 45875, 3008, 2996, 2977, 2977]
[35, 45875, 3003, 2964, 2999, 2986]
[35, 45875, 3139, 2951, 3012, 3050]
[35, 45875, 2916, 3107, 3066, 2905]
[35, 45875, 3103, 3112, 2988, 2912]
[35, 45875, 3162, 2959, 2942, 3048]
[35, 45875, 3039, 2986, 3096, 3008]
[35, 45875, 3048, 3053, 3022, 3074]
[35, 45875, 2957, 3080, 3007, 3067]
[35, 45875, 2983, 3076, 2926, 3169]
[35, 45875, 2990, 2900, 3185, 3066]
[35, 45875, 3034, 2950, 3005, 2947]
[35, 45875, 3046, 3023, 3116, 3081]
[35, 45875, 3061, 3024, 3106, 2934]
[35, 45875, 3011, 3046, 2941, 3168]
[35, 45875, 2960, 3060, 2947, 3010]
[35, 45875, 3050, 3129, 2971, 2936]
[35, 45875, 3117, 3051, 2931, 3061]
[35, 45875, 3050, 3056, 2939, 3055]
[35, 45875, 3010, 3032, 2999, 3078]
[35, 45875, 3045, 3000, 3071, 3016]
[35, 45875, 2969, 3143, 2928, 3099]
[35, 45875, 3073, 3039, 2982, 2975]
[35, 45875, 3083, 2934, 3056, 3034]
[35, 45875, 3072, 2881, 2995, 3054]
[35, 45875, 2952, 3075, 2968, 2982]
[35, 45875, 3021, 2969, 2959, 3022]
[35, 45875, 2962, 3094, 3101, 2895]
[35, 45875, 3068, 3149, 2979, 2999]
[35, 45875, 3052, 3071, 3137, 3023]
[35, 45875, 3077, 2913, 3072, 3076]
[35, 45875, 3053, 3008, 2986, 3034]
[35, 45875, 3020, 3037, 3047, 2969]
[35, 45875, 3002, 3041, 3093, 2944]
[35, 45875, 3052, 3029, 3090, 2994]
[35, 45875, 3151, 3112, 2991, 3014]
[35, 45875, 3057, 2957, 3079, 3009]
[35, 45875, 2990, 3185, 3058, 2870]
[35, 45875, 2942, 3062, 3049, 2996]
[35, 45875, 3156, 3138, 2996, 2881]
[35, 45875, 3050, 3113, 2950, 3076]
[35, 45875, 3114, 2946, 3111, 3005]
[35, 45875, 3017, 2948, 3014, 3043]
[35, 45875, 2951, 2979, 3045, 3114]
[35, 45875, 3133, 3167, 3074, 2913]
[35, 45875, 2980, 3145, 2865, 3095]
[35, 45875, 3026, 3036, 3065, 2994]
[35, 45875, 2981, 3087, 3142, 3059]
[35, 45875, 2999, 3066, 2990, 3109]
[35, 45875, 3004, 3100, 2985, 3133]
[35, 45875, 2959, 3069, 3156, 2975]
[35, 45875, 3038, 2886, 3083, 3088]
[40, 52428, 3938, 3923, 3895, 3750]
[40, 52428, 3742, 3897, 3847, 3934]
[40, 52428, 3768, 3978, 3842, 3749]
[40, 52428, 4009, 3763, 3849, 3895]
[40, 52428, 3807, 3874, 3795, 3875]
[40, 52428, 3759, 3879, 3900, 3851]
[40, 52428, 3798, 3909, 3849, 3835]
[40, 52428, 3791, 3767, 3840, 3836]
[40, 52428, 3870, 3942, 3846, 4020]
[40, 52428, 3857, 3814, 4056, 3857]
[40, 52428, 3925, 3929, 3705, 3889]
[40, 52428, 3805, 3837, 3874, 3837]
[40, 52428, 3967, 3869, 3850, 3870]
[40, 52428, 3910, 3882, 3800, 3983]
[40, 52428, 3932, 3861, 3869, 3844]
[40, 52428, 3899, 3852, 3868, 3802]
[40, 52428, 3987, 3922, 3942, 3842]
[40, 52428, 3877, 3844, 3901, 3754]
[40, 52428, 3931, 3902, 3749, 3941]
[40, 52428, 3873, 3945, 3867, 3860]
[40, 52428, 4029, 3842, 3930, 3839]
[40, 52428, 3764, 3911, 3768, 3913]
[40, 52428, 3904, 3745, 4014, 3916]
[40, 52428, 4029, 3843, 3817, 3969]
[40, 52428, 3857, 3935, 3780, 4037]
[40, 52428, 4001, 3824, 3921, 3898]
[40, 52428, 3796, 3729, 3865, 3754]
[40, 52428, 3843, 3907, 3967, 3968]
[40, 52428, 3872, 3874, 3940, 3754]
[40, 52428, 3866, 4004, 3836, 3681]
[40, 52428, 3870, 3756, 3895, 3760]
[40, 52428, 3692, 3932, 3994, 3693]
[40, 52428, 3847, 3959, 3658, 4094]
[40, 52428, 3931, 3932, 3892, 3785]
[40, 52428, 3841, 3897, 3990, 3855]
[40, 52428, 3845, 3875, 3817, 3906]
[40, 52428, 3855, 3986, 3866, 3964]
[40, 52428, 3828, 3873, 3890, 3965]
[40, 52428, 3973, 3960, 3829, 3849]
[40, 52428, 3946, 3811, 3928, 3887]
[40, 52428, 3941, 3899, 3794, 3905]
[40, 52428, 3900, 3929, 3724, 3821]
[40, 52428, 3880, 3829, 3803, 3923]
[40, 52428, 3864, 3825, 3851, 3799]
[40, 52428, 3896, 3835, 3854, 3893]
[40, 52428, 3758, 3647, 3891, 3904]
[40, 52428, 3932, 3894, 3862, 3767]
[40, 52428, 3951, 3614, 4056, 3843]
[40, 52428, 3897, 3893, 3827, 3936]
[40, 52428, 3901, 3983, 3955, 3881]
[40, 52428, 3918, 3739, 3874, 3811]
[40, 52428, 3753, 3978, 3975, 3737]
[40, 52428, 3960, 3943, 3865, 3645]
[40, 52428, 3983, 3803, 3915, 3853]
[40, 52428, 3860, 3816, 3878, 3936]
[40, 52428, 3875, 3937, 3755, 3795]
[40, 52428, 3715, 3870, 3946, 3970]
[40, 52428, 3859, 3884, 3755, 4010]
[40, 52428, 3843, 3739, 3936, 3882]
[40, 52428, 4035, 3855, 3812, 3800]
[40, 52428, 3844, 3987, 3884, 3794]
[40, 52428, 3869, 3811, 3853, 3815]
[40, 52428, 3849, 3819, 3842, 3835]
[40, 52428, 3793, 3877, 3882, 3753]
[40, 52428, 3900, 3946, 3788, 3857]
[40, 52428, 4041, 3817, 3758, 3829]
[40, 52428, 3845, 3918, 3856, 3796]
[40, 52428, 3858, 3868, 3767, 3915]
[40, 52428, 3808, 3904, 3921, 4022]
[40, 52428, 3833, 3901, 3719, 3884]
[40, 52428, 3960, 4008, 3833, 3837]
[40, 52428, 3899, 3751, 3919, 3961]
[40, 52428, 3860, 3901, 3834, 3888]
[40, 52428, 3903, 3883, 3845, 3837]
[40, 52428, 3981, 3972, 3879, 3735]
[40, 52428, 3880, 3978, 4061, 3832]
[40, 52428, 3900, 4001, 3733, 3816]
[40, 52428, 3867, 3831, 3960, 3942]
[40, 52428, 3885, 3833, 3890, 3855]
[40, 52428, 3891, 3882, 3909, 3881]
[40, 52428, 3850, 3931, 3810, 3803]
[40, 52428, 3899, 3954, 3834, 3882]
[40, 52428, 3791, 3935, 3923, 3853]
[40, 52428, 3893, 3845, 3889, 3726]
[40, 52428, 3944, 3749, 3854, 3849]
[40, 52428, 3894, 3961, 3853, 3795]
[40, 52428, 3788, 3878, 3862, 3847]
[40, 52428, 3896, 3935, 3862, 3881]
[40, 52428, 3852, 3868, 3808, 3953]
[40, 52428, 3891, 3985, 4011, 3781]
[40, 52428, 3819, 3807, 3837, 3970]
[40, 52428, 3716, 3833, 3824, 4029]
[40, 52428, 3899, 4042, 3894, 3799]
[40, 52428, 3980, 3969, 3662, 3905]
[40, 52428, 3828, 3884, 3888, 3848]
[40, 52428, 3735, 3916, 4098, 3793]
[40, 52428, 3760, 3816, 3875, 3998]
[40, 52428, 3809, 3884, 3835, 3879]
[40, 52428, 3790, 3893, 4000, 3853]
[40, 52428, 4001, 3696, 3887, 3877]
