[1, 1310, 27]
[1, 1310, 25]
[1, 1310, 19]
[1, 1310, 16]
[1, 1310, 15]
[1, 1310, 21]
[1, 1310, 26]
[1, 1310, 26]
[1, 1310, 23]
[1, 1310, 20]
[1, 1310, 23]
[1, 1310, 12]
[1, 1310, 16]
[1, 1310, 30]
[1, 1310, 25]
[1, 1310, 33]
[1, 1310, 17]
[1, 1310, 27]
[1, 1310, 13]
[1, 1310, 22]
[1, 1310, 26]
[1, 1310, 30]
[1, 1310, 41]
[1, 1310, 31]
[1, 1310, 27]
[1, 1310, 24]
[1, 1310, 29]
[1, 1310, 12]
[1, 1310, 19]
[1, 1310, 25]
[1, 1310, 26]
[1, 1310, 22]
[1, 1310, 22]
[1, 1310, 15]
[1, 1310, 26]
[1, 1310, 30]
[1, 1310, 23]
[1, 1310, 21]
[1, 1310, 22]
[1, 1310, 26]
[1, 1310, 22]
[1, 1310, 29]
[1, 1310, 27]
[1, 1310, 16]
[1, 1310, 30]
[1, 1310, 23]
[1, 1310, 24]
[1, 1310, 23]
[1, 1310, 20]
[1, 1310, 24]
[1, 1310, 25]
[1, 1310, 20]
[1, 1310, 26]
[1, 1310, 17]
[1, 1310, 19]
[1, 1310, 22]
[1, 1310, 12]
[1, 1310, 22]
[1, 1310, 29]
[1, 1310, 16]
[1, 1310, 19]
[1, 1310, 23]
[1, 1310, 22]
[1, 1310, 21]
[1, 1310, 29]
[1, 1310, 20]
[1, 1310, 24]
[1, 1310, 20]
[1, 1310, 21]
[1, 1310, 26]
[1, 1310, 23]
[1, 1310, 15]
[1, 1310, 15]
[1, 1310, 16]
[1, 1310, 23]
[1, 1310, 13]
[1, 1310, 24]
[1, 1310, 22]
[1, 1310, 21]
[1, 1310, 21]
[1, 1310, 28]
[1, 1310, 17]
[1, 1310, 29]
[1, 1310, 16]
[1, 1310, 21]
[1, 1310, 23]
[1, 1310, 27]
[1, 1310, 23]
[1, 1310, 13]
[1, 1310, 19]
[1, 1310, 17]
[1, 1310, 25]
[1, 1310, 21]
[1, 1310, 26]
[1, 1310, 23]
[1, 1310, 30]
[1, 1310, 29]
[1, 1310, 27]
[1, 1310, 31]
[1, 1310, 14]
[2, 2621, 69]
[2, 2621, 68]
[2, 2621, 52]
[2, 2621, 79]
[2, 2621, 77]
[2, 2621, 65]
[2, 2621, 69]
[2, 2621, 54]
[2, 2621, 69]
[2, 2621, 80]
[2, 2621, 61]
[2, 2621, 48]
[2, 2621, 63]
[2, 2621, 71]
[2, 2621, 73]
[2, 2621, 66]
[2, 2621, 65]
[2, 2621, 68]
[2, 2621, 71]
[2, 2621, 72]
[2, 2621, 78]
[2, 2621, 48]
[2, 2621, 61]
[2, 2621, 62]
[2, 2621, 82]
[2, 2621, 62]
[2, 2621, 68]
[2, 2621, 53]
[2, 2621, 55]
[2, 2621, 62]
[2, 2621, 69]
[2, 2621, 83]
[2, 2621, 57]
[2, 2621, 69]
[2, 2621, 78]
[2, 2621, 68]
[2, 2621, 70]
[2, 2621, 67]
[2, 2621, 67]
[2, 2621, 79]
[2, 2621, 44]
[2, 2621, 76]
[2, 2621, 64]
[2, 2621, 59]
[2, 2621, 71]
[2, 2621, 61]
[2, 2621, 64]
[2, 2621, 60]
[2, 2621, 79]
[2, 2621, 62]
[2, 2621, 58]
[2, 2621, 69]
[2, 2621, 67]
[2, 2621, 53]
[2, 2621, 48]
[2, 2621, 70]
[2, 2621, 70]
[2, 2621, 60]
[2, 2621, 59]
[2, 2621, 64]
[2, 2621, 83]
[2, 2621, 58]
[2, 2621, 58]
[2, 2621, 50]
[2, 2621, 69]
[2, 2621, 64]
[2, 2621, 58]
[2, 2621, 57]
[2, 2621, 59]
[2, 2621, 63]
[2, 2621, 76]
[2, 2621, 56]
[2, 2621, 63]
[2, 2621, 64]
[2, 2621, 65]
[2, 2621, 64]
[2, 2621, 61]
[2, 2621, 51]
[2, 2621, 49]
[2, 2621, 76]
[2, 2621, 67]
[2, 2621, 77]
[2, 2621, 54]
[2, 2621, 64]
[2, 2621, 77]
[2, 2621, 66]
[2, 2621, 50]
[2, 2621, 67]
[2, 2621, 65]
[2, 2621, 60]
[2, 2621, 63]
[2, 2621, 63]
[2, 2621, 61]
[2, 2621, 44]
[2, 2621, 52]
[2, 2621, 68]
[2, 2621, 75]
[2, 2621, 72]
[2, 2621, 67]
[2, 2621, 53]
[5, 6553, 329]
[5, 6553, 301]
[5, 6553, 319]
[5, 6553, 296]
[5, 6553, 316]
[5, 6553, 299]
[5, 6553, 294]
[5, 6553, 315]
[5, 6553, 328]
[5, 6553, 341]
[5, 6553, 301]
[5, 6553, 298]
[5, 6553, 288]
[5, 6553, 324]
[5, 6553, 303]
[5, 6553, 306]
[5, 6553, 313]
[5, 6553, 321]
[5, 6553, 289]
[5, 6553, 308]
[5, 6553, 316]
[5, 6553, 267]
[5, 6553, 262]
[5, 6553, 315]
[5, 6553, 307]
[5, 6553, 320]
[5, 6553, 303]
[5, 6553, 306]
[5, 6553, 300]
[5, 6553, 341]
[5, 6553, 307]
[5, 6553, 316]
[5, 6553, 323]
[5, 6553, 262]
[5, 6553, 271]
[5, 6553, 309]
[5, 6553, 316]
[5, 6553, 328]
[5, 6553, 332]
[5, 6553, 260]
[5, 6553, 300]
[5, 6553, 326]
[5, 6553, 287]
[5, 6553, 323]
[5, 6553, 298]
[5, 6553, 312]
[5, 6553, 325]
[5, 6553, 299]
[5, 6553, 300]
[5, 6553, 291]
[5, 6553, 308]
[5, 6553, 308]
[5, 6553, 281]
[5, 6553, 345]
[5, 6553, 287]
[5, 6553, 267]
[5, 6553, 333]
[5, 6553, 295]
[5, 6553, 333]
[5, 6553, 350]
[5, 6553, 304]
[5, 6553, 294]
[5, 6553, 272]
[5, 6553, 291]
[5, 6553, 321]
[5, 6553, 321]
[5, 6553, 297]
[5, 6553, 295]
[5, 6553, 347]
[5, 6553, 317]
[5, 6553, 307]
[5, 6553, 280]
[5, 6553, 326]
[5, 6553, 269]
[5, 6553, 286]
[5, 6553, 293]
[5, 6553, 277]
[5, 6553, 308]
[5, 6553, 303]
[5, 6553, 326]
[5, 6553, 300]
[5, 6553, 299]
[5, 6553, 296]
[5, 6553, 316]
[5, 6553, 299]
[5, 6553, 316]
[5, 6553, 320]
[5, 6553, 318]
[5, 6553, 338]
[5, 6553, 322]
[5, 6553, 315]
[5, 6553, 297]
[5, 6553, 315]
[5, 6553, 302]
[5, 6553, 294]
[5, 6553, 279]
[5, 6553, 309]
[5, 6553, 286]
[5, 6553, 289]
[5, 6553, 296]
[10, 13107, 1110]
[10, 13107, 1076]
[10, 13107, 1099]
[10, 13107, 1092]
[10, 13107, 1042]
[10, 13107, 1033]
[10, 13107, 1042]
[10, 13107, 1093]
[10, 13107, 1085]
[10, 13107, 1099]
[10, 13107, 1028]
[10, 13107, 1095]
[10, 13107, 1111]
[10, 13107, 1178]
[10, 13107, 1039]
[10, 13107, 1043]
[10, 13107, 1119]
[10, 13107, 1088]
[10, 13107, 1048]
[10, 13107, 1066]
[10, 13107, 1034]
[10, 13107, 1063]
[10, 13107, 1070]
[10, 13107, 1078]
[10, 13107, 1059]
[10, 13107, 1070]
[10, 13107, 1071]
[10, 13107, 1044]
[10, 13107, 1073]
[10, 13107, 1069]
[10, 13107, 1070]
[10, 13107, 1150]
[10, 13107, 1053]
[10, 13107, 1021]
[10, 13107, 1065]
[10, 13107, 1084]
[10, 13107, 1141]
[10, 13107, 1139]
[10, 13107, 1074]
[10, 13107, 1078]
[10, 13107, 1115]
[10, 13107, 1146]
[10, 13107, 1001]
[10, 13107, 1028]
[10, 13107, 1053]
[10, 13107, 1080]
[10, 13107, 1062]
[10, 13107, 1058]
[10, 13107, 1065]
[10, 13107, 1052]
[10, 13107, 1015]
[10, 13107, 1064]
[10, 13107, 1143]
[10, 13107, 1020]
[10, 13107, 1041]
[10, 13107, 1062]
[10, 13107, 1127]
[10, 13107, 1012]
[10, 13107, 1037]
[10, 13107, 1167]
[10, 13107, 1048]
[10, 13107, 1124]
[10, 13107, 1108]
[10, 13107, 1078]
[10, 13107, 1090]
[10, 13107, 1054]
[10, 13107, 1062]
[10, 13107, 1025]
[10, 13107, 1102]
[10, 13107, 1156]
[10, 13107, 1043]
[10, 13107, 1110]
[10, 13107, 1032]
[10, 13107, 1023]
[10, 13107, 1056]
[10, 13107, 1069]
[10, 13107, 1096]
[10, 13107, 1076]
[10, 13107, 1009]
[10, 13107, 1076]
[10, 13107, 1137]
[10, 13107, 1019]
[10, 13107, 1037]
[10, 13107, 1042]
[10, 13107, 1027]
[10, 13107, 1103]
[10, 13107, 1055]
[10, 13107, 1065]
[10, 13107, 1120]
[10, 13107, 1023]
[10, 13107, 1152]
[10, 13107, 1063]
[10, 13107, 1109]
[10, 13107, 1054]
[10, 13107, 1042]
[10, 13107, 1064]
[10, 13107, 1054]
[10, 13107, 1043]
[10, 13107, 1038]
[10, 13107, 1045]
[15, 19660, 2232]
[15, 19660, 2190]
[15, 19660, 2291]
[15, 19660, 2307]
[15, 19660, 2306]
[15, 19660, 2304]
[15, 19660, 2224]
[15, 19660, 2258]
[15, 19660, 2187]
[15, 19660, 2227]
[15, 19660, 2262]
[15, 19660, 2330]
[15, 19660, 2353]
[15, 19660, 2402]
[15, 19660, 2287]
[15, 19660, 2205]
[15, 19660, 2255]
[15, 19660, 2339]
[15, 19660, 2199]
[15, 19660, 2307]
[15, 19660, 2325]
[15, 19660, 2179]
[15, 19660, 2199]
[15, 19660, 2283]
[15, 19660, 2285]
[15, 19660, 2298]
[15, 19660, 2357]
[15, 19660, 2286]
[15, 19660, 2269]
[15, 19660, 2295]
[15, 19660, 2163]
[15, 19660, 2326]
[15, 19660, 2203]
[15, 19660, 2286]
[15, 19660, 2190]
[15, 19660, 2196]
[15, 19660, 2348]
[15, 19660, 2266]
[15, 19660, 2319]
[15, 19660, 2224]
[15, 19660, 2370]
[15, 19660, 2335]
[15, 19660, 2203]
[15, 19660, 2294]
[15, 19660, 2271]
[15, 19660, 2383]
[15, 19660, 2275]
[15, 19660, 2281]
[15, 19660, 2207]
[15, 19660, 2244]
[15, 19660, 2281]
[15, 19660, 2248]
[15, 19660, 2269]
[15, 19660, 2177]
[15, 19660, 2239]
[15, 19660, 2248]
[15, 19660, 2247]
[15, 19660, 2170]
[15, 19660, 2408]
[15, 19660, 2402]
[15, 19660, 2189]
[15, 19660, 2311]
[15, 19660, 2324]
[15, 19660, 2317]
[15, 19660, 2258]
[15, 19660, 2379]
[15, 19660, 2237]
[15, 19660, 2254]
[15, 19660, 2300]
[15, 19660, 2287]
[15, 19660, 2285]
[15, 19660, 2301]
[15, 19660, 2272]
[15, 19660, 2319]
[15, 19660, 2260]
[15, 19660, 2232]
[15, 19660, 2294]
[15, 19660, 2275]
[15, 19660, 2286]
[15, 19660, 2351]
[15, 19660, 2304]
[15, 19660, 2278]
[15, 19660, 2262]
[15, 19660, 2327]
[15, 19660, 2260]
[15, 19660, 2188]
[15, 19660, 2236]
[15, 19660, 2253]
[15, 19660, 2280]
[15, 19660, 2313]
[15, 19660, 2394]
[15, 19660, 2298]
[15, 19660, 2258]
[15, 19660, 2304]
[15, 19660, 2272]
[15, 19660, 2266]
[15, 19660, 2330]
[15, 19660, 2200]
[15, 19660, 2289]
[15, 19660, 2237]
[20, 26214, 3741]
[20, 26214, 3809]
[20, 26214, 3870]
[20, 26214, 4012]
[20, 26214, 3813]
[20, 26214, 3860]
[20, 26214, 3799]
[20, 26214, 3792]
[20, 26214, 3896]
[20, 26214, 3935]
[20, 26214, 3859]
[20, 26214, 4031]
[20, 26214, 3960]
[20, 26214, 3968]
[20, 26214, 3987]
[20, 26214, 3862]
[20, 26214, 3835]
[20, 26214, 3926]
[20, 26214, 3791]
[20, 26214, 3999]
[20, 26214, 3927]
[20, 26214, 3963]
[20, 26214, 3807]
[20, 26214, 3986]
[20, 26214, 3781]
[20, 26214, 3854]
[20, 26214, 3796]
[20, 26214, 3810]
[20, 26214, 3824]
[20, 26214, 3926]
[20, 26214, 3751]
[20, 26214, 3951]
[20, 26214, 3688]
[20, 26214, 3810]
[20, 26214, 3959]
[20, 26214, 3772]
[20, 26214, 3882]
[20, 26214, 3983]
[20, 26214, 3831]
[20, 26214, 3861]
[20, 26214, 3970]
[20, 26214, 3931]
[20, 26214, 3903]
[20, 26214, 4051]
[20, 26214, 3743]
[20, 26214, 3909]
[20, 26214, 3818]
[20, 26214, 3735]
[20, 26214, 3783]
[20, 26214, 3823]
[20, 26214, 3968]
[20, 26214, 3907]
[20, 26214, 3904]
[20, 26214, 3711]
[20, 26214, 3712]
[20, 26214, 3795]
[20, 26214, 3900]
[20, 26214, 3863]
[20, 26214, 3893]
[20, 26214, 3964]
[20, 26214, 3810]
[20, 26214, 3891]
[20, 26214, 3911]
[20, 26214, 3955]
[20, 26214, 3677]
[20, 26214, 4021]
[20, 26214, 3839]
[20, 26214, 3955]
[20, 26214, 3886]
[20, 26214, 3850]
[20, 26214, 3850]
[20, 26214, 3939]
[20, 26214, 3960]
[20, 26214, 3820]
[20, 26214, 3828]
[20, 26214, 3938]
[20, 26214, 3986]
[20, 26214, 3878]
[20, 26214, 3761]
[20, 26214, 3878]
[20, 26214, 3878]
[20, 26214, 3895]
[20, 26214, 3816]
[20, 26214, 3928]
[20, 26214, 3790]
[20, 26214, 3668]
[20, 26214, 3832]
[20, 26214, 3901]
[20, 26214, 3940]
[20, 26214, 3901]
[20, 26214, 3910]
[20, 26214, 3892]
[20, 26214, 4001]
[20, 26214, 3786]
[20, 26214, 3955]
[20, 26214, 3927]
[20, 26214, 3904]
[20, 26214, 3902]
[20, 26214, 3828]
[20, 26214, 3847]
[25, 32768, 5925]
[25, 32768, 5746]
[25, 32768, 5820]
[25, 32768, 5920]
[25, 32768, 5916]
[25, 32768, 5761]
[25, 32768, 5752]
[25, 32768, 5789]
[25, 32768, 5933]
[25, 32768, 5865]
[25, 32768, 5771]
[25, 32768, 5868]
[25, 32768, 5693]
[25, 32768, 6028]
[25, 32768, 5943]
[25, 32768, 5749]
[25, 32768, 5845]
[25, 32768, 6055]
[25, 32768, 5689]
[25, 32768, 6099]
[25, 32768, 5802]
[25, 32768, 5867]
[25, 32768, 5766]
[25, 32768, 5972]
[25, 32768, 5795]
[25, 32768, 5989]
[25, 32768, 5765]
[25, 32768, 5890]
[25, 32768, 5893]
[25, 32768, 6008]
[25, 32768, 5623]
[25, 32768, 6095]
[25, 32768, 5705]
[25, 32768, 5759]
[25, 32768, 5773]
[25, 32768, 5741]
[25, 32768, 5919]
[25, 32768, 5962]
[25, 32768, 5969]
[25, 32768, 5802]
[25, 32768, 5965]
[25, 32768, 5998]
[25, 32768, 5912]
[25, 32768, 5967]
[25, 32768, 5750]
[25, 32768, 5842]
[25, 32768, 5894]
[25, 32768, 5711]
[25, 32768, 5744]
[25, 32768, 5756]
[25, 32768, 5954]
[25, 32768, 5970]
[25, 32768, 5800]
[25, 32768, 5687]
[25, 32768, 5804]
[25, 32768, 5847]
[25, 32768, 5898]
[25, 32768, 5790]
[25, 32768, 5933]
[25, 32768, 5962]
[25, 32768, 5755]
[25, 32768, 5822]
[25, 32768, 5732]
[25, 32768, 5924]
[25, 32768, 5776]
[25, 32768, 6008]
[25, 32768, 5794]
[25, 32768, 5990]
[25, 32768, 5722]
[25, 32768, 5811]
[25, 32768, 5785]
[25, 32768, 5913]
[25, 32768, 5839]
[25, 32768, 5840]
[25, 32768, 5853]
[25, 32768, 5900]
[25, 32768, 5860]
[25, 32768, 5841]
[25, 32768, 5958]
[25, 32768, 5839]
[25, 32768, 5859]
[25, 32768, 5830]
[25, 32768, 5739]
[25, 32768, 5920]
[25, 32768, 5841]
[25, 32768, 5769]
[25, 32768, 5836]
[25, 32768, 5673]
[25, 32768, 5885]
[25, 32768, 5759]
[25, 32768, 5901]
[25, 32768, 5803]
[25, 32768, 5943]
[25, 32768, 5814]
[25, 32768, 5900]
[25, 32768, 5896]
[25, 32768, 5897]
[25, 32768, 5909]
[25, 32768, 5786]
[25, 32768, 5816]
[30, 39321, 8167]
[30, 39321, 8043]
[30, 39321, 8226]
[30, 39321, 8221]
[30, 39321, 8163]
[30, 39321, 8035]
[30, 39321, 7918]
[30, 39321, 8263]
[30, 39321, 8338]
[30, 39321, 8022]
[30, 39321, 8108]
[30, 39321, 8316]
[30, 39321, 8117]
[30, 39321, 8284]
[30, 39321, 8375]
[30, 39321, 8144]
[30, 39321, 7927]
[30, 39321, 8171]
[30, 39321, 8075]
[30, 39321, 8252]
[30, 39321, 8117]
[30, 39321, 8269]
[30, 39321, 8120]
[30, 39321, 8230]
[30, 39321, 7914]
[30, 39321, 8269]
[30, 39321, 8149]
[30, 39321, 8098]
[30, 39321, 7995]
[30, 39321, 8105]
[30, 39321, 7947]
[30, 39321, 8211]
[30, 39321, 7931]
[30, 39321, 8103]
[30, 39321, 8119]
[30, 39321, 8065]
[30, 39321, 8128]
[30, 39321, 8295]
[30, 39321, 8297]
[30, 39321, 8080]
[30, 39321, 8254]
[30, 39321, 8332]
[30, 39321, 8153]
[30, 39321, 8289]
[30, 39321, 8212]
[30, 39321, 8168]
[30, 39321, 8277]
[30, 39321, 7992]
[30, 39321, 7933]
[30, 39321, 8064]
[30, 39321, 8240]
[30, 39321, 8114]
[30, 39321, 8005]
[30, 39321, 7997]
[30, 39321, 7891]
[30, 39321, 8152]
[30, 39321, 8149]
[30, 39321, 8110]
[30, 39321, 8218]
[30, 39321, 8448]
[30, 39321, 8074]
[30, 39321, 8244]
[30, 39321, 8154]
[30, 39321, 8142]
[30, 39321, 8146]
[30, 39321, 8331]
[30, 39321, 8120]
[30, 39321, 8267]
[30, 39321, 8001]
[30, 39321, 8151]
[30, 39321, 8037]
[30, 39321, 8067]
[30, 39321, 8126]
[30, 39321, 8046]
[30, 39321, 8235]
[30, 39321, 8282]
[30, 39321, 8205]
[30, 39321, 8014]
[30, 39321, 8243]
[30, 39321, 8229]
[30, 39321, 8113]
[30, 39321, 8030]
[30, 39321, 8071]
[30, 39321, 8196]
[30, 39321, 8187]
[30, 39321, 7948]
[30, 39321, 8252]
[30, 39321, 8013]
[30, 39321, 8180]
[30, 39321, 8092]
[30, 39321, 8198]
[30, 39321, 7993]
[30, 39321, 8275]
[30, 39321, 8060]
[30, 39321, 8302]
[30, 39321, 8107]
[30, 39321, 8230]
[30, 39321, 8088]
[30, 39321, 8154]
[30, 39321, 8007]
[35, 45875, 10761]
[35, 45875, 10611]
[35, 45875, 10618]
[35, 45875, 10726]
[35, 45875, 10693]
[35, 45875, 10485]
[35, 45875, 10675]
[35, 45875, 10905]
[35, 45875, 10754]
[35, 45875, 10648]
[35, 45875, 10691]
[35, 45875, 10666]
[35, 45875, 10698]
[35, 45875, 10798]
[35, 45875, 10922]
[35, 45875, 10690]
[35, 45875, 10546]
[35, 45875, 10844]
[35, 45875, 10490]
[35, 45875, 10712]
[35, 45875, 10644]
[35, 45875, 10611]
[35, 45875, 10657]
[35, 45875, 10674]
[35, 45875, 10486]
[35, 45875, 10900]
[35, 45875, 10755]
[35, 45875, 10576]
[35, 45875, 10565]
[35, 45875, 10874]
[35, 45875, 10341]
[35, 45875, 10887]
[35, 45875, 10552]
[35, 45875, 10678]
[35, 45875, 10741]
[35, 45875, 10457]
[35, 45875, 10639]
[35, 45875, 10841]
[35, 45875, 10735]
[35, 45875, 10668]
[35, 45875, 10752]
[35, 45875, 10893]
[35, 45875, 10805]
[35, 45875, 10864]
[35, 45875, 10734]
[35, 45875, 10914]
[35, 45875, 10569]
[35, 45875, 10543]
[35, 45875, 10690]
[35, 45875, 10748]
[35, 45875, 10794]
[35, 45875, 10945]
[35, 45875, 10599]
[35, 45875, 10453]
[35, 45875, 10581]
[35, 45875, 10639]
[35, 45875, 10721]
[35, 45875, 10696]
[35, 45875, 10710]
[35, 45875, 10949]
[35, 45875, 10455]
[35, 45875, 10786]
[35, 45875, 10573]
[35, 45875, 10856]
[35, 45875, 10650]
[35, 45875, 10955]
[35, 45875, 10627]
[35, 45875, 10798]
[35, 45875, 10622]
[35, 45875, 10644]
[35, 45875, 10629]
[35, 45875, 10672]
[35, 45875, 10688]
[35, 45875, 10680]
[35, 45875, 10718]
[35, 45875, 10854]
[35, 45875, 10807]
[35, 45875, 10585]
[35, 45875, 10827]
[35, 45875, 10738]
[35, 45875, 10774]
[35, 45875, 10657]
[35, 45875, 10723]
[35, 45875, 10679]
[35, 45875, 10743]
[35, 45875, 10521]
[35, 45875, 10718]
[35, 45875, 10753]
[35, 45875, 10959]
[35, 45875, 10587]
[35, 45875, 10646]
[35, 45875, 10635]
[35, 45875, 10840]
[35, 45875, 10517]
[35, 45875, 10906]
[35, 45875, 10708]
[35, 45875, 10824]
[35, 45875, 10790]
[35, 45875, 10533]
[35, 45875, 10620]
[40, 52428, 13589]
[40, 52428, 13481]
[40, 52428, 13708]
[40, 52428, 13553]
[40, 52428, 13572]
[40, 52428, 13257]
[40, 52428, 13353]
[40, 52428, 13566]
[40, 52428, 13619]
[40, 52428, 13534]
[40, 52428, 13458]
[40, 52428, 13593]
[40, 52428, 13405]
[40, 52428, 13613]
[40, 52428, 13604]
[40, 52428, 13436]
[40, 52428, 13288]
[40, 52428, 13450]
[40, 52428, 13396]
[40, 52428, 13761]
[40, 52428, 13585]
[40, 52428, 13441]
[40, 52428, 13526]
[40, 52428, 13562]
[40, 52428, 13246]
[40, 52428, 13568]
[40, 52428, 13491]
[40, 52428, 13394]
[40, 52428, 13461]
[40, 52428, 13779]
[40, 52428, 13368]
[40, 52428, 13666]
[40, 52428, 13341]
[40, 52428, 13579]
[40, 52428, 13209]
[40, 52428, 13284]
[40, 52428, 13451]
[40, 52428, 13703]
[40, 52428, 13549]
[40, 52428, 13538]
[40, 52428, 13825]
[40, 52428, 13786]
[40, 52428, 13490]
[40, 52428, 13720]
[40, 52428, 13628]
[40, 52428, 13731]
[40, 52428, 13495]
[40, 52428, 13347]
[40, 52428, 13517]
[40, 52428, 13623]
[40, 52428, 13605]
[40, 52428, 13645]
[40, 52428, 13484]
[40, 52428, 13298]
[40, 52428, 13373]
[40, 52428, 13385]
[40, 52428, 13647]
[40, 52428, 13455]
[40, 52428, 13399]
[40, 52428, 13850]
[40, 52428, 13372]
[40, 52428, 13796]
[40, 52428, 13669]
[40, 52428, 13447]
[40, 52428, 13339]
[40, 52428, 13628]
[40, 52428, 13572]
[40, 52428, 13671]
[40, 52428, 13270]
[40, 52428, 13546]
[40, 52428, 13324]
[40, 52428, 13520]
[40, 52428, 13510]
[40, 52428, 13458]
[40, 52428, 13520]
[40, 52428, 13586]
[40, 52428, 13503]
[40, 52428, 13548]
[40, 52428, 13750]
[40, 52428, 13650]
[40, 52428, 13375]
[40, 52428, 13359]
[40, 52428, 13455]
[40, 52428, 13554]
[40, 52428, 13527]
[40, 52428, 13466]
[40, 52428, 13622]
[40, 52428, 13253]
[40, 52428, 13643]
[40, 52428, 13326]
[40, 52428, 13489]
[40, 52428, 13317]
[40, 52428, 13687]
[40, 52428, 13467]
[40, 52428, 13737]
[40, 52428, 13573]
[40, 52428, 13594]
[40, 52428, 13525]
[40, 52428, 13273]
[40, 52428, 13497]
