[1, 1310, 76]
[1, 1310, 111]
[1, 1310, 80]
[1, 1310, 77]
[1, 1310, 85]
[1, 1310, 99]
[1, 1310, 85]
[1, 1310, 88]
[1, 1310, 92]
[1, 1310, 102]
[1, 1310, 100]
[1, 1310, 87]
[1, 1310, 71]
[1, 1310, 86]
[1, 1310, 101]
[1, 1310, 68]
[1, 1310, 103]
[1, 1310, 82]
[1, 1310, 101]
[1, 1310, 93]
[1, 1310, 81]
[1, 1310, 99]
[1, 1310, 65]
[1, 1310, 82]
[1, 1310, 116]
[1, 1310, 95]
[1, 1310, 85]
[1, 1310, 81]
[1, 1310, 81]
[1, 1310, 83]
[1, 1310, 85]
[1, 1310, 104]
[1, 1310, 84]
[1, 1310, 90]
[1, 1310, 88]
[1, 1310, 105]
[1, 1310, 84]
[1, 1310, 70]
[1, 1310, 86]
[1, 1310, 77]
[1, 1310, 104]
[1, 1310, 88]
[1, 1310, 99]
[1, 1310, 92]
[1, 1310, 82]
[1, 1310, 99]
[1, 1310, 79]
[1, 1310, 91]
[1, 1310, 95]
[1, 1310, 66]
[1, 1310, 91]
[1, 1310, 96]
[1, 1310, 82]
[1, 1310, 79]
[1, 1310, 85]
[1, 1310, 102]
[1, 1310, 81]
[1, 1310, 96]
[1, 1310, 87]
[1, 1310, 97]
[1, 1310, 82]
[1, 1310, 98]
[1, 1310, 66]
[1, 1310, 106]
[1, 1310, 81]
[1, 1310, 81]
[1, 1310, 73]
[1, 1310, 107]
[1, 1310, 89]
[1, 1310, 85]
[1, 1310, 92]
[1, 1310, 77]
[1, 1310, 75]
[1, 1310, 90]
[1, 1310, 86]
[1, 1310, 105]
[1, 1310, 99]
[1, 1310, 90]
[1, 1310, 94]
[1, 1310, 88]
[1, 1310, 109]
[1, 1310, 98]
[1, 1310, 108]
[1, 1310, 90]
[1, 1310, 82]
[1, 1310, 86]
[1, 1310, 96]
[1, 1310, 87]
[1, 1310, 114]
[1, 1310, 89]
[1, 1310, 103]
[1, 1310, 99]
[1, 1310, 80]
[1, 1310, 96]
[1, 1310, 95]
[1, 1310, 89]
[1, 1310, 87]
[1, 1310, 89]
[1, 1310, 80]
[1, 1310, 78]
[2, 2621, 252]
[2, 2621, 264]
[2, 2621, 266]
[2, 2621, 230]
[2, 2621, 237]
[2, 2621, 269]
[2, 2621, 293]
[2, 2621, 256]
[2, 2621, 278]
[2, 2621, 280]
[2, 2621, 237]
[2, 2621, 260]
[2, 2621, 249]
[2, 2621, 251]
[2, 2621, 279]
[2, 2621, 269]
[2, 2621, 275]
[2, 2621, 261]
[2, 2621, 250]
[2, 2621, 247]
[2, 2621, 256]
[2, 2621, 256]
[2, 2621, 248]
[2, 2621, 251]
[2, 2621, 276]
[2, 2621, 260]
[2, 2621, 242]
[2, 2621, 247]
[2, 2621, 236]
[2, 2621, 269]
[2, 2621, 255]
[2, 2621, 262]
[2, 2621, 272]
[2, 2621, 272]
[2, 2621, 265]
[2, 2621, 206]
[2, 2621, 240]
[2, 2621, 265]
[2, 2621, 257]
[2, 2621, 245]
[2, 2621, 269]
[2, 2621, 256]
[2, 2621, 264]
[2, 2621, 236]
[2, 2621, 268]
[2, 2621, 237]
[2, 2621, 257]
[2, 2621, 256]
[2, 2621, 271]
[2, 2621, 255]
[2, 2621, 256]
[2, 2621, 267]
[2, 2621, 248]
[2, 2621, 241]
[2, 2621, 237]
[2, 2621, 257]
[2, 2621, 255]
[2, 2621, 232]
[2, 2621, 265]
[2, 2621, 272]
[2, 2621, 249]
[2, 2621, 236]
[2, 2621, 228]
[2, 2621, 285]
[2, 2621, 251]
[2, 2621, 285]
[2, 2621, 262]
[2, 2621, 289]
[2, 2621, 234]
[2, 2621, 244]
[2, 2621, 261]
[2, 2621, 257]
[2, 2621, 232]
[2, 2621, 237]
[2, 2621, 242]
[2, 2621, 253]
[2, 2621, 256]
[2, 2621, 286]
[2, 2621, 293]
[2, 2621, 238]
[2, 2621, 265]
[2, 2621, 243]
[2, 2621, 248]
[2, 2621, 271]
[2, 2621, 231]
[2, 2621, 258]
[2, 2621, 262]
[2, 2621, 235]
[2, 2621, 240]
[2, 2621, 249]
[2, 2621, 255]
[2, 2621, 260]
[2, 2621, 251]
[2, 2621, 266]
[2, 2621, 252]
[2, 2621, 251]
[2, 2621, 243]
[2, 2621, 234]
[2, 2621, 224]
[2, 2621, 235]
[5, 6553, 1216]
[5, 6553, 1269]
[5, 6553, 1165]
[5, 6553, 1170]
[5, 6553, 1135]
[5, 6553, 1200]
[5, 6553, 1203]
[5, 6553, 1143]
[5, 6553, 1185]
[5, 6553, 1200]
[5, 6553, 1109]
[5, 6553, 1209]
[5, 6553, 1122]
[5, 6553, 1240]
[5, 6553, 1230]
[5, 6553, 1127]
[5, 6553, 1197]
[5, 6553, 1167]
[5, 6553, 1154]
[5, 6553, 1113]
[5, 6553, 1107]
[5, 6553, 1194]
[5, 6553, 1234]
[5, 6553, 1152]
[5, 6553, 1221]
[5, 6553, 1183]
[5, 6553, 1225]
[5, 6553, 1230]
[5, 6553, 1202]
[5, 6553, 1151]
[5, 6553, 1170]
[5, 6553, 1238]
[5, 6553, 1180]
[5, 6553, 1224]
[5, 6553, 1182]
[5, 6553, 1191]
[5, 6553, 1137]
[5, 6553, 1180]
[5, 6553, 1169]
[5, 6553, 1215]
[5, 6553, 1211]
[5, 6553, 1221]
[5, 6553, 1133]
[5, 6553, 1194]
[5, 6553, 1157]
[5, 6553, 1169]
[5, 6553, 1204]
[5, 6553, 1262]
[5, 6553, 1164]
[5, 6553, 1185]
[5, 6553, 1250]
[5, 6553, 1240]
[5, 6553, 1193]
[5, 6553, 1141]
[5, 6553, 1218]
[5, 6553, 1180]
[5, 6553, 1211]
[5, 6553, 1217]
[5, 6553, 1141]
[5, 6553, 1226]
[5, 6553, 1190]
[5, 6553, 1200]
[5, 6553, 1186]
[5, 6553, 1254]
[5, 6553, 1176]
[5, 6553, 1175]
[5, 6553, 1136]
[5, 6553, 1180]
[5, 6553, 1238]
[5, 6553, 1076]
[5, 6553, 1200]
[5, 6553, 1188]
[5, 6553, 1230]
[5, 6553, 1195]
[5, 6553, 1078]
[5, 6553, 1248]
[5, 6553, 1207]
[5, 6553, 1185]
[5, 6553, 1118]
[5, 6553, 1158]
[5, 6553, 1198]
[5, 6553, 1133]
[5, 6553, 1101]
[5, 6553, 1232]
[5, 6553, 1229]
[5, 6553, 1141]
[5, 6553, 1303]
[5, 6553, 1146]
[5, 6553, 1189]
[5, 6553, 1153]
[5, 6553, 1180]
[5, 6553, 1175]
[5, 6553, 1142]
[5, 6553, 1181]
[5, 6553, 1256]
[5, 6553, 1154]
[5, 6553, 1187]
[5, 6553, 1117]
[5, 6553, 1192]
[5, 6553, 1150]
[10, 13107, 4014]
[10, 13107, 4082]
[10, 13107, 4031]
[10, 13107, 4057]
[10, 13107, 4161]
[10, 13107, 4046]
[10, 13107, 4092]
[10, 13107, 4099]
[10, 13107, 4166]
[10, 13107, 4140]
[10, 13107, 4022]
[10, 13107, 4030]
[10, 13107, 4021]
[10, 13107, 4091]
[10, 13107, 4040]
[10, 13107, 4082]
[10, 13107, 4084]
[10, 13107, 4162]
[10, 13107, 3984]
[10, 13107, 4201]
[10, 13107, 4115]
[10, 13107, 4138]
[10, 13107, 4056]
[10, 13107, 4073]
[10, 13107, 4157]
[10, 13107, 3987]
[10, 13107, 4039]
[10, 13107, 4010]
[10, 13107, 4155]
[10, 13107, 4079]
[10, 13107, 4133]
[10, 13107, 4034]
[10, 13107, 4056]
[10, 13107, 4090]
[10, 13107, 4030]
[10, 13107, 4041]
[10, 13107, 4046]
[10, 13107, 4023]
[10, 13107, 4064]
[10, 13107, 4026]
[10, 13107, 4150]
[10, 13107, 4021]
[10, 13107, 4099]
[10, 13107, 4159]
[10, 13107, 4022]
[10, 13107, 4092]
[10, 13107, 4027]
[10, 13107, 4057]
[10, 13107, 4012]
[10, 13107, 3967]
[10, 13107, 3964]
[10, 13107, 4004]
[10, 13107, 4202]
[10, 13107, 4160]
[10, 13107, 3997]
[10, 13107, 4167]
[10, 13107, 3969]
[10, 13107, 4009]
[10, 13107, 4067]
[10, 13107, 4111]
[10, 13107, 3929]
[10, 13107, 4082]
[10, 13107, 3974]
[10, 13107, 4253]
[10, 13107, 4020]
[10, 13107, 4053]
[10, 13107, 3985]
[10, 13107, 4058]
[10, 13107, 3977]
[10, 13107, 4078]
[10, 13107, 4121]
[10, 13107, 4096]
[10, 13107, 4061]
[10, 13107, 4007]
[10, 13107, 4194]
[10, 13107, 4118]
[10, 13107, 4232]
[10, 13107, 4137]
[10, 13107, 4038]
[10, 13107, 3983]
[10, 13107, 4052]
[10, 13107, 4014]
[10, 13107, 4052]
[10, 13107, 4007]
[10, 13107, 4037]
[10, 13107, 4055]
[10, 13107, 4105]
[10, 13107, 3981]
[10, 13107, 4029]
[10, 13107, 4053]
[10, 13107, 4074]
[10, 13107, 4126]
[10, 13107, 3957]
[10, 13107, 4132]
[10, 13107, 4033]
[10, 13107, 4026]
[10, 13107, 4046]
[10, 13107, 4082]
[10, 13107, 4038]
[10, 13107, 4141]
[15, 19660, 8457]
[15, 19660, 8424]
[15, 19660, 8423]
[15, 19660, 8401]
[15, 19660, 8413]
[15, 19660, 8478]
[15, 19660, 8487]
[15, 19660, 8372]
[15, 19660, 8411]
[15, 19660, 8393]
[15, 19660, 8416]
[15, 19660, 8330]
[15, 19660, 8427]
[15, 19660, 8337]
[15, 19660, 8349]
[15, 19660, 8405]
[15, 19660, 8370]
[15, 19660, 8439]
[15, 19660, 8341]
[15, 19660, 8429]
[15, 19660, 8384]
[15, 19660, 8326]
[15, 19660, 8342]
[15, 19660, 8452]
[15, 19660, 8326]
[15, 19660, 8267]
[15, 19660, 8357]
[15, 19660, 8286]
[15, 19660, 8386]
[15, 19660, 8303]
[15, 19660, 8404]
[15, 19660, 8424]
[15, 19660, 8441]
[15, 19660, 8381]
[15, 19660, 8312]
[15, 19660, 8352]
[15, 19660, 8324]
[15, 19660, 8277]
[15, 19660, 8365]
[15, 19660, 8382]
[15, 19660, 8406]
[15, 19660, 8364]
[15, 19660, 8298]
[15, 19660, 8367]
[15, 19660, 8348]
[15, 19660, 8366]
[15, 19660, 8331]
[15, 19660, 8249]
[15, 19660, 8380]
[15, 19660, 8368]
[15, 19660, 8297]
[15, 19660, 8404]
[15, 19660, 8423]
[15, 19660, 8518]
[15, 19660, 8462]
[15, 19660, 8430]
[15, 19660, 8178]
[15, 19660, 8370]
[15, 19660, 8395]
[15, 19660, 8443]
[15, 19660, 8315]
[15, 19660, 8450]
[15, 19660, 8225]
[15, 19660, 8474]
[15, 19660, 8358]
[15, 19660, 8353]
[15, 19660, 8356]
[15, 19660, 8448]
[15, 19660, 8170]
[15, 19660, 8387]
[15, 19660, 8392]
[15, 19660, 8341]
[15, 19660, 8458]
[15, 19660, 8394]
[15, 19660, 8405]
[15, 19660, 8445]
[15, 19660, 8426]
[15, 19660, 8361]
[15, 19660, 8375]
[15, 19660, 8395]
[15, 19660, 8376]
[15, 19660, 8432]
[15, 19660, 8393]
[15, 19660, 8404]
[15, 19660, 8412]
[15, 19660, 8412]
[15, 19660, 8427]
[15, 19660, 8246]
[15, 19660, 8339]
[15, 19660, 8259]
[15, 19660, 8336]
[15, 19660, 8256]
[15, 19660, 8325]
[15, 19660, 8372]
[15, 19660, 8258]
[15, 19660, 8389]
[15, 19660, 8355]
[15, 19660, 8399]
[15, 19660, 8302]
[15, 19660, 8275]
[20, 26214, 13826]
[20, 26214, 13933]
[20, 26214, 13848]
[20, 26214, 13871]
[20, 26214, 13818]
[20, 26214, 13888]
[20, 26214, 13797]
[20, 26214, 13750]
[20, 26214, 13947]
[20, 26214, 13882]
[20, 26214, 13783]
[20, 26214, 13756]
[20, 26214, 13606]
[20, 26214, 13712]
[20, 26214, 13769]
[20, 26214, 13687]
[20, 26214, 13755]
[20, 26214, 13784]
[20, 26214, 13507]
[20, 26214, 13815]
[20, 26214, 13713]
[20, 26214, 13772]
[20, 26214, 13912]
[20, 26214, 13917]
[20, 26214, 13849]
[20, 26214, 13724]
[20, 26214, 13807]
[20, 26214, 13850]
[20, 26214, 13765]
[20, 26214, 13837]
[20, 26214, 13752]
[20, 26214, 13842]
[20, 26214, 13751]
[20, 26214, 13802]
[20, 26214, 13823]
[20, 26214, 13803]
[20, 26214, 13579]
[20, 26214, 13674]
[20, 26214, 13771]
[20, 26214, 13687]
[20, 26214, 13695]
[20, 26214, 13889]
[20, 26214, 13875]
[20, 26214, 13874]
[20, 26214, 13848]
[20, 26214, 14010]
[20, 26214, 13714]
[20, 26214, 13626]
[20, 26214, 13897]
[20, 26214, 13719]
[20, 26214, 13859]
[20, 26214, 13695]
[20, 26214, 13846]
[20, 26214, 13859]
[20, 26214, 13934]
[20, 26214, 13825]
[20, 26214, 13776]
[20, 26214, 13659]
[20, 26214, 13808]
[20, 26214, 13768]
[20, 26214, 13670]
[20, 26214, 13780]
[20, 26214, 13734]
[20, 26214, 13924]
[20, 26214, 13580]
[20, 26214, 13671]
[20, 26214, 13703]
[20, 26214, 13904]
[20, 26214, 13729]
[20, 26214, 13872]
[20, 26214, 13728]
[20, 26214, 13810]
[20, 26214, 13832]
[20, 26214, 13889]
[20, 26214, 13799]
[20, 26214, 13974]
[20, 26214, 13847]
[20, 26214, 13669]
[20, 26214, 13841]
[20, 26214, 13844]
[20, 26214, 13656]
[20, 26214, 13928]
[20, 26214, 13791]
[20, 26214, 13748]
[20, 26214, 13709]
[20, 26214, 13669]
[20, 26214, 13863]
[20, 26214, 13794]
[20, 26214, 13815]
[20, 26214, 13831]
[20, 26214, 13750]
[20, 26214, 13707]
[20, 26214, 13722]
[20, 26214, 13706]
[20, 26214, 13716]
[20, 26214, 13768]
[20, 26214, 13970]
[20, 26214, 13809]
[20, 26214, 13900]
[20, 26214, 13852]
[25, 32768, 20064]
[25, 32768, 20141]
[25, 32768, 20107]
[25, 32768, 19910]
[25, 32768, 19996]
[25, 32768, 20132]
[25, 32768, 20197]
[25, 32768, 20037]
[25, 32768, 20086]
[25, 32768, 20145]
[25, 32768, 20094]
[25, 32768, 19971]
[25, 32768, 19992]
[25, 32768, 20058]
[25, 32768, 19922]
[25, 32768, 20116]
[25, 32768, 20023]
[25, 32768, 20088]
[25, 32768, 19848]
[25, 32768, 19964]
[25, 32768, 20143]
[25, 32768, 19964]
[25, 32768, 20096]
[25, 32768, 20239]
[25, 32768, 20075]
[25, 32768, 19962]
[25, 32768, 19858]
[25, 32768, 19999]
[25, 32768, 19924]
[25, 32768, 19999]
[25, 32768, 19935]
[25, 32768, 19979]
[25, 32768, 20133]
[25, 32768, 20032]
[25, 32768, 19988]
[25, 32768, 20184]
[25, 32768, 20011]
[25, 32768, 20019]
[25, 32768, 20029]
[25, 32768, 19954]
[25, 32768, 20002]
[25, 32768, 20073]
[25, 32768, 19973]
[25, 32768, 20015]
[25, 32768, 20057]
[25, 32768, 20037]
[25, 32768, 19912]
[25, 32768, 19963]
[25, 32768, 19921]
[25, 32768, 20016]
[25, 32768, 19963]
[25, 32768, 20100]
[25, 32768, 20105]
[25, 32768, 19937]
[25, 32768, 19942]
[25, 32768, 20050]
[25, 32768, 19933]
[25, 32768, 19970]
[25, 32768, 20077]
[25, 32768, 20083]
[25, 32768, 19845]
[25, 32768, 20061]
[25, 32768, 19962]
[25, 32768, 19928]
[25, 32768, 19945]
[25, 32768, 20074]
[25, 32768, 20071]
[25, 32768, 20139]
[25, 32768, 19924]
[25, 32768, 20007]
[25, 32768, 19963]
[25, 32768, 20028]
[25, 32768, 20033]
[25, 32768, 20159]
[25, 32768, 19906]
[25, 32768, 20082]
[25, 32768, 20041]
[25, 32768, 20188]
[25, 32768, 20022]
[25, 32768, 20005]
[25, 32768, 19918]
[25, 32768, 19918]
[25, 32768, 20051]
[25, 32768, 20066]
[25, 32768, 20025]
[25, 32768, 20028]
[25, 32768, 19866]
[25, 32768, 19926]
[25, 32768, 20116]
[25, 32768, 20065]
[25, 32768, 20118]
[25, 32768, 19935]
[25, 32768, 20034]
[25, 32768, 20075]
[25, 32768, 19942]
[25, 32768, 20091]
[25, 32768, 20068]
[25, 32768, 20047]
[25, 32768, 19969]
[25, 32768, 19955]
[30, 39321, 26834]
[30, 39321, 26840]
[30, 39321, 26728]
[30, 39321, 26872]
[30, 39321, 26823]
[30, 39321, 26894]
[30, 39321, 26902]
[30, 39321, 26853]
[30, 39321, 26967]
[30, 39321, 26968]
[30, 39321, 26899]
[30, 39321, 26805]
[30, 39321, 26666]
[30, 39321, 26804]
[30, 39321, 26915]
[30, 39321, 26879]
[30, 39321, 26807]
[30, 39321, 26954]
[30, 39321, 26755]
[30, 39321, 26858]
[30, 39321, 26746]
[30, 39321, 26799]
[30, 39321, 26895]
[30, 39321, 26882]
[30, 39321, 26883]
[30, 39321, 26806]
[30, 39321, 26815]
[30, 39321, 26781]
[30, 39321, 26888]
[30, 39321, 26933]
[30, 39321, 26933]
[30, 39321, 26789]
[30, 39321, 26810]
[30, 39321, 26698]
[30, 39321, 26719]
[30, 39321, 26770]
[30, 39321, 26796]
[30, 39321, 26632]
[30, 39321, 26773]
[30, 39321, 26714]
[30, 39321, 26797]
[30, 39321, 26773]
[30, 39321, 26901]
[30, 39321, 26942]
[30, 39321, 26871]
[30, 39321, 26883]
[30, 39321, 26765]
[30, 39321, 26764]
[30, 39321, 26793]
[30, 39321, 26770]
[30, 39321, 26872]
[30, 39321, 26829]
[30, 39321, 26721]
[30, 39321, 26965]
[30, 39321, 26990]
[30, 39321, 26931]
[30, 39321, 26718]
[30, 39321, 26682]
[30, 39321, 26643]
[30, 39321, 26853]
[30, 39321, 26708]
[30, 39321, 26886]
[30, 39321, 26884]
[30, 39321, 26773]
[30, 39321, 26711]
[30, 39321, 26801]
[30, 39321, 26695]
[30, 39321, 26750]
[30, 39321, 26771]
[30, 39321, 26869]
[30, 39321, 26921]
[30, 39321, 26762]
[30, 39321, 26806]
[30, 39321, 26749]
[30, 39321, 26786]
[30, 39321, 26763]
[30, 39321, 26756]
[30, 39321, 26912]
[30, 39321, 26988]
[30, 39321, 26781]
[30, 39321, 26741]
[30, 39321, 27025]
[30, 39321, 26884]
[30, 39321, 26830]
[30, 39321, 26872]
[30, 39321, 26779]
[30, 39321, 26858]
[30, 39321, 26654]
[30, 39321, 26856]
[30, 39321, 26704]
[30, 39321, 26870]
[30, 39321, 26649]
[30, 39321, 26733]
[30, 39321, 26880]
[30, 39321, 26831]
[30, 39321, 26798]
[30, 39321, 26929]
[30, 39321, 26874]
[30, 39321, 26754]
[30, 39321, 26973]
[35, 45875, 33998]
[35, 45875, 34026]
[35, 45875, 33938]
[35, 45875, 34002]
[35, 45875, 34142]
[35, 45875, 33988]
[35, 45875, 33912]
[35, 45875, 33946]
[35, 45875, 34012]
[35, 45875, 33969]
[35, 45875, 33980]
[35, 45875, 33934]
[35, 45875, 34049]
[35, 45875, 34123]
[35, 45875, 33948]
[35, 45875, 34009]
[35, 45875, 34018]
[35, 45875, 34010]
[35, 45875, 33982]
[35, 45875, 33974]
[35, 45875, 33991]
[35, 45875, 33969]
[35, 45875, 34026]
[35, 45875, 34053]
[35, 45875, 33880]
[35, 45875, 33941]
[35, 45875, 34047]
[35, 45875, 34085]
[35, 45875, 34058]
[35, 45875, 34049]
[35, 45875, 33972]
[35, 45875, 34132]
[35, 45875, 33991]
[35, 45875, 33870]
[35, 45875, 34009]
[35, 45875, 34250]
[35, 45875, 33968]
[35, 45875, 33950]
[35, 45875, 33927]
[35, 45875, 34041]
[35, 45875, 33867]
[35, 45875, 33940]
[35, 45875, 34001]
[35, 45875, 34048]
[35, 45875, 33893]
[35, 45875, 34016]
[35, 45875, 33868]
[35, 45875, 34019]
[35, 45875, 34064]
[35, 45875, 33961]
[35, 45875, 33973]
[35, 45875, 33938]
[35, 45875, 33973]
[35, 45875, 34083]
[35, 45875, 34144]
[35, 45875, 33948]
[35, 45875, 33890]
[35, 45875, 33748]
[35, 45875, 33992]
[35, 45875, 33898]
[35, 45875, 34102]
[35, 45875, 33958]
[35, 45875, 34027]
[35, 45875, 34004]
[35, 45875, 34047]
[35, 45875, 34081]
[35, 45875, 34045]
[35, 45875, 34000]
[35, 45875, 33981]
[35, 45875, 33958]
[35, 45875, 34019]
[35, 45875, 34116]
[35, 45875, 34019]
[35, 45875, 33931]
[35, 45875, 33917]
[35, 45875, 33962]
[35, 45875, 33989]
[35, 45875, 33988]
[35, 45875, 33935]
[35, 45875, 33987]
[35, 45875, 33834]
[35, 45875, 33997]
[35, 45875, 34061]
[35, 45875, 33934]
[35, 45875, 34023]
[35, 45875, 33881]
[35, 45875, 33996]
[35, 45875, 34055]
[35, 45875, 34060]
[35, 45875, 33893]
[35, 45875, 34042]
[35, 45875, 33996]
[35, 45875, 34107]
[35, 45875, 34046]
[35, 45875, 33887]
[35, 45875, 34082]
[35, 45875, 34116]
[35, 45875, 34049]
[35, 45875, 34056]
[35, 45875, 33999]
[40, 52428, 41340]
[40, 52428, 41420]
[40, 52428, 41276]
[40, 52428, 41388]
[40, 52428, 41299]
[40, 52428, 41387]
[40, 52428, 41472]
[40, 52428, 41368]
[40, 52428, 41447]
[40, 52428, 41442]
[40, 52428, 41474]
[40, 52428, 41293]
[40, 52428, 41240]
[40, 52428, 41320]
[40, 52428, 41387]
[40, 52428, 41413]
[40, 52428, 41269]
[40, 52428, 41392]
[40, 52428, 41270]
[40, 52428, 41468]
[40, 52428, 41260]
[40, 52428, 41496]
[40, 52428, 41533]
[40, 52428, 41484]
[40, 52428, 41391]
[40, 52428, 41325]
[40, 52428, 41328]
[40, 52428, 41400]
[40, 52428, 41187]
[40, 52428, 41429]
[40, 52428, 41303]
[40, 52428, 41260]
[40, 52428, 41336]
[40, 52428, 41377]
[40, 52428, 41295]
[40, 52428, 41411]
[40, 52428, 41379]
[40, 52428, 41354]
[40, 52428, 41373]
[40, 52428, 41243]
[40, 52428, 41412]
[40, 52428, 41433]
[40, 52428, 41528]
[40, 52428, 41341]
[40, 52428, 41338]
[40, 52428, 41405]
[40, 52428, 41393]
[40, 52428, 41319]
[40, 52428, 41263]
[40, 52428, 41388]
[40, 52428, 41400]
[40, 52428, 41418]
[40, 52428, 41190]
[40, 52428, 41263]
[40, 52428, 41398]
[40, 52428, 41430]
[40, 52428, 41176]
[40, 52428, 41198]
[40, 52428, 41466]
[40, 52428, 41386]
[40, 52428, 41353]
[40, 52428, 41375]
[40, 52428, 41460]
[40, 52428, 41452]
[40, 52428, 41274]
[40, 52428, 41385]
[40, 52428, 41409]
[40, 52428, 41346]
[40, 52428, 41421]
[40, 52428, 41388]
[40, 52428, 41388]
[40, 52428, 41393]
[40, 52428, 41432]
[40, 52428, 41424]
[40, 52428, 41323]
[40, 52428, 41272]
[40, 52428, 41382]
[40, 52428, 41410]
[40, 52428, 41343]
[40, 52428, 41427]
[40, 52428, 41348]
[40, 52428, 41461]
[40, 52428, 41328]
[40, 52428, 41375]
[40, 52428, 41447]
[40, 52428, 41345]
[40, 52428, 41225]
[40, 52428, 41278]
[40, 52428, 41456]
[40, 52428, 41427]
[40, 52428, 41219]
[40, 52428, 41308]
[40, 52428, 41325]
[40, 52428, 41337]
[40, 52428, 41421]
[40, 52428, 41301]
[40, 52428, 41294]
[40, 52428, 41323]
[40, 52428, 41291]
[40, 52428, 41368]
