[1, 1310, 0, 0]
[1, 1310, 0, 0]
[1, 1310, 0, 0]
[1, 1310, 0, 0]
[1, 1310, 0, 0]
[1, 1310, 0, 0]
[1, 1310, 0, 0]
[1, 1310, 0, 0]
[1, 1310, 0, 0]
[1, 1310, 0, 0]
[1, 1310, 0, 0]
[1, 1310, 0, 0]
[1, 1310, 0, 0]
[1, 1310, 0, 0]
[1, 1310, 0, 0]
[1, 1310, 0, 0]
[1, 1310, 0, 0]
[1, 1310, 0, 0]
[1, 1310, 0, 0]
[1, 1310, 0, 0]
[1, 1310, 0, 0]
[1, 1310, 0, 0]
[1, 1310, 0, 0]
[1, 1310, 0, 0]
[1, 1310, 0, 0]
[1, 1310, 0, 0]
[1, 1310, 0, 0]
[1, 1310, 0, 0]
[1, 1310, 0, 0]
[1, 1310, 0, 0]
[1, 1310, 0, 0]
[1, 1310, 0, 0]
[1, 1310, 0, 0]
[1, 1310, 0, 0]
[1, 1310, 0, 0]
[1, 1310, 0, 0]
[1, 1310, 0, 0]
[1, 1310, 0, 0]
[1, 1310, 0, 0]
[1, 1310, 0, 0]
[1, 1310, 0, 0]
[1, 1310, 0, 0]
[1, 1310, 0, 0]
[1, 1310, 0, 0]
[1, 1310, 0, 0]
[1, 1310, 0, 0]
[1, 1310, 0, 0]
[1, 1310, 0, 0]
[1, 1310, 0, 0]
[1, 1310, 0, 0]
[1, 1310, 0, 0]
[1, 1310, 0, 0]
[1, 1310, 0, 0]
[1, 1310, 0, 0]
[1, 1310, 0, 0]
[1, 1310, 0, 0]
[1, 1310, 0, 0]
[1, 1310, 0, 0]
[1, 1310, 0, 0]
[1, 1310, 0, 0]
[1, 1310, 0, 0]
[1, 1310, 0, 0]
[1, 1310, 0, 0]
[1, 1310, 0, 0]
[1, 1310, 0, 0]
[1, 1310, 0, 0]
[1, 1310, 0, 0]
[1, 1310, 0, 0]
[1, 1310, 0, 0]
[1, 1310, 0, 0]
[1, 1310, 0, 0]
[1, 1310, 0, 0]
[1, 1310, 0, 0]
[1, 1310, 0, 0]
[1, 1310, 0, 0]
[1, 1310, 0, 0]
[1, 1310, 0, 0]
[1, 1310, 0, 0]
[1, 1310, 0, 0]
[1, 1310, 0, 0]
[1, 1310, 0, 0]
[1, 1310, 0, 0]
[1, 1310, 0, 0]
[1, 1310, 0, 0]
[1, 1310, 0, 0]
[1, 1310, 0, 0]
[1, 1310, 0, 0]
[1, 1310, 0, 0]
[1, 1310, 0, 0]
[1, 1310, 0, 0]
[1, 1310, 0, 0]
[1, 1310, 0, 0]
[1, 1310, 0, 0]
[1, 1310, 0, 0]
[1, 1310, 0, 0]
[1, 1310, 0, 0]
[1, 1310, 0, 0]
[1, 1310, 0, 0]
[1, 1310, 0, 0]
[1, 1310, 0, 0]
[2, 2621, 0, 0]
[2, 2621, 0, 0]
[2, 2621, 0, 0]
[2, 2621, 0, 0]
[2, 2621, 0, 0]
[2, 2621, 0, 0]
[2, 2621, 0, 0]
[2, 2621, 0, 0]
[2, 2621, 0, 0]
[2, 2621, 0, 0]
[2, 2621, 0, 0]
[2, 2621, 0, 0]
[2, 2621, 0, 0]
[2, 2621, 0, 0]
[2, 2621, 0, 0]
[2, 2621, 0, 0]
[2, 2621, 0, 0]
[2, 2621, 0, 0]
[2, 2621, 0, 0]
[2, 2621, 0, 0]
[2, 2621, 0, 0]
[2, 2621, 0, 0]
[2, 2621, 0, 0]
[2, 2621, 0, 1]
[2, 2621, 0, 0]
[2, 2621, 0, 0]
[2, 2621, 0, 0]
[2, 2621, 0, 0]
[2, 2621, 0, 0]
[2, 2621, 0, 0]
[2, 2621, 0, 0]
[2, 2621, 0, 0]
[2, 2621, 0, 0]
[2, 2621, 0, 0]
[2, 2621, 0, 1]
[2, 2621, 0, 0]
[2, 2621, 0, 0]
[2, 2621, 0, 0]
[2, 2621, 0, 0]
[2, 2621, 0, 0]
[2, 2621, 0, 0]
[2, 2621, 0, 0]
[2, 2621, 0, 0]
[2, 2621, 0, 0]
[2, 2621, 0, 0]
[2, 2621, 0, 0]
[2, 2621, 0, 0]
[2, 2621, 0, 0]
[2, 2621, 0, 0]
[2, 2621, 0, 0]
[2, 2621, 0, 0]
[2, 2621, 0, 0]
[2, 2621, 0, 0]
[2, 2621, 0, 0]
[2, 2621, 0, 0]
[2, 2621, 0, 0]
[2, 2621, 0, 0]
[2, 2621, 0, 0]
[2, 2621, 0, 0]
[2, 2621, 0, 0]
[2, 2621, 0, 0]
[2, 2621, 0, 0]
[2, 2621, 0, 0]
[2, 2621, 0, 0]
[2, 2621, 0, 0]
[2, 2621, 0, 0]
[2, 2621, 0, 0]
[2, 2621, 0, 0]
[2, 2621, 0, 0]
[2, 2621, 0, 0]
[2, 2621, 0, 0]
[2, 2621, 0, 0]
[2, 2621, 0, 0]
[2, 2621, 0, 0]
[2, 2621, 0, 0]
[2, 2621, 0, 0]
[2, 2621, 0, 0]
[2, 2621, 0, 0]
[2, 2621, 0, 0]
[2, 2621, 0, 0]
[2, 2621, 0, 0]
[2, 2621, 0, 0]
[2, 2621, 0, 0]
[2, 2621, 0, 0]
[2, 2621, 0, 0]
[2, 2621, 0, 0]
[2, 2621, 0, 0]
[2, 2621, 0, 0]
[2, 2621, 0, 0]
[2, 2621, 0, 0]
[2, 2621, 0, 0]
[2, 2621, 0, 0]
[2, 2621, 0, 0]
[2, 2621, 0, 0]
[2, 2621, 0, 0]
[2, 2621, 0, 0]
[2, 2621, 0, 0]
[2, 2621, 0, 0]
[2, 2621, 0, 0]
[2, 2621, 0, 0]
[5, 6553, 1, 0]
[5, 6553, 1, 0]
[5, 6553, 0, 1]
[5, 6553, 0, 0]
[5, 6553, 0, 0]
[5, 6553, 0, 0]
[5, 6553, 0, 0]
[5, 6553, 0, 0]
[5, 6553, 0, 0]
[5, 6553, 0, 0]
[5, 6553, 0, 0]
[5, 6553, 0, 0]
[5, 6553, 0, 0]
[5, 6553, 0, 0]
[5, 6553, 0, 0]
[5, 6553, 0, 0]
[5, 6553, 0, 0]
[5, 6553, 0, 0]
[5, 6553, 0, 0]
[5, 6553, 0, 0]
[5, 6553, 0, 0]
[5, 6553, 0, 0]
[5, 6553, 0, 0]
[5, 6553, 0, 1]
[5, 6553, 0, 0]
[5, 6553, 0, 0]
[5, 6553, 0, 0]
[5, 6553, 0, 1]
[5, 6553, 2, 0]
[5, 6553, 0, 0]
[5, 6553, 0, 2]
[5, 6553, 0, 0]
[5, 6553, 0, 0]
[5, 6553, 0, 0]
[5, 6553, 0, 0]
[5, 6553, 0, 0]
[5, 6553, 0, 0]
[5, 6553, 0, 0]
[5, 6553, 0, 0]
[5, 6553, 0, 0]
[5, 6553, 0, 1]
[5, 6553, 1, 0]
[5, 6553, 0, 0]
[5, 6553, 0, 0]
[5, 6553, 0, 1]
[5, 6553, 0, 0]
[5, 6553, 0, 0]
[5, 6553, 1, 0]
[5, 6553, 0, 1]
[5, 6553, 0, 0]
[5, 6553, 0, 0]
[5, 6553, 0, 0]
[5, 6553, 0, 0]
[5, 6553, 0, 0]
[5, 6553, 0, 0]
[5, 6553, 0, 0]
[5, 6553, 0, 0]
[5, 6553, 0, 0]
[5, 6553, 1, 0]
[5, 6553, 0, 0]
[5, 6553, 0, 0]
[5, 6553, 0, 0]
[5, 6553, 0, 0]
[5, 6553, 0, 0]
[5, 6553, 0, 0]
[5, 6553, 0, 0]
[5, 6553, 1, 2]
[5, 6553, 2, 0]
[5, 6553, 0, 0]
[5, 6553, 0, 0]
[5, 6553, 0, 0]
[5, 6553, 0, 1]
[5, 6553, 0, 0]
[5, 6553, 1, 0]
[5, 6553, 0, 0]
[5, 6553, 0, 0]
[5, 6553, 0, 1]
[5, 6553, 0, 0]
[5, 6553, 0, 0]
[5, 6553, 0, 0]
[5, 6553, 0, 0]
[5, 6553, 1, 0]
[5, 6553, 0, 0]
[5, 6553, 0, 0]
[5, 6553, 0, 0]
[5, 6553, 0, 0]
[5, 6553, 0, 0]
[5, 6553, 0, 0]
[5, 6553, 1, 0]
[5, 6553, 0, 0]
[5, 6553, 0, 0]
[5, 6553, 0, 0]
[5, 6553, 0, 0]
[5, 6553, 0, 0]
[5, 6553, 0, 0]
[5, 6553, 0, 0]
[5, 6553, 0, 0]
[5, 6553, 1, 0]
[5, 6553, 2, 3]
[5, 6553, 0, 0]
[10, 13107, 4, 2]
[10, 13107, 3, 4]
[10, 13107, 3, 2]
[10, 13107, 0, 0]
[10, 13107, 3, 1]
[10, 13107, 2, 4]
[10, 13107, 2, 4]
[10, 13107, 4, 3]
[10, 13107, 8, 4]
[10, 13107, 2, 3]
[10, 13107, 2, 5]
[10, 13107, 5, 1]
[10, 13107, 4, 1]
[10, 13107, 5, 0]
[10, 13107, 5, 2]
[10, 13107, 0, 4]
[10, 13107, 1, 3]
[10, 13107, 6, 6]
[10, 13107, 2, 4]
[10, 13107, 0, 5]
[10, 13107, 0, 1]
[10, 13107, 0, 1]
[10, 13107, 3, 6]
[10, 13107, 1, 4]
[10, 13107, 0, 5]
[10, 13107, 4, 3]
[10, 13107, 3, 10]
[10, 13107, 1, 2]
[10, 13107, 3, 2]
[10, 13107, 7, 4]
[10, 13107, 1, 3]
[10, 13107, 2, 1]
[10, 13107, 1, 7]
[10, 13107, 0, 2]
[10, 13107, 0, 9]
[10, 13107, 2, 1]
[10, 13107, 3, 3]
[10, 13107, 0, 2]
[10, 13107, 1, 7]
[10, 13107, 1, 0]
[10, 13107, 2, 5]
[10, 13107, 10, 0]
[10, 13107, 0, 4]
[10, 13107, 4, 1]
[10, 13107, 4, 9]
[10, 13107, 3, 4]
[10, 13107, 2, 8]
[10, 13107, 6, 1]
[10, 13107, 2, 4]
[10, 13107, 1, 2]
[10, 13107, 1, 0]
[10, 13107, 3, 2]
[10, 13107, 4, 3]
[10, 13107, 2, 1]
[10, 13107, 3, 2]
[10, 13107, 0, 4]
[10, 13107, 6, 2]
[10, 13107, 5, 0]
[10, 13107, 5, 8]
[10, 13107, 5, 3]
[10, 13107, 2, 5]
[10, 13107, 0, 8]
[10, 13107, 2, 4]
[10, 13107, 3, 3]
[10, 13107, 3, 6]
[10, 13107, 1, 1]
[10, 13107, 4, 4]
[10, 13107, 3, 2]
[10, 13107, 2, 2]
[10, 13107, 1, 2]
[10, 13107, 1, 3]
[10, 13107, 3, 4]
[10, 13107, 0, 5]
[10, 13107, 1, 9]
[10, 13107, 0, 3]
[10, 13107, 3, 3]
[10, 13107, 2, 2]
[10, 13107, 2, 1]
[10, 13107, 4, 1]
[10, 13107, 4, 1]
[10, 13107, 1, 0]
[10, 13107, 4, 5]
[10, 13107, 0, 7]
[10, 13107, 4, 4]
[10, 13107, 6, 0]
[10, 13107, 5, 5]
[10, 13107, 1, 1]
[10, 13107, 1, 4]
[10, 13107, 1, 7]
[10, 13107, 1, 7]
[10, 13107, 2, 2]
[10, 13107, 3, 3]
[10, 13107, 3, 7]
[10, 13107, 5, 3]
[10, 13107, 5, 2]
[10, 13107, 2, 0]
[10, 13107, 1, 1]
[10, 13107, 6, 5]
[10, 13107, 7, 8]
[10, 13107, 1, 1]
[15, 19660, 18, 15]
[15, 19660, 19, 17]
[15, 19660, 13, 15]
[15, 19660, 17, 10]
[15, 19660, 21, 18]
[15, 19660, 15, 9]
[15, 19660, 22, 8]
[15, 19660, 11, 4]
[15, 19660, 10, 18]
[15, 19660, 22, 15]
[15, 19660, 19, 21]
[15, 19660, 14, 17]
[15, 19660, 14, 13]
[15, 19660, 17, 13]
[15, 19660, 10, 11]
[15, 19660, 13, 9]
[15, 19660, 6, 25]
[15, 19660, 19, 24]
[15, 19660, 11, 21]
[15, 19660, 7, 18]
[15, 19660, 22, 19]
[15, 19660, 16, 8]
[15, 19660, 16, 16]
[15, 19660, 22, 14]
[15, 19660, 9, 13]
[15, 19660, 16, 13]
[15, 19660, 8, 24]
[15, 19660, 13, 4]
[15, 19660, 14, 21]
[15, 19660, 17, 14]
[15, 19660, 19, 14]
[15, 19660, 15, 18]
[15, 19660, 21, 19]
[15, 19660, 20, 17]
[15, 19660, 9, 14]
[15, 19660, 19, 19]
[15, 19660, 10, 8]
[15, 19660, 11, 19]
[15, 19660, 11, 15]
[15, 19660, 16, 17]
[15, 19660, 15, 11]
[15, 19660, 9, 14]
[15, 19660, 18, 16]
[15, 19660, 18, 19]
[15, 19660, 17, 12]
[15, 19660, 13, 15]
[15, 19660, 16, 10]
[15, 19660, 16, 17]
[15, 19660, 14, 19]
[15, 19660, 18, 15]
[15, 19660, 16, 22]
[15, 19660, 18, 10]
[15, 19660, 23, 10]
[15, 19660, 10, 20]
[15, 19660, 15, 11]
[15, 19660, 8, 11]
[15, 19660, 17, 21]
[15, 19660, 16, 16]
[15, 19660, 13, 23]
[15, 19660, 16, 15]
[15, 19660, 17, 11]
[15, 19660, 18, 15]
[15, 19660, 16, 9]
[15, 19660, 8, 9]
[15, 19660, 19, 24]
[15, 19660, 20, 15]
[15, 19660, 15, 18]
[15, 19660, 25, 13]
[15, 19660, 15, 17]
[15, 19660, 15, 15]
[15, 19660, 20, 24]
[15, 19660, 11, 16]
[15, 19660, 20, 9]
[15, 19660, 8, 17]
[15, 19660, 11, 12]
[15, 19660, 11, 13]
[15, 19660, 13, 27]
[15, 19660, 12, 16]
[15, 19660, 12, 9]
[15, 19660, 18, 19]
[15, 19660, 14, 13]
[15, 19660, 14, 16]
[15, 19660, 23, 13]
[15, 19660, 16, 10]
[15, 19660, 26, 5]
[15, 19660, 16, 10]
[15, 19660, 15, 19]
[15, 19660, 10, 15]
[15, 19660, 13, 15]
[15, 19660, 15, 15]
[15, 19660, 18, 9]
[15, 19660, 10, 24]
[15, 19660, 13, 10]
[15, 19660, 11, 19]
[15, 19660, 8, 10]
[15, 19660, 9, 27]
[15, 19660, 17, 18]
[15, 19660, 10, 15]
[15, 19660, 22, 19]
[15, 19660, 16, 10]
[20, 26214, 56, 42]
[20, 26214, 53, 61]
[20, 26214, 50, 45]
[20, 26214, 57, 37]
[20, 26214, 39, 48]
[20, 26214, 63, 53]
[20, 26214, 57, 54]
[20, 26214, 42, 43]
[20, 26214, 51, 38]
[20, 26214, 48, 62]
[20, 26214, 52, 62]
[20, 26214, 43, 43]
[20, 26214, 34, 52]
[20, 26214, 45, 45]
[20, 26214, 49, 59]
[20, 26214, 46, 47]
[20, 26214, 43, 63]
[20, 26214, 60, 51]
[20, 26214, 53, 60]
[20, 26214, 38, 49]
[20, 26214, 48, 44]
[20, 26214, 57, 57]
[20, 26214, 52, 81]
[20, 26214, 44, 51]
[20, 26214, 40, 47]
[20, 26214, 61, 55]
[20, 26214, 64, 49]
[20, 26214, 57, 36]
[20, 26214, 45, 52]
[20, 26214, 45, 47]
[20, 26214, 60, 53]
[20, 26214, 45, 44]
[20, 26214, 58, 47]
[20, 26214, 50, 53]
[20, 26214, 59, 67]
[20, 26214, 61, 49]
[20, 26214, 47, 66]
[20, 26214, 56, 48]
[20, 26214, 68, 46]
[20, 26214, 39, 66]
[20, 26214, 60, 44]
[20, 26214, 61, 42]
[20, 26214, 40, 34]
[20, 26214, 47, 36]
[20, 26214, 51, 56]
[20, 26214, 40, 54]
[20, 26214, 60, 49]
[20, 26214, 61, 55]
[20, 26214, 58, 76]
[20, 26214, 48, 36]
[20, 26214, 44, 46]
[20, 26214, 45, 30]
[20, 26214, 61, 57]
[20, 26214, 57, 61]
[20, 26214, 37, 57]
[20, 26214, 49, 37]
[20, 26214, 40, 53]
[20, 26214, 60, 54]
[20, 26214, 46, 43]
[20, 26214, 49, 56]
[20, 26214, 47, 52]
[20, 26214, 42, 62]
[20, 26214, 51, 49]
[20, 26214, 57, 50]
[20, 26214, 56, 82]
[20, 26214, 58, 45]
[20, 26214, 52, 48]
[20, 26214, 53, 38]
[20, 26214, 48, 59]
[20, 26214, 44, 40]
[20, 26214, 47, 45]
[20, 26214, 42, 52]
[20, 26214, 40, 47]
[20, 26214, 54, 53]
[20, 26214, 41, 54]
[20, 26214, 46, 60]
[20, 26214, 49, 64]
[20, 26214, 48, 47]
[20, 26214, 54, 52]
[20, 26214, 48, 48]
[20, 26214, 40, 56]
[20, 26214, 59, 52]
[20, 26214, 67, 45]
[20, 26214, 50, 47]
[20, 26214, 59, 54]
[20, 26214, 49, 63]
[20, 26214, 60, 42]
[20, 26214, 45, 59]
[20, 26214, 54, 43]
[20, 26214, 55, 50]
[20, 26214, 61, 54]
[20, 26214, 46, 54]
[20, 26214, 52, 66]
[20, 26214, 47, 46]
[20, 26214, 55, 43]
[20, 26214, 52, 57]
[20, 26214, 48, 61]
[20, 26214, 59, 61]
[20, 26214, 29, 43]
[20, 26214, 60, 50]
[25, 32768, 135, 118]
[25, 32768, 134, 148]
[25, 32768, 142, 134]
[25, 32768, 141, 137]
[25, 32768, 122, 99]
[25, 32768, 129, 117]
[25, 32768, 144, 123]
[25, 32768, 122, 130]
[25, 32768, 105, 112]
[25, 32768, 113, 155]
[25, 32768, 153, 125]
[25, 32768, 107, 131]
[25, 32768, 128, 125]
[25, 32768, 122, 117]
[25, 32768, 158, 122]
[25, 32768, 129, 108]
[25, 32768, 107, 160]
[25, 32768, 118, 124]
[25, 32768, 108, 123]
[25, 32768, 118, 137]
[25, 32768, 110, 110]
[25, 32768, 120, 121]
[25, 32768, 117, 142]
[25, 32768, 140, 125]
[25, 32768, 110, 118]
[25, 32768, 147, 123]
[25, 32768, 127, 134]
[25, 32768, 166, 133]
[25, 32768, 123, 125]
[25, 32768, 145, 123]
[25, 32768, 99, 126]
[25, 32768, 121, 149]
[25, 32768, 120, 155]
[25, 32768, 112, 134]
[25, 32768, 118, 141]
[25, 32768, 130, 120]
[25, 32768, 110, 133]
[25, 32768, 151, 133]
[25, 32768, 135, 122]
[25, 32768, 118, 86]
[25, 32768, 162, 147]
[25, 32768, 124, 137]
[25, 32768, 123, 157]
[25, 32768, 126, 134]
[25, 32768, 125, 134]
[25, 32768, 133, 151]
[25, 32768, 121, 121]
[25, 32768, 99, 129]
[25, 32768, 122, 123]
[25, 32768, 155, 121]
[25, 32768, 120, 115]
[25, 32768, 96, 125]
[25, 32768, 122, 121]
[25, 32768, 146, 116]
[25, 32768, 124, 160]
[25, 32768, 102, 136]
[25, 32768, 120, 130]
[25, 32768, 125, 137]
[25, 32768, 144, 121]
[25, 32768, 134, 118]
[25, 32768, 144, 137]
[25, 32768, 142, 147]
[25, 32768, 122, 120]
[25, 32768, 119, 140]
[25, 32768, 154, 107]
[25, 32768, 137, 112]
[25, 32768, 125, 131]
[25, 32768, 135, 152]
[25, 32768, 106, 119]
[25, 32768, 121, 90]
[25, 32768, 91, 122]
[25, 32768, 145, 133]
[25, 32768, 122, 160]
[25, 32768, 152, 111]
[25, 32768, 113, 114]
[25, 32768, 113, 127]
[25, 32768, 135, 151]
[25, 32768, 137, 128]
[25, 32768, 132, 145]
[25, 32768, 115, 144]
[25, 32768, 122, 129]
[25, 32768, 144, 149]
[25, 32768, 141, 122]
[25, 32768, 125, 126]
[25, 32768, 123, 122]
[25, 32768, 132, 115]
[25, 32768, 125, 139]
[25, 32768, 135, 126]
[25, 32768, 108, 147]
[25, 32768, 126, 134]
[25, 32768, 117, 131]
[25, 32768, 124, 131]
[25, 32768, 128, 144]
[25, 32768, 140, 115]
[25, 32768, 115, 134]
[25, 32768, 113, 133]
[25, 32768, 103, 137]
[25, 32768, 112, 99]
[25, 32768, 150, 118]
[25, 32768, 127, 117]
[30, 39321, 339, 261]
[30, 39321, 261, 288]
[30, 39321, 269, 286]
[30, 39321, 258, 247]
[30, 39321, 291, 264]
[30, 39321, 245, 273]
[30, 39321, 280, 252]
[30, 39321, 243, 275]
[30, 39321, 309, 287]
[30, 39321, 275, 281]
[30, 39321, 262, 287]
[30, 39321, 263, 231]
[30, 39321, 224, 252]
[30, 39321, 275, 238]
[30, 39321, 273, 277]
[30, 39321, 272, 263]
[30, 39321, 268, 251]
[30, 39321, 290, 233]
[30, 39321, 237, 234]
[30, 39321, 276, 309]
[30, 39321, 251, 240]
[30, 39321, 295, 276]
[30, 39321, 288, 296]
[30, 39321, 260, 225]
[30, 39321, 213, 274]
[30, 39321, 273, 248]
[30, 39321, 296, 255]
[30, 39321, 282, 249]
[30, 39321, 306, 260]
[30, 39321, 291, 238]
[30, 39321, 263, 306]
[30, 39321, 286, 263]
[30, 39321, 223, 264]
[30, 39321, 240, 282]
[30, 39321, 300, 222]
[30, 39321, 269, 266]
[30, 39321, 276, 296]
[30, 39321, 258, 275]
[30, 39321, 290, 260]
[30, 39321, 224, 273]
[30, 39321, 285, 227]
[30, 39321, 277, 285]
[30, 39321, 303, 286]
[30, 39321, 286, 278]
[30, 39321, 266, 273]
[30, 39321, 232, 282]
[30, 39321, 238, 260]
[30, 39321, 271, 236]
[30, 39321, 266, 294]
[30, 39321, 284, 241]
[30, 39321, 226, 243]
[30, 39321, 262, 248]
[30, 39321, 326, 269]
[30, 39321, 256, 322]
[30, 39321, 253, 301]
[30, 39321, 257, 287]
[30, 39321, 303, 304]
[30, 39321, 265, 266]
[30, 39321, 264, 276]
[30, 39321, 319, 297]
[30, 39321, 293, 294]
[30, 39321, 277, 241]
[30, 39321, 219, 245]
[30, 39321, 282, 239]
[30, 39321, 267, 245]
[30, 39321, 275, 299]
[30, 39321, 286, 254]
[30, 39321, 240, 286]
[30, 39321, 237, 283]
[30, 39321, 282, 262]
[30, 39321, 233, 309]
[30, 39321, 284, 315]
[30, 39321, 284, 252]
[30, 39321, 311, 239]
[30, 39321, 242, 246]
[30, 39321, 253, 274]
[30, 39321, 239, 341]
[30, 39321, 292, 240]
[30, 39321, 260, 268]
[30, 39321, 270, 290]
[30, 39321, 240, 270]
[30, 39321, 293, 248]
[30, 39321, 289, 228]
[30, 39321, 268, 292]
[30, 39321, 264, 232]
[30, 39321, 278, 255]
[30, 39321, 240, 254]
[30, 39321, 247, 259]
[30, 39321, 251, 293]
[30, 39321, 294, 243]
[30, 39321, 290, 256]
[30, 39321, 255, 266]
[30, 39321, 266, 259]
[30, 39321, 296, 270]
[30, 39321, 248, 302]
[30, 39321, 276, 244]
[30, 39321, 224, 234]
[30, 39321, 276, 270]
[30, 39321, 273, 258]
[30, 39321, 266, 275]
[35, 45875, 598, 458]
[35, 45875, 481, 551]
[35, 45875, 554, 464]
[35, 45875, 495, 452]
[35, 45875, 509, 470]
[35, 45875, 504, 577]
[35, 45875, 530, 554]
[35, 45875, 509, 525]
[35, 45875, 484, 479]
[35, 45875, 532, 512]
[35, 45875, 469, 521]
[35, 45875, 517, 538]
[35, 45875, 419, 485]
[35, 45875, 464, 468]
[35, 45875, 512, 515]
[35, 45875, 450, 477]
[35, 45875, 484, 495]
[35, 45875, 495, 516]
[35, 45875, 545, 502]
[35, 45875, 505, 492]
[35, 45875, 565, 459]
[35, 45875, 492, 434]
[35, 45875, 528, 517]
[35, 45875, 518, 485]
[35, 45875, 423, 481]
[35, 45875, 548, 499]
[35, 45875, 506, 536]
[35, 45875, 518, 488]
[35, 45875, 429, 562]
[35, 45875, 443, 485]
[35, 45875, 438, 510]
[35, 45875, 491, 474]
[35, 45875, 481, 513]
[35, 45875, 423, 529]
[35, 45875, 512, 455]
[35, 45875, 534, 467]
[35, 45875, 503, 504]
[35, 45875, 469, 479]
[35, 45875, 541, 492]
[35, 45875, 491, 444]
[35, 45875, 474, 535]
[35, 45875, 475, 482]
[35, 45875, 515, 489]
[35, 45875, 477, 493]
[35, 45875, 464, 509]
[35, 45875, 492, 516]
[35, 45875, 446, 557]
[35, 45875, 447, 526]
[35, 45875, 556, 533]
[35, 45875, 455, 469]
[35, 45875, 475, 506]
[35, 45875, 491, 455]
[35, 45875, 514, 517]
[35, 45875, 512, 506]
[35, 45875, 531, 481]
[35, 45875, 512, 581]
[35, 45875, 457, 440]
[35, 45875, 498, 529]
[35, 45875, 482, 485]
[35, 45875, 486, 485]
[35, 45875, 550, 515]
[35, 45875, 535, 438]
[35, 45875, 432, 526]
[35, 45875, 498, 470]
[35, 45875, 578, 449]
[35, 45875, 609, 509]
[35, 45875, 531, 477]
[35, 45875, 450, 541]
[35, 45875, 478, 585]
[35, 45875, 490, 469]
[35, 45875, 475, 481]
[35, 45875, 504, 513]
[35, 45875, 421, 479]
[35, 45875, 512, 482]
[35, 45875, 477, 490]
[35, 45875, 524, 523]
[35, 45875, 544, 547]
[35, 45875, 435, 549]
[35, 45875, 555, 492]
[35, 45875, 517, 532]
[35, 45875, 527, 479]
[35, 45875, 510, 509]
[35, 45875, 536, 542]
[35, 45875, 474, 484]
[35, 45875, 521, 443]
[35, 45875, 524, 466]
[35, 45875, 513, 523]
[35, 45875, 497, 469]
[35, 45875, 483, 510]
[35, 45875, 473, 497]
[35, 45875, 469, 542]
[35, 45875, 478, 442]
[35, 45875, 523, 469]
[35, 45875, 511, 544]
[35, 45875, 464, 483]
[35, 45875, 521, 432]
[35, 45875, 494, 505]
[35, 45875, 503, 510]
[35, 45875, 508, 519]
[35, 45875, 488, 483]
[40, 52428, 877, 853]
[40, 52428, 827, 887]
[40, 52428, 857, 781]
[40, 52428, 862, 825]
[40, 52428, 815, 754]
[40, 52428, 781, 854]
[40, 52428, 822, 842]
[40, 52428, 827, 833]
[40, 52428, 832, 847]
[40, 52428, 775, 842]
[40, 52428, 860, 903]
[40, 52428, 844, 760]
[40, 52428, 839, 826]
[40, 52428, 822, 845]
[40, 52428, 810, 863]
[40, 52428, 885, 776]
[40, 52428, 828, 853]
[40, 52428, 945, 778]
[40, 52428, 826, 852]
[40, 52428, 818, 890]
[40, 52428, 854, 847]
[40, 52428, 870, 801]
[40, 52428, 794, 904]
[40, 52428, 849, 896]
[40, 52428, 859, 892]
[40, 52428, 941, 820]
[40, 52428, 854, 829]
[40, 52428, 875, 875]
[40, 52428, 780, 873]
[40, 52428, 857, 857]
[40, 52428, 814, 821]
[40, 52428, 842, 805]
[40, 52428, 791, 863]
[40, 52428, 802, 870]
[40, 52428, 830, 850]
[40, 52428, 839, 784]
[40, 52428, 818, 818]
[40, 52428, 879, 861]
[40, 52428, 895, 810]
[40, 52428, 773, 799]
[40, 52428, 882, 844]
[40, 52428, 842, 807]
[40, 52428, 866, 809]
[40, 52428, 866, 740]
[40, 52428, 838, 789]
[40, 52428, 811, 807]
[40, 52428, 808, 836]
[40, 52428, 810, 780]
[40, 52428, 794, 900]
[40, 52428, 832, 739]
[40, 52428, 854, 825]
[40, 52428, 832, 760]
[40, 52428, 861, 828]
[40, 52428, 811, 820]
[40, 52428, 821, 868]
[40, 52428, 835, 867]
[40, 52428, 892, 794]
[40, 52428, 796, 919]
[40, 52428, 786, 847]
[40, 52428, 916, 830]
[40, 52428, 867, 936]
[40, 52428, 927, 791]
[40, 52428, 818, 834]
[40, 52428, 801, 813]
[40, 52428, 903, 809]
[40, 52428, 856, 858]
[40, 52428, 862, 888]
[40, 52428, 894, 826]
[40, 52428, 788, 776]
[40, 52428, 868, 774]
[40, 52428, 821, 793]
[40, 52428, 813, 980]
[40, 52428, 861, 851]
[40, 52428, 821, 806]
[40, 52428, 877, 775]
[40, 52428, 835, 878]
[40, 52428, 860, 860]
[40, 52428, 816, 864]
[40, 52428, 840, 801]
[40, 52428, 881, 881]
[40, 52428, 870, 792]
[40, 52428, 918, 905]
[40, 52428, 891, 819]
[40, 52428, 837, 799]
[40, 52428, 879, 868]
[40, 52428, 804, 751]
[40, 52428, 814, 821]
[40, 52428, 831, 833]
[40, 52428, 800, 811]
[40, 52428, 804, 769]
[40, 52428, 865, 831]
[40, 52428, 824, 860]
[40, 52428, 823, 811]
[40, 52428, 878, 859]
[40, 52428, 890, 826]
[40, 52428, 900, 846]
[40, 52428, 815, 912]
[40, 52428, 828, 827]
[40, 52428, 832, 811]
[40, 52428, 895, 809]
