[1, 655, 0]
[1, 655, 0]
[1, 655, 0]
[1, 655, 0]
[1, 655, 0]
[1, 655, 0]
[1, 655, 0]
[1, 655, 0]
[1, 655, 0]
[1, 655, 0]
[1, 655, 0]
[1, 655, 0]
[1, 655, 0]
[1, 655, 0]
[1, 655, 0]
[1, 655, 0]
[1, 655, 0]
[1, 655, 0]
[1, 655, 0]
[1, 655, 0]
[1, 655, 0]
[1, 655, 0]
[1, 655, 0]
[1, 655, 0]
[1, 655, 0]
[1, 655, 0]
[1, 655, 0]
[1, 655, 0]
[1, 655, 0]
[1, 655, 0]
[1, 655, 0]
[1, 655, 0]
[1, 655, 0]
[1, 655, 0]
[1, 655, 0]
[1, 655, 0]
[1, 655, 0]
[1, 655, 0]
[1, 655, 0]
[1, 655, 0]
[1, 655, 0]
[1, 655, 0]
[1, 655, 0]
[1, 655, 0]
[1, 655, 0]
[1, 655, 0]
[1, 655, 0]
[1, 655, 0]
[1, 655, 0]
[1, 655, 0]
[1, 655, 0]
[1, 655, 0]
[1, 655, 0]
[1, 655, 0]
[1, 655, 0]
[1, 655, 0]
[1, 655, 0]
[1, 655, 0]
[1, 655, 0]
[1, 655, 0]
[1, 655, 0]
[1, 655, 0]
[1, 655, 0]
[1, 655, 0]
[1, 655, 0]
[1, 655, 0]
[1, 655, 0]
[1, 655, 0]
[1, 655, 0]
[1, 655, 0]
[1, 655, 0]
[1, 655, 0]
[1, 655, 0]
[1, 655, 0]
[1, 655, 0]
[1, 655, 0]
[1, 655, 0]
[1, 655, 0]
[1, 655, 0]
[1, 655, 0]
[1, 655, 0]
[1, 655, 0]
[1, 655, 0]
[1, 655, 0]
[1, 655, 0]
[1, 655, 0]
[1, 655, 0]
[1, 655, 0]
[1, 655, 0]
[1, 655, 0]
[1, 655, 0]
[1, 655, 0]
[1, 655, 0]
[1, 655, 0]
[1, 655, 0]
[1, 655, 0]
[1, 655, 0]
[1, 655, 0]
[1, 655, 0]
[1, 655, 0]
[2, 1310, 0]
[2, 1310, 0]
[2, 1310, 0]
[2, 1310, 0]
[2, 1310, 0]
[2, 1310, 0]
[2, 1310, 0]
[2, 1310, 0]
[2, 1310, 0]
[2, 1310, 0]
[2, 1310, 0]
[2, 1310, 0]
[2, 1310, 0]
[2, 1310, 0]
[2, 1310, 0]
[2, 1310, 0]
[2, 1310, 0]
[2, 1310, 1]
[2, 1310, 0]
[2, 1310, 0]
[2, 1310, 0]
[2, 1310, 0]
[2, 1310, 0]
[2, 1310, 0]
[2, 1310, 0]
[2, 1310, 0]
[2, 1310, 0]
[2, 1310, 0]
[2, 1310, 0]
[2, 1310, 0]
[2, 1310, 1]
[2, 1310, 0]
[2, 1310, 0]
[2, 1310, 0]
[2, 1310, 0]
[2, 1310, 0]
[2, 1310, 0]
[2, 1310, 0]
[2, 1310, 0]
[2, 1310, 0]
[2, 1310, 0]
[2, 1310, 0]
[2, 1310, 0]
[2, 1310, 0]
[2, 1310, 0]
[2, 1310, 0]
[2, 1310, 0]
[2, 1310, 0]
[2, 1310, 0]
[2, 1310, 0]
[2, 1310, 0]
[2, 1310, 0]
[2, 1310, 0]
[2, 1310, 0]
[2, 1310, 0]
[2, 1310, 0]
[2, 1310, 0]
[2, 1310, 0]
[2, 1310, 0]
[2, 1310, 0]
[2, 1310, 0]
[2, 1310, 0]
[2, 1310, 0]
[2, 1310, 0]
[2, 1310, 0]
[2, 1310, 0]
[2, 1310, 0]
[2, 1310, 0]
[2, 1310, 0]
[2, 1310, 0]
[2, 1310, 0]
[2, 1310, 0]
[2, 1310, 0]
[2, 1310, 0]
[2, 1310, 0]
[2, 1310, 0]
[2, 1310, 0]
[2, 1310, 0]
[2, 1310, 0]
[2, 1310, 0]
[2, 1310, 0]
[2, 1310, 0]
[2, 1310, 0]
[2, 1310, 0]
[2, 1310, 0]
[2, 1310, 0]
[2, 1310, 0]
[2, 1310, 0]
[2, 1310, 0]
[2, 1310, 0]
[2, 1310, 0]
[2, 1310, 0]
[2, 1310, 0]
[2, 1310, 0]
[2, 1310, 0]
[2, 1310, 0]
[2, 1310, 0]
[2, 1310, 0]
[2, 1310, 0]
[2, 1310, 1]
[5, 3276, 0]
[5, 3276, 1]
[5, 3276, 0]
[5, 3276, 0]
[5, 3276, 1]
[5, 3276, 0]
[5, 3276, 0]
[5, 3276, 0]
[5, 3276, 1]
[5, 3276, 0]
[5, 3276, 2]
[5, 3276, 0]
[5, 3276, 0]
[5, 3276, 2]
[5, 3276, 0]
[5, 3276, 0]
[5, 3276, 0]
[5, 3276, 3]
[5, 3276, 0]
[5, 3276, 2]
[5, 3276, 1]
[5, 3276, 0]
[5, 3276, 2]
[5, 3276, 0]
[5, 3276, 2]
[5, 3276, 0]
[5, 3276, 0]
[5, 3276, 0]
[5, 3276, 0]
[5, 3276, 1]
[5, 3276, 0]
[5, 3276, 0]
[5, 3276, 0]
[5, 3276, 0]
[5, 3276, 0]
[5, 3276, 0]
[5, 3276, 0]
[5, 3276, 1]
[5, 3276, 0]
[5, 3276, 1]
[5, 3276, 1]
[5, 3276, 1]
[5, 3276, 0]
[5, 3276, 2]
[5, 3276, 1]
[5, 3276, 1]
[5, 3276, 0]
[5, 3276, 1]
[5, 3276, 0]
[5, 3276, 0]
[5, 3276, 1]
[5, 3276, 1]
[5, 3276, 0]
[5, 3276, 0]
[5, 3276, 0]
[5, 3276, 0]
[5, 3276, 0]
[5, 3276, 0]
[5, 3276, 0]
[5, 3276, 0]
[5, 3276, 1]
[5, 3276, 0]
[5, 3276, 0]
[5, 3276, 1]
[5, 3276, 0]
[5, 3276, 0]
[5, 3276, 0]
[5, 3276, 1]
[5, 3276, 1]
[5, 3276, 2]
[5, 3276, 0]
[5, 3276, 1]
[5, 3276, 1]
[5, 3276, 0]
[5, 3276, 1]
[5, 3276, 1]
[5, 3276, 0]
[5, 3276, 1]
[5, 3276, 0]
[5, 3276, 0]
[5, 3276, 1]
[5, 3276, 1]
[5, 3276, 0]
[5, 3276, 0]
[5, 3276, 0]
[5, 3276, 0]
[5, 3276, 1]
[5, 3276, 2]
[5, 3276, 2]
[5, 3276, 0]
[5, 3276, 0]
[5, 3276, 2]
[5, 3276, 2]
[5, 3276, 0]
[5, 3276, 0]
[5, 3276, 0]
[5, 3276, 0]
[5, 3276, 1]
[5, 3276, 0]
[5, 3276, 0]
[10, 6553, 4]
[10, 6553, 7]
[10, 6553, 9]
[10, 6553, 6]
[10, 6553, 8]
[10, 6553, 4]
[10, 6553, 6]
[10, 6553, 6]
[10, 6553, 2]
[10, 6553, 8]
[10, 6553, 6]
[10, 6553, 9]
[10, 6553, 5]
[10, 6553, 1]
[10, 6553, 6]
[10, 6553, 8]
[10, 6553, 3]
[10, 6553, 9]
[10, 6553, 12]
[10, 6553, 3]
[10, 6553, 4]
[10, 6553, 9]
[10, 6553, 2]
[10, 6553, 2]
[10, 6553, 4]
[10, 6553, 9]
[10, 6553, 4]
[10, 6553, 2]
[10, 6553, 7]
[10, 6553, 4]
[10, 6553, 5]
[10, 6553, 9]
[10, 6553, 5]
[10, 6553, 7]
[10, 6553, 9]
[10, 6553, 8]
[10, 6553, 6]
[10, 6553, 5]
[10, 6553, 5]
[10, 6553, 9]
[10, 6553, 5]
[10, 6553, 5]
[10, 6553, 1]
[10, 6553, 5]
[10, 6553, 2]
[10, 6553, 3]
[10, 6553, 4]
[10, 6553, 2]
[10, 6553, 5]
[10, 6553, 0]
[10, 6553, 6]
[10, 6553, 2]
[10, 6553, 7]
[10, 6553, 3]
[10, 6553, 11]
[10, 6553, 7]
[10, 6553, 11]
[10, 6553, 9]
[10, 6553, 5]
[10, 6553, 7]
[10, 6553, 4]
[10, 6553, 8]
[10, 6553, 8]
[10, 6553, 7]
[10, 6553, 7]
[10, 6553, 4]
[10, 6553, 4]
[10, 6553, 4]
[10, 6553, 10]
[10, 6553, 7]
[10, 6553, 5]
[10, 6553, 6]
[10, 6553, 6]
[10, 6553, 7]
[10, 6553, 2]
[10, 6553, 3]
[10, 6553, 4]
[10, 6553, 11]
[10, 6553, 9]
[10, 6553, 9]
[10, 6553, 8]
[10, 6553, 3]
[10, 6553, 7]
[10, 6553, 2]
[10, 6553, 5]
[10, 6553, 9]
[10, 6553, 5]
[10, 6553, 8]
[10, 6553, 4]
[10, 6553, 4]
[10, 6553, 2]
[10, 6553, 5]
[10, 6553, 3]
[10, 6553, 4]
[10, 6553, 6]
[10, 6553, 8]
[10, 6553, 3]
[10, 6553, 7]
[10, 6553, 4]
[10, 6553, 0]
[15, 9830, 28]
[15, 9830, 20]
[15, 9830, 30]
[15, 9830, 25]
[15, 9830, 23]
[15, 9830, 19]
[15, 9830, 29]
[15, 9830, 22]
[15, 9830, 34]
[15, 9830, 25]
[15, 9830, 14]
[15, 9830, 22]
[15, 9830, 21]
[15, 9830, 29]
[15, 9830, 25]
[15, 9830, 11]
[15, 9830, 21]
[15, 9830, 19]
[15, 9830, 23]
[15, 9830, 24]
[15, 9830, 21]
[15, 9830, 20]
[15, 9830, 23]
[15, 9830, 12]
[15, 9830, 16]
[15, 9830, 21]
[15, 9830, 21]
[15, 9830, 21]
[15, 9830, 14]
[15, 9830, 25]
[15, 9830, 19]
[15, 9830, 25]
[15, 9830, 20]
[15, 9830, 14]
[15, 9830, 25]
[15, 9830, 27]
[15, 9830, 15]
[15, 9830, 27]
[15, 9830, 12]
[15, 9830, 23]
[15, 9830, 22]
[15, 9830, 18]
[15, 9830, 38]
[15, 9830, 11]
[15, 9830, 22]
[15, 9830, 20]
[15, 9830, 11]
[15, 9830, 14]
[15, 9830, 23]
[15, 9830, 29]
[15, 9830, 26]
[15, 9830, 32]
[15, 9830, 24]
[15, 9830, 28]
[15, 9830, 22]
[15, 9830, 18]
[15, 9830, 26]
[15, 9830, 20]
[15, 9830, 30]
[15, 9830, 13]
[15, 9830, 27]
[15, 9830, 36]
[15, 9830, 23]
[15, 9830, 30]
[15, 9830, 15]
[15, 9830, 12]
[15, 9830, 26]
[15, 9830, 25]
[15, 9830, 34]
[15, 9830, 21]
[15, 9830, 29]
[15, 9830, 30]
[15, 9830, 18]
[15, 9830, 18]
[15, 9830, 28]
[15, 9830, 25]
[15, 9830, 29]
[15, 9830, 30]
[15, 9830, 20]
[15, 9830, 30]
[15, 9830, 25]
[15, 9830, 34]
[15, 9830, 25]
[15, 9830, 21]
[15, 9830, 22]
[15, 9830, 26]
[15, 9830, 37]
[15, 9830, 33]
[15, 9830, 24]
[15, 9830, 27]
[15, 9830, 15]
[15, 9830, 30]
[15, 9830, 20]
[15, 9830, 29]
[15, 9830, 20]
[15, 9830, 27]
[15, 9830, 27]
[15, 9830, 30]
[15, 9830, 28]
[15, 9830, 39]
[20, 13107, 82]
[20, 13107, 61]
[20, 13107, 58]
[20, 13107, 75]
[20, 13107, 86]
[20, 13107, 79]
[20, 13107, 62]
[20, 13107, 62]
[20, 13107, 60]
[20, 13107, 63]
[20, 13107, 82]
[20, 13107, 75]
[20, 13107, 67]
[20, 13107, 73]
[20, 13107, 83]
[20, 13107, 55]
[20, 13107, 72]
[20, 13107, 62]
[20, 13107, 73]
[20, 13107, 55]
[20, 13107, 55]
[20, 13107, 60]
[20, 13107, 75]
[20, 13107, 73]
[20, 13107, 77]
[20, 13107, 67]
[20, 13107, 56]
[20, 13107, 53]
[20, 13107, 58]
[20, 13107, 79]
[20, 13107, 77]
[20, 13107, 72]
[20, 13107, 76]
[20, 13107, 61]
[20, 13107, 53]
[20, 13107, 76]
[20, 13107, 66]
[20, 13107, 67]
[20, 13107, 72]
[20, 13107, 71]
[20, 13107, 83]
[20, 13107, 64]
[20, 13107, 81]
[20, 13107, 79]
[20, 13107, 58]
[20, 13107, 68]
[20, 13107, 77]
[20, 13107, 53]
[20, 13107, 53]
[20, 13107, 61]
[20, 13107, 62]
[20, 13107, 62]
[20, 13107, 53]
[20, 13107, 67]
[20, 13107, 88]
[20, 13107, 73]
[20, 13107, 58]
[20, 13107, 55]
[20, 13107, 54]
[20, 13107, 66]
[20, 13107, 57]
[20, 13107, 79]
[20, 13107, 97]
[20, 13107, 65]
[20, 13107, 63]
[20, 13107, 85]
[20, 13107, 62]
[20, 13107, 69]
[20, 13107, 78]
[20, 13107, 90]
[20, 13107, 60]
[20, 13107, 68]
[20, 13107, 94]
[20, 13107, 73]
[20, 13107, 99]
[20, 13107, 76]
[20, 13107, 71]
[20, 13107, 77]
[20, 13107, 65]
[20, 13107, 69]
[20, 13107, 94]
[20, 13107, 72]
[20, 13107, 85]
[20, 13107, 65]
[20, 13107, 74]
[20, 13107, 62]
[20, 13107, 58]
[20, 13107, 67]
[20, 13107, 66]
[20, 13107, 54]
[20, 13107, 71]
[20, 13107, 81]
[20, 13107, 57]
[20, 13107, 73]
[20, 13107, 83]
[20, 13107, 100]
[20, 13107, 45]
[20, 13107, 60]
[20, 13107, 74]
[20, 13107, 75]
[25, 16384, 154]
[25, 16384, 176]
[25, 16384, 190]
[25, 16384, 166]
[25, 16384, 159]
[25, 16384, 143]
[25, 16384, 168]
[25, 16384, 182]
[25, 16384, 167]
[25, 16384, 149]
[25, 16384, 189]
[25, 16384, 123]
[25, 16384, 180]
[25, 16384, 155]
[25, 16384, 183]
[25, 16384, 159]
[25, 16384, 181]
[25, 16384, 162]
[25, 16384, 174]
[25, 16384, 165]
[25, 16384, 160]
[25, 16384, 151]
[25, 16384, 154]
[25, 16384, 163]
[25, 16384, 161]
[25, 16384, 190]
[25, 16384, 154]
[25, 16384, 141]
[25, 16384, 183]
[25, 16384, 153]
[25, 16384, 164]
[25, 16384, 162]
[25, 16384, 175]
[25, 16384, 154]
[25, 16384, 161]
[25, 16384, 167]
[25, 16384, 154]
[25, 16384, 192]
[25, 16384, 165]
[25, 16384, 197]
[25, 16384, 161]
[25, 16384, 162]
[25, 16384, 156]
[25, 16384, 180]
[25, 16384, 159]
[25, 16384, 181]
[25, 16384, 195]
[25, 16384, 170]
[25, 16384, 181]
[25, 16384, 175]
[25, 16384, 144]
[25, 16384, 158]
[25, 16384, 170]
[25, 16384, 148]
[25, 16384, 153]
[25, 16384, 165]
[25, 16384, 128]
[25, 16384, 154]
[25, 16384, 210]
[25, 16384, 207]
[25, 16384, 171]
[25, 16384, 194]
[25, 16384, 133]
[25, 16384, 146]
[25, 16384, 148]
[25, 16384, 168]
[25, 16384, 190]
[25, 16384, 169]
[25, 16384, 151]
[25, 16384, 156]
[25, 16384, 215]
[25, 16384, 168]
[25, 16384, 123]
[25, 16384, 163]
[25, 16384, 177]
[25, 16384, 174]
[25, 16384, 154]
[25, 16384, 145]
[25, 16384, 168]
[25, 16384, 174]
[25, 16384, 168]
[25, 16384, 163]
[25, 16384, 174]
[25, 16384, 146]
[25, 16384, 192]
[25, 16384, 190]
[25, 16384, 168]
[25, 16384, 158]
[25, 16384, 167]
[25, 16384, 178]
[25, 16384, 169]
[25, 16384, 180]
[25, 16384, 158]
[25, 16384, 169]
[25, 16384, 166]
[25, 16384, 162]
[25, 16384, 159]
[25, 16384, 171]
[25, 16384, 176]
[25, 16384, 184]
[30, 19660, 297]
[30, 19660, 363]
[30, 19660, 380]
[30, 19660, 325]
[30, 19660, 329]
[30, 19660, 328]
[30, 19660, 324]
[30, 19660, 324]
[30, 19660, 347]
[30, 19660, 348]
[30, 19660, 327]
[30, 19660, 309]
[30, 19660, 343]
[30, 19660, 303]
[30, 19660, 314]
[30, 19660, 327]
[30, 19660, 332]
[30, 19660, 313]
[30, 19660, 292]
[30, 19660, 343]
[30, 19660, 367]
[30, 19660, 341]
[30, 19660, 348]
[30, 19660, 344]
[30, 19660, 298]
[30, 19660, 318]
[30, 19660, 321]
[30, 19660, 360]
[30, 19660, 340]
[30, 19660, 341]
[30, 19660, 310]
[30, 19660, 289]
[30, 19660, 328]
[30, 19660, 334]
[30, 19660, 323]
[30, 19660, 322]
[30, 19660, 319]
[30, 19660, 349]
[30, 19660, 363]
[30, 19660, 361]
[30, 19660, 285]
[30, 19660, 366]
[30, 19660, 346]
[30, 19660, 309]
[30, 19660, 368]
[30, 19660, 346]
[30, 19660, 338]
[30, 19660, 364]
[30, 19660, 301]
[30, 19660, 402]
[30, 19660, 326]
[30, 19660, 331]
[30, 19660, 334]
[30, 19660, 285]
[30, 19660, 346]
[30, 19660, 323]
[30, 19660, 320]
[30, 19660, 338]
[30, 19660, 331]
[30, 19660, 336]
[30, 19660, 301]
[30, 19660, 380]
[30, 19660, 338]
[30, 19660, 333]
[30, 19660, 277]
[30, 19660, 332]
[30, 19660, 321]
[30, 19660, 304]
[30, 19660, 297]
[30, 19660, 355]
[30, 19660, 324]
[30, 19660, 352]
[30, 19660, 277]
[30, 19660, 311]
[30, 19660, 344]
[30, 19660, 334]
[30, 19660, 343]
[30, 19660, 305]
[30, 19660, 314]
[30, 19660, 285]
[30, 19660, 315]
[30, 19660, 325]
[30, 19660, 357]
[30, 19660, 359]
[30, 19660, 316]
[30, 19660, 345]
[30, 19660, 311]
[30, 19660, 320]
[30, 19660, 380]
[30, 19660, 335]
[30, 19660, 374]
[30, 19660, 359]
[30, 19660, 296]
[30, 19660, 328]
[30, 19660, 338]
[30, 19660, 348]
[30, 19660, 319]
[30, 19660, 297]
[30, 19660, 324]
[30, 19660, 360]
[35, 22937, 591]
[35, 22937, 606]
[35, 22937, 675]
[35, 22937, 557]
[35, 22937, 601]
[35, 22937, 612]
[35, 22937, 603]
[35, 22937, 573]
[35, 22937, 557]
[35, 22937, 554]
[35, 22937, 550]
[35, 22937, 589]
[35, 22937, 648]
[35, 22937, 608]
[35, 22937, 593]
[35, 22937, 623]
[35, 22937, 618]
[35, 22937, 635]
[35, 22937, 542]
[35, 22937, 572]
[35, 22937, 562]
[35, 22937, 597]
[35, 22937, 675]
[35, 22937, 565]
[35, 22937, 531]
[35, 22937, 583]
[35, 22937, 571]
[35, 22937, 589]
[35, 22937, 573]
[35, 22937, 611]
[35, 22937, 593]
[35, 22937, 541]
[35, 22937, 615]
[35, 22937, 608]
[35, 22937, 587]
[35, 22937, 646]
[35, 22937, 593]
[35, 22937, 579]
[35, 22937, 629]
[35, 22937, 595]
[35, 22937, 577]
[35, 22937, 587]
[35, 22937, 612]
[35, 22937, 558]
[35, 22937, 594]
[35, 22937, 629]
[35, 22937, 562]
[35, 22937, 581]
[35, 22937, 583]
[35, 22937, 615]
[35, 22937, 560]
[35, 22937, 578]
[35, 22937, 607]
[35, 22937, 576]
[35, 22937, 521]
[35, 22937, 573]
[35, 22937, 561]
[35, 22937, 541]
[35, 22937, 580]
[35, 22937, 576]
[35, 22937, 570]
[35, 22937, 592]
[35, 22937, 575]
[35, 22937, 592]
[35, 22937, 539]
[35, 22937, 602]
[35, 22937, 645]
[35, 22937, 514]
[35, 22937, 588]
[35, 22937, 612]
[35, 22937, 571]
[35, 22937, 604]
[35, 22937, 632]
[35, 22937, 590]
[35, 22937, 692]
[35, 22937, 600]
[35, 22937, 602]
[35, 22937, 526]
[35, 22937, 521]
[35, 22937, 588]
[35, 22937, 579]
[35, 22937, 651]
[35, 22937, 647]
[35, 22937, 581]
[35, 22937, 590]
[35, 22937, 625]
[35, 22937, 665]
[35, 22937, 602]
[35, 22937, 632]
[35, 22937, 608]
[35, 22937, 694]
[35, 22937, 635]
[35, 22937, 599]
[35, 22937, 609]
[35, 22937, 534]
[35, 22937, 577]
[35, 22937, 573]
[35, 22937, 562]
[35, 22937, 584]
[35, 22937, 610]
[40, 26214, 953]
[40, 26214, 950]
[40, 26214, 920]
[40, 26214, 1039]
[40, 26214, 955]
[40, 26214, 951]
[40, 26214, 996]
[40, 26214, 972]
[40, 26214, 953]
[40, 26214, 986]
[40, 26214, 983]
[40, 26214, 894]
[40, 26214, 977]
[40, 26214, 946]
[40, 26214, 917]
[40, 26214, 951]
[40, 26214, 995]
[40, 26214, 930]
[40, 26214, 953]
[40, 26214, 951]
[40, 26214, 979]
[40, 26214, 1036]
[40, 26214, 1061]
[40, 26214, 1043]
[40, 26214, 994]
[40, 26214, 909]
[40, 26214, 971]
[40, 26214, 931]
[40, 26214, 959]
[40, 26214, 997]
[40, 26214, 949]
[40, 26214, 905]
[40, 26214, 1010]
[40, 26214, 933]
[40, 26214, 957]
[40, 26214, 918]
[40, 26214, 1103]
[40, 26214, 920]
[40, 26214, 1042]
[40, 26214, 953]
[40, 26214, 987]
[40, 26214, 946]
[40, 26214, 988]
[40, 26214, 934]
[40, 26214, 987]
[40, 26214, 998]
[40, 26214, 982]
[40, 26214, 955]
[40, 26214, 911]
[40, 26214, 1002]
[40, 26214, 918]
[40, 26214, 948]
[40, 26214, 982]
[40, 26214, 969]
[40, 26214, 1034]
[40, 26214, 909]
[40, 26214, 978]
[40, 26214, 1023]
[40, 26214, 1008]
[40, 26214, 1085]
[40, 26214, 977]
[40, 26214, 887]
[40, 26214, 919]
[40, 26214, 980]
[40, 26214, 1030]
[40, 26214, 1012]
[40, 26214, 977]
[40, 26214, 973]
[40, 26214, 1012]
[40, 26214, 1024]
[40, 26214, 1049]
[40, 26214, 926]
[40, 26214, 974]
[40, 26214, 931]
[40, 26214, 996]
[40, 26214, 1078]
[40, 26214, 953]
[40, 26214, 961]
[40, 26214, 952]
[40, 26214, 992]
[40, 26214, 911]
[40, 26214, 1056]
[40, 26214, 911]
[40, 26214, 986]
[40, 26214, 955]
[40, 26214, 1034]
[40, 26214, 948]
[40, 26214, 1010]
[40, 26214, 953]
[40, 26214, 929]
[40, 26214, 979]
[40, 26214, 993]
[40, 26214, 908]
[40, 26214, 978]
[40, 26214, 929]
[40, 26214, 931]
[40, 26214, 1010]
[40, 26214, 926]
[40, 26214, 1037]
[40, 26214, 965]
