[1, 327, 0]
[1, 327, 0]
[1, 327, 0]
[1, 327, 0]
[1, 327, 0]
[1, 327, 0]
[1, 327, 0]
[1, 327, 0]
[1, 327, 0]
[1, 327, 0]
[1, 327, 0]
[1, 327, 0]
[1, 327, 0]
[1, 327, 0]
[1, 327, 0]
[1, 327, 0]
[1, 327, 0]
[1, 327, 0]
[1, 327, 0]
[1, 327, 0]
[1, 327, 0]
[1, 327, 0]
[1, 327, 0]
[1, 327, 0]
[1, 327, 0]
[1, 327, 0]
[1, 327, 0]
[1, 327, 0]
[1, 327, 0]
[1, 327, 0]
[1, 327, 0]
[1, 327, 0]
[1, 327, 0]
[1, 327, 0]
[1, 327, 0]
[1, 327, 0]
[1, 327, 0]
[1, 327, 0]
[1, 327, 1]
[1, 327, 0]
[1, 327, 0]
[1, 327, 0]
[1, 327, 0]
[1, 327, 0]
[1, 327, 0]
[1, 327, 0]
[1, 327, 0]
[1, 327, 0]
[1, 327, 0]
[1, 327, 0]
[1, 327, 0]
[1, 327, 0]
[1, 327, 0]
[1, 327, 0]
[1, 327, 0]
[1, 327, 0]
[1, 327, 0]
[1, 327, 0]
[1, 327, 0]
[1, 327, 0]
[1, 327, 0]
[1, 327, 1]
[1, 327, 0]
[1, 327, 0]
[1, 327, 0]
[1, 327, 0]
[1, 327, 0]
[1, 327, 0]
[1, 327, 0]
[1, 327, 0]
[1, 327, 0]
[1, 327, 0]
[1, 327, 0]
[1, 327, 0]
[1, 327, 0]
[1, 327, 0]
[1, 327, 0]
[1, 327, 0]
[1, 327, 0]
[1, 327, 0]
[1, 327, 0]
[1, 327, 0]
[1, 327, 0]
[1, 327, 0]
[1, 327, 0]
[1, 327, 0]
[1, 327, 0]
[1, 327, 2]
[1, 327, 0]
[1, 327, 0]
[1, 327, 0]
[1, 327, 0]
[1, 327, 0]
[1, 327, 0]
[1, 327, 0]
[1, 327, 0]
[1, 327, 0]
[1, 327, 0]
[1, 327, 0]
[1, 327, 0]
[2, 655, 0]
[2, 655, 0]
[2, 655, 0]
[2, 655, 0]
[2, 655, 0]
[2, 655, 0]
[2, 655, 0]
[2, 655, 0]
[2, 655, 0]
[2, 655, 0]
[2, 655, 0]
[2, 655, 0]
[2, 655, 0]
[2, 655, 0]
[2, 655, 0]
[2, 655, 0]
[2, 655, 0]
[2, 655, 0]
[2, 655, 0]
[2, 655, 0]
[2, 655, 0]
[2, 655, 0]
[2, 655, 0]
[2, 655, 0]
[2, 655, 0]
[2, 655, 0]
[2, 655, 0]
[2, 655, 0]
[2, 655, 0]
[2, 655, 3]
[2, 655, 0]
[2, 655, 0]
[2, 655, 0]
[2, 655, 2]
[2, 655, 0]
[2, 655, 0]
[2, 655, 0]
[2, 655, 0]
[2, 655, 0]
[2, 655, 0]
[2, 655, 0]
[2, 655, 0]
[2, 655, 0]
[2, 655, 0]
[2, 655, 0]
[2, 655, 0]
[2, 655, 0]
[2, 655, 2]
[2, 655, 0]
[2, 655, 0]
[2, 655, 0]
[2, 655, 0]
[2, 655, 0]
[2, 655, 0]
[2, 655, 0]
[2, 655, 0]
[2, 655, 0]
[2, 655, 0]
[2, 655, 0]
[2, 655, 0]
[2, 655, 0]
[2, 655, 0]
[2, 655, 0]
[2, 655, 0]
[2, 655, 0]
[2, 655, 0]
[2, 655, 0]
[2, 655, 0]
[2, 655, 0]
[2, 655, 0]
[2, 655, 0]
[2, 655, 0]
[2, 655, 0]
[2, 655, 0]
[2, 655, 0]
[2, 655, 2]
[2, 655, 0]
[2, 655, 0]
[2, 655, 0]
[2, 655, 0]
[2, 655, 0]
[2, 655, 0]
[2, 655, 0]
[2, 655, 0]
[2, 655, 0]
[2, 655, 0]
[2, 655, 2]
[2, 655, 0]
[2, 655, 0]
[2, 655, 1]
[2, 655, 0]
[2, 655, 0]
[2, 655, 0]
[2, 655, 0]
[2, 655, 0]
[2, 655, 0]
[2, 655, 0]
[2, 655, 0]
[2, 655, 0]
[2, 655, 1]
[5, 1638, 1]
[5, 1638, 0]
[5, 1638, 1]
[5, 1638, 0]
[5, 1638, 1]
[5, 1638, 0]
[5, 1638, 1]
[5, 1638, 0]
[5, 1638, 3]
[5, 1638, 0]
[5, 1638, 0]
[5, 1638, 1]
[5, 1638, 3]
[5, 1638, 1]
[5, 1638, 0]
[5, 1638, 2]
[5, 1638, 1]
[5, 1638, 0]
[5, 1638, 0]
[5, 1638, 2]
[5, 1638, 0]
[5, 1638, 4]
[5, 1638, 0]
[5, 1638, 0]
[5, 1638, 0]
[5, 1638, 0]
[5, 1638, 3]
[5, 1638, 0]
[5, 1638, 3]
[5, 1638, 1]
[5, 1638, 1]
[5, 1638, 1]
[5, 1638, 0]
[5, 1638, 0]
[5, 1638, 0]
[5, 1638, 0]
[5, 1638, 1]
[5, 1638, 1]
[5, 1638, 0]
[5, 1638, 0]
[5, 1638, 0]
[5, 1638, 0]
[5, 1638, 2]
[5, 1638, 1]
[5, 1638, 2]
[5, 1638, 0]
[5, 1638, 0]
[5, 1638, 2]
[5, 1638, 0]
[5, 1638, 1]
[5, 1638, 2]
[5, 1638, 1]
[5, 1638, 1]
[5, 1638, 1]
[5, 1638, 2]
[5, 1638, 0]
[5, 1638, 0]
[5, 1638, 0]
[5, 1638, 4]
[5, 1638, 3]
[5, 1638, 0]
[5, 1638, 3]
[5, 1638, 0]
[5, 1638, 1]
[5, 1638, 6]
[5, 1638, 2]
[5, 1638, 0]
[5, 1638, 0]
[5, 1638, 1]
[5, 1638, 3]
[5, 1638, 2]
[5, 1638, 0]
[5, 1638, 1]
[5, 1638, 2]
[5, 1638, 2]
[5, 1638, 1]
[5, 1638, 5]
[5, 1638, 6]
[5, 1638, 1]
[5, 1638, 0]
[5, 1638, 0]
[5, 1638, 0]
[5, 1638, 1]
[5, 1638, 1]
[5, 1638, 0]
[5, 1638, 1]
[5, 1638, 1]
[5, 1638, 2]
[5, 1638, 0]
[5, 1638, 1]
[5, 1638, 0]
[5, 1638, 0]
[5, 1638, 0]
[5, 1638, 0]
[5, 1638, 1]
[5, 1638, 0]
[5, 1638, 0]
[5, 1638, 0]
[5, 1638, 0]
[5, 1638, 1]
[10, 3276, 5]
[10, 3276, 4]
[10, 3276, 9]
[10, 3276, 7]
[10, 3276, 9]
[10, 3276, 5]
[10, 3276, 8]
[10, 3276, 2]
[10, 3276, 10]
[10, 3276, 5]
[10, 3276, 5]
[10, 3276, 12]
[10, 3276, 1]
[10, 3276, 2]
[10, 3276, 7]
[10, 3276, 4]
[10, 3276, 8]
[10, 3276, 1]
[10, 3276, 5]
[10, 3276, 4]
[10, 3276, 6]
[10, 3276, 5]
[10, 3276, 4]
[10, 3276, 8]
[10, 3276, 9]
[10, 3276, 10]
[10, 3276, 11]
[10, 3276, 6]
[10, 3276, 10]
[10, 3276, 10]
[10, 3276, 10]
[10, 3276, 7]
[10, 3276, 10]
[10, 3276, 4]
[10, 3276, 10]
[10, 3276, 10]
[10, 3276, 11]
[10, 3276, 0]
[10, 3276, 11]
[10, 3276, 8]
[10, 3276, 13]
[10, 3276, 7]
[10, 3276, 7]
[10, 3276, 6]
[10, 3276, 12]
[10, 3276, 1]
[10, 3276, 8]
[10, 3276, 8]
[10, 3276, 7]
[10, 3276, 4]
[10, 3276, 2]
[10, 3276, 10]
[10, 3276, 6]
[10, 3276, 8]
[10, 3276, 7]
[10, 3276, 4]
[10, 3276, 9]
[10, 3276, 10]
[10, 3276, 4]
[10, 3276, 7]
[10, 3276, 6]
[10, 3276, 5]
[10, 3276, 6]
[10, 3276, 8]
[10, 3276, 6]
[10, 3276, 7]
[10, 3276, 9]
[10, 3276, 14]
[10, 3276, 11]
[10, 3276, 6]
[10, 3276, 10]
[10, 3276, 6]
[10, 3276, 1]
[10, 3276, 6]
[10, 3276, 7]
[10, 3276, 8]
[10, 3276, 4]
[10, 3276, 6]
[10, 3276, 9]
[10, 3276, 4]
[10, 3276, 4]
[10, 3276, 8]
[10, 3276, 7]
[10, 3276, 7]
[10, 3276, 2]
[10, 3276, 9]
[10, 3276, 3]
[10, 3276, 7]
[10, 3276, 6]
[10, 3276, 4]
[10, 3276, 4]
[10, 3276, 7]
[10, 3276, 3]
[10, 3276, 6]
[10, 3276, 3]
[10, 3276, 3]
[10, 3276, 7]
[10, 3276, 8]
[10, 3276, 7]
[10, 3276, 5]
[15, 4915, 24]
[15, 4915, 14]
[15, 4915, 28]
[15, 4915, 39]
[15, 4915, 24]
[15, 4915, 15]
[15, 4915, 21]
[15, 4915, 26]
[15, 4915, 35]
[15, 4915, 21]
[15, 4915, 16]
[15, 4915, 22]
[15, 4915, 31]
[15, 4915, 25]
[15, 4915, 16]
[15, 4915, 20]
[15, 4915, 33]
[15, 4915, 23]
[15, 4915, 30]
[15, 4915, 26]
[15, 4915, 14]
[15, 4915, 21]
[15, 4915, 26]
[15, 4915, 29]
[15, 4915, 24]
[15, 4915, 17]
[15, 4915, 24]
[15, 4915, 22]
[15, 4915, 21]
[15, 4915, 21]
[15, 4915, 23]
[15, 4915, 21]
[15, 4915, 25]
[15, 4915, 32]
[15, 4915, 26]
[15, 4915, 20]
[15, 4915, 25]
[15, 4915, 23]
[15, 4915, 18]
[15, 4915, 18]
[15, 4915, 32]
[15, 4915, 21]
[15, 4915, 23]
[15, 4915, 23]
[15, 4915, 27]
[15, 4915, 25]
[15, 4915, 23]
[15, 4915, 26]
[15, 4915, 32]
[15, 4915, 34]
[15, 4915, 17]
[15, 4915, 34]
[15, 4915, 31]
[15, 4915, 23]
[15, 4915, 23]
[15, 4915, 15]
[15, 4915, 35]
[15, 4915, 30]
[15, 4915, 28]
[15, 4915, 24]
[15, 4915, 29]
[15, 4915, 28]
[15, 4915, 31]
[15, 4915, 18]
[15, 4915, 30]
[15, 4915, 19]
[15, 4915, 20]
[15, 4915, 15]
[15, 4915, 31]
[15, 4915, 21]
[15, 4915, 21]
[15, 4915, 11]
[15, 4915, 17]
[15, 4915, 18]
[15, 4915, 14]
[15, 4915, 29]
[15, 4915, 20]
[15, 4915, 29]
[15, 4915, 24]
[15, 4915, 11]
[15, 4915, 27]
[15, 4915, 29]
[15, 4915, 20]
[15, 4915, 23]
[15, 4915, 28]
[15, 4915, 20]
[15, 4915, 21]
[15, 4915, 28]
[15, 4915, 29]
[15, 4915, 25]
[15, 4915, 38]
[15, 4915, 18]
[15, 4915, 24]
[15, 4915, 25]
[15, 4915, 25]
[15, 4915, 21]
[15, 4915, 22]
[15, 4915, 38]
[15, 4915, 33]
[15, 4915, 18]
[20, 6553, 54]
[20, 6553, 55]
[20, 6553, 55]
[20, 6553, 48]
[20, 6553, 55]
[20, 6553, 76]
[20, 6553, 54]
[20, 6553, 67]
[20, 6553, 61]
[20, 6553, 63]
[20, 6553, 64]
[20, 6553, 77]
[20, 6553, 69]
[20, 6553, 65]
[20, 6553, 63]
[20, 6553, 67]
[20, 6553, 58]
[20, 6553, 46]
[20, 6553, 61]
[20, 6553, 66]
[20, 6553, 49]
[20, 6553, 64]
[20, 6553, 61]
[20, 6553, 66]
[20, 6553, 51]
[20, 6553, 55]
[20, 6553, 66]
[20, 6553, 70]
[20, 6553, 54]
[20, 6553, 62]
[20, 6553, 66]
[20, 6553, 62]
[20, 6553, 48]
[20, 6553, 69]
[20, 6553, 49]
[20, 6553, 63]
[20, 6553, 58]
[20, 6553, 53]
[20, 6553, 48]
[20, 6553, 59]
[20, 6553, 58]
[20, 6553, 60]
[20, 6553, 67]
[20, 6553, 84]
[20, 6553, 60]
[20, 6553, 76]
[20, 6553, 51]
[20, 6553, 67]
[20, 6553, 53]
[20, 6553, 63]
[20, 6553, 59]
[20, 6553, 60]
[20, 6553, 64]
[20, 6553, 69]
[20, 6553, 53]
[20, 6553, 49]
[20, 6553, 49]
[20, 6553, 40]
[20, 6553, 67]
[20, 6553, 67]
[20, 6553, 74]
[20, 6553, 55]
[20, 6553, 60]
[20, 6553, 44]
[20, 6553, 53]
[20, 6553, 51]
[20, 6553, 54]
[20, 6553, 61]
[20, 6553, 91]
[20, 6553, 52]
[20, 6553, 46]
[20, 6553, 49]
[20, 6553, 65]
[20, 6553, 78]
[20, 6553, 65]
[20, 6553, 67]
[20, 6553, 58]
[20, 6553, 48]
[20, 6553, 56]
[20, 6553, 47]
[20, 6553, 69]
[20, 6553, 68]
[20, 6553, 66]
[20, 6553, 65]
[20, 6553, 47]
[20, 6553, 52]
[20, 6553, 62]
[20, 6553, 84]
[20, 6553, 41]
[20, 6553, 62]
[20, 6553, 59]
[20, 6553, 70]
[20, 6553, 56]
[20, 6553, 62]
[20, 6553, 61]
[20, 6553, 76]
[20, 6553, 44]
[20, 6553, 72]
[20, 6553, 58]
[20, 6553, 62]
[25, 8192, 111]
[25, 8192, 118]
[25, 8192, 116]
[25, 8192, 127]
[25, 8192, 134]
[25, 8192, 138]
[25, 8192, 135]
[25, 8192, 144]
[25, 8192, 141]
[25, 8192, 114]
[25, 8192, 116]
[25, 8192, 126]
[25, 8192, 131]
[25, 8192, 125]
[25, 8192, 126]
[25, 8192, 106]
[25, 8192, 137]
[25, 8192, 148]
[25, 8192, 136]
[25, 8192, 117]
[25, 8192, 135]
[25, 8192, 133]
[25, 8192, 139]
[25, 8192, 132]
[25, 8192, 131]
[25, 8192, 128]
[25, 8192, 126]
[25, 8192, 132]
[25, 8192, 127]
[25, 8192, 125]
[25, 8192, 129]
[25, 8192, 129]
[25, 8192, 153]
[25, 8192, 139]
[25, 8192, 124]
[25, 8192, 137]
[25, 8192, 133]
[25, 8192, 139]
[25, 8192, 129]
[25, 8192, 106]
[25, 8192, 139]
[25, 8192, 114]
[25, 8192, 120]
[25, 8192, 124]
[25, 8192, 88]
[25, 8192, 152]
[25, 8192, 139]
[25, 8192, 114]
[25, 8192, 110]
[25, 8192, 129]
[25, 8192, 123]
[25, 8192, 141]
[25, 8192, 137]
[25, 8192, 159]
[25, 8192, 130]
[25, 8192, 127]
[25, 8192, 136]
[25, 8192, 136]
[25, 8192, 153]
[25, 8192, 109]
[25, 8192, 125]
[25, 8192, 108]
[25, 8192, 151]
[25, 8192, 122]
[25, 8192, 144]
[25, 8192, 111]
[25, 8192, 127]
[25, 8192, 137]
[25, 8192, 160]
[25, 8192, 119]
[25, 8192, 112]
[25, 8192, 124]
[25, 8192, 109]
[25, 8192, 133]
[25, 8192, 115]
[25, 8192, 130]
[25, 8192, 124]
[25, 8192, 126]
[25, 8192, 146]
[25, 8192, 129]
[25, 8192, 128]
[25, 8192, 142]
[25, 8192, 126]
[25, 8192, 110]
[25, 8192, 120]
[25, 8192, 125]
[25, 8192, 135]
[25, 8192, 120]
[25, 8192, 119]
[25, 8192, 128]
[25, 8192, 116]
[25, 8192, 145]
[25, 8192, 128]
[25, 8192, 124]
[25, 8192, 147]
[25, 8192, 133]
[25, 8192, 123]
[25, 8192, 126]
[25, 8192, 129]
[25, 8192, 133]
[30, 9830, 214]
[30, 9830, 220]
[30, 9830, 255]
[30, 9830, 258]
[30, 9830, 202]
[30, 9830, 231]
[30, 9830, 278]
[30, 9830, 224]
[30, 9830, 238]
[30, 9830, 257]
[30, 9830, 279]
[30, 9830, 241]
[30, 9830, 248]
[30, 9830, 240]
[30, 9830, 196]
[30, 9830, 257]
[30, 9830, 266]
[30, 9830, 247]
[30, 9830, 208]
[30, 9830, 236]
[30, 9830, 266]
[30, 9830, 217]
[30, 9830, 265]
[30, 9830, 237]
[30, 9830, 217]
[30, 9830, 223]
[30, 9830, 194]
[30, 9830, 242]
[30, 9830, 244]
[30, 9830, 254]
[30, 9830, 244]
[30, 9830, 232]
[30, 9830, 220]
[30, 9830, 231]
[30, 9830, 252]
[30, 9830, 227]
[30, 9830, 248]
[30, 9830, 214]
[30, 9830, 239]
[30, 9830, 245]
[30, 9830, 268]
[30, 9830, 222]
[30, 9830, 232]
[30, 9830, 257]
[30, 9830, 227]
[30, 9830, 241]
[30, 9830, 248]
[30, 9830, 204]
[30, 9830, 213]
[30, 9830, 221]
[30, 9830, 226]
[30, 9830, 208]
[30, 9830, 222]
[30, 9830, 197]
[30, 9830, 233]
[30, 9830, 205]
[30, 9830, 244]
[30, 9830, 230]
[30, 9830, 191]
[30, 9830, 220]
[30, 9830, 241]
[30, 9830, 233]
[30, 9830, 226]
[30, 9830, 215]
[30, 9830, 277]
[30, 9830, 236]
[30, 9830, 235]
[30, 9830, 260]
[30, 9830, 239]
[30, 9830, 254]
[30, 9830, 263]
[30, 9830, 221]
[30, 9830, 227]
[30, 9830, 236]
[30, 9830, 210]
[30, 9830, 264]
[30, 9830, 264]
[30, 9830, 230]
[30, 9830, 248]
[30, 9830, 252]
[30, 9830, 226]
[30, 9830, 247]
[30, 9830, 248]
[30, 9830, 250]
[30, 9830, 233]
[30, 9830, 235]
[30, 9830, 249]
[30, 9830, 221]
[30, 9830, 250]
[30, 9830, 225]
[30, 9830, 241]
[30, 9830, 257]
[30, 9830, 249]
[30, 9830, 249]
[30, 9830, 246]
[30, 9830, 226]
[30, 9830, 218]
[30, 9830, 216]
[30, 9830, 234]
[30, 9830, 246]
[35, 11468, 407]
[35, 11468, 409]
[35, 11468, 366]
[35, 11468, 417]
[35, 11468, 375]
[35, 11468, 445]
[35, 11468, 456]
[35, 11468, 419]
[35, 11468, 384]
[35, 11468, 459]
[35, 11468, 422]
[35, 11468, 412]
[35, 11468, 373]
[35, 11468, 419]
[35, 11468, 434]
[35, 11468, 411]
[35, 11468, 386]
[35, 11468, 424]
[35, 11468, 431]
[35, 11468, 370]
[35, 11468, 395]
[35, 11468, 418]
[35, 11468, 381]
[35, 11468, 385]
[35, 11468, 380]
[35, 11468, 390]
[35, 11468, 440]
[35, 11468, 449]
[35, 11468, 345]
[35, 11468, 417]
[35, 11468, 429]
[35, 11468, 405]
[35, 11468, 386]
[35, 11468, 385]
[35, 11468, 458]
[35, 11468, 364]
[35, 11468, 391]
[35, 11468, 404]
[35, 11468, 422]
[35, 11468, 368]
[35, 11468, 453]
[35, 11468, 441]
[35, 11468, 398]
[35, 11468, 398]
[35, 11468, 390]
[35, 11468, 397]
[35, 11468, 398]
[35, 11468, 431]
[35, 11468, 398]
[35, 11468, 411]
[35, 11468, 371]
[35, 11468, 414]
[35, 11468, 429]
[35, 11468, 420]
[35, 11468, 450]
[35, 11468, 421]
[35, 11468, 448]
[35, 11468, 366]
[35, 11468, 406]
[35, 11468, 429]
[35, 11468, 443]
[35, 11468, 429]
[35, 11468, 410]
[35, 11468, 363]
[35, 11468, 396]
[35, 11468, 409]
[35, 11468, 373]
[35, 11468, 395]
[35, 11468, 420]
[35, 11468, 372]
[35, 11468, 374]
[35, 11468, 376]
[35, 11468, 384]
[35, 11468, 397]
[35, 11468, 396]
[35, 11468, 430]
[35, 11468, 429]
[35, 11468, 411]
[35, 11468, 452]
[35, 11468, 375]
[35, 11468, 412]
[35, 11468, 431]
[35, 11468, 367]
[35, 11468, 402]
[35, 11468, 368]
[35, 11468, 476]
[35, 11468, 435]
[35, 11468, 406]
[35, 11468, 363]
[35, 11468, 397]
[35, 11468, 393]
[35, 11468, 465]
[35, 11468, 376]
[35, 11468, 404]
[35, 11468, 464]
[35, 11468, 441]
[35, 11468, 420]
[35, 11468, 424]
[35, 11468, 408]
[35, 11468, 425]
[40, 13107, 615]
[40, 13107, 588]
[40, 13107, 635]
[40, 13107, 648]
[40, 13107, 662]
[40, 13107, 628]
[40, 13107, 697]
[40, 13107, 650]
[40, 13107, 659]
[40, 13107, 666]
[40, 13107, 629]
[40, 13107, 649]
[40, 13107, 656]
[40, 13107, 640]
[40, 13107, 660]
[40, 13107, 645]
[40, 13107, 693]
[40, 13107, 677]
[40, 13107, 632]
[40, 13107, 672]
[40, 13107, 603]
[40, 13107, 664]
[40, 13107, 601]
[40, 13107, 654]
[40, 13107, 590]
[40, 13107, 604]
[40, 13107, 649]
[40, 13107, 646]
[40, 13107, 596]
[40, 13107, 645]
[40, 13107, 661]
[40, 13107, 616]
[40, 13107, 599]
[40, 13107, 666]
[40, 13107, 721]
[40, 13107, 632]
[40, 13107, 650]
[40, 13107, 644]
[40, 13107, 622]
[40, 13107, 643]
[40, 13107, 672]
[40, 13107, 724]
[40, 13107, 667]
[40, 13107, 576]
[40, 13107, 621]
[40, 13107, 660]
[40, 13107, 580]
[40, 13107, 644]
[40, 13107, 678]
[40, 13107, 616]
[40, 13107, 633]
[40, 13107, 638]
[40, 13107, 636]
[40, 13107, 595]
[40, 13107, 641]
[40, 13107, 633]
[40, 13107, 666]
[40, 13107, 638]
[40, 13107, 611]
[40, 13107, 606]
[40, 13107, 637]
[40, 13107, 633]
[40, 13107, 666]
[40, 13107, 607]
[40, 13107, 697]
[40, 13107, 647]
[40, 13107, 631]
[40, 13107, 638]
[40, 13107, 658]
[40, 13107, 623]
[40, 13107, 675]
[40, 13107, 644]
[40, 13107, 575]
[40, 13107, 621]
[40, 13107, 698]
[40, 13107, 628]
[40, 13107, 670]
[40, 13107, 581]
[40, 13107, 654]
[40, 13107, 598]
[40, 13107, 673]
[40, 13107, 644]
[40, 13107, 707]
[40, 13107, 617]
[40, 13107, 645]
[40, 13107, 639]
[40, 13107, 623]
[40, 13107, 680]
[40, 13107, 714]
[40, 13107, 662]
[40, 13107, 655]
[40, 13107, 683]
[40, 13107, 633]
[40, 13107, 600]
[40, 13107, 683]
[40, 13107, 604]
[40, 13107, 619]
[40, 13107, 650]
[40, 13107, 644]
[40, 13107, 615]
