[1, 1310, 0, 1]
[1, 1310, 1, 1]
[1, 1310, 0, 1]
[1, 1310, 0, 3]
[1, 1310, 0, 1]
[1, 1310, 0, 0]
[1, 1310, 1, 1]
[1, 1310, 0, 0]
[1, 1310, 0, 0]
[1, 1310, 2, 1]
[1, 1310, 0, 0]
[1, 1310, 0, 1]
[1, 1310, 3, 1]
[1, 1310, 1, 0]
[1, 1310, 0, 0]
[1, 1310, 0, 2]
[1, 1310, 0, 1]
[1, 1310, 0, 0]
[1, 1310, 1, 0]
[1, 1310, 0, 1]
[1, 1310, 0, 1]
[1, 1310, 0, 0]
[1, 1310, 1, 0]
[1, 1310, 0, 0]
[1, 1310, 3, 0]
[1, 1310, 0, 0]
[1, 1310, 1, 2]
[1, 1310, 0, 0]
[1, 1310, 1, 1]
[1, 1310, 1, 0]
[1, 1310, 1, 0]
[1, 1310, 0, 0]
[1, 1310, 1, 3]
[1, 1310, 1, 0]
[1, 1310, 0, 0]
[1, 1310, 0, 1]
[1, 1310, 2, 0]
[1, 1310, 0, 0]
[1, 1310, 0, 0]
[1, 1310, 0, 1]
[1, 1310, 1, 0]
[1, 1310, 0, 0]
[1, 1310, 2, 0]
[1, 1310, 0, 0]
[1, 1310, 0, 1]
[1, 1310, 0, 1]
[1, 1310, 1, 0]
[1, 1310, 0, 0]
[1, 1310, 1, 1]
[1, 1310, 0, 2]
[1, 1310, 2, 3]
[1, 1310, 0, 0]
[1, 1310, 1, 0]
[1, 1310, 0, 0]
[1, 1310, 0, 2]
[1, 1310, 0, 0]
[1, 1310, 0, 0]
[1, 1310, 0, 1]
[1, 1310, 0, 0]
[1, 1310, 1, 0]
[1, 1310, 0, 2]
[1, 1310, 1, 0]
[1, 1310, 2, 1]
[1, 1310, 0, 1]
[1, 1310, 0, 1]
[1, 1310, 3, 0]
[1, 1310, 0, 1]
[1, 1310, 2, 0]
[1, 1310, 1, 0]
[1, 1310, 1, 1]
[1, 1310, 3, 0]
[1, 1310, 0, 2]
[1, 1310, 1, 0]
[1, 1310, 1, 1]
[1, 1310, 0, 0]
[1, 1310, 1, 0]
[1, 1310, 1, 0]
[1, 1310, 1, 0]
[1, 1310, 0, 0]
[1, 1310, 1, 0]
[1, 1310, 0, 0]
[1, 1310, 0, 1]
[1, 1310, 2, 0]
[1, 1310, 2, 0]
[1, 1310, 0, 1]
[1, 1310, 0, 3]
[1, 1310, 0, 1]
[1, 1310, 0, 0]
[1, 1310, 1, 0]
[1, 1310, 0, 0]
[1, 1310, 2, 0]
[1, 1310, 1, 1]
[1, 1310, 1, 0]
[1, 1310, 0, 1]
[1, 1310, 0, 1]
[1, 1310, 0, 0]
[1, 1310, 3, 0]
[1, 1310, 0, 0]
[1, 1310, 0, 2]
[1, 1310, 0, 1]
[2, 2621, 3, 2]
[2, 2621, 4, 4]
[2, 2621, 1, 3]
[2, 2621, 1, 1]
[2, 2621, 3, 2]
[2, 2621, 0, 4]
[2, 2621, 1, 3]
[2, 2621, 5, 4]
[2, 2621, 3, 1]
[2, 2621, 0, 6]
[2, 2621, 1, 2]
[2, 2621, 1, 3]
[2, 2621, 0, 1]
[2, 2621, 2, 2]
[2, 2621, 2, 1]
[2, 2621, 3, 2]
[2, 2621, 2, 3]
[2, 2621, 1, 1]
[2, 2621, 1, 0]
[2, 2621, 0, 2]
[2, 2621, 3, 3]
[2, 2621, 0, 3]
[2, 2621, 0, 2]
[2, 2621, 7, 1]
[2, 2621, 2, 3]
[2, 2621, 1, 1]
[2, 2621, 1, 1]
[2, 2621, 3, 2]
[2, 2621, 2, 2]
[2, 2621, 1, 5]
[2, 2621, 4, 5]
[2, 2621, 0, 4]
[2, 2621, 2, 2]
[2, 2621, 4, 5]
[2, 2621, 3, 1]
[2, 2621, 4, 2]
[2, 2621, 1, 1]
[2, 2621, 0, 7]
[2, 2621, 1, 0]
[2, 2621, 1, 2]
[2, 2621, 4, 0]
[2, 2621, 3, 5]
[2, 2621, 0, 6]
[2, 2621, 0, 0]
[2, 2621, 0, 3]
[2, 2621, 1, 1]
[2, 2621, 1, 2]
[2, 2621, 2, 0]
[2, 2621, 1, 0]
[2, 2621, 0, 0]
[2, 2621, 3, 3]
[2, 2621, 4, 0]
[2, 2621, 5, 2]
[2, 2621, 2, 2]
[2, 2621, 0, 3]
[2, 2621, 0, 2]
[2, 2621, 2, 6]
[2, 2621, 1, 5]
[2, 2621, 2, 1]
[2, 2621, 2, 3]
[2, 2621, 2, 0]
[2, 2621, 0, 1]
[2, 2621, 3, 3]
[2, 2621, 5, 0]
[2, 2621, 3, 3]
[2, 2621, 2, 3]
[2, 2621, 0, 2]
[2, 2621, 4, 1]
[2, 2621, 1, 2]
[2, 2621, 1, 2]
[2, 2621, 0, 1]
[2, 2621, 1, 2]
[2, 2621, 1, 1]
[2, 2621, 4, 2]
[2, 2621, 5, 3]
[2, 2621, 1, 1]
[2, 2621, 1, 0]
[2, 2621, 3, 1]
[2, 2621, 0, 6]
[2, 2621, 2, 2]
[2, 2621, 2, 1]
[2, 2621, 0, 0]
[2, 2621, 3, 4]
[2, 2621, 2, 1]
[2, 2621, 4, 1]
[2, 2621, 4, 3]
[2, 2621, 1, 0]
[2, 2621, 2, 5]
[2, 2621, 0, 2]
[2, 2621, 1, 1]
[2, 2621, 2, 0]
[2, 2621, 7, 1]
[2, 2621, 4, 2]
[2, 2621, 1, 2]
[2, 2621, 1, 3]
[2, 2621, 1, 2]
[2, 2621, 5, 1]
[2, 2621, 1, 1]
[2, 2621, 2, 2]
[2, 2621, 2, 6]
[5, 6553, 14, 23]
[5, 6553, 21, 14]
[5, 6553, 3, 13]
[5, 6553, 17, 23]
[5, 6553, 10, 18]
[5, 6553, 12, 12]
[5, 6553, 19, 13]
[5, 6553, 12, 18]
[5, 6553, 14, 9]
[5, 6553, 16, 13]
[5, 6553, 9, 26]
[5, 6553, 12, 17]
[5, 6553, 11, 19]
[5, 6553, 31, 22]
[5, 6553, 13, 13]
[5, 6553, 16, 29]
[5, 6553, 21, 14]
[5, 6553, 7, 23]
[5, 6553, 21, 7]
[5, 6553, 20, 14]
[5, 6553, 17, 14]
[5, 6553, 15, 9]
[5, 6553, 10, 17]
[5, 6553, 21, 10]
[5, 6553, 12, 16]
[5, 6553, 13, 17]
[5, 6553, 16, 22]
[5, 6553, 21, 20]
[5, 6553, 10, 11]
[5, 6553, 17, 14]
[5, 6553, 15, 11]
[5, 6553, 20, 14]
[5, 6553, 15, 9]
[5, 6553, 11, 21]
[5, 6553, 14, 18]
[5, 6553, 5, 9]
[5, 6553, 18, 12]
[5, 6553, 8, 24]
[5, 6553, 11, 13]
[5, 6553, 10, 7]
[5, 6553, 13, 11]
[5, 6553, 8, 22]
[5, 6553, 11, 21]
[5, 6553, 12, 13]
[5, 6553, 11, 10]
[5, 6553, 18, 14]
[5, 6553, 14, 16]
[5, 6553, 11, 17]
[5, 6553, 14, 11]
[5, 6553, 8, 27]
[5, 6553, 21, 17]
[5, 6553, 15, 17]
[5, 6553, 16, 15]
[5, 6553, 15, 9]
[5, 6553, 19, 9]
[5, 6553, 15, 14]
[5, 6553, 18, 20]
[5, 6553, 20, 14]
[5, 6553, 15, 12]
[5, 6553, 14, 9]
[5, 6553, 16, 26]
[5, 6553, 22, 13]
[5, 6553, 16, 10]
[5, 6553, 17, 14]
[5, 6553, 14, 24]
[5, 6553, 9, 26]
[5, 6553, 13, 20]
[5, 6553, 7, 26]
[5, 6553, 11, 11]
[5, 6553, 15, 15]
[5, 6553, 12, 13]
[5, 6553, 19, 8]
[5, 6553, 23, 14]
[5, 6553, 22, 9]
[5, 6553, 16, 16]
[5, 6553, 22, 15]
[5, 6553, 22, 15]
[5, 6553, 24, 11]
[5, 6553, 16, 12]
[5, 6553, 16, 14]
[5, 6553, 11, 16]
[5, 6553, 10, 13]
[5, 6553, 21, 19]
[5, 6553, 12, 19]
[5, 6553, 7, 18]
[5, 6553, 10, 19]
[5, 6553, 15, 22]
[5, 6553, 17, 20]
[5, 6553, 13, 17]
[5, 6553, 14, 23]
[5, 6553, 12, 13]
[5, 6553, 3, 3]
[5, 6553, 17, 21]
[5, 6553, 13, 13]
[5, 6553, 14, 17]
[5, 6553, 27, 28]
[5, 6553, 18, 10]
[5, 6553, 14, 17]
[5, 6553, 16, 16]
[5, 6553, 11, 16]
[10, 13107, 69, 93]
[10, 13107, 79, 73]
[10, 13107, 63, 94]
[10, 13107, 78, 65]
[10, 13107, 65, 79]
[10, 13107, 95, 60]
[10, 13107, 92, 93]
[10, 13107, 70, 98]
[10, 13107, 75, 99]
[10, 13107, 89, 87]
[10, 13107, 79, 80]
[10, 13107, 86, 92]
[10, 13107, 71, 90]
[10, 13107, 108, 91]
[10, 13107, 82, 70]
[10, 13107, 84, 105]
[10, 13107, 84, 90]
[10, 13107, 83, 70]
[10, 13107, 88, 71]
[10, 13107, 104, 96]
[10, 13107, 74, 81]
[10, 13107, 78, 76]
[10, 13107, 76, 90]
[10, 13107, 88, 118]
[10, 13107, 90, 66]
[10, 13107, 68, 81]
[10, 13107, 64, 76]
[10, 13107, 81, 108]
[10, 13107, 96, 60]
[10, 13107, 69, 80]
[10, 13107, 76, 61]
[10, 13107, 95, 72]
[10, 13107, 102, 90]
[10, 13107, 75, 88]
[10, 13107, 89, 81]
[10, 13107, 60, 76]
[10, 13107, 59, 116]
[10, 13107, 82, 90]
[10, 13107, 88, 98]
[10, 13107, 93, 88]
[10, 13107, 93, 84]
[10, 13107, 69, 92]
[10, 13107, 88, 90]
[10, 13107, 68, 67]
[10, 13107, 99, 86]
[10, 13107, 72, 82]
[10, 13107, 93, 102]
[10, 13107, 81, 103]
[10, 13107, 67, 90]
[10, 13107, 86, 89]
[10, 13107, 119, 100]
[10, 13107, 93, 83]
[10, 13107, 101, 72]
[10, 13107, 96, 96]
[10, 13107, 85, 72]
[10, 13107, 83, 75]
[10, 13107, 83, 98]
[10, 13107, 77, 72]
[10, 13107, 81, 67]
[10, 13107, 80, 78]
[10, 13107, 80, 74]
[10, 13107, 95, 77]
[10, 13107, 80, 89]
[10, 13107, 92, 79]
[10, 13107, 77, 88]
[10, 13107, 81, 100]
[10, 13107, 67, 90]
[10, 13107, 67, 75]
[10, 13107, 91, 78]
[10, 13107, 77, 86]
[10, 13107, 77, 73]
[10, 13107, 98, 66]
[10, 13107, 77, 104]
[10, 13107, 80, 101]
[10, 13107, 112, 72]
[10, 13107, 88, 88]
[10, 13107, 92, 68]
[10, 13107, 102, 65]
[10, 13107, 83, 96]
[10, 13107, 86, 82]
[10, 13107, 84, 105]
[10, 13107, 73, 65]
[10, 13107, 108, 93]
[10, 13107, 80, 91]
[10, 13107, 75, 115]
[10, 13107, 86, 83]
[10, 13107, 95, 70]
[10, 13107, 103, 61]
[10, 13107, 96, 97]
[10, 13107, 84, 87]
[10, 13107, 74, 100]
[10, 13107, 100, 80]
[10, 13107, 92, 84]
[10, 13107, 83, 87]
[10, 13107, 91, 85]
[10, 13107, 91, 94]
[10, 13107, 92, 72]
[10, 13107, 98, 73]
[10, 13107, 76, 78]
[10, 13107, 71, 87]
[15, 19660, 204, 272]
[15, 19660, 201, 262]
[15, 19660, 236, 251]
[15, 19660, 231, 222]
[15, 19660, 202, 251]
[15, 19660, 232, 229]
[15, 19660, 236, 203]
[15, 19660, 245, 245]
[15, 19660, 236, 245]
[15, 19660, 226, 279]
[15, 19660, 243, 252]
[15, 19660, 240, 236]
[15, 19660, 239, 212]
[15, 19660, 227, 255]
[15, 19660, 247, 223]
[15, 19660, 242, 238]
[15, 19660, 264, 239]
[15, 19660, 234, 283]
[15, 19660, 244, 231]
[15, 19660, 280, 255]
[15, 19660, 236, 227]
[15, 19660, 246, 226]
[15, 19660, 199, 256]
[15, 19660, 292, 244]
[15, 19660, 238, 253]
[15, 19660, 234, 208]
[15, 19660, 222, 215]
[15, 19660, 208, 243]
[15, 19660, 263, 237]
[15, 19660, 273, 222]
[15, 19660, 233, 242]
[15, 19660, 230, 216]
[15, 19660, 262, 209]
[15, 19660, 241, 239]
[15, 19660, 251, 228]
[15, 19660, 206, 220]
[15, 19660, 245, 215]
[15, 19660, 231, 234]
[15, 19660, 259, 235]
[15, 19660, 225, 220]
[15, 19660, 223, 212]
[15, 19660, 253, 244]
[15, 19660, 249, 241]
[15, 19660, 262, 237]
[15, 19660, 259, 227]
[15, 19660, 238, 244]
[15, 19660, 248, 246]
[15, 19660, 271, 239]
[15, 19660, 227, 285]
[15, 19660, 232, 240]
[15, 19660, 250, 235]
[15, 19660, 247, 255]
[15, 19660, 249, 221]
[15, 19660, 213, 203]
[15, 19660, 216, 216]
[15, 19660, 244, 249]
[15, 19660, 245, 262]
[15, 19660, 205, 227]
[15, 19660, 227, 231]
[15, 19660, 257, 184]
[15, 19660, 242, 258]
[15, 19660, 247, 249]
[15, 19660, 228, 229]
[15, 19660, 225, 232]
[15, 19660, 206, 205]
[15, 19660, 230, 276]
[15, 19660, 236, 239]
[15, 19660, 235, 213]
[15, 19660, 230, 255]
[15, 19660, 219, 244]
[15, 19660, 218, 230]
[15, 19660, 258, 225]
[15, 19660, 234, 281]
[15, 19660, 229, 236]
[15, 19660, 251, 233]
[15, 19660, 247, 219]
[15, 19660, 259, 234]
[15, 19660, 226, 221]
[15, 19660, 266, 249]
[15, 19660, 213, 217]
[15, 19660, 240, 237]
[15, 19660, 188, 237]
[15, 19660, 219, 235]
[15, 19660, 240, 226]
[15, 19660, 248, 226]
[15, 19660, 236, 257]
[15, 19660, 246, 243]
[15, 19660, 244, 239]
[15, 19660, 214, 205]
[15, 19660, 217, 254]
[15, 19660, 183, 227]
[15, 19660, 276, 223]
[15, 19660, 225, 239]
[15, 19660, 212, 263]
[15, 19660, 233, 247]
[15, 19660, 269, 254]
[15, 19660, 206, 220]
[15, 19660, 217, 245]
[15, 19660, 279, 199]
[15, 19660, 223, 222]
[20, 26214, 466, 517]
[20, 26214, 529, 512]
[20, 26214, 500, 456]
[20, 26214, 495, 483]
[20, 26214, 498, 498]
[20, 26214, 534, 471]
[20, 26214, 493, 541]
[20, 26214, 511, 526]
[20, 26214, 532, 476]
[20, 26214, 467, 548]
[20, 26214, 542, 498]
[20, 26214, 453, 447]
[20, 26214, 462, 533]
[20, 26214, 512, 524]
[20, 26214, 490, 463]
[20, 26214, 466, 505]
[20, 26214, 476, 482]
[20, 26214, 522, 544]
[20, 26214, 496, 471]
[20, 26214, 554, 495]
[20, 26214, 514, 504]
[20, 26214, 511, 503]
[20, 26214, 460, 551]
[20, 26214, 552, 532]
[20, 26214, 476, 542]
[20, 26214, 511, 516]
[20, 26214, 486, 543]
[20, 26214, 434, 576]
[20, 26214, 562, 486]
[20, 26214, 566, 458]
[20, 26214, 527, 498]
[20, 26214, 520, 530]
[20, 26214, 515, 511]
[20, 26214, 496, 523]
[20, 26214, 501, 466]
[20, 26214, 512, 525]
[20, 26214, 517, 546]
[20, 26214, 495, 508]
[20, 26214, 529, 469]
[20, 26214, 481, 488]
[20, 26214, 483, 470]
[20, 26214, 516, 561]
[20, 26214, 549, 454]
[20, 26214, 550, 520]
[20, 26214, 509, 519]
[20, 26214, 501, 514]
[20, 26214, 523, 511]
[20, 26214, 547, 479]
[20, 26214, 512, 512]
[20, 26214, 499, 522]
[20, 26214, 504, 499]
[20, 26214, 500, 554]
[20, 26214, 492, 476]
[20, 26214, 492, 463]
[20, 26214, 515, 490]
[20, 26214, 537, 516]
[20, 26214, 445, 446]
[20, 26214, 502, 506]
[20, 26214, 506, 526]
[20, 26214, 489, 476]
[20, 26214, 535, 490]
[20, 26214, 550, 510]
[20, 26214, 479, 533]
[20, 26214, 492, 553]
[20, 26214, 490, 526]
[20, 26214, 460, 526]
[20, 26214, 490, 521]
[20, 26214, 538, 482]
[20, 26214, 516, 507]
[20, 26214, 457, 479]
[20, 26214, 477, 463]
[20, 26214, 459, 531]
[20, 26214, 486, 510]
[20, 26214, 494, 495]
[20, 26214, 500, 484]
[20, 26214, 457, 497]
[20, 26214, 555, 485]
[20, 26214, 522, 476]
[20, 26214, 499, 528]
[20, 26214, 517, 527]
[20, 26214, 471, 454]
[20, 26214, 515, 449]
[20, 26214, 545, 530]
[20, 26214, 488, 511]
[20, 26214, 501, 483]
[20, 26214, 530, 482]
[20, 26214, 525, 499]
[20, 26214, 492, 520]
[20, 26214, 513, 482]
[20, 26214, 517, 494]
[20, 26214, 474, 556]
[20, 26214, 492, 446]
[20, 26214, 515, 501]
[20, 26214, 479, 483]
[20, 26214, 487, 501]
[20, 26214, 521, 485]
[20, 26214, 525, 502]
[20, 26214, 516, 461]
[20, 26214, 560, 512]
[20, 26214, 424, 501]
[25, 32768, 826, 965]
[25, 32768, 929, 876]
[25, 32768, 906, 944]
[25, 32768, 953, 946]
[25, 32768, 893, 957]
[25, 32768, 879, 861]
[25, 32768, 937, 912]
[25, 32768, 935, 910]
[25, 32768, 911, 874]
[25, 32768, 902, 843]
[25, 32768, 931, 919]
[25, 32768, 888, 924]
[25, 32768, 921, 919]
[25, 32768, 900, 837]
[25, 32768, 932, 925]
[25, 32768, 858, 896]
[25, 32768, 921, 863]
[25, 32768, 866, 970]
[25, 32768, 864, 884]
[25, 32768, 914, 841]
[25, 32768, 967, 897]
[25, 32768, 899, 856]
[25, 32768, 877, 983]
[25, 32768, 995, 900]
[25, 32768, 894, 939]
[25, 32768, 882, 908]
[25, 32768, 872, 926]
[25, 32768, 834, 942]
[25, 32768, 860, 853]
[25, 32768, 943, 816]
[25, 32768, 913, 849]
[25, 32768, 872, 857]
[25, 32768, 903, 913]
[25, 32768, 956, 871]
[25, 32768, 931, 838]
[25, 32768, 888, 940]
[25, 32768, 893, 892]
[25, 32768, 934, 925]
[25, 32768, 894, 895]
[25, 32768, 887, 942]
[25, 32768, 918, 877]
[25, 32768, 885, 914]
[25, 32768, 851, 851]
[25, 32768, 897, 962]
[25, 32768, 932, 877]
[25, 32768, 958, 909]
[25, 32768, 952, 867]
[25, 32768, 918, 877]
[25, 32768, 878, 945]
[25, 32768, 862, 886]
[25, 32768, 893, 954]
[25, 32768, 962, 948]
[25, 32768, 826, 916]
[25, 32768, 931, 847]
[25, 32768, 879, 886]
[25, 32768, 934, 963]
[25, 32768, 945, 977]
[25, 32768, 932, 882]
[25, 32768, 927, 812]
[25, 32768, 931, 799]
[25, 32768, 948, 915]
[25, 32768, 901, 903]
[25, 32768, 965, 869]
[25, 32768, 952, 852]
[25, 32768, 851, 922]
[25, 32768, 839, 896]
[25, 32768, 891, 1024]
[25, 32768, 923, 945]
[25, 32768, 901, 902]
[25, 32768, 904, 897]
[25, 32768, 888, 992]
[25, 32768, 904, 942]
[25, 32768, 881, 923]
[25, 32768, 921, 914]
[25, 32768, 962, 915]
[25, 32768, 841, 905]
[25, 32768, 934, 900]
[25, 32768, 879, 909]
[25, 32768, 836, 922]
[25, 32768, 887, 781]
[25, 32768, 908, 940]
[25, 32768, 860, 827]
[25, 32768, 915, 980]
[25, 32768, 925, 933]
[25, 32768, 928, 931]
[25, 32768, 961, 912]
[25, 32768, 838, 879]
[25, 32768, 981, 929]
[25, 32768, 839, 935]
[25, 32768, 944, 877]
[25, 32768, 836, 916]
[25, 32768, 851, 865]
[25, 32768, 955, 964]
[25, 32768, 874, 903]
[25, 32768, 898, 883]
[25, 32768, 926, 818]
[25, 32768, 930, 877]
[25, 32768, 914, 948]
[25, 32768, 863, 891]
[25, 32768, 916, 901]
[30, 39321, 1414, 1459]
[30, 39321, 1376, 1444]
[30, 39321, 1363, 1482]
[30, 39321, 1453, 1406]
[30, 39321, 1429, 1507]
[30, 39321, 1416, 1461]
[30, 39321, 1497, 1474]
[30, 39321, 1550, 1415]
[30, 39321, 1459, 1431]
[30, 39321, 1351, 1389]
[30, 39321, 1524, 1455]
[30, 39321, 1530, 1434]
[30, 39321, 1437, 1440]
[30, 39321, 1469, 1480]
[30, 39321, 1427, 1455]
[30, 39321, 1447, 1455]
[30, 39321, 1470, 1411]
[30, 39321, 1417, 1487]
[30, 39321, 1436, 1363]
[30, 39321, 1519, 1464]
[30, 39321, 1440, 1453]
[30, 39321, 1450, 1452]
[30, 39321, 1385, 1496]
[30, 39321, 1482, 1458]
[30, 39321, 1412, 1429]
[30, 39321, 1473, 1468]
[30, 39321, 1454, 1522]
[30, 39321, 1367, 1580]
[30, 39321, 1411, 1375]
[30, 39321, 1515, 1349]
[30, 39321, 1430, 1443]
[30, 39321, 1507, 1403]
[30, 39321, 1441, 1396]
[30, 39321, 1454, 1436]
[30, 39321, 1595, 1360]
[30, 39321, 1443, 1481]
[30, 39321, 1441, 1578]
[30, 39321, 1410, 1432]
[30, 39321, 1465, 1398]
[30, 39321, 1439, 1509]
[30, 39321, 1385, 1419]
[30, 39321, 1449, 1507]
[30, 39321, 1401, 1431]
[30, 39321, 1492, 1509]
[30, 39321, 1456, 1392]
[30, 39321, 1513, 1382]
[30, 39321, 1582, 1438]
[30, 39321, 1559, 1403]
[30, 39321, 1519, 1535]
[30, 39321, 1397, 1503]
[30, 39321, 1377, 1438]
[30, 39321, 1478, 1492]
[30, 39321, 1352, 1452]
[30, 39321, 1555, 1287]
[30, 39321, 1461, 1473]
[30, 39321, 1471, 1436]
[30, 39321, 1443, 1514]
[30, 39321, 1471, 1482]
[30, 39321, 1441, 1437]
[30, 39321, 1578, 1415]
[30, 39321, 1395, 1440]
[30, 39321, 1445, 1463]
[30, 39321, 1417, 1481]
[30, 39321, 1443, 1516]
[30, 39321, 1423, 1481]
[30, 39321, 1436, 1498]
[30, 39321, 1403, 1540]
[30, 39321, 1560, 1445]
[30, 39321, 1458, 1371]
[30, 39321, 1562, 1435]
[30, 39321, 1491, 1432]
[30, 39321, 1537, 1488]
[30, 39321, 1477, 1432]
[30, 39321, 1521, 1364]
[30, 39321, 1491, 1509]
[30, 39321, 1431, 1501]
[30, 39321, 1507, 1397]
[30, 39321, 1394, 1483]
[30, 39321, 1494, 1418]
[30, 39321, 1455, 1325]
[30, 39321, 1485, 1411]
[30, 39321, 1422, 1461]
[30, 39321, 1494, 1505]
[30, 39321, 1494, 1442]
[30, 39321, 1541, 1464]
[30, 39321, 1520, 1459]
[30, 39321, 1426, 1467]
[30, 39321, 1415, 1459]
[30, 39321, 1417, 1497]
[30, 39321, 1490, 1459]
[30, 39321, 1486, 1475]
[30, 39321, 1488, 1477]
[30, 39321, 1402, 1502]
[30, 39321, 1430, 1430]
[30, 39321, 1410, 1419]
[30, 39321, 1444, 1415]
[30, 39321, 1483, 1447]
[30, 39321, 1471, 1518]
[30, 39321, 1495, 1474]
[30, 39321, 1474, 1438]
[35, 45875, 2185, 2206]
[35, 45875, 2171, 2254]
[35, 45875, 2128, 2260]
[35, 45875, 2151, 2129]
[35, 45875, 2150, 2285]
[35, 45875, 2198, 2348]
[35, 45875, 2242, 2196]
[35, 45875, 2168, 2271]
[35, 45875, 2241, 2128]
[35, 45875, 2167, 2271]
[35, 45875, 2175, 2173]
[35, 45875, 2280, 2230]
[35, 45875, 2119, 2255]
[35, 45875, 2233, 2155]
[35, 45875, 2249, 2118]
[35, 45875, 2245, 2122]
[35, 45875, 2237, 2150]
[35, 45875, 2181, 2258]
[35, 45875, 2060, 2073]
[35, 45875, 2266, 2238]
[35, 45875, 2248, 2228]
[35, 45875, 2074, 2180]
[35, 45875, 2146, 2297]
[35, 45875, 2165, 2198]
[35, 45875, 2167, 2208]
[35, 45875, 2272, 2190]
[35, 45875, 1999, 2236]
[35, 45875, 2151, 2206]
[35, 45875, 2242, 2122]
[35, 45875, 2233, 2032]
[35, 45875, 2112, 2177]
[35, 45875, 2320, 2143]
[35, 45875, 2234, 2138]
[35, 45875, 2106, 2084]
[35, 45875, 2282, 2107]
[35, 45875, 2140, 2340]
[35, 45875, 2147, 2289]
[35, 45875, 2080, 2159]
[35, 45875, 2170, 2168]
[35, 45875, 2276, 2148]
[35, 45875, 2206, 2199]
[35, 45875, 2144, 2250]
[35, 45875, 2100, 2121]
[35, 45875, 2202, 2142]
[35, 45875, 2207, 2153]
[35, 45875, 2205, 2155]
[35, 45875, 2190, 2211]
[35, 45875, 2191, 2123]
[35, 45875, 2149, 2147]
[35, 45875, 2193, 2197]
[35, 45875, 2148, 2151]
[35, 45875, 2168, 2313]
[35, 45875, 2168, 2159]
[35, 45875, 2176, 2076]
[35, 45875, 2133, 2205]
[35, 45875, 2211, 2157]
[35, 45875, 2263, 2113]
[35, 45875, 2223, 2213]
[35, 45875, 2130, 2136]
[35, 45875, 2253, 2176]
[35, 45875, 2086, 2178]
[35, 45875, 2101, 2121]
[35, 45875, 2271, 2187]
[35, 45875, 2200, 2156]
[35, 45875, 2150, 2136]
[35, 45875, 2061, 2275]
[35, 45875, 2151, 2187]
[35, 45875, 2320, 2143]
[35, 45875, 2125, 2198]
[35, 45875, 2037, 2097]
[35, 45875, 2266, 2138]
[35, 45875, 2207, 2201]
[35, 45875, 2185, 2207]
[35, 45875, 2264, 2166]
[35, 45875, 2147, 2173]
[35, 45875, 2122, 2208]
[35, 45875, 2148, 2101]
[35, 45875, 2104, 2204]
[35, 45875, 2191, 2280]
[35, 45875, 2262, 2071]
[35, 45875, 2179, 2190]
[35, 45875, 2073, 2287]
[35, 45875, 2174, 2246]
[35, 45875, 2166, 2219]
[35, 45875, 2155, 2169]
[35, 45875, 2215, 2266]
[35, 45875, 2228, 2177]
[35, 45875, 2273, 2152]
[35, 45875, 2080, 2263]
[35, 45875, 2249, 2188]
[35, 45875, 2155, 2092]
[35, 45875, 2266, 2101]
[35, 45875, 2104, 2247]
[35, 45875, 2173, 2191]
[35, 45875, 2143, 2080]
[35, 45875, 2132, 2100]
[35, 45875, 2153, 2146]
[35, 45875, 2236, 2310]
[35, 45875, 2216, 2043]
[35, 45875, 2245, 2162]
[40, 52428, 3026, 3101]
[40, 52428, 3003, 3172]
[40, 52428, 3000, 3168]
[40, 52428, 3117, 3132]
[40, 52428, 2927, 3139]
[40, 52428, 3050, 3128]
[40, 52428, 3092, 3110]
[40, 52428, 3180, 3000]
[40, 52428, 3173, 3008]
[40, 52428, 3024, 3052]
[40, 52428, 3133, 3033]
[40, 52428, 3196, 3057]
[40, 52428, 3115, 3098]
[40, 52428, 3094, 3068]
[40, 52428, 3190, 3185]
[40, 52428, 3021, 3092]
[40, 52428, 3244, 3010]
[40, 52428, 2875, 3114]
[40, 52428, 3163, 3070]
[40, 52428, 3095, 3013]
[40, 52428, 3235, 3127]
[40, 52428, 3098, 3043]
[40, 52428, 2952, 3115]
[40, 52428, 3064, 3252]
[40, 52428, 3098, 3037]
[40, 52428, 3093, 2973]
[40, 52428, 2936, 3167]
[40, 52428, 2910, 3230]
[40, 52428, 3089, 3043]
[40, 52428, 3016, 3103]
[40, 52428, 3121, 3038]
[40, 52428, 3121, 2910]
[40, 52428, 3114, 3220]
[40, 52428, 3069, 3024]
[40, 52428, 3159, 3070]
[40, 52428, 2985, 3205]
[40, 52428, 3008, 3142]
[40, 52428, 3034, 3117]
[40, 52428, 3067, 3222]
[40, 52428, 3094, 3094]
[40, 52428, 3068, 2974]
[40, 52428, 2995, 3021]
[40, 52428, 3145, 3043]
[40, 52428, 3241, 3088]
[40, 52428, 3157, 3067]
[40, 52428, 3139, 3200]
[40, 52428, 3068, 3033]
[40, 52428, 3147, 2950]
[40, 52428, 3020, 3092]
[40, 52428, 2968, 3090]
[40, 52428, 3073, 3140]
[40, 52428, 2956, 3187]
[40, 52428, 2885, 3121]
[40, 52428, 3084, 2927]
[40, 52428, 2987, 3123]
[40, 52428, 3167, 3099]
[40, 52428, 3008, 3058]
[40, 52428, 3110, 3096]
[40, 52428, 3072, 3025]
[40, 52428, 3209, 3067]
[40, 52428, 3133, 3061]
[40, 52428, 3090, 2967]
[40, 52428, 3151, 2996]
[40, 52428, 3144, 3006]
[40, 52428, 3003, 2952]
[40, 52428, 2928, 3117]
[40, 52428, 3195, 3055]
[40, 52428, 3228, 3049]
[40, 52428, 3178, 3019]
[40, 52428, 3056, 3117]
[40, 52428, 3133, 3048]
[40, 52428, 3064, 3083]
[40, 52428, 3045, 3032]
[40, 52428, 3016, 2996]
[40, 52428, 3107, 3189]
[40, 52428, 2951, 3239]
[40, 52428, 3050, 3073]
[40, 52428, 3112, 3208]
[40, 52428, 3097, 3082]
[40, 52428, 3143, 3084]
[40, 52428, 3145, 3056]
[40, 52428, 3081, 3154]
[40, 52428, 3059, 3018]
[40, 52428, 3048, 3145]
[40, 52428, 3143, 3111]
[40, 52428, 3163, 3121]
[40, 52428, 3039, 3111]
[40, 52428, 3134, 3019]
[40, 52428, 3040, 3094]
[40, 52428, 3147, 2991]
[40, 52428, 2966, 3022]
[40, 52428, 3112, 3064]
[40, 52428, 3137, 3012]
[40, 52428, 2941, 3119]
[40, 52428, 3069, 3068]
[40, 52428, 3130, 3085]
[40, 52428, 3008, 3099]
[40, 52428, 3137, 3148]
[40, 52428, 3236, 2985]
[40, 52428, 3072, 3144]
