[1, 1310, 0, 0, 0, 0]
[1, 1310, 0, 0, 0, 0]
[1, 1310, 0, 0, 0, 0]
[1, 1310, 0, 0, 0, 0]
[1, 1310, 0, 0, 0, 0]
[1, 1310, 0, 0, 0, 0]
[1, 1310, 0, 0, 0, 0]
[1, 1310, 0, 0, 0, 0]
[1, 1310, 0, 0, 0, 0]
[1, 1310, 0, 0, 0, 0]
[1, 1310, 0, 0, 0, 0]
[1, 1310, 0, 0, 0, 0]
[1, 1310, 0, 0, 0, 0]
[1, 1310, 0, 0, 0, 0]
[1, 1310, 0, 0, 0, 0]
[1, 1310, 0, 0, 0, 0]
[1, 1310, 0, 0, 0, 0]
[1, 1310, 0, 0, 0, 0]
[1, 1310, 0, 0, 0, 0]
[1, 1310, 0, 0, 0, 0]
[1, 1310, 0, 0, 0, 0]
[1, 1310, 0, 0, 0, 0]
[1, 1310, 0, 0, 0, 0]
[1, 1310, 0, 0, 0, 0]
[1, 1310, 0, 0, 0, 0]
[1, 1310, 0, 0, 0, 0]
[1, 1310, 0, 0, 0, 0]
[1, 1310, 0, 0, 0, 0]
[1, 1310, 0, 0, 0, 0]
[1, 1310, 0, 0, 0, 0]
[1, 1310, 0, 0, 0, 0]
[1, 1310, 0, 0, 0, 0]
[1, 1310, 0, 0, 0, 0]
[1, 1310, 0, 0, 0, 0]
[1, 1310, 0, 0, 0, 0]
[1, 1310, 0, 0, 0, 0]
[1, 1310, 0, 0, 0, 0]
[1, 1310, 0, 0, 0, 0]
[1, 1310, 0, 0, 0, 0]
[1, 1310, 0, 0, 0, 0]
[1, 1310, 0, 0, 0, 0]
[1, 1310, 0, 0, 0, 0]
[1, 1310, 0, 0, 0, 0]
[1, 1310, 0, 0, 0, 0]
[1, 1310, 0, 0, 0, 0]
[1, 1310, 0, 0, 0, 0]
[1, 1310, 0, 0, 0, 0]
[1, 1310, 0, 0, 0, 0]
[1, 1310, 0, 0, 0, 0]
[1, 1310, 0, 0, 0, 0]
[1, 1310, 0, 0, 0, 0]
[1, 1310, 0, 0, 0, 0]
[1, 1310, 0, 0, 0, 0]
[1, 1310, 0, 0, 0, 0]
[1, 1310, 0, 0, 0, 0]
[1, 1310, 0, 0, 0, 0]
[1, 1310, 0, 0, 0, 0]
[1, 1310, 0, 0, 0, 0]
[1, 1310, 0, 0, 0, 0]
[1, 1310, 0, 0, 0, 0]
[1, 1310, 0, 0, 0, 0]
[1, 1310, 0, 0, 0, 0]
[1, 1310, 0, 0, 0, 0]
[1, 1310, 0, 0, 0, 0]
[1, 1310, 0, 0, 0, 0]
[1, 1310, 0, 0, 0, 0]
[1, 1310, 0, 0, 0, 0]
[1, 1310, 0, 0, 0, 0]
[1, 1310, 0, 0, 0, 0]
[1, 1310, 0, 0, 0, 0]
[1, 1310, 0, 0, 0, 0]
[1, 1310, 0, 0, 0, 0]
[1, 1310, 0, 0, 0, 0]
[1, 1310, 0, 0, 0, 0]
[1, 1310, 0, 0, 0, 0]
[1, 1310, 0, 0, 0, 0]
[1, 1310, 0, 0, 0, 0]
[1, 1310, 0, 0, 0, 0]
[1, 1310, 0, 0, 0, 0]
[1, 1310, 0, 0, 0, 0]
[1, 1310, 0, 0, 0, 0]
[1, 1310, 0, 0, 0, 0]
[1, 1310, 0, 0, 0, 0]
[1, 1310, 0, 0, 0, 0]
[1, 1310, 0, 0, 0, 0]
[1, 1310, 0, 0, 0, 0]
[1, 1310, 0, 0, 0, 0]
[1, 1310, 0, 0, 0, 0]
[1, 1310, 0, 0, 0, 0]
[1, 1310, 0, 0, 0, 0]
[1, 1310, 0, 0, 0, 0]
[1, 1310, 0, 0, 0, 0]
[1, 1310, 0, 0, 0, 0]
[1, 1310, 0, 0, 0, 0]
[1, 1310, 0, 0, 0, 0]
[1, 1310, 0, 0, 0, 0]
[1, 1310, 0, 0, 0, 0]
[1, 1310, 0, 0, 0, 0]
[1, 1310, 0, 0, 0, 0]
[1, 1310, 0, 0, 0, 0]
[2, 2621, 0, 0, 0, 0]
[2, 2621, 0, 0, 0, 0]
[2, 2621, 0, 0, 0, 0]
[2, 2621, 0, 0, 0, 0]
[2, 2621, 0, 0, 0, 0]
[2, 2621, 0, 0, 0, 0]
[2, 2621, 0, 0, 0, 0]
[2, 2621, 0, 0, 0, 0]
[2, 2621, 0, 0, 0, 0]
[2, 2621, 0, 0, 0, 0]
[2, 2621, 0, 0, 0, 0]
[2, 2621, 0, 0, 0, 0]
[2, 2621, 0, 0, 0, 0]
[2, 2621, 0, 0, 0, 0]
[2, 2621, 0, 0, 0, 0]
[2, 2621, 0, 0, 0, 0]
[2, 2621, 0, 0, 0, 0]
[2, 2621, 0, 0, 0, 0]
[2, 2621, 0, 0, 0, 0]
[2, 2621, 0, 0, 0, 0]
[2, 2621, 0, 0, 0, 0]
[2, 2621, 0, 0, 0, 0]
[2, 2621, 0, 0, 0, 0]
[2, 2621, 0, 0, 0, 0]
[2, 2621, 0, 0, 0, 0]
[2, 2621, 0, 0, 0, 0]
[2, 2621, 0, 0, 0, 0]
[2, 2621, 0, 0, 0, 0]
[2, 2621, 0, 0, 0, 0]
[2, 2621, 0, 0, 0, 0]
[2, 2621, 0, 0, 0, 0]
[2, 2621, 0, 0, 0, 0]
[2, 2621, 0, 0, 0, 0]
[2, 2621, 0, 0, 0, 0]
[2, 2621, 0, 0, 0, 0]
[2, 2621, 0, 0, 0, 0]
[2, 2621, 0, 0, 0, 0]
[2, 2621, 0, 0, 0, 0]
[2, 2621, 0, 0, 0, 0]
[2, 2621, 0, 0, 0, 0]
[2, 2621, 0, 0, 0, 0]
[2, 2621, 0, 0, 0, 0]
[2, 2621, 0, 0, 0, 0]
[2, 2621, 0, 0, 0, 0]
[2, 2621, 0, 0, 0, 0]
[2, 2621, 0, 0, 0, 0]
[2, 2621, 0, 0, 0, 0]
[2, 2621, 0, 0, 0, 0]
[2, 2621, 0, 0, 0, 0]
[2, 2621, 0, 0, 0, 0]
[2, 2621, 0, 0, 0, 0]
[2, 2621, 0, 0, 0, 0]
[2, 2621, 0, 0, 0, 0]
[2, 2621, 0, 0, 0, 0]
[2, 2621, 0, 0, 0, 0]
[2, 2621, 0, 0, 0, 0]
[2, 2621, 0, 0, 0, 0]
[2, 2621, 0, 0, 0, 0]
[2, 2621, 0, 0, 0, 0]
[2, 2621, 0, 0, 0, 0]
[2, 2621, 0, 0, 0, 0]
[2, 2621, 0, 0, 0, 0]
[2, 2621, 0, 0, 0, 0]
[2, 2621, 0, 0, 0, 0]
[2, 2621, 0, 0, 0, 0]
[2, 2621, 0, 0, 0, 0]
[2, 2621, 0, 0, 0, 0]
[2, 2621, 0, 0, 0, 0]
[2, 2621, 0, 0, 0, 0]
[2, 2621, 0, 0, 0, 0]
[2, 2621, 0, 0, 0, 0]
[2, 2621, 0, 0, 0, 0]
[2, 2621, 0, 0, 0, 0]
[2, 2621, 0, 0, 0, 0]
[2, 2621, 0, 0, 0, 0]
[2, 2621, 0, 0, 0, 0]
[2, 2621, 0, 0, 0, 0]
[2, 2621, 0, 0, 0, 0]
[2, 2621, 0, 0, 0, 0]
[2, 2621, 0, 0, 0, 0]
[2, 2621, 0, 0, 0, 0]
[2, 2621, 0, 0, 0, 0]
[2, 2621, 0, 0, 0, 0]
[2, 2621, 0, 0, 0, 0]
[2, 2621, 0, 0, 0, 0]
[2, 2621, 0, 0, 0, 0]
[2, 2621, 0, 0, 0, 0]
[2, 2621, 0, 0, 0, 0]
[2, 2621, 0, 0, 0, 0]
[2, 2621, 0, 0, 0, 0]
[2, 2621, 0, 0, 0, 0]
[2, 2621, 0, 0, 0, 0]
[2, 2621, 0, 0, 0, 0]
[2, 2621, 0, 0, 0, 0]
[2, 2621, 0, 0, 0, 0]
[2, 2621, 0, 0, 0, 0]
[2, 2621, 0, 0, 0, 0]
[2, 2621, 0, 0, 0, 0]
[2, 2621, 0, 0, 0, 0]
[2, 2621, 0, 0, 0, 0]
[5, 6553, 0, 0, 0, 0]
[5, 6553, 0, 0, 0, 0]
[5, 6553, 0, 0, 0, 0]
[5, 6553, 0, 0, 0, 0]
[5, 6553, 0, 0, 0, 0]
[5, 6553, 0, 0, 0, 0]
[5, 6553, 0, 0, 0, 0]
[5, 6553, 0, 0, 0, 0]
[5, 6553, 0, 0, 0, 0]
[5, 6553, 0, 1, 0, 0]
[5, 6553, 1, 0, 0, 0]
[5, 6553, 0, 0, 0, 0]
[5, 6553, 0, 0, 0, 0]
[5, 6553, 0, 0, 0, 0]
[5, 6553, 0, 0, 0, 0]
[5, 6553, 0, 0, 0, 0]
[5, 6553, 0, 0, 0, 0]
[5, 6553, 0, 0, 0, 0]
[5, 6553, 0, 0, 0, 0]
[5, 6553, 0, 0, 0, 0]
[5, 6553, 0, 1, 0, 0]
[5, 6553, 0, 0, 0, 0]
[5, 6553, 0, 0, 0, 0]
[5, 6553, 0, 0, 0, 0]
[5, 6553, 0, 0, 0, 0]
[5, 6553, 0, 0, 0, 0]
[5, 6553, 0, 0, 0, 0]
[5, 6553, 3, 0, 1, 0]
[5, 6553, 0, 0, 0, 0]
[5, 6553, 0, 0, 0, 0]
[5, 6553, 0, 0, 0, 0]
[5, 6553, 0, 0, 0, 0]
[5, 6553, 0, 0, 0, 0]
[5, 6553, 0, 0, 0, 0]
[5, 6553, 0, 0, 0, 0]
[5, 6553, 0, 0, 0, 0]
[5, 6553, 0, 0, 0, 0]
[5, 6553, 0, 0, 0, 0]
[5, 6553, 0, 0, 0, 0]
[5, 6553, 0, 0, 0, 0]
[5, 6553, 0, 0, 0, 0]
[5, 6553, 0, 0, 0, 0]
[5, 6553, 0, 0, 0, 0]
[5, 6553, 0, 0, 0, 0]
[5, 6553, 0, 0, 0, 0]
[5, 6553, 0, 1, 0, 0]
[5, 6553, 0, 1, 0, 0]
[5, 6553, 0, 0, 0, 0]
[5, 6553, 0, 0, 0, 0]
[5, 6553, 0, 0, 0, 0]
[5, 6553, 0, 0, 0, 0]
[5, 6553, 0, 0, 0, 0]
[5, 6553, 0, 0, 0, 0]
[5, 6553, 0, 0, 0, 0]
[5, 6553, 0, 0, 0, 0]
[5, 6553, 0, 0, 0, 0]
[5, 6553, 0, 0, 0, 0]
[5, 6553, 0, 0, 0, 0]
[5, 6553, 0, 0, 1, 0]
[5, 6553, 0, 0, 0, 0]
[5, 6553, 0, 0, 0, 0]
[5, 6553, 0, 0, 0, 3]
[5, 6553, 0, 0, 0, 0]
[5, 6553, 0, 0, 0, 0]
[5, 6553, 0, 0, 0, 0]
[5, 6553, 0, 0, 0, 0]
[5, 6553, 0, 0, 0, 0]
[5, 6553, 0, 0, 0, 0]
[5, 6553, 1, 0, 0, 0]
[5, 6553, 0, 0, 0, 1]
[5, 6553, 1, 0, 0, 0]
[5, 6553, 0, 0, 0, 0]
[5, 6553, 0, 0, 0, 0]
[5, 6553, 0, 0, 0, 0]
[5, 6553, 0, 1, 0, 0]
[5, 6553, 0, 0, 0, 0]
[5, 6553, 0, 0, 0, 0]
[5, 6553, 0, 0, 0, 0]
[5, 6553, 0, 0, 0, 0]
[5, 6553, 0, 0, 0, 0]
[5, 6553, 0, 0, 0, 0]
[5, 6553, 0, 0, 0, 0]
[5, 6553, 0, 0, 0, 0]
[5, 6553, 0, 0, 0, 0]
[5, 6553, 0, 0, 0, 0]
[5, 6553, 0, 0, 0, 0]
[5, 6553, 0, 0, 0, 0]
[5, 6553, 0, 0, 0, 0]
[5, 6553, 0, 0, 0, 0]
[5, 6553, 0, 0, 0, 0]
[5, 6553, 0, 0, 0, 0]
[5, 6553, 0, 0, 0, 0]
[5, 6553, 0, 0, 0, 0]
[5, 6553, 1, 0, 0, 0]
[5, 6553, 0, 0, 0, 0]
[5, 6553, 0, 0, 0, 0]
[5, 6553, 0, 0, 0, 0]
[5, 6553, 0, 0, 0, 0]
[5, 6553, 0, 0, 0, 0]
[5, 6553, 0, 0, 0, 0]
[10, 13107, 0, 2, 2, 0]
[10, 13107, 0, 0, 3, 3]
[10, 13107, 1, 0, 2, 5]
[10, 13107, 2, 1, 3, 0]
[10, 13107, 0, 0, 0, 2]
[10, 13107, 1, 1, 2, 0]
[10, 13107, 0, 3, 4, 0]
[10, 13107, 1, 2, 1, 4]
[10, 13107, 1, 2, 2, 1]
[10, 13107, 0, 0, 3, 1]
[10, 13107, 2, 2, 1, 0]
[10, 13107, 1, 0, 2, 1]
[10, 13107, 1, 1, 3, 1]
[10, 13107, 2, 0, 2, 3]
[10, 13107, 3, 2, 1, 3]
[10, 13107, 0, 0, 0, 0]
[10, 13107, 0, 0, 1, 1]
[10, 13107, 0, 2, 3, 0]
[10, 13107, 0, 1, 0, 1]
[10, 13107, 2, 2, 0, 1]
[10, 13107, 3, 3, 2, 2]
[10, 13107, 1, 1, 2, 2]
[10, 13107, 0, 0, 4, 0]
[10, 13107, 1, 0, 1, 0]
[10, 13107, 2, 5, 0, 0]
[10, 13107, 0, 0, 0, 2]
[10, 13107, 0, 1, 0, 0]
[10, 13107, 0, 1, 0, 4]
[10, 13107, 0, 0, 0, 1]
[10, 13107, 0, 0, 1, 0]
[10, 13107, 0, 0, 1, 0]
[10, 13107, 0, 1, 3, 0]
[10, 13107, 2, 0, 0, 0]
[10, 13107, 3, 1, 0, 1]
[10, 13107, 0, 4, 1, 0]
[10, 13107, 2, 2, 1, 4]
[10, 13107, 0, 2, 2, 0]
[10, 13107, 1, 1, 0, 3]
[10, 13107, 1, 0, 2, 0]
[10, 13107, 0, 4, 0, 0]
[10, 13107, 1, 2, 2, 2]
[10, 13107, 0, 2, 0, 2]
[10, 13107, 4, 0, 0, 0]
[10, 13107, 0, 1, 0, 3]
[10, 13107, 0, 0, 0, 0]
[10, 13107, 3, 0, 0, 1]
[10, 13107, 0, 0, 4, 0]
[10, 13107, 0, 0, 0, 0]
[10, 13107, 1, 0, 1, 0]
[10, 13107, 0, 0, 1, 0]
[10, 13107, 0, 0, 0, 0]
[10, 13107, 0, 0, 6, 1]
[10, 13107, 0, 0, 0, 0]
[10, 13107, 0, 1, 1, 0]
[10, 13107, 2, 1, 0, 0]
[10, 13107, 0, 0, 1, 3]
[10, 13107, 0, 1, 1, 1]
[10, 13107, 3, 0, 1, 3]
[10, 13107, 3, 0, 4, 0]
[10, 13107, 2, 5, 1, 0]
[10, 13107, 3, 0, 0, 1]
[10, 13107, 0, 5, 1, 1]
[10, 13107, 0, 3, 3, 0]
[10, 13107, 0, 1, 0, 0]
[10, 13107, 4, 0, 0, 1]
[10, 13107, 0, 3, 3, 3]
[10, 13107, 1, 0, 0, 2]
[10, 13107, 0, 0, 1, 3]
[10, 13107, 0, 0, 3, 0]
[10, 13107, 1, 2, 1, 0]
[10, 13107, 1, 0, 2, 1]
[10, 13107, 4, 0, 0, 2]
[10, 13107, 0, 3, 2, 1]
[10, 13107, 2, 0, 1, 1]
[10, 13107, 1, 1, 0, 3]
[10, 13107, 0, 2, 1, 0]
[10, 13107, 1, 3, 2, 0]
[10, 13107, 0, 0, 1, 0]
[10, 13107, 0, 1, 3, 0]
[10, 13107, 0, 1, 3, 1]
[10, 13107, 2, 0, 4, 0]
[10, 13107, 0, 0, 1, 3]
[10, 13107, 3, 0, 2, 0]
[10, 13107, 1, 0, 0, 3]
[10, 13107, 3, 0, 1, 1]
[10, 13107, 4, 1, 2, 1]
[10, 13107, 1, 0, 0, 0]
[10, 13107, 0, 0, 2, 0]
[10, 13107, 0, 1, 0, 2]
[10, 13107, 4, 0, 0, 2]
[10, 13107, 0, 0, 2, 5]
[10, 13107, 0, 0, 1, 0]
[10, 13107, 0, 2, 0, 0]
[10, 13107, 0, 1, 1, 1]
[10, 13107, 0, 5, 3, 2]
[10, 13107, 0, 4, 0, 3]
[10, 13107, 0, 1, 1, 4]
[10, 13107, 0, 0, 0, 2]
[10, 13107, 0, 0, 1, 2]
[10, 13107, 2, 2, 2, 0]
[15, 19660, 4, 9, 3, 4]
[15, 19660, 9, 4, 2, 3]
[15, 19660, 2, 6, 6, 7]
[15, 19660, 4, 13, 10, 7]
[15, 19660, 7, 4, 3, 12]
[15, 19660, 4, 6, 3, 3]
[15, 19660, 4, 9, 6, 8]
[15, 19660, 5, 4, 2, 5]
[15, 19660, 3, 11, 9, 8]
[15, 19660, 3, 12, 3, 7]
[15, 19660, 22, 13, 2, 11]
[15, 19660, 4, 8, 2, 10]
[15, 19660, 7, 5, 6, 7]
[15, 19660, 3, 4, 5, 6]
[15, 19660, 8, 5, 5, 9]
[15, 19660, 4, 9, 2, 4]
[15, 19660, 5, 9, 5, 6]
[15, 19660, 3, 8, 8, 9]
[15, 19660, 5, 6, 0, 7]
[15, 19660, 6, 5, 10, 5]
[15, 19660, 2, 8, 7, 5]
[15, 19660, 4, 12, 5, 4]
[15, 19660, 4, 8, 5, 4]
[15, 19660, 2, 14, 9, 9]
[15, 19660, 6, 3, 6, 10]
[15, 19660, 8, 12, 5, 8]
[15, 19660, 5, 14, 0, 9]
[15, 19660, 7, 11, 11, 8]
[15, 19660, 4, 7, 7, 7]
[15, 19660, 7, 9, 9, 12]
[15, 19660, 1, 6, 6, 5]
[15, 19660, 4, 4, 3, 3]
[15, 19660, 10, 9, 2, 3]
[15, 19660, 5, 6, 7, 8]
[15, 19660, 6, 6, 2, 3]
[15, 19660, 9, 7, 9, 5]
[15, 19660, 6, 5, 6, 3]
[15, 19660, 4, 1, 6, 8]
[15, 19660, 5, 5, 10, 11]
[15, 19660, 7, 3, 9, 3]
[15, 19660, 3, 7, 5, 5]
[15, 19660, 7, 7, 4, 11]
[15, 19660, 10, 4, 4, 4]
[15, 19660, 3, 6, 4, 5]
[15, 19660, 4, 5, 6, 5]
[15, 19660, 7, 10, 7, 7]
[15, 19660, 6, 4, 4, 2]
[15, 19660, 6, 8, 13, 8]
[15, 19660, 8, 8, 2, 7]
[15, 19660, 4, 6, 9, 3]
[15, 19660, 8, 7, 2, 4]
[15, 19660, 5, 5, 4, 8]
[15, 19660, 6, 4, 3, 5]
[15, 19660, 2, 7, 2, 7]
[15, 19660, 6, 7, 5, 5]
[15, 19660, 10, 7, 12, 4]
[15, 19660, 6, 6, 12, 4]
[15, 19660, 5, 13, 3, 5]
[15, 19660, 9, 6, 10, 11]
[15, 19660, 7, 6, 14, 10]
[15, 19660, 7, 4, 5, 7]
[15, 19660, 6, 2, 6, 1]
[15, 19660, 4, 3, 11, 3]
[15, 19660, 14, 9, 4, 8]
[15, 19660, 6, 5, 7, 2]
[15, 19660, 5, 6, 9, 5]
[15, 19660, 8, 6, 6, 3]
[15, 19660, 5, 2, 7, 3]
[15, 19660, 2, 4, 9, 5]
[15, 19660, 5, 17, 5, 4]
[15, 19660, 5, 6, 12, 7]
[15, 19660, 2, 7, 4, 10]
[15, 19660, 14, 13, 2, 4]
[15, 19660, 13, 1, 10, 1]
[15, 19660, 2, 7, 7, 3]
[15, 19660, 3, 7, 5, 9]
[15, 19660, 7, 3, 7, 5]
[15, 19660, 7, 7, 8, 6]
[15, 19660, 0, 7, 1, 2]
[15, 19660, 10, 3, 7, 10]
[15, 19660, 1, 4, 10, 8]
[15, 19660, 5, 4, 5, 7]
[15, 19660, 7, 2, 2, 10]
[15, 19660, 5, 13, 8, 11]
[15, 19660, 3, 6, 7, 5]
[15, 19660, 8, 4, 2, 10]
[15, 19660, 7, 10, 3, 14]
[15, 19660, 4, 6, 8, 8]
[15, 19660, 9, 5, 3, 4]
[15, 19660, 0, 16, 9, 1]
[15, 19660, 5, 7, 6, 5]
[15, 19660, 9, 9, 6, 10]
[15, 19660, 12, 5, 16, 3]
[15, 19660, 3, 7, 4, 16]
[15, 19660, 12, 9, 5, 5]
[15, 19660, 7, 3, 6, 7]
[15, 19660, 4, 7, 2, 14]
[15, 19660, 8, 3, 3, 9]
[15, 19660, 7, 6, 3, 4]
[15, 19660, 5, 7, 12, 6]
[20, 26214, 20, 24, 18, 22]
[20, 26214, 26, 16, 21, 17]
[20, 26214, 15, 19, 39, 18]
[20, 26214, 21, 25, 18, 22]
[20, 26214, 29, 21, 32, 24]
[20, 26214, 21, 8, 22, 18]
[20, 26214, 13, 27, 21, 34]
[20, 26214, 18, 18, 17, 35]
[20, 26214, 30, 19, 15, 27]
[20, 26214, 19, 22, 19, 32]
[20, 26214, 27, 18, 28, 15]
[20, 26214, 24, 16, 12, 28]
[20, 26214, 29, 17, 25, 34]
[20, 26214, 12, 22, 12, 27]
[20, 26214, 33, 38, 15, 16]
[20, 26214, 31, 11, 29, 26]
[20, 26214, 18, 30, 22, 18]
[20, 26214, 24, 8, 36, 28]
[20, 26214, 19, 23, 18, 10]
[20, 26214, 28, 25, 23, 18]
[20, 26214, 23, 15, 10, 20]
[20, 26214, 25, 19, 16, 15]
[20, 26214, 22, 33, 16, 22]
[20, 26214, 33, 23, 27, 16]
[20, 26214, 28, 21, 22, 27]
[20, 26214, 21, 20, 17, 23]
[20, 26214, 26, 17, 23, 21]
[20, 26214, 24, 18, 23, 19]
[20, 26214, 20, 26, 35, 20]
[20, 26214, 12, 21, 21, 20]
[20, 26214, 13, 10, 27, 27]
[20, 26214, 16, 14, 35, 20]
[20, 26214, 16, 11, 28, 19]
[20, 26214, 22, 33, 26, 23]
[20, 26214, 30, 31, 23, 33]
[20, 26214, 32, 8, 16, 18]
[20, 26214, 32, 20, 21, 16]
[20, 26214, 27, 21, 18, 28]
[20, 26214, 8, 29, 21, 37]
[20, 26214, 34, 27, 23, 26]
[20, 26214, 31, 26, 26, 18]
[20, 26214, 21, 33, 22, 17]
[20, 26214, 21, 16, 31, 27]
[20, 26214, 14, 12, 30, 16]
[20, 26214, 18, 16, 23, 24]
[20, 26214, 11, 22, 19, 18]
[20, 26214, 11, 41, 24, 10]
[20, 26214, 9, 20, 21, 19]
[20, 26214, 19, 13, 16, 31]
[20, 26214, 13, 26, 25, 10]
[20, 26214, 26, 28, 30, 18]
[20, 26214, 32, 21, 28, 17]
[20, 26214, 33, 23, 18, 19]
[20, 26214, 22, 17, 29, 38]
[20, 26214, 15, 27, 16, 26]
[20, 26214, 18, 21, 19, 24]
[20, 26214, 23, 12, 24, 26]
[20, 26214, 20, 15, 20, 15]
[20, 26214, 14, 15, 15, 30]
[20, 26214, 14, 30, 37, 27]
[20, 26214, 19, 27, 33, 31]
[20, 26214, 17, 24, 15, 22]
[20, 26214, 23, 15, 15, 28]
[20, 26214, 19, 29, 17, 22]
[20, 26214, 15, 17, 24, 23]
[20, 26214, 26, 14, 28, 23]
[20, 26214, 25, 20, 19, 17]
[20, 26214, 21, 14, 30, 19]
[20, 26214, 27, 12, 35, 27]
[20, 26214, 16, 22, 14, 16]
[20, 26214, 27, 11, 17, 20]
[20, 26214, 26, 26, 24, 27]
[20, 26214, 10, 28, 29, 39]
[20, 26214, 16, 22, 18, 36]
[20, 26214, 21, 22, 17, 27]
[20, 26214, 19, 23, 24, 26]
[20, 26214, 11, 31, 7, 20]
[20, 26214, 30, 25, 18, 17]
[20, 26214, 24, 20, 17, 25]
[20, 26214, 18, 11, 18, 35]
[20, 26214, 21, 35, 27, 30]
[20, 26214, 30, 31, 28, 16]
[20, 26214, 25, 19, 35, 16]
[20, 26214, 43, 22, 27, 26]
[20, 26214, 13, 15, 11, 16]
[20, 26214, 24, 26, 18, 30]
[20, 26214, 12, 17, 38, 22]
[20, 26214, 22, 23, 18, 25]
[20, 26214, 32, 25, 20, 22]
[20, 26214, 18, 25, 21, 19]
[20, 26214, 30, 17, 28, 15]
[20, 26214, 22, 19, 17, 19]
[20, 26214, 26, 26, 27, 28]
[20, 26214, 23, 12, 30, 23]
[20, 26214, 25, 18, 20, 22]
[20, 26214, 21, 15, 27, 21]
[20, 26214, 19, 17, 23, 36]
[20, 26214, 27, 18, 17, 21]
[20, 26214, 18, 28, 23, 14]
[20, 26214, 24, 15, 16, 14]
[25, 32768, 45, 56, 57, 64]
[25, 32768, 57, 62, 55, 60]
[25, 32768, 45, 65, 64, 62]
[25, 32768, 53, 68, 74, 46]
[25, 32768, 84, 60, 46, 43]
[25, 32768, 72, 42, 66, 39]
[25, 32768, 60, 60, 55, 53]
[25, 32768, 86, 55, 41, 68]
[25, 32768, 56, 73, 47, 61]
[25, 32768, 61, 52, 72, 64]
[25, 32768, 69, 58, 54, 52]
[25, 32768, 49, 51, 50, 57]
[25, 32768, 52, 57, 56, 57]
[25, 32768, 49, 63, 49, 51]
[25, 32768, 70, 55, 47, 46]
[25, 32768, 50, 50, 42, 49]
[25, 32768, 64, 60, 38, 74]
[25, 32768, 37, 35, 75, 45]
[25, 32768, 62, 81, 34, 70]
[25, 32768, 49, 55, 47, 62]
[25, 32768, 45, 52, 56, 40]
[25, 32768, 47, 45, 45, 44]
[25, 32768, 41, 50, 46, 46]
[25, 32768, 50, 46, 62, 62]
[25, 32768, 49, 65, 48, 74]
[25, 32768, 72, 50, 53, 52]
[25, 32768, 52, 50, 29, 55]
[25, 32768, 45, 44, 48, 64]
[25, 32768, 54, 53, 59, 48]
[25, 32768, 34, 44, 58, 75]
[25, 32768, 55, 66, 65, 55]
[25, 32768, 66, 32, 53, 47]
[25, 32768, 66, 47, 56, 54]
[25, 32768, 64, 57, 94, 67]
[25, 32768, 63, 60, 55, 45]
[25, 32768, 92, 56, 55, 49]
[25, 32768, 55, 43, 54, 43]
[25, 32768, 53, 46, 63, 84]
[25, 32768, 35, 50, 49, 51]
[25, 32768, 65, 56, 57, 70]
[25, 32768, 50, 64, 59, 76]
[25, 32768, 48, 67, 40, 64]
[25, 32768, 43, 51, 81, 44]
[25, 32768, 53, 42, 62, 40]
[25, 32768, 59, 52, 60, 41]
[25, 32768, 60, 43, 60, 69]
[25, 32768, 50, 54, 75, 27]
[25, 32768, 56, 61, 64, 59]
[25, 32768, 63, 40, 35, 53]
[25, 32768, 46, 53, 63, 52]
[25, 32768, 57, 56, 59, 44]
[25, 32768, 62, 58, 62, 43]
[25, 32768, 44, 56, 40, 47]
[25, 32768, 68, 50, 62, 68]
[25, 32768, 49, 52, 57, 55]
[25, 32768, 45, 48, 67, 64]
[25, 32768, 62, 41, 42, 54]
[25, 32768, 41, 56, 53, 55]
[25, 32768, 67, 38, 51, 56]
[25, 32768, 56, 58, 81, 49]
[25, 32768, 51, 49, 52, 65]
[25, 32768, 47, 42, 56, 45]
[25, 32768, 42, 38, 43, 60]
[25, 32768, 32, 42, 86, 52]
[25, 32768, 65, 60, 57, 32]
[25, 32768, 65, 47, 51, 73]
[25, 32768, 56, 55, 52, 62]
[25, 32768, 65, 49, 70, 71]
[25, 32768, 37, 63, 52, 44]
[25, 32768, 45, 62, 53, 51]
[25, 32768, 62, 57, 66, 38]
[25, 32768, 50, 67, 57, 57]
[25, 32768, 43, 53, 52, 53]
[25, 32768, 57, 60, 54, 59]
[25, 32768, 59, 64, 56, 65]
[25, 32768, 77, 61, 62, 49]
[25, 32768, 71, 44, 55, 64]
[25, 32768, 51, 75, 54, 57]
[25, 32768, 63, 61, 61, 68]
[25, 32768, 78, 50, 54, 60]
[25, 32768, 44, 72, 59, 65]
[25, 32768, 59, 48, 63, 52]
[25, 32768, 46, 34, 82, 93]
[25, 32768, 62, 43, 41, 55]
[25, 32768, 68, 48, 59, 63]
[25, 32768, 59, 74, 55, 42]
[25, 32768, 62, 70, 46, 53]
[25, 32768, 72, 62, 63, 57]
[25, 32768, 56, 52, 48, 56]
[25, 32768, 43, 69, 60, 66]
[25, 32768, 43, 53, 49, 45]
[25, 32768, 54, 51, 56, 71]
[25, 32768, 49, 60, 68, 61]
[25, 32768, 46, 46, 54, 52]
[25, 32768, 33, 48, 61, 60]
[25, 32768, 49, 59, 57, 77]
[25, 32768, 41, 53, 54, 46]
[25, 32768, 50, 47, 64, 68]
[25, 32768, 73, 62, 62, 64]
[25, 32768, 43, 45, 60, 55]
[30, 39321, 119, 138, 137, 150]
[30, 39321, 134, 118, 115, 88]
[30, 39321, 134, 145, 131, 110]
[30, 39321, 145, 123, 118, 123]
[30, 39321, 123, 128, 119, 134]
[30, 39321, 113, 111, 126, 121]
[30, 39321, 125, 155, 125, 108]
[30, 39321, 100, 125, 97, 115]
[30, 39321, 117, 122, 132, 128]
[30, 39321, 107, 110, 120, 163]
[30, 39321, 126, 103, 118, 118]
[30, 39321, 110, 118, 122, 123]
[30, 39321, 118, 102, 100, 135]
[30, 39321, 83, 140, 138, 120]
[30, 39321, 111, 127, 134, 115]
[30, 39321, 82, 136, 122, 85]
[30, 39321, 116, 128, 123, 106]
[30, 39321, 124, 107, 125, 104]
[30, 39321, 122, 108, 71, 131]
[30, 39321, 133, 133, 101, 131]
[30, 39321, 110, 99, 117, 118]
[30, 39321, 121, 92, 104, 127]
[30, 39321, 131, 129, 125, 105]
[30, 39321, 98, 106, 130, 119]
[30, 39321, 152, 136, 99, 141]
[30, 39321, 127, 128, 108, 131]
[30, 39321, 134, 106, 79, 124]
[30, 39321, 131, 147, 121, 146]
[30, 39321, 99, 98, 157, 97]
[30, 39321, 105, 106, 106, 98]
[30, 39321, 127, 125, 129, 105]
[30, 39321, 137, 121, 153, 129]
[30, 39321, 118, 97, 119, 101]
[30, 39321, 127, 128, 113, 143]
[30, 39321, 116, 131, 117, 140]
[30, 39321, 127, 87, 115, 129]
[30, 39321, 117, 118, 109, 93]
[30, 39321, 122, 116, 131, 117]
[30, 39321, 106, 112, 138, 114]
[30, 39321, 122, 129, 125, 128]
[30, 39321, 129, 123, 110, 113]
[30, 39321, 100, 106, 121, 109]
[30, 39321, 141, 119, 142, 121]
[30, 39321, 89, 107, 93, 121]
[30, 39321, 135, 136, 119, 99]
[30, 39321, 120, 109, 134, 121]
[30, 39321, 120, 140, 124, 124]
[30, 39321, 109, 133, 121, 128]
[30, 39321, 115, 124, 122, 123]
[30, 39321, 111, 145, 143, 117]
[30, 39321, 133, 159, 116, 141]
[30, 39321, 127, 149, 121, 95]
[30, 39321, 118, 105, 121, 118]
[30, 39321, 98, 102, 135, 121]
[30, 39321, 139, 127, 119, 97]
[30, 39321, 113, 103, 119, 132]
[30, 39321, 109, 108, 122, 139]
[30, 39321, 115, 107, 152, 109]
[30, 39321, 83, 148, 107, 144]
[30, 39321, 137, 99, 128, 133]
[30, 39321, 137, 99, 118, 106]
[30, 39321, 117, 119, 118, 114]
[30, 39321, 104, 148, 147, 131]
[30, 39321, 101, 130, 139, 118]
[30, 39321, 137, 117, 88, 104]
[30, 39321, 116, 129, 95, 118]
[30, 39321, 106, 131, 101, 121]
[30, 39321, 110, 73, 130, 121]
[30, 39321, 99, 121, 143, 149]
[30, 39321, 143, 130, 110, 130]
[30, 39321, 125, 131, 113, 97]
[30, 39321, 101, 90, 125, 112]
[30, 39321, 156, 91, 121, 118]
[30, 39321, 120, 137, 113, 114]
[30, 39321, 129, 125, 121, 140]
[30, 39321, 127, 120, 110, 89]
[30, 39321, 135, 106, 102, 121]
[30, 39321, 138, 137, 105, 109]
[30, 39321, 111, 101, 139, 109]
[30, 39321, 128, 126, 142, 113]
[30, 39321, 106, 103, 135, 139]
[30, 39321, 105, 109, 128, 120]
[30, 39321, 125, 123, 119, 122]
[30, 39321, 107, 109, 102, 111]
[30, 39321, 123, 131, 121, 107]
[30, 39321, 126, 105, 120, 143]
[30, 39321, 141, 133, 104, 102]
[30, 39321, 121, 109, 117, 131]
[30, 39321, 148, 144, 125, 117]
[30, 39321, 86, 108, 112, 139]
[30, 39321, 136, 87, 139, 115]
[30, 39321, 118, 91, 144, 128]
[30, 39321, 113, 102, 120, 110]
[30, 39321, 129, 122, 131, 107]
[30, 39321, 111, 121, 142, 102]
[30, 39321, 106, 149, 99, 131]
[30, 39321, 119, 127, 152, 164]
[30, 39321, 91, 114, 98, 104]
[30, 39321, 79, 118, 139, 120]
[30, 39321, 133, 136, 112, 131]
[35, 45875, 217, 239, 242, 252]
[35, 45875, 204, 173, 248, 228]
[35, 45875, 222, 277, 255, 265]
[35, 45875, 240, 246, 210, 241]
[35, 45875, 250, 215, 229, 230]
[35, 45875, 222, 202, 261, 251]
[35, 45875, 195, 211, 251, 198]
[35, 45875, 225, 227, 269, 223]
[35, 45875, 227, 205, 246, 253]
[35, 45875, 205, 224, 225, 194]
[35, 45875, 208, 233, 242, 218]
[35, 45875, 218, 229, 214, 227]
[35, 45875, 233, 232, 215, 207]
[35, 45875, 182, 247, 227, 222]
[35, 45875, 233, 208, 225, 235]
[35, 45875, 233, 232, 268, 234]
[35, 45875, 239, 221, 240, 205]
[35, 45875, 221, 208, 219, 216]
[35, 45875, 258, 181, 222, 214]
[35, 45875, 229, 244, 222, 224]
[35, 45875, 218, 225, 236, 259]
[35, 45875, 244, 209, 238, 213]
[35, 45875, 228, 242, 227, 240]
[35, 45875, 192, 205, 223, 220]
[35, 45875, 206, 238, 220, 215]
[35, 45875, 244, 225, 204, 209]
[35, 45875, 258, 204, 227, 233]
[35, 45875, 231, 242, 181, 257]
[35, 45875, 230, 198, 222, 256]
[35, 45875, 233, 267, 222, 224]
[35, 45875, 259, 253, 190, 219]
[35, 45875, 236, 223, 191, 246]
[35, 45875, 236, 226, 224, 256]
[35, 45875, 198, 224, 210, 253]
[35, 45875, 251, 204, 200, 254]
[35, 45875, 233, 203, 240, 232]
[35, 45875, 212, 237, 234, 220]
[35, 45875, 202, 220, 239, 233]
[35, 45875, 220, 233, 218, 208]
[35, 45875, 242, 238, 226, 244]
[35, 45875, 246, 215, 194, 240]
[35, 45875, 266, 212, 177, 186]
[35, 45875, 215, 189, 184, 247]
[35, 45875, 207, 233, 202, 219]
[35, 45875, 227, 223, 236, 236]
[35, 45875, 238, 243, 241, 179]
[35, 45875, 255, 203, 235, 191]
[35, 45875, 239, 260, 263, 244]
[35, 45875, 221, 233, 232, 216]
[35, 45875, 201, 249, 247, 220]
[35, 45875, 218, 223, 184, 235]
[35, 45875, 250, 253, 210, 222]
[35, 45875, 216, 228, 182, 226]
[35, 45875, 183, 197, 221, 212]
[35, 45875, 249, 195, 222, 226]
[35, 45875, 253, 215, 195, 221]
[35, 45875, 258, 233, 224, 197]
[35, 45875, 203, 212, 222, 213]
[35, 45875, 257, 214, 215, 263]
[35, 45875, 225, 256, 277, 238]
[35, 45875, 257, 191, 206, 258]
[35, 45875, 220, 231, 210, 201]
[35, 45875, 217, 185, 231, 217]
[35, 45875, 195, 236, 239, 211]
[35, 45875, 273, 230, 193, 255]
[35, 45875, 218, 204, 208, 218]
[35, 45875, 211, 222, 213, 199]
[35, 45875, 223, 190, 241, 238]
[35, 45875, 270, 244, 227, 219]
[35, 45875, 199, 225, 175, 298]
[35, 45875, 222, 242, 222, 179]
[35, 45875, 202, 218, 223, 205]
[35, 45875, 212, 230, 211, 219]
[35, 45875, 285, 205, 196, 205]
[35, 45875, 191, 204, 231, 218]
[35, 45875, 270, 256, 195, 232]
[35, 45875, 233, 217, 205, 253]
[35, 45875, 231, 247, 203, 202]
[35, 45875, 255, 221, 203, 238]
[35, 45875, 217, 211, 250, 191]
[35, 45875, 230, 259, 247, 220]
[35, 45875, 209, 209, 195, 237]
[35, 45875, 223, 234, 268, 187]
[35, 45875, 261, 225, 199, 211]
[35, 45875, 240, 217, 247, 195]
[35, 45875, 229, 243, 284, 235]
[35, 45875, 234, 219, 220, 221]
[35, 45875, 202, 221, 222, 198]
[35, 45875, 218, 213, 252, 237]
[35, 45875, 201, 226, 207, 260]
[35, 45875, 185, 181, 230, 228]
[35, 45875, 191, 233, 224, 227]
[35, 45875, 221, 225, 233, 234]
[35, 45875, 230, 223, 236, 244]
[35, 45875, 220, 243, 289, 213]
[35, 45875, 207, 220, 248, 228]
[35, 45875, 228, 211, 229, 230]
[35, 45875, 221, 216, 217, 265]
[35, 45875, 221, 211, 219, 267]
[35, 45875, 203, 213, 238, 230]
[40, 52428, 368, 373, 377, 368]
[40, 52428, 420, 393, 399, 332]
[40, 52428, 414, 375, 428, 401]
[40, 52428, 388, 321, 419, 405]
[40, 52428, 413, 417, 353, 387]
[40, 52428, 388, 343, 452, 412]
[40, 52428, 368, 418, 409, 450]
[40, 52428, 405, 414, 383, 426]
[40, 52428, 389, 383, 388, 388]
[40, 52428, 366, 348, 395, 351]
[40, 52428, 351, 323, 322, 406]
[40, 52428, 405, 376, 356, 422]
[40, 52428, 429, 429, 393, 333]
[40, 52428, 368, 442, 388, 371]
[40, 52428, 359, 335, 373, 398]
[40, 52428, 398, 370, 412, 409]
[40, 52428, 358, 382, 414, 395]
[40, 52428, 344, 375, 406, 353]
[40, 52428, 442, 349, 396, 415]
[40, 52428, 361, 437, 366, 358]
[40, 52428, 422, 341, 398, 444]
[40, 52428, 395, 409, 385, 367]
[40, 52428, 368, 408, 393, 412]
[40, 52428, 402, 428, 405, 349]
[40, 52428, 433, 427, 395, 386]
[40, 52428, 401, 387, 396, 355]
[40, 52428, 394, 416, 376, 359]
[40, 52428, 381, 405, 365, 425]
[40, 52428, 385, 410, 428, 370]
[40, 52428, 395, 337, 409, 372]
[40, 52428, 393, 376, 378, 368]
[40, 52428, 467, 331, 383, 396]
[40, 52428, 374, 413, 432, 357]
[40, 52428, 318, 458, 384, 359]
[40, 52428, 340, 406, 386, 410]
[40, 52428, 453, 419, 373, 396]
[40, 52428, 387, 351, 373, 352]
[40, 52428, 367, 430, 433, 417]
[40, 52428, 376, 401, 366, 377]
[40, 52428, 408, 441, 416, 404]
[40, 52428, 377, 418, 380, 367]
[40, 52428, 383, 470, 387, 357]
[40, 52428, 375, 402, 356, 376]
[40, 52428, 412, 384, 368, 392]
[40, 52428, 369, 387, 337, 402]
[40, 52428, 355, 381, 396, 409]
[40, 52428, 389, 394, 423, 378]
[40, 52428, 396, 348, 409, 445]
[40, 52428, 460, 369, 391, 348]
[40, 52428, 361, 426, 422, 337]
[40, 52428, 377, 443, 368, 431]
[40, 52428, 364, 396, 396, 412]
[40, 52428, 412, 362, 359, 377]
[40, 52428, 372, 403, 374, 392]
[40, 52428, 376, 385, 342, 410]
[40, 52428, 403, 379, 382, 379]
[40, 52428, 367, 408, 374, 383]
[40, 52428, 365, 426, 419, 371]
[40, 52428, 373, 380, 410, 418]
[40, 52428, 394, 373, 448, 358]
[40, 52428, 468, 385, 396, 407]
[40, 52428, 380, 427, 399, 411]
[40, 52428, 371, 342, 404, 388]
[40, 52428, 311, 367, 469, 377]
[40, 52428, 404, 366, 370, 409]
[40, 52428, 418, 389, 351, 395]
[40, 52428, 406, 399, 372, 405]
[40, 52428, 321, 356, 374, 428]
[40, 52428, 367, 405, 444, 330]
[40, 52428, 391, 405, 368, 420]
[40, 52428, 381, 390, 424, 399]
[40, 52428, 359, 383, 381, 375]
[40, 52428, 451, 362, 376, 367]
[40, 52428, 399, 344, 385, 437]
[40, 52428, 365, 367, 376, 378]
[40, 52428, 387, 411, 377, 381]
[40, 52428, 345, 406, 330, 374]
[40, 52428, 342, 370, 363, 409]
[40, 52428, 411, 363, 366, 393]
[40, 52428, 370, 376, 442, 362]
[40, 52428, 357, 399, 384, 337]
[40, 52428, 376, 331, 403, 412]
[40, 52428, 394, 382, 411, 339]
[40, 52428, 365, 402, 427, 386]
[40, 52428, 401, 396, 410, 370]
[40, 52428, 440, 379, 384, 362]
[40, 52428, 419, 334, 375, 357]
[40, 52428, 428, 393, 378, 370]
[40, 52428, 420, 409, 357, 356]
[40, 52428, 376, 364, 382, 394]
[40, 52428, 359, 384, 407, 441]
[40, 52428, 414, 369, 444, 398]
[40, 52428, 364, 360, 400, 405]
[40, 52428, 370, 388, 434, 358]
[40, 52428, 337, 365, 422, 369]
[40, 52428, 372, 397, 398, 406]
[40, 52428, 415, 409, 361, 384]
[40, 52428, 407, 359, 382, 381]
[40, 52428, 376, 369, 386, 452]
[40, 52428, 390, 408, 399, 377]
