[1, 1310, 138]
[1, 1310, 127]
[1, 1310, 131]
[1, 1310, 131]
[1, 1310, 131]
[1, 1310, 135]
[1, 1310, 126]
[1, 1310, 133]
[1, 1310, 134]
[1, 1310, 122]
[1, 1310, 134]
[1, 1310, 144]
[1, 1310, 126]
[1, 1310, 146]
[1, 1310, 156]
[1, 1310, 132]
[1, 1310, 149]
[1, 1310, 135]
[1, 1310, 129]
[1, 1310, 147]
[1, 1310, 119]
[1, 1310, 141]
[1, 1310, 143]
[1, 1310, 144]
[1, 1310, 136]
[1, 1310, 147]
[1, 1310, 130]
[1, 1310, 138]
[1, 1310, 149]
[1, 1310, 144]
[1, 1310, 134]
[1, 1310, 135]
[1, 1310, 145]
[1, 1310, 143]
[1, 1310, 142]
[1, 1310, 148]
[1, 1310, 157]
[1, 1310, 134]
[1, 1310, 142]
[1, 1310, 120]
[1, 1310, 147]
[1, 1310, 124]
[1, 1310, 125]
[1, 1310, 124]
[1, 1310, 143]
[1, 1310, 171]
[1, 1310, 128]
[1, 1310, 142]
[1, 1310, 127]
[1, 1310, 135]
[1, 1310, 139]
[1, 1310, 114]
[1, 1310, 136]
[1, 1310, 124]
[1, 1310, 140]
[1, 1310, 137]
[1, 1310, 141]
[1, 1310, 141]
[1, 1310, 132]
[1, 1310, 157]
[1, 1310, 129]
[1, 1310, 141]
[1, 1310, 131]
[1, 1310, 141]
[1, 1310, 118]
[1, 1310, 142]
[1, 1310, 137]
[1, 1310, 147]
[1, 1310, 122]
[1, 1310, 134]
[1, 1310, 162]
[1, 1310, 132]
[1, 1310, 132]
[1, 1310, 174]
[1, 1310, 148]
[1, 1310, 146]
[1, 1310, 151]
[1, 1310, 146]
[1, 1310, 165]
[1, 1310, 143]
[1, 1310, 134]
[1, 1310, 139]
[1, 1310, 143]
[1, 1310, 137]
[1, 1310, 133]
[1, 1310, 141]
[1, 1310, 158]
[1, 1310, 132]
[1, 1310, 126]
[1, 1310, 133]
[1, 1310, 134]
[1, 1310, 143]
[1, 1310, 133]
[1, 1310, 134]
[1, 1310, 130]
[1, 1310, 154]
[1, 1310, 136]
[1, 1310, 128]
[1, 1310, 143]
[1, 1310, 120]
[2, 2621, 353]
[2, 2621, 367]
[2, 2621, 333]
[2, 2621, 345]
[2, 2621, 361]
[2, 2621, 329]
[2, 2621, 340]
[2, 2621, 312]
[2, 2621, 366]
[2, 2621, 361]
[2, 2621, 327]
[2, 2621, 365]
[2, 2621, 369]
[2, 2621, 363]
[2, 2621, 361]
[2, 2621, 360]
[2, 2621, 383]
[2, 2621, 330]
[2, 2621, 340]
[2, 2621, 335]
[2, 2621, 352]
[2, 2621, 349]
[2, 2621, 333]
[2, 2621, 329]
[2, 2621, 362]
[2, 2621, 342]
[2, 2621, 350]
[2, 2621, 371]
[2, 2621, 331]
[2, 2621, 355]
[2, 2621, 346]
[2, 2621, 289]
[2, 2621, 336]
[2, 2621, 380]
[2, 2621, 360]
[2, 2621, 342]
[2, 2621, 344]
[2, 2621, 326]
[2, 2621, 366]
[2, 2621, 325]
[2, 2621, 356]
[2, 2621, 341]
[2, 2621, 350]
[2, 2621, 358]
[2, 2621, 377]
[2, 2621, 347]
[2, 2621, 309]
[2, 2621, 308]
[2, 2621, 340]
[2, 2621, 343]
[2, 2621, 307]
[2, 2621, 351]
[2, 2621, 373]
[2, 2621, 341]
[2, 2621, 353]
[2, 2621, 333]
[2, 2621, 311]
[2, 2621, 344]
[2, 2621, 352]
[2, 2621, 356]
[2, 2621, 343]
[2, 2621, 325]
[2, 2621, 336]
[2, 2621, 376]
[2, 2621, 338]
[2, 2621, 366]
[2, 2621, 302]
[2, 2621, 377]
[2, 2621, 308]
[2, 2621, 334]
[2, 2621, 376]
[2, 2621, 357]
[2, 2621, 334]
[2, 2621, 361]
[2, 2621, 338]
[2, 2621, 346]
[2, 2621, 330]
[2, 2621, 351]
[2, 2621, 364]
[2, 2621, 362]
[2, 2621, 346]
[2, 2621, 350]
[2, 2621, 369]
[2, 2621, 331]
[2, 2621, 332]
[2, 2621, 368]
[2, 2621, 372]
[2, 2621, 334]
[2, 2621, 348]
[2, 2621, 345]
[2, 2621, 352]
[2, 2621, 347]
[2, 2621, 322]
[2, 2621, 357]
[2, 2621, 365]
[2, 2621, 377]
[2, 2621, 353]
[2, 2621, 376]
[2, 2621, 319]
[2, 2621, 320]
[5, 6553, 1403]
[5, 6553, 1434]
[5, 6553, 1398]
[5, 6553, 1317]
[5, 6553, 1428]
[5, 6553, 1403]
[5, 6553, 1352]
[5, 6553, 1387]
[5, 6553, 1449]
[5, 6553, 1405]
[5, 6553, 1347]
[5, 6553, 1451]
[5, 6553, 1398]
[5, 6553, 1459]
[5, 6553, 1399]
[5, 6553, 1427]
[5, 6553, 1403]
[5, 6553, 1416]
[5, 6553, 1397]
[5, 6553, 1409]
[5, 6553, 1395]
[5, 6553, 1356]
[5, 6553, 1399]
[5, 6553, 1438]
[5, 6553, 1474]
[5, 6553, 1338]
[5, 6553, 1389]
[5, 6553, 1461]
[5, 6553, 1383]
[5, 6553, 1449]
[5, 6553, 1436]
[5, 6553, 1417]
[5, 6553, 1424]
[5, 6553, 1416]
[5, 6553, 1436]
[5, 6553, 1393]
[5, 6553, 1408]
[5, 6553, 1387]
[5, 6553, 1361]
[5, 6553, 1389]
[5, 6553, 1422]
[5, 6553, 1372]
[5, 6553, 1363]
[5, 6553, 1386]
[5, 6553, 1447]
[5, 6553, 1417]
[5, 6553, 1426]
[5, 6553, 1406]
[5, 6553, 1373]
[5, 6553, 1436]
[5, 6553, 1424]
[5, 6553, 1390]
[5, 6553, 1428]
[5, 6553, 1423]
[5, 6553, 1376]
[5, 6553, 1426]
[5, 6553, 1412]
[5, 6553, 1354]
[5, 6553, 1411]
[5, 6553, 1354]
[5, 6553, 1433]
[5, 6553, 1441]
[5, 6553, 1402]
[5, 6553, 1505]
[5, 6553, 1405]
[5, 6553, 1423]
[5, 6553, 1316]
[5, 6553, 1362]
[5, 6553, 1328]
[5, 6553, 1414]
[5, 6553, 1403]
[5, 6553, 1436]
[5, 6553, 1397]
[5, 6553, 1385]
[5, 6553, 1381]
[5, 6553, 1424]
[5, 6553, 1413]
[5, 6553, 1378]
[5, 6553, 1426]
[5, 6553, 1425]
[5, 6553, 1420]
[5, 6553, 1359]
[5, 6553, 1356]
[5, 6553, 1435]
[5, 6553, 1363]
[5, 6553, 1395]
[5, 6553, 1469]
[5, 6553, 1442]
[5, 6553, 1412]
[5, 6553, 1412]
[5, 6553, 1448]
[5, 6553, 1365]
[5, 6553, 1372]
[5, 6553, 1402]
[5, 6553, 1415]
[5, 6553, 1446]
[5, 6553, 1412]
[5, 6553, 1397]
[5, 6553, 1387]
[5, 6553, 1322]
[10, 13107, 4494]
[10, 13107, 4374]
[10, 13107, 4451]
[10, 13107, 4421]
[10, 13107, 4498]
[10, 13107, 4545]
[10, 13107, 4478]
[10, 13107, 4357]
[10, 13107, 4438]
[10, 13107, 4383]
[10, 13107, 4371]
[10, 13107, 4408]
[10, 13107, 4418]
[10, 13107, 4425]
[10, 13107, 4514]
[10, 13107, 4539]
[10, 13107, 4477]
[10, 13107, 4504]
[10, 13107, 4362]
[10, 13107, 4417]
[10, 13107, 4519]
[10, 13107, 4420]
[10, 13107, 4444]
[10, 13107, 4365]
[10, 13107, 4452]
[10, 13107, 4439]
[10, 13107, 4460]
[10, 13107, 4483]
[10, 13107, 4393]
[10, 13107, 4507]
[10, 13107, 4465]
[10, 13107, 4412]
[10, 13107, 4388]
[10, 13107, 4594]
[10, 13107, 4349]
[10, 13107, 4508]
[10, 13107, 4444]
[10, 13107, 4522]
[10, 13107, 4475]
[10, 13107, 4409]
[10, 13107, 4520]
[10, 13107, 4482]
[10, 13107, 4403]
[10, 13107, 4465]
[10, 13107, 4401]
[10, 13107, 4413]
[10, 13107, 4494]
[10, 13107, 4515]
[10, 13107, 4447]
[10, 13107, 4398]
[10, 13107, 4384]
[10, 13107, 4384]
[10, 13107, 4538]
[10, 13107, 4446]
[10, 13107, 4418]
[10, 13107, 4567]
[10, 13107, 4313]
[10, 13107, 4375]
[10, 13107, 4521]
[10, 13107, 4470]
[10, 13107, 4329]
[10, 13107, 4530]
[10, 13107, 4491]
[10, 13107, 4470]
[10, 13107, 4438]
[10, 13107, 4473]
[10, 13107, 4436]
[10, 13107, 4436]
[10, 13107, 4392]
[10, 13107, 4511]
[10, 13107, 4422]
[10, 13107, 4480]
[10, 13107, 4511]
[10, 13107, 4521]
[10, 13107, 4530]
[10, 13107, 4475]
[10, 13107, 4504]
[10, 13107, 4430]
[10, 13107, 4541]
[10, 13107, 4533]
[10, 13107, 4431]
[10, 13107, 4470]
[10, 13107, 4355]
[10, 13107, 4435]
[10, 13107, 4364]
[10, 13107, 4443]
[10, 13107, 4414]
[10, 13107, 4465]
[10, 13107, 4518]
[10, 13107, 4336]
[10, 13107, 4367]
[10, 13107, 4465]
[10, 13107, 4448]
[10, 13107, 4522]
[10, 13107, 4476]
[10, 13107, 4509]
[10, 13107, 4528]
[10, 13107, 4506]
[10, 13107, 4561]
[10, 13107, 4407]
[15, 19660, 8901]
[15, 19660, 8862]
[15, 19660, 8823]
[15, 19660, 8791]
[15, 19660, 8896]
[15, 19660, 8956]
[15, 19660, 8906]
[15, 19660, 8906]
[15, 19660, 8913]
[15, 19660, 8872]
[15, 19660, 8845]
[15, 19660, 8832]
[15, 19660, 8907]
[15, 19660, 8876]
[15, 19660, 8835]
[15, 19660, 8810]
[15, 19660, 8841]
[15, 19660, 8930]
[15, 19660, 9007]
[15, 19660, 8869]
[15, 19660, 8847]
[15, 19660, 8900]
[15, 19660, 8906]
[15, 19660, 8941]
[15, 19660, 8713]
[15, 19660, 8812]
[15, 19660, 8956]
[15, 19660, 8738]
[15, 19660, 8833]
[15, 19660, 8705]
[15, 19660, 9016]
[15, 19660, 8848]
[15, 19660, 8920]
[15, 19660, 8973]
[15, 19660, 8820]
[15, 19660, 8794]
[15, 19660, 8914]
[15, 19660, 8841]
[15, 19660, 8919]
[15, 19660, 8853]
[15, 19660, 8880]
[15, 19660, 8838]
[15, 19660, 9001]
[15, 19660, 8905]
[15, 19660, 8868]
[15, 19660, 8844]
[15, 19660, 8842]
[15, 19660, 8868]
[15, 19660, 8865]
[15, 19660, 8831]
[15, 19660, 8867]
[15, 19660, 8825]
[15, 19660, 8966]
[15, 19660, 8906]
[15, 19660, 8962]
[15, 19660, 8857]
[15, 19660, 8673]
[15, 19660, 8741]
[15, 19660, 8795]
[15, 19660, 8864]
[15, 19660, 8918]
[15, 19660, 8925]
[15, 19660, 8919]
[15, 19660, 8782]
[15, 19660, 8901]
[15, 19660, 8881]
[15, 19660, 8899]
[15, 19660, 8799]
[15, 19660, 8841]
[15, 19660, 8914]
[15, 19660, 8836]
[15, 19660, 8793]
[15, 19660, 8877]
[15, 19660, 8866]
[15, 19660, 8825]
[15, 19660, 8773]
[15, 19660, 8891]
[15, 19660, 8879]
[15, 19660, 8847]
[15, 19660, 8805]
[15, 19660, 8760]
[15, 19660, 8981]
[15, 19660, 8892]
[15, 19660, 8894]
[15, 19660, 8868]
[15, 19660, 8764]
[15, 19660, 8885]
[15, 19660, 8723]
[15, 19660, 8705]
[15, 19660, 8805]
[15, 19660, 8843]
[15, 19660, 8854]
[15, 19660, 8928]
[15, 19660, 8878]
[15, 19660, 8753]
[15, 19660, 8863]
[15, 19660, 8883]
[15, 19660, 8845]
[15, 19660, 8794]
[15, 19660, 8829]
[20, 26214, 14351]
[20, 26214, 14232]
[20, 26214, 14253]
[20, 26214, 14230]
[20, 26214, 14320]
[20, 26214, 14371]
[20, 26214, 14315]
[20, 26214, 14343]
[20, 26214, 14297]
[20, 26214, 14342]
[20, 26214, 14344]
[20, 26214, 14368]
[20, 26214, 14506]
[20, 26214, 14367]
[20, 26214, 14180]
[20, 26214, 14406]
[20, 26214, 14350]
[20, 26214, 14305]
[20, 26214, 14331]
[20, 26214, 14292]
[20, 26214, 14310]
[20, 26214, 14106]
[20, 26214, 14198]
[20, 26214, 14360]
[20, 26214, 14279]
[20, 26214, 14234]
[20, 26214, 14243]
[20, 26214, 14386]
[20, 26214, 14375]
[20, 26214, 14308]
[20, 26214, 14352]
[20, 26214, 14331]
[20, 26214, 14313]
[20, 26214, 14423]
[20, 26214, 14248]
[20, 26214, 14239]
[20, 26214, 14216]
[20, 26214, 14173]
[20, 26214, 14315]
[20, 26214, 14131]
[20, 26214, 14279]
[20, 26214, 14334]
[20, 26214, 14419]
[20, 26214, 14492]
[20, 26214, 14370]
[20, 26214, 14365]
[20, 26214, 14404]
[20, 26214, 14292]
[20, 26214, 14298]
[20, 26214, 14224]
[20, 26214, 14319]
[20, 26214, 14444]
[20, 26214, 14338]
[20, 26214, 14405]
[20, 26214, 14359]
[20, 26214, 14316]
[20, 26214, 14371]
[20, 26214, 14200]
[20, 26214, 14372]
[20, 26214, 14214]
[20, 26214, 14372]
[20, 26214, 14357]
[20, 26214, 14271]
[20, 26214, 14370]
[20, 26214, 14208]
[20, 26214, 14343]
[20, 26214, 14382]
[20, 26214, 14318]
[20, 26214, 14353]
[20, 26214, 14339]
[20, 26214, 14337]
[20, 26214, 14424]
[20, 26214, 14323]
[20, 26214, 14273]
[20, 26214, 14283]
[20, 26214, 14381]
[20, 26214, 14229]
[20, 26214, 14406]
[20, 26214, 14306]
[20, 26214, 14378]
[20, 26214, 14326]
[20, 26214, 14323]
[20, 26214, 14299]
[20, 26214, 14378]
[20, 26214, 14373]
[20, 26214, 14233]
[20, 26214, 14416]
[20, 26214, 14313]
[20, 26214, 14349]
[20, 26214, 14321]
[20, 26214, 14419]
[20, 26214, 14243]
[20, 26214, 14330]
[20, 26214, 14349]
[20, 26214, 14305]
[20, 26214, 14362]
[20, 26214, 14439]
[20, 26214, 14336]
[20, 26214, 14347]
[20, 26214, 14326]
[25, 32768, 20537]
[25, 32768, 20623]
[25, 32768, 20603]
[25, 32768, 20598]
[25, 32768, 20743]
[25, 32768, 20662]
[25, 32768, 20671]
[25, 32768, 20624]
[25, 32768, 20571]
[25, 32768, 20542]
[25, 32768, 20628]
[25, 32768, 20579]
[25, 32768, 20632]
[25, 32768, 20430]
[25, 32768, 20481]
[25, 32768, 20601]
[25, 32768, 20574]
[25, 32768, 20691]
[25, 32768, 20537]
[25, 32768, 20614]
[25, 32768, 20492]
[25, 32768, 20561]
[25, 32768, 20635]
[25, 32768, 20678]
[25, 32768, 20664]
[25, 32768, 20511]
[25, 32768, 20646]
[25, 32768, 20431]
[25, 32768, 20538]
[25, 32768, 20608]
[25, 32768, 20713]
[25, 32768, 20452]
[25, 32768, 20750]
[25, 32768, 20669]
[25, 32768, 20386]
[25, 32768, 20448]
[25, 32768, 20481]
[25, 32768, 20532]
[25, 32768, 20504]
[25, 32768, 20498]
[25, 32768, 20591]
[25, 32768, 20510]
[25, 32768, 20562]
[25, 32768, 20600]
[25, 32768, 20587]
[25, 32768, 20645]
[25, 32768, 20497]
[25, 32768, 20524]
[25, 32768, 20383]
[25, 32768, 20534]
[25, 32768, 20584]
[25, 32768, 20611]
[25, 32768, 20629]
[25, 32768, 20528]
[25, 32768, 20492]
[25, 32768, 20544]
[25, 32768, 20445]
[25, 32768, 20533]
[25, 32768, 20556]
[25, 32768, 20609]
[25, 32768, 20477]
[25, 32768, 20537]
[25, 32768, 20469]
[25, 32768, 20588]
[25, 32768, 20457]
[25, 32768, 20635]
[25, 32768, 20501]
[25, 32768, 20543]
[25, 32768, 20508]
[25, 32768, 20645]
[25, 32768, 20573]
[25, 32768, 20630]
[25, 32768, 20668]
[25, 32768, 20729]
[25, 32768, 20668]
[25, 32768, 20579]
[25, 32768, 20405]
[25, 32768, 20643]
[25, 32768, 20488]
[25, 32768, 20625]
[25, 32768, 20526]
[25, 32768, 20696]
[25, 32768, 20541]
[25, 32768, 20594]
[25, 32768, 20684]
[25, 32768, 20599]
[25, 32768, 20550]
[25, 32768, 20568]
[25, 32768, 20588]
[25, 32768, 20675]
[25, 32768, 20435]
[25, 32768, 20427]
[25, 32768, 20618]
[25, 32768, 20494]
[25, 32768, 20489]
[25, 32768, 20535]
[25, 32768, 20587]
[25, 32768, 20629]
[25, 32768, 20551]
[25, 32768, 20475]
[30, 39321, 27397]
[30, 39321, 27303]
[30, 39321, 27474]
[30, 39321, 27220]
[30, 39321, 27368]
[30, 39321, 27453]
[30, 39321, 27303]
[30, 39321, 27316]
[30, 39321, 27571]
[30, 39321, 27436]
[30, 39321, 27348]
[30, 39321, 27238]
[30, 39321, 27314]
[30, 39321, 27327]
[30, 39321, 27371]
[30, 39321, 27224]
[30, 39321, 27410]
[30, 39321, 27383]
[30, 39321, 27226]
[30, 39321, 27312]
[30, 39321, 27430]
[30, 39321, 27290]
[30, 39321, 27452]
[30, 39321, 27521]
[30, 39321, 27358]
[30, 39321, 27457]
[30, 39321, 27354]
[30, 39321, 27409]
[30, 39321, 27438]
[30, 39321, 27313]
[30, 39321, 27287]
[30, 39321, 27377]
[30, 39321, 27310]
[30, 39321, 27495]
[30, 39321, 27264]
[30, 39321, 27379]
[30, 39321, 27340]
[30, 39321, 27208]
[30, 39321, 27342]
[30, 39321, 27361]
[30, 39321, 27276]
[30, 39321, 27349]
[30, 39321, 27393]
[30, 39321, 27410]
[30, 39321, 27232]
[30, 39321, 27370]
[30, 39321, 27398]
[30, 39321, 27449]
[30, 39321, 27333]
[30, 39321, 27367]
[30, 39321, 27414]
[30, 39321, 27335]
[30, 39321, 27398]
[30, 39321, 27257]
[30, 39321, 27576]
[30, 39321, 27300]
[30, 39321, 27317]
[30, 39321, 27283]
[30, 39321, 27202]
[30, 39321, 27509]
[30, 39321, 27325]
[30, 39321, 27285]
[30, 39321, 27341]
[30, 39321, 27394]
[30, 39321, 27372]
[30, 39321, 27410]
[30, 39321, 27410]
[30, 39321, 27405]
[30, 39321, 27336]
[30, 39321, 27369]
[30, 39321, 27444]
[30, 39321, 27398]
[30, 39321, 27323]
[30, 39321, 27319]
[30, 39321, 27405]
[30, 39321, 27308]
[30, 39321, 27411]
[30, 39321, 27544]
[30, 39321, 27408]
[30, 39321, 27246]
[30, 39321, 27388]
[30, 39321, 27417]
[30, 39321, 27409]
[30, 39321, 27381]
[30, 39321, 27412]
[30, 39321, 27352]
[30, 39321, 27438]
[30, 39321, 27451]
[30, 39321, 27277]
[30, 39321, 27276]
[30, 39321, 27447]
[30, 39321, 27303]
[30, 39321, 27333]
[30, 39321, 27393]
[30, 39321, 27349]
[30, 39321, 27446]
[30, 39321, 27340]
[30, 39321, 27364]
[30, 39321, 27363]
[30, 39321, 27410]
[35, 45875, 34625]
[35, 45875, 34487]
[35, 45875, 34284]
[35, 45875, 34633]
[35, 45875, 34375]
[35, 45875, 34467]
[35, 45875, 34601]
[35, 45875, 34472]
[35, 45875, 34558]
[35, 45875, 34703]
[35, 45875, 34391]
[35, 45875, 34474]
[35, 45875, 34452]
[35, 45875, 34543]
[35, 45875, 34566]
[35, 45875, 34651]
[35, 45875, 34440]
[35, 45875, 34703]
[35, 45875, 34511]
[35, 45875, 34364]
[35, 45875, 34422]
[35, 45875, 34350]
[35, 45875, 34463]
[35, 45875, 34521]
[35, 45875, 34472]
[35, 45875, 34434]
[35, 45875, 34570]
[35, 45875, 34588]
[35, 45875, 34592]
[35, 45875, 34502]
[35, 45875, 34407]
[35, 45875, 34505]
[35, 45875, 34579]
[35, 45875, 34551]
[35, 45875, 34496]
[35, 45875, 34646]
[35, 45875, 34421]
[35, 45875, 34394]
[35, 45875, 34350]
[35, 45875, 34400]
[35, 45875, 34477]
[35, 45875, 34577]
[35, 45875, 34592]
[35, 45875, 34495]
[35, 45875, 34502]
[35, 45875, 34512]
[35, 45875, 34397]
[35, 45875, 34552]
[35, 45875, 34454]
[35, 45875, 34538]
[35, 45875, 34427]
[35, 45875, 34417]
[35, 45875, 34512]
[35, 45875, 34561]
[35, 45875, 34545]
[35, 45875, 34394]
[35, 45875, 34318]
[35, 45875, 34522]
[35, 45875, 34602]
[35, 45875, 34569]
[35, 45875, 34477]
[35, 45875, 34424]
[35, 45875, 34511]
[35, 45875, 34414]
[35, 45875, 34524]
[35, 45875, 34523]
[35, 45875, 34505]
[35, 45875, 34500]
[35, 45875, 34452]
[35, 45875, 34580]
[35, 45875, 34428]
[35, 45875, 34512]
[35, 45875, 34559]
[35, 45875, 34495]
[35, 45875, 34502]
[35, 45875, 34482]
[35, 45875, 34448]
[35, 45875, 34619]
[35, 45875, 34519]
[35, 45875, 34453]
[35, 45875, 34544]
[35, 45875, 34477]
[35, 45875, 34677]
[35, 45875, 34582]
[35, 45875, 34258]
[35, 45875, 34451]
[35, 45875, 34394]
[35, 45875, 34345]
[35, 45875, 34457]
[35, 45875, 34422]
[35, 45875, 34645]
[35, 45875, 34481]
[35, 45875, 34518]
[35, 45875, 34387]
[35, 45875, 34456]
[35, 45875, 34486]
[35, 45875, 34499]
[35, 45875, 34583]
[35, 45875, 34540]
[35, 45875, 34476]
[40, 52428, 41890]
[40, 52428, 41708]
[40, 52428, 41967]
[40, 52428, 41733]
[40, 52428, 41722]
[40, 52428, 41868]
[40, 52428, 41950]
[40, 52428, 41791]
[40, 52428, 41799]
[40, 52428, 41943]
[40, 52428, 41783]
[40, 52428, 41835]
[40, 52428, 41671]
[40, 52428, 41924]
[40, 52428, 41878]
[40, 52428, 41716]
[40, 52428, 41896]
[40, 52428, 41865]
[40, 52428, 41780]
[40, 52428, 41705]
[40, 52428, 41856]
[40, 52428, 41789]
[40, 52428, 42001]
[40, 52428, 41820]
[40, 52428, 41797]
[40, 52428, 41799]
[40, 52428, 41734]
[40, 52428, 41690]
[40, 52428, 41828]
[40, 52428, 41896]
[40, 52428, 41937]
[40, 52428, 41915]
[40, 52428, 41678]
[40, 52428, 41799]
[40, 52428, 41837]
[40, 52428, 41919]
[40, 52428, 41901]
[40, 52428, 41762]
[40, 52428, 41934]
[40, 52428, 41668]
[40, 52428, 41836]
[40, 52428, 41774]
[40, 52428, 41934]
[40, 52428, 41789]
[40, 52428, 41839]
[40, 52428, 41832]
[40, 52428, 41776]
[40, 52428, 41753]
[40, 52428, 41925]
[40, 52428, 41861]
[40, 52428, 41963]
[40, 52428, 41858]
[40, 52428, 41701]
[40, 52428, 41808]
[40, 52428, 41870]
[40, 52428, 41873]
[40, 52428, 41850]
[40, 52428, 41767]
[40, 52428, 41801]
[40, 52428, 41808]
[40, 52428, 41778]
[40, 52428, 41878]
[40, 52428, 41817]
[40, 52428, 41758]
[40, 52428, 41737]
[40, 52428, 41955]
[40, 52428, 41813]
[40, 52428, 41637]
[40, 52428, 41944]
[40, 52428, 41813]
[40, 52428, 41841]
[40, 52428, 41953]
[40, 52428, 41679]
[40, 52428, 41913]
[40, 52428, 41946]
[40, 52428, 41721]
[40, 52428, 41883]
[40, 52428, 41824]
[40, 52428, 41731]
[40, 52428, 41881]
[40, 52428, 41775]
[40, 52428, 41874]
[40, 52428, 41787]
[40, 52428, 41905]
[40, 52428, 41833]
[40, 52428, 41785]
[40, 52428, 42007]
[40, 52428, 41899]
[40, 52428, 41803]
[40, 52428, 41992]
[40, 52428, 41772]
[40, 52428, 41730]
[40, 52428, 41842]
[40, 52428, 41779]
[40, 52428, 41832]
[40, 52428, 41705]
[40, 52428, 41920]
[40, 52428, 41788]
[40, 52428, 41937]
[40, 52428, 41860]
