[1, 1310, 1, 0]
[1, 1310, 0, 0]
[1, 1310, 0, 0]
[1, 1310, 0, 1]
[1, 1310, 0, 0]
[1, 1310, 0, 0]
[1, 1310, 0, 1]
[1, 1310, 0, 0]
[1, 1310, 0, 0]
[1, 1310, 1, 0]
[1, 1310, 0, 0]
[1, 1310, 0, 0]
[1, 1310, 0, 3]
[1, 1310, 0, 0]
[1, 1310, 0, 0]
[1, 1310, 1, 0]
[1, 1310, 1, 0]
[1, 1310, 0, 0]
[1, 1310, 0, 0]
[1, 1310, 0, 2]
[1, 1310, 1, 0]
[1, 1310, 0, 0]
[1, 1310, 0, 0]
[1, 1310, 0, 0]
[1, 1310, 1, 0]
[1, 1310, 1, 0]
[1, 1310, 0, 0]
[1, 1310, 0, 1]
[1, 1310, 2, 1]
[1, 1310, 0, 0]
[1, 1310, 0, 0]
[1, 1310, 1, 0]
[1, 1310, 0, 0]
[1, 1310, 0, 0]
[1, 1310, 0, 0]
[1, 1310, 1, 0]
[1, 1310, 0, 1]
[1, 1310, 0, 0]
[1, 1310, 0, 0]
[1, 1310, 0, 0]
[1, 1310, 0, 0]
[1, 1310, 0, 0]
[1, 1310, 2, 0]
[1, 1310, 0, 0]
[1, 1310, 0, 1]
[1, 1310, 0, 0]
[1, 1310, 0, 1]
[1, 1310, 0, 0]
[1, 1310, 0, 1]
[1, 1310, 0, 0]
[1, 1310, 0, 1]
[1, 1310, 0, 0]
[1, 1310, 1, 0]
[1, 1310, 0, 0]
[1, 1310, 0, 0]
[1, 1310, 0, 0]
[1, 1310, 0, 1]
[1, 1310, 0, 0]
[1, 1310, 0, 0]
[1, 1310, 0, 0]
[1, 1310, 0, 0]
[1, 1310, 0, 0]
[1, 1310, 0, 1]
[1, 1310, 0, 0]
[1, 1310, 0, 0]
[1, 1310, 1, 2]
[1, 1310, 0, 1]
[1, 1310, 1, 0]
[1, 1310, 0, 0]
[1, 1310, 0, 0]
[1, 1310, 0, 0]
[1, 1310, 0, 0]
[1, 1310, 0, 1]
[1, 1310, 0, 0]
[1, 1310, 0, 0]
[1, 1310, 0, 0]
[1, 1310, 0, 2]
[1, 1310, 0, 1]
[1, 1310, 0, 0]
[1, 1310, 1, 0]
[1, 1310, 0, 0]
[1, 1310, 0, 0]
[1, 1310, 0, 2]
[1, 1310, 0, 0]
[1, 1310, 0, 2]
[1, 1310, 0, 1]
[1, 1310, 0, 0]
[1, 1310, 0, 0]
[1, 1310, 0, 0]
[1, 1310, 0, 0]
[1, 1310, 0, 1]
[1, 1310, 1, 0]
[1, 1310, 1, 0]
[1, 1310, 2, 0]
[1, 1310, 0, 1]
[1, 1310, 1, 0]
[1, 1310, 0, 0]
[1, 1310, 0, 0]
[1, 1310, 0, 0]
[1, 1310, 2, 1]
[2, 2621, 2, 0]
[2, 2621, 0, 1]
[2, 2621, 2, 2]
[2, 2621, 0, 4]
[2, 2621, 2, 1]
[2, 2621, 1, 2]
[2, 2621, 0, 1]
[2, 2621, 0, 4]
[2, 2621, 0, 3]
[2, 2621, 0, 4]
[2, 2621, 0, 0]
[2, 2621, 0, 4]
[2, 2621, 0, 0]
[2, 2621, 0, 2]
[2, 2621, 0, 2]
[2, 2621, 1, 3]
[2, 2621, 2, 2]
[2, 2621, 1, 0]
[2, 2621, 0, 0]
[2, 2621, 0, 0]
[2, 2621, 2, 1]
[2, 2621, 0, 0]
[2, 2621, 0, 0]
[2, 2621, 0, 0]
[2, 2621, 3, 0]
[2, 2621, 1, 1]
[2, 2621, 2, 3]
[2, 2621, 0, 2]
[2, 2621, 0, 1]
[2, 2621, 0, 1]
[2, 2621, 2, 1]
[2, 2621, 1, 6]
[2, 2621, 0, 0]
[2, 2621, 1, 2]
[2, 2621, 0, 1]
[2, 2621, 0, 1]
[2, 2621, 2, 2]
[2, 2621, 2, 1]
[2, 2621, 2, 3]
[2, 2621, 1, 0]
[2, 2621, 1, 2]
[2, 2621, 0, 2]
[2, 2621, 0, 0]
[2, 2621, 2, 0]
[2, 2621, 1, 0]
[2, 2621, 0, 0]
[2, 2621, 0, 1]
[2, 2621, 0, 1]
[2, 2621, 1, 5]
[2, 2621, 1, 1]
[2, 2621, 2, 0]
[2, 2621, 0, 0]
[2, 2621, 3, 1]
[2, 2621, 1, 0]
[2, 2621, 2, 0]
[2, 2621, 1, 2]
[2, 2621, 4, 3]
[2, 2621, 1, 1]
[2, 2621, 2, 0]
[2, 2621, 3, 1]
[2, 2621, 3, 0]
[2, 2621, 3, 1]
[2, 2621, 0, 0]
[2, 2621, 3, 0]
[2, 2621, 2, 4]
[2, 2621, 1, 2]
[2, 2621, 1, 1]
[2, 2621, 0, 1]
[2, 2621, 1, 1]
[2, 2621, 0, 1]
[2, 2621, 4, 1]
[2, 2621, 0, 0]
[2, 2621, 0, 1]
[2, 2621, 0, 2]
[2, 2621, 0, 1]
[2, 2621, 0, 0]
[2, 2621, 0, 1]
[2, 2621, 1, 0]
[2, 2621, 2, 0]
[2, 2621, 1, 0]
[2, 2621, 0, 1]
[2, 2621, 0, 2]
[2, 2621, 2, 4]
[2, 2621, 0, 0]
[2, 2621, 1, 0]
[2, 2621, 1, 0]
[2, 2621, 2, 2]
[2, 2621, 0, 1]
[2, 2621, 2, 2]
[2, 2621, 0, 3]
[2, 2621, 1, 2]
[2, 2621, 2, 1]
[2, 2621, 1, 1]
[2, 2621, 1, 1]
[2, 2621, 0, 1]
[2, 2621, 1, 2]
[2, 2621, 1, 0]
[2, 2621, 3, 0]
[2, 2621, 1, 3]
[2, 2621, 0, 5]
[5, 6553, 10, 9]
[5, 6553, 5, 10]
[5, 6553, 8, 8]
[5, 6553, 14, 6]
[5, 6553, 7, 8]
[5, 6553, 10, 10]
[5, 6553, 9, 18]
[5, 6553, 7, 13]
[5, 6553, 9, 21]
[5, 6553, 17, 10]
[5, 6553, 15, 9]
[5, 6553, 11, 14]
[5, 6553, 11, 14]
[5, 6553, 18, 8]
[5, 6553, 15, 12]
[5, 6553, 12, 20]
[5, 6553, 9, 14]
[5, 6553, 9, 12]
[5, 6553, 8, 6]
[5, 6553, 10, 7]
[5, 6553, 7, 9]
[5, 6553, 19, 8]
[5, 6553, 12, 14]
[5, 6553, 12, 17]
[5, 6553, 13, 11]
[5, 6553, 15, 16]
[5, 6553, 11, 16]
[5, 6553, 18, 11]
[5, 6553, 17, 10]
[5, 6553, 10, 13]
[5, 6553, 6, 11]
[5, 6553, 17, 12]
[5, 6553, 9, 9]
[5, 6553, 8, 10]
[5, 6553, 10, 8]
[5, 6553, 4, 11]
[5, 6553, 9, 17]
[5, 6553, 9, 13]
[5, 6553, 8, 8]
[5, 6553, 10, 10]
[5, 6553, 6, 14]
[5, 6553, 8, 9]
[5, 6553, 13, 18]
[5, 6553, 11, 12]
[5, 6553, 9, 10]
[5, 6553, 8, 5]
[5, 6553, 8, 9]
[5, 6553, 11, 13]
[5, 6553, 9, 15]
[5, 6553, 1, 9]
[5, 6553, 18, 10]
[5, 6553, 5, 20]
[5, 6553, 12, 6]
[5, 6553, 14, 13]
[5, 6553, 7, 10]
[5, 6553, 11, 9]
[5, 6553, 14, 9]
[5, 6553, 15, 12]
[5, 6553, 12, 7]
[5, 6553, 13, 16]
[5, 6553, 8, 5]
[5, 6553, 10, 10]
[5, 6553, 9, 9]
[5, 6553, 9, 13]
[5, 6553, 11, 7]
[5, 6553, 16, 8]
[5, 6553, 12, 10]
[5, 6553, 13, 20]
[5, 6553, 5, 4]
[5, 6553, 9, 12]
[5, 6553, 11, 22]
[5, 6553, 17, 6]
[5, 6553, 7, 18]
[5, 6553, 14, 3]
[5, 6553, 9, 8]
[5, 6553, 12, 15]
[5, 6553, 11, 6]
[5, 6553, 8, 9]
[5, 6553, 8, 11]
[5, 6553, 7, 15]
[5, 6553, 19, 11]
[5, 6553, 15, 13]
[5, 6553, 9, 9]
[5, 6553, 8, 16]
[5, 6553, 7, 13]
[5, 6553, 10, 9]
[5, 6553, 8, 11]
[5, 6553, 13, 10]
[5, 6553, 4, 19]
[5, 6553, 17, 17]
[5, 6553, 7, 13]
[5, 6553, 15, 12]
[5, 6553, 14, 3]
[5, 6553, 9, 11]
[5, 6553, 10, 9]
[5, 6553, 9, 6]
[5, 6553, 16, 14]
[5, 6553, 12, 5]
[5, 6553, 15, 12]
[5, 6553, 12, 18]
[10, 13107, 60, 95]
[10, 13107, 65, 62]
[10, 13107, 77, 68]
[10, 13107, 85, 65]
[10, 13107, 74, 70]
[10, 13107, 63, 48]
[10, 13107, 76, 47]
[10, 13107, 70, 77]
[10, 13107, 74, 65]
[10, 13107, 73, 72]
[10, 13107, 49, 76]
[10, 13107, 70, 75]
[10, 13107, 69, 58]
[10, 13107, 69, 82]
[10, 13107, 77, 70]
[10, 13107, 67, 63]
[10, 13107, 79, 62]
[10, 13107, 77, 77]
[10, 13107, 61, 62]
[10, 13107, 58, 82]
[10, 13107, 73, 72]
[10, 13107, 62, 70]
[10, 13107, 77, 72]
[10, 13107, 72, 72]
[10, 13107, 56, 67]
[10, 13107, 77, 67]
[10, 13107, 75, 71]
[10, 13107, 65, 91]
[10, 13107, 76, 55]
[10, 13107, 65, 64]
[10, 13107, 77, 66]
[10, 13107, 53, 72]
[10, 13107, 63, 63]
[10, 13107, 52, 76]
[10, 13107, 65, 70]
[10, 13107, 60, 72]
[10, 13107, 49, 85]
[10, 13107, 69, 68]
[10, 13107, 57, 61]
[10, 13107, 85, 94]
[10, 13107, 83, 54]
[10, 13107, 70, 66]
[10, 13107, 69, 72]
[10, 13107, 48, 83]
[10, 13107, 51, 50]
[10, 13107, 38, 61]
[10, 13107, 92, 57]
[10, 13107, 62, 54]
[10, 13107, 57, 97]
[10, 13107, 63, 61]
[10, 13107, 52, 59]
[10, 13107, 69, 70]
[10, 13107, 76, 62]
[10, 13107, 61, 68]
[10, 13107, 57, 82]
[10, 13107, 87, 86]
[10, 13107, 83, 72]
[10, 13107, 64, 54]
[10, 13107, 63, 70]
[10, 13107, 71, 69]
[10, 13107, 78, 52]
[10, 13107, 75, 68]
[10, 13107, 62, 87]
[10, 13107, 76, 60]
[10, 13107, 68, 62]
[10, 13107, 63, 74]
[10, 13107, 68, 79]
[10, 13107, 59, 64]
[10, 13107, 73, 69]
[10, 13107, 50, 82]
[10, 13107, 72, 72]
[10, 13107, 66, 62]
[10, 13107, 57, 76]
[10, 13107, 68, 67]
[10, 13107, 74, 62]
[10, 13107, 73, 63]
[10, 13107, 61, 54]
[10, 13107, 57, 85]
[10, 13107, 82, 76]
[10, 13107, 64, 64]
[10, 13107, 58, 68]
[10, 13107, 67, 72]
[10, 13107, 54, 48]
[10, 13107, 67, 77]
[10, 13107, 72, 72]
[10, 13107, 62, 64]
[10, 13107, 67, 72]
[10, 13107, 54, 64]
[10, 13107, 66, 88]
[10, 13107, 68, 84]
[10, 13107, 93, 65]
[10, 13107, 64, 63]
[10, 13107, 63, 54]
[10, 13107, 87, 71]
[10, 13107, 81, 87]
[10, 13107, 63, 61]
[10, 13107, 83, 83]
[10, 13107, 70, 73]
[10, 13107, 77, 76]
[10, 13107, 71, 85]
[15, 19660, 216, 245]
[15, 19660, 206, 215]
[15, 19660, 190, 197]
[15, 19660, 183, 212]
[15, 19660, 207, 229]
[15, 19660, 231, 208]
[15, 19660, 192, 223]
[15, 19660, 230, 184]
[15, 19660, 211, 231]
[15, 19660, 202, 188]
[15, 19660, 189, 229]
[15, 19660, 236, 199]
[15, 19660, 171, 173]
[15, 19660, 196, 207]
[15, 19660, 218, 205]
[15, 19660, 201, 210]
[15, 19660, 208, 177]
[15, 19660, 198, 225]
[15, 19660, 196, 195]
[15, 19660, 221, 210]
[15, 19660, 233, 213]
[15, 19660, 191, 222]
[15, 19660, 216, 205]
[15, 19660, 247, 213]
[15, 19660, 248, 207]
[15, 19660, 194, 248]
[15, 19660, 188, 219]
[15, 19660, 208, 235]
[15, 19660, 232, 188]
[15, 19660, 195, 200]
[15, 19660, 199, 215]
[15, 19660, 216, 210]
[15, 19660, 191, 212]
[15, 19660, 168, 220]
[15, 19660, 218, 215]
[15, 19660, 210, 233]
[15, 19660, 217, 203]
[15, 19660, 184, 208]
[15, 19660, 230, 203]
[15, 19660, 213, 193]
[15, 19660, 214, 183]
[15, 19660, 203, 209]
[15, 19660, 233, 233]
[15, 19660, 227, 233]
[15, 19660, 210, 183]
[15, 19660, 175, 224]
[15, 19660, 223, 209]
[15, 19660, 206, 209]
[15, 19660, 210, 224]
[15, 19660, 168, 213]
[15, 19660, 229, 201]
[15, 19660, 176, 238]
[15, 19660, 185, 243]
[15, 19660, 183, 216]
[15, 19660, 222, 252]
[15, 19660, 234, 187]
[15, 19660, 220, 205]
[15, 19660, 206, 213]
[15, 19660, 174, 188]
[15, 19660, 244, 169]
[15, 19660, 203, 206]
[15, 19660, 211, 203]
[15, 19660, 219, 212]
[15, 19660, 189, 219]
[15, 19660, 222, 222]
[15, 19660, 186, 231]
[15, 19660, 206, 220]
[15, 19660, 212, 208]
[15, 19660, 213, 185]
[15, 19660, 197, 201]
[15, 19660, 218, 219]
[15, 19660, 204, 196]
[15, 19660, 197, 205]
[15, 19660, 206, 222]
[15, 19660, 209, 222]
[15, 19660, 214, 198]
[15, 19660, 202, 212]
[15, 19660, 182, 212]
[15, 19660, 184, 211]
[15, 19660, 204, 216]
[15, 19660, 217, 202]
[15, 19660, 199, 186]
[15, 19660, 219, 216]
[15, 19660, 213, 207]
[15, 19660, 203, 209]
[15, 19660, 216, 210]
[15, 19660, 217, 214]
[15, 19660, 217, 195]
[15, 19660, 203, 230]
[15, 19660, 189, 231]
[15, 19660, 177, 190]
[15, 19660, 230, 179]
[15, 19660, 206, 216]
[15, 19660, 201, 168]
[15, 19660, 232, 215]
[15, 19660, 209, 236]
[15, 19660, 197, 228]
[15, 19660, 203, 222]
[15, 19660, 221, 177]
[15, 19660, 195, 200]
[20, 26214, 465, 478]
[20, 26214, 428, 449]
[20, 26214, 437, 452]
[20, 26214, 446, 483]
[20, 26214, 395, 501]
[20, 26214, 471, 460]
[20, 26214, 426, 483]
[20, 26214, 469, 424]
[20, 26214, 458, 460]
[20, 26214, 448, 457]
[20, 26214, 493, 458]
[20, 26214, 475, 432]
[20, 26214, 493, 466]
[20, 26214, 444, 441]
[20, 26214, 482, 455]
[20, 26214, 491, 476]
[20, 26214, 442, 437]
[20, 26214, 417, 471]
[20, 26214, 454, 443]
[20, 26214, 469, 496]
[20, 26214, 509, 456]
[20, 26214, 464, 495]
[20, 26214, 424, 495]
[20, 26214, 464, 471]
[20, 26214, 462, 436]
[20, 26214, 463, 449]
[20, 26214, 464, 467]
[20, 26214, 415, 489]
[20, 26214, 471, 435]
[20, 26214, 493, 474]
[20, 26214, 445, 438]
[20, 26214, 464, 466]
[20, 26214, 427, 429]
[20, 26214, 507, 482]
[20, 26214, 460, 457]
[20, 26214, 461, 461]
[20, 26214, 463, 484]
[20, 26214, 452, 502]
[20, 26214, 466, 444]
[20, 26214, 380, 471]
[20, 26214, 452, 410]
[20, 26214, 442, 444]
[20, 26214, 521, 452]
[20, 26214, 453, 487]
[20, 26214, 490, 496]
[20, 26214, 435, 444]
[20, 26214, 503, 440]
[20, 26214, 428, 421]
[20, 26214, 446, 489]
[20, 26214, 412, 482]
[20, 26214, 434, 451]
[20, 26214, 455, 438]
[20, 26214, 395, 463]
[20, 26214, 465, 474]
[20, 26214, 502, 414]
[20, 26214, 452, 469]
[20, 26214, 429, 423]
[20, 26214, 476, 451]
[20, 26214, 493, 474]
[20, 26214, 454, 430]
[20, 26214, 463, 471]
[20, 26214, 463, 419]
[20, 26214, 479, 481]
[20, 26214, 475, 412]
[20, 26214, 413, 483]
[20, 26214, 429, 476]
[20, 26214, 458, 465]
[20, 26214, 470, 461]
[20, 26214, 466, 477]
[20, 26214, 418, 455]
[20, 26214, 480, 480]
[20, 26214, 466, 473]
[20, 26214, 437, 431]
[20, 26214, 401, 470]
[20, 26214, 400, 499]
[20, 26214, 467, 418]
[20, 26214, 472, 469]
[20, 26214, 433, 400]
[20, 26214, 438, 488]
[20, 26214, 438, 477]
[20, 26214, 407, 428]
[20, 26214, 443, 506]
[20, 26214, 440, 475]
[20, 26214, 475, 423]
[20, 26214, 503, 506]
[20, 26214, 418, 479]
[20, 26214, 437, 484]
[20, 26214, 470, 471]
[20, 26214, 452, 462]
[20, 26214, 484, 430]
[20, 26214, 427, 428]
[20, 26214, 523, 408]
[20, 26214, 466, 439]
[20, 26214, 382, 429]
[20, 26214, 452, 471]
[20, 26214, 463, 439]
[20, 26214, 437, 464]
[20, 26214, 485, 444]
[20, 26214, 508, 441]
[20, 26214, 449, 500]
[25, 32768, 782, 835]
[25, 32768, 790, 851]
[25, 32768, 776, 845]
[25, 32768, 903, 805]
[25, 32768, 784, 857]
[25, 32768, 869, 834]
[25, 32768, 837, 908]
[25, 32768, 834, 781]
[25, 32768, 826, 854]
[25, 32768, 854, 844]
[25, 32768, 888, 814]
[25, 32768, 838, 800]
[25, 32768, 784, 848]
[25, 32768, 876, 845]
[25, 32768, 833, 840]
[25, 32768, 863, 866]
[25, 32768, 810, 878]
[25, 32768, 816, 904]
[25, 32768, 813, 753]
[25, 32768, 786, 829]
[25, 32768, 902, 834]
[25, 32768, 851, 787]
[25, 32768, 827, 817]
[25, 32768, 881, 802]
[25, 32768, 801, 870]
[25, 32768, 812, 854]
[25, 32768, 835, 830]
[25, 32768, 852, 896]
[25, 32768, 901, 790]
[25, 32768, 846, 864]
[25, 32768, 874, 832]
[25, 32768, 805, 808]
[25, 32768, 831, 875]
[25, 32768, 830, 882]
[25, 32768, 861, 823]
[25, 32768, 829, 938]
[25, 32768, 876, 857]
[25, 32768, 835, 859]
[25, 32768, 882, 814]
[25, 32768, 771, 864]
[25, 32768, 842, 802]
[25, 32768, 830, 785]
[25, 32768, 801, 858]
[25, 32768, 843, 890]
[25, 32768, 818, 815]
[25, 32768, 859, 840]
[25, 32768, 873, 832]
[25, 32768, 912, 839]
[25, 32768, 849, 870]
[25, 32768, 817, 825]
[25, 32768, 820, 862]
[25, 32768, 777, 879]
[25, 32768, 854, 853]
[25, 32768, 841, 812]
[25, 32768, 849, 828]
[25, 32768, 856, 759]
[25, 32768, 897, 814]
[25, 32768, 859, 904]
[25, 32768, 818, 755]
[25, 32768, 873, 817]
[25, 32768, 857, 872]
[25, 32768, 862, 878]
[25, 32768, 807, 839]
[25, 32768, 849, 823]
[25, 32768, 833, 851]
[25, 32768, 783, 876]
[25, 32768, 876, 886]
[25, 32768, 791, 773]
[25, 32768, 845, 773]
[25, 32768, 788, 824]
[25, 32768, 844, 836]
[25, 32768, 808, 802]
[25, 32768, 830, 848]
[25, 32768, 838, 831]
[25, 32768, 837, 825]
[25, 32768, 842, 814]
[25, 32768, 810, 832]
[25, 32768, 847, 855]
[25, 32768, 882, 901]
[25, 32768, 806, 798]
[25, 32768, 869, 845]
[25, 32768, 828, 820]
[25, 32768, 821, 837]
[25, 32768, 812, 855]
[25, 32768, 813, 879]
[25, 32768, 799, 815]
[25, 32768, 763, 843]
[25, 32768, 847, 876]
[25, 32768, 834, 914]
[25, 32768, 812, 797]
[25, 32768, 793, 897]
[25, 32768, 820, 726]
[25, 32768, 906, 844]
[25, 32768, 865, 918]
[25, 32768, 809, 841]
[25, 32768, 862, 783]
[25, 32768, 911, 865]
[25, 32768, 912, 841]
[25, 32768, 835, 839]
[25, 32768, 837, 843]
[30, 39321, 1284, 1403]
[30, 39321, 1366, 1414]
[30, 39321, 1395, 1356]
[30, 39321, 1393, 1404]
[30, 39321, 1325, 1404]
[30, 39321, 1367, 1357]
[30, 39321, 1375, 1333]
[30, 39321, 1388, 1272]
[30, 39321, 1317, 1418]
[30, 39321, 1379, 1312]
[30, 39321, 1339, 1323]
[30, 39321, 1481, 1401]
[30, 39321, 1336, 1419]
[30, 39321, 1425, 1290]
[30, 39321, 1464, 1359]
[30, 39321, 1444, 1316]
[30, 39321, 1378, 1346]
[30, 39321, 1362, 1387]
[30, 39321, 1417, 1337]
[30, 39321, 1414, 1331]
[30, 39321, 1364, 1409]
[30, 39321, 1385, 1329]
[30, 39321, 1347, 1369]
[30, 39321, 1419, 1456]
[30, 39321, 1381, 1363]
[30, 39321, 1399, 1349]
[30, 39321, 1322, 1406]
[30, 39321, 1303, 1301]
[30, 39321, 1448, 1324]
[30, 39321, 1412, 1384]
[30, 39321, 1323, 1402]
[30, 39321, 1365, 1338]
[30, 39321, 1409, 1390]
[30, 39321, 1365, 1347]
[30, 39321, 1272, 1392]
[30, 39321, 1366, 1387]
[30, 39321, 1369, 1422]
[30, 39321, 1379, 1377]
[30, 39321, 1397, 1349]
[30, 39321, 1414, 1460]
[30, 39321, 1400, 1291]
[30, 39321, 1313, 1349]
[30, 39321, 1401, 1329]
[30, 39321, 1416, 1503]
[30, 39321, 1336, 1270]
[30, 39321, 1457, 1315]
[30, 39321, 1433, 1349]
[30, 39321, 1393, 1267]
[30, 39321, 1334, 1394]
[30, 39321, 1345, 1476]
[30, 39321, 1300, 1379]
[30, 39321, 1356, 1423]
[30, 39321, 1305, 1415]
[30, 39321, 1424, 1304]
[30, 39321, 1346, 1402]
[30, 39321, 1344, 1415]
[30, 39321, 1415, 1349]
[30, 39321, 1425, 1328]
[30, 39321, 1378, 1396]
[30, 39321, 1497, 1362]
[30, 39321, 1424, 1358]
[30, 39321, 1389, 1364]
[30, 39321, 1434, 1300]
[30, 39321, 1345, 1460]
[30, 39321, 1252, 1427]
[30, 39321, 1231, 1415]
[30, 39321, 1391, 1417]
[30, 39321, 1424, 1315]
[30, 39321, 1402, 1349]
[30, 39321, 1404, 1370]
[30, 39321, 1455, 1373]
[30, 39321, 1355, 1393]
[30, 39321, 1400, 1385]
[30, 39321, 1335, 1284]
[30, 39321, 1420, 1368]
[30, 39321, 1351, 1422]
[30, 39321, 1391, 1317]
[30, 39321, 1302, 1386]
[30, 39321, 1401, 1332]
[30, 39321, 1366, 1324]
[30, 39321, 1409, 1392]
[30, 39321, 1385, 1399]
[30, 39321, 1400, 1331]
[30, 39321, 1382, 1328]
[30, 39321, 1259, 1325]
[30, 39321, 1393, 1381]
[30, 39321, 1346, 1382]
[30, 39321, 1376, 1405]
[30, 39321, 1311, 1333]
[30, 39321, 1467, 1347]
[30, 39321, 1371, 1390]
[30, 39321, 1353, 1328]
[30, 39321, 1313, 1402]
[30, 39321, 1374, 1416]
[30, 39321, 1460, 1284]
[30, 39321, 1354, 1380]
[30, 39321, 1331, 1390]
[30, 39321, 1328, 1380]
[30, 39321, 1347, 1281]
[30, 39321, 1367, 1417]
[35, 45875, 1940, 2132]
[35, 45875, 2074, 2086]
[35, 45875, 2022, 2049]
[35, 45875, 2119, 2096]
[35, 45875, 2035, 2056]
[35, 45875, 2036, 2086]
[35, 45875, 2051, 2107]
[35, 45875, 2151, 1987]
[35, 45875, 2104, 2045]
[35, 45875, 2070, 1937]
[35, 45875, 2075, 2169]
[35, 45875, 2103, 2070]
[35, 45875, 2001, 2026]
[35, 45875, 2148, 1976]
[35, 45875, 2093, 2085]
[35, 45875, 2096, 2051]
[35, 45875, 2126, 2057]
[35, 45875, 2028, 2075]
[35, 45875, 2038, 2057]
[35, 45875, 2018, 2065]
[35, 45875, 2108, 2167]
[35, 45875, 2018, 2005]
[35, 45875, 2069, 2056]
[35, 45875, 2025, 2080]
[35, 45875, 2029, 2010]
[35, 45875, 2008, 2022]
[35, 45875, 2045, 2099]
[35, 45875, 1950, 2156]
[35, 45875, 2054, 2020]
[35, 45875, 2109, 1956]
[35, 45875, 2280, 1976]
[35, 45875, 2132, 1993]
[35, 45875, 2039, 2068]
[35, 45875, 2062, 2100]
[35, 45875, 2068, 2056]
[35, 45875, 2084, 2185]
[35, 45875, 2127, 2041]
[35, 45875, 1933, 2037]
[35, 45875, 2101, 2065]
[35, 45875, 2144, 2117]
[35, 45875, 2115, 2093]
[35, 45875, 2105, 2065]
[35, 45875, 2057, 1961]
[35, 45875, 2035, 2125]
[35, 45875, 2030, 2054]
[35, 45875, 2101, 2020]
[35, 45875, 2009, 2028]
[35, 45875, 2111, 1960]
[35, 45875, 2037, 2019]
[35, 45875, 2060, 2056]
[35, 45875, 2030, 2142]
[35, 45875, 2022, 2099]
[35, 45875, 1949, 1969]
[35, 45875, 2141, 1886]
[35, 45875, 2047, 2048]
[35, 45875, 2055, 2145]
[35, 45875, 2051, 2039]
[35, 45875, 2109, 2026]
[35, 45875, 2102, 2086]
[35, 45875, 2076, 2025]
[35, 45875, 2071, 2073]
[35, 45875, 2063, 1998]
[35, 45875, 2068, 2154]
[35, 45875, 2034, 2086]
[35, 45875, 1992, 2057]
[35, 45875, 1973, 2099]
[35, 45875, 2109, 2133]
[35, 45875, 2130, 2070]
[35, 45875, 2161, 2043]
[35, 45875, 2070, 2027]
[35, 45875, 2091, 1956]
[35, 45875, 2063, 2049]
[35, 45875, 2164, 2065]
[35, 45875, 2165, 2141]
[35, 45875, 2082, 2113]
[35, 45875, 1966, 2099]
[35, 45875, 2110, 1978]
[35, 45875, 2057, 2028]
[35, 45875, 1999, 2127]
[35, 45875, 2077, 2016]
[35, 45875, 2104, 2017]
[35, 45875, 2087, 2049]
[35, 45875, 2081, 2084]
[35, 45875, 2060, 2093]
[35, 45875, 2089, 2149]
[35, 45875, 2080, 2001]
[35, 45875, 2048, 2033]
[35, 45875, 2203, 2153]
[35, 45875, 2106, 2090]
[35, 45875, 2157, 2065]
[35, 45875, 1988, 2061]
[35, 45875, 2049, 1982]
[35, 45875, 2077, 2050]
[35, 45875, 2077, 2031]
[35, 45875, 2064, 1976]
[35, 45875, 2031, 2049]
[35, 45875, 2051, 2070]
[35, 45875, 2099, 2096]
[35, 45875, 2139, 2028]
[35, 45875, 2102, 1993]
[40, 52428, 2939, 2980]
[40, 52428, 2945, 2933]
[40, 52428, 2919, 3007]
[40, 52428, 2891, 2927]
[40, 52428, 2964, 2939]
[40, 52428, 2933, 2972]
[40, 52428, 3004, 3000]
[40, 52428, 3098, 2874]
[40, 52428, 2999, 2919]
[40, 52428, 2887, 2962]
[40, 52428, 2927, 2906]
[40, 52428, 2981, 2901]
[40, 52428, 2904, 2949]
[40, 52428, 3062, 2910]
[40, 52428, 3095, 2846]
[40, 52428, 2792, 2889]
[40, 52428, 2890, 2848]
[40, 52428, 2975, 3073]
[40, 52428, 2951, 2895]
[40, 52428, 2944, 2825]
[40, 52428, 3024, 2922]
[40, 52428, 2921, 2972]
[40, 52428, 2884, 2957]
[40, 52428, 2859, 3025]
[40, 52428, 2958, 2879]
[40, 52428, 3012, 2907]
[40, 52428, 2820, 3067]
[40, 52428, 2741, 3000]
[40, 52428, 2959, 2854]
[40, 52428, 3001, 2761]
[40, 52428, 2987, 2741]
[40, 52428, 3069, 2763]
[40, 52428, 2950, 2944]
[40, 52428, 2819, 2895]
[40, 52428, 3004, 2803]
[40, 52428, 2944, 3049]
[40, 52428, 2913, 3064]
[40, 52428, 2927, 2852]
[40, 52428, 2954, 3003]
[40, 52428, 2886, 3017]
[40, 52428, 2997, 2928]
[40, 52428, 2921, 3000]
[40, 52428, 2948, 2833]
[40, 52428, 3029, 3027]
[40, 52428, 2904, 2869]
[40, 52428, 3074, 2906]
[40, 52428, 2985, 2901]
[40, 52428, 2998, 2852]
[40, 52428, 2891, 2901]
[40, 52428, 2977, 2890]
[40, 52428, 3075, 2856]
[40, 52428, 2988, 3054]
[40, 52428, 2868, 2896]
[40, 52428, 3047, 2830]
[40, 52428, 2879, 2913]
[40, 52428, 2926, 2971]
[40, 52428, 2960, 2899]
[40, 52428, 3053, 3043]
[40, 52428, 2960, 3072]
[40, 52428, 3117, 3019]
[40, 52428, 2920, 2907]
[40, 52428, 3041, 2962]
[40, 52428, 2874, 3026]
[40, 52428, 2933, 2978]
[40, 52428, 2895, 2926]
[40, 52428, 2823, 3056]
[40, 52428, 2951, 3034]
[40, 52428, 2862, 3023]
[40, 52428, 2991, 2911]
[40, 52428, 2968, 2937]
[40, 52428, 2891, 2946]
[40, 52428, 2929, 2834]
[40, 52428, 3021, 2967]
[40, 52428, 2958, 2896]
[40, 52428, 2847, 2992]
[40, 52428, 2951, 2927]
[40, 52428, 3026, 2761]
[40, 52428, 2901, 2971]
[40, 52428, 2906, 3008]
[40, 52428, 2919, 2942]
[40, 52428, 2965, 2958]
[40, 52428, 2874, 2952]
[40, 52428, 2963, 2857]
[40, 52428, 2906, 3024]
[40, 52428, 2926, 2889]
[40, 52428, 2991, 2791]
[40, 52428, 2847, 3039]
[40, 52428, 2883, 2921]
[40, 52428, 2745, 2957]
[40, 52428, 3054, 2822]
[40, 52428, 2851, 2930]
[40, 52428, 2937, 2972]
[40, 52428, 3027, 2979]
[40, 52428, 2973, 2907]
[40, 52428, 2893, 2892]
[40, 52428, 2986, 2923]
[40, 52428, 2932, 2964]
[40, 52428, 2940, 3113]
[40, 52428, 3023, 2842]
[40, 52428, 2949, 2974]
