[1, 1310, 0]
[1, 1310, 0]
[1, 1310, 2]
[1, 1310, 0]
[1, 1310, 1]
[1, 1310, 0]
[1, 1310, 1]
[1, 1310, 0]
[1, 1310, 0]
[1, 1310, 1]
[1, 1310, 0]
[1, 1310, 0]
[1, 1310, 1]
[1, 1310, 1]
[1, 1310, 1]
[1, 1310, 0]
[1, 1310, 1]
[1, 1310, 0]
[1, 1310, 1]
[1, 1310, 1]
[1, 1310, 0]
[1, 1310, 0]
[1, 1310, 0]
[1, 1310, 0]
[1, 1310, 0]
[1, 1310, 0]
[1, 1310, 0]
[1, 1310, 0]
[1, 1310, 2]
[1, 1310, 0]
[1, 1310, 1]
[1, 1310, 1]
[1, 1310, 1]
[1, 1310, 0]
[1, 1310, 1]
[1, 1310, 0]
[1, 1310, 1]
[1, 1310, 1]
[1, 1310, 0]
[1, 1310, 1]
[1, 1310, 0]
[1, 1310, 0]
[1, 1310, 0]
[1, 1310, 1]
[1, 1310, 0]
[1, 1310, 5]
[1, 1310, 0]
[1, 1310, 0]
[1, 1310, 1]
[1, 1310, 2]
[1, 1310, 1]
[1, 1310, 0]
[1, 1310, 0]
[1, 1310, 0]
[1, 1310, 0]
[1, 1310, 0]
[1, 1310, 1]
[1, 1310, 0]
[1, 1310, 1]
[1, 1310, 0]
[1, 1310, 2]
[1, 1310, 0]
[1, 1310, 0]
[1, 1310, 0]
[1, 1310, 0]
[1, 1310, 0]
[1, 1310, 3]
[1, 1310, 0]
[1, 1310, 0]
[1, 1310, 0]
[1, 1310, 2]
[1, 1310, 0]
[1, 1310, 0]
[1, 1310, 0]
[1, 1310, 0]
[1, 1310, 0]
[1, 1310, 0]
[1, 1310, 1]
[1, 1310, 0]
[1, 1310, 0]
[1, 1310, 0]
[1, 1310, 1]
[1, 1310, 0]
[1, 1310, 0]
[1, 1310, 0]
[1, 1310, 0]
[1, 1310, 0]
[1, 1310, 0]
[1, 1310, 2]
[1, 1310, 0]
[1, 1310, 1]
[1, 1310, 0]
[1, 1310, 1]
[1, 1310, 0]
[1, 1310, 1]
[1, 1310, 1]
[1, 1310, 0]
[1, 1310, 0]
[1, 1310, 0]
[1, 1310, 0]
[2, 2621, 0]
[2, 2621, 5]
[2, 2621, 5]
[2, 2621, 4]
[2, 2621, 0]
[2, 2621, 3]
[2, 2621, 1]
[2, 2621, 1]
[2, 2621, 1]
[2, 2621, 3]
[2, 2621, 3]
[2, 2621, 3]
[2, 2621, 1]
[2, 2621, 2]
[2, 2621, 1]
[2, 2621, 2]
[2, 2621, 3]
[2, 2621, 2]
[2, 2621, 2]
[2, 2621, 1]
[2, 2621, 2]
[2, 2621, 2]
[2, 2621, 0]
[2, 2621, 0]
[2, 2621, 5]
[2, 2621, 2]
[2, 2621, 1]
[2, 2621, 1]
[2, 2621, 3]
[2, 2621, 2]
[2, 2621, 4]
[2, 2621, 2]
[2, 2621, 3]
[2, 2621, 1]
[2, 2621, 1]
[2, 2621, 0]
[2, 2621, 3]
[2, 2621, 2]
[2, 2621, 3]
[2, 2621, 2]
[2, 2621, 2]
[2, 2621, 0]
[2, 2621, 1]
[2, 2621, 2]
[2, 2621, 2]
[2, 2621, 3]
[2, 2621, 4]
[2, 2621, 3]
[2, 2621, 4]
[2, 2621, 0]
[2, 2621, 2]
[2, 2621, 1]
[2, 2621, 4]
[2, 2621, 2]
[2, 2621, 0]
[2, 2621, 2]
[2, 2621, 1]
[2, 2621, 5]
[2, 2621, 0]
[2, 2621, 1]
[2, 2621, 2]
[2, 2621, 6]
[2, 2621, 0]
[2, 2621, 1]
[2, 2621, 2]
[2, 2621, 3]
[2, 2621, 5]
[2, 2621, 1]
[2, 2621, 3]
[2, 2621, 4]
[2, 2621, 0]
[2, 2621, 1]
[2, 2621, 3]
[2, 2621, 0]
[2, 2621, 5]
[2, 2621, 2]
[2, 2621, 0]
[2, 2621, 6]
[2, 2621, 3]
[2, 2621, 5]
[2, 2621, 3]
[2, 2621, 1]
[2, 2621, 4]
[2, 2621, 2]
[2, 2621, 1]
[2, 2621, 1]
[2, 2621, 3]
[2, 2621, 1]
[2, 2621, 2]
[2, 2621, 3]
[2, 2621, 0]
[2, 2621, 2]
[2, 2621, 2]
[2, 2621, 0]
[2, 2621, 1]
[2, 2621, 1]
[2, 2621, 1]
[2, 2621, 1]
[2, 2621, 4]
[2, 2621, 2]
[5, 6553, 19]
[5, 6553, 16]
[5, 6553, 16]
[5, 6553, 24]
[5, 6553, 18]
[5, 6553, 11]
[5, 6553, 22]
[5, 6553, 16]
[5, 6553, 13]
[5, 6553, 14]
[5, 6553, 25]
[5, 6553, 16]
[5, 6553, 19]
[5, 6553, 6]
[5, 6553, 21]
[5, 6553, 18]
[5, 6553, 17]
[5, 6553, 9]
[5, 6553, 30]
[5, 6553, 20]
[5, 6553, 24]
[5, 6553, 16]
[5, 6553, 10]
[5, 6553, 20]
[5, 6553, 17]
[5, 6553, 18]
[5, 6553, 23]
[5, 6553, 18]
[5, 6553, 18]
[5, 6553, 9]
[5, 6553, 25]
[5, 6553, 16]
[5, 6553, 10]
[5, 6553, 10]
[5, 6553, 14]
[5, 6553, 15]
[5, 6553, 26]
[5, 6553, 18]
[5, 6553, 22]
[5, 6553, 12]
[5, 6553, 14]
[5, 6553, 2]
[5, 6553, 13]
[5, 6553, 11]
[5, 6553, 12]
[5, 6553, 15]
[5, 6553, 15]
[5, 6553, 12]
[5, 6553, 14]
[5, 6553, 14]
[5, 6553, 17]
[5, 6553, 17]
[5, 6553, 17]
[5, 6553, 9]
[5, 6553, 15]
[5, 6553, 15]
[5, 6553, 11]
[5, 6553, 20]
[5, 6553, 12]
[5, 6553, 11]
[5, 6553, 15]
[5, 6553, 16]
[5, 6553, 15]
[5, 6553, 14]
[5, 6553, 21]
[5, 6553, 14]
[5, 6553, 21]
[5, 6553, 18]
[5, 6553, 12]
[5, 6553, 15]
[5, 6553, 10]
[5, 6553, 14]
[5, 6553, 12]
[5, 6553, 5]
[5, 6553, 10]
[5, 6553, 9]
[5, 6553, 13]
[5, 6553, 7]
[5, 6553, 16]
[5, 6553, 14]
[5, 6553, 16]
[5, 6553, 16]
[5, 6553, 16]
[5, 6553, 8]
[5, 6553, 20]
[5, 6553, 19]
[5, 6553, 18]
[5, 6553, 10]
[5, 6553, 14]
[5, 6553, 13]
[5, 6553, 16]
[5, 6553, 18]
[5, 6553, 17]
[5, 6553, 18]
[5, 6553, 16]
[5, 6553, 13]
[5, 6553, 12]
[5, 6553, 15]
[5, 6553, 20]
[5, 6553, 14]
[10, 13107, 72]
[10, 13107, 82]
[10, 13107, 78]
[10, 13107, 89]
[10, 13107, 93]
[10, 13107, 90]
[10, 13107, 86]
[10, 13107, 77]
[10, 13107, 78]
[10, 13107, 100]
[10, 13107, 85]
[10, 13107, 80]
[10, 13107, 73]
[10, 13107, 74]
[10, 13107, 77]
[10, 13107, 87]
[10, 13107, 82]
[10, 13107, 90]
[10, 13107, 84]
[10, 13107, 104]
[10, 13107, 104]
[10, 13107, 103]
[10, 13107, 64]
[10, 13107, 97]
[10, 13107, 93]
[10, 13107, 99]
[10, 13107, 95]
[10, 13107, 79]
[10, 13107, 94]
[10, 13107, 76]
[10, 13107, 82]
[10, 13107, 90]
[10, 13107, 78]
[10, 13107, 81]
[10, 13107, 88]
[10, 13107, 83]
[10, 13107, 112]
[10, 13107, 99]
[10, 13107, 82]
[10, 13107, 98]
[10, 13107, 82]
[10, 13107, 75]
[10, 13107, 82]
[10, 13107, 85]
[10, 13107, 95]
[10, 13107, 105]
[10, 13107, 85]
[10, 13107, 66]
[10, 13107, 76]
[10, 13107, 82]
[10, 13107, 102]
[10, 13107, 85]
[10, 13107, 56]
[10, 13107, 83]
[10, 13107, 74]
[10, 13107, 96]
[10, 13107, 89]
[10, 13107, 77]
[10, 13107, 64]
[10, 13107, 80]
[10, 13107, 82]
[10, 13107, 70]
[10, 13107, 94]
[10, 13107, 73]
[10, 13107, 97]
[10, 13107, 81]
[10, 13107, 93]
[10, 13107, 93]
[10, 13107, 89]
[10, 13107, 75]
[10, 13107, 65]
[10, 13107, 83]
[10, 13107, 99]
[10, 13107, 66]
[10, 13107, 88]
[10, 13107, 87]
[10, 13107, 104]
[10, 13107, 81]
[10, 13107, 80]
[10, 13107, 92]
[10, 13107, 90]
[10, 13107, 68]
[10, 13107, 88]
[10, 13107, 66]
[10, 13107, 100]
[10, 13107, 89]
[10, 13107, 88]
[10, 13107, 77]
[10, 13107, 76]
[10, 13107, 68]
[10, 13107, 84]
[10, 13107, 79]
[10, 13107, 80]
[10, 13107, 86]
[10, 13107, 78]
[10, 13107, 83]
[10, 13107, 85]
[10, 13107, 75]
[10, 13107, 99]
[10, 13107, 68]
[15, 19660, 239]
[15, 19660, 247]
[15, 19660, 253]
[15, 19660, 225]
[15, 19660, 257]
[15, 19660, 237]
[15, 19660, 236]
[15, 19660, 252]
[15, 19660, 207]
[15, 19660, 260]
[15, 19660, 251]
[15, 19660, 222]
[15, 19660, 203]
[15, 19660, 238]
[15, 19660, 221]
[15, 19660, 239]
[15, 19660, 215]
[15, 19660, 256]
[15, 19660, 263]
[15, 19660, 216]
[15, 19660, 217]
[15, 19660, 252]
[15, 19660, 227]
[15, 19660, 245]
[15, 19660, 241]
[15, 19660, 229]
[15, 19660, 253]
[15, 19660, 256]
[15, 19660, 253]
[15, 19660, 235]
[15, 19660, 232]
[15, 19660, 221]
[15, 19660, 271]
[15, 19660, 243]
[15, 19660, 219]
[15, 19660, 245]
[15, 19660, 243]
[15, 19660, 195]
[15, 19660, 251]
[15, 19660, 242]
[15, 19660, 289]
[15, 19660, 229]
[15, 19660, 235]
[15, 19660, 265]
[15, 19660, 227]
[15, 19660, 274]
[15, 19660, 257]
[15, 19660, 256]
[15, 19660, 215]
[15, 19660, 217]
[15, 19660, 256]
[15, 19660, 229]
[15, 19660, 217]
[15, 19660, 243]
[15, 19660, 286]
[15, 19660, 244]
[15, 19660, 285]
[15, 19660, 257]
[15, 19660, 216]
[15, 19660, 230]
[15, 19660, 233]
[15, 19660, 239]
[15, 19660, 250]
[15, 19660, 233]
[15, 19660, 238]
[15, 19660, 206]
[15, 19660, 251]
[15, 19660, 216]
[15, 19660, 237]
[15, 19660, 230]
[15, 19660, 219]
[15, 19660, 235]
[15, 19660, 230]
[15, 19660, 234]
[15, 19660, 189]
[15, 19660, 247]
[15, 19660, 201]
[15, 19660, 283]
[15, 19660, 203]
[15, 19660, 234]
[15, 19660, 249]
[15, 19660, 252]
[15, 19660, 247]
[15, 19660, 231]
[15, 19660, 227]
[15, 19660, 255]
[15, 19660, 253]
[15, 19660, 229]
[15, 19660, 255]
[15, 19660, 237]
[15, 19660, 233]
[15, 19660, 252]
[15, 19660, 222]
[15, 19660, 244]
[15, 19660, 244]
[15, 19660, 226]
[15, 19660, 247]
[15, 19660, 260]
[15, 19660, 226]
[15, 19660, 240]
[20, 26214, 492]
[20, 26214, 501]
[20, 26214, 557]
[20, 26214, 516]
[20, 26214, 482]
[20, 26214, 450]
[20, 26214, 501]
[20, 26214, 500]
[20, 26214, 471]
[20, 26214, 553]
[20, 26214, 497]
[20, 26214, 481]
[20, 26214, 495]
[20, 26214, 510]
[20, 26214, 488]
[20, 26214, 539]
[20, 26214, 504]
[20, 26214, 501]
[20, 26214, 510]
[20, 26214, 518]
[20, 26214, 531]
[20, 26214, 469]
[20, 26214, 467]
[20, 26214, 539]
[20, 26214, 520]
[20, 26214, 568]
[20, 26214, 498]
[20, 26214, 520]
[20, 26214, 482]
[20, 26214, 516]
[20, 26214, 526]
[20, 26214, 543]
[20, 26214, 484]
[20, 26214, 526]
[20, 26214, 529]
[20, 26214, 461]
[20, 26214, 486]
[20, 26214, 491]
[20, 26214, 509]
[20, 26214, 523]
[20, 26214, 500]
[20, 26214, 503]
[20, 26214, 450]
[20, 26214, 558]
[20, 26214, 542]
[20, 26214, 492]
[20, 26214, 516]
[20, 26214, 483]
[20, 26214, 552]
[20, 26214, 512]
[20, 26214, 504]
[20, 26214, 495]
[20, 26214, 531]
[20, 26214, 512]
[20, 26214, 541]
[20, 26214, 517]
[20, 26214, 543]
[20, 26214, 504]
[20, 26214, 541]
[20, 26214, 502]
[20, 26214, 511]
[20, 26214, 476]
[20, 26214, 559]
[20, 26214, 505]
[20, 26214, 495]
[20, 26214, 498]
[20, 26214, 480]
[20, 26214, 507]
[20, 26214, 463]
[20, 26214, 498]
[20, 26214, 434]
[20, 26214, 507]
[20, 26214, 494]
[20, 26214, 476]
[20, 26214, 522]
[20, 26214, 459]
[20, 26214, 470]
[20, 26214, 524]
[20, 26214, 494]
[20, 26214, 474]
[20, 26214, 495]
[20, 26214, 480]
[20, 26214, 525]
[20, 26214, 498]
[20, 26214, 516]
[20, 26214, 542]
[20, 26214, 560]
[20, 26214, 507]
[20, 26214, 480]
[20, 26214, 453]
[20, 26214, 484]
[20, 26214, 552]
[20, 26214, 530]
[20, 26214, 508]
[20, 26214, 458]
[20, 26214, 526]
[20, 26214, 533]
[20, 26214, 516]
[20, 26214, 510]
[20, 26214, 476]
[25, 32768, 932]
[25, 32768, 919]
[25, 32768, 888]
[25, 32768, 932]
[25, 32768, 866]
[25, 32768, 894]
[25, 32768, 900]
[25, 32768, 930]
[25, 32768, 861]
[25, 32768, 919]
[25, 32768, 896]
[25, 32768, 895]
[25, 32768, 915]
[25, 32768, 917]
[25, 32768, 862]
[25, 32768, 872]
[25, 32768, 925]
[25, 32768, 897]
[25, 32768, 969]
[25, 32768, 918]
[25, 32768, 945]
[25, 32768, 919]
[25, 32768, 847]
[25, 32768, 928]
[25, 32768, 917]
[25, 32768, 961]
[25, 32768, 956]
[25, 32768, 845]
[25, 32768, 875]
[25, 32768, 890]
[25, 32768, 892]
[25, 32768, 903]
[25, 32768, 861]
[25, 32768, 905]
[25, 32768, 896]
[25, 32768, 862]
[25, 32768, 961]
[25, 32768, 950]
[25, 32768, 840]
[25, 32768, 939]
[25, 32768, 869]
[25, 32768, 895]
[25, 32768, 969]
[25, 32768, 994]
[25, 32768, 886]
[25, 32768, 939]
[25, 32768, 876]
[25, 32768, 952]
[25, 32768, 828]
[25, 32768, 890]
[25, 32768, 916]
[25, 32768, 858]
[25, 32768, 858]
[25, 32768, 886]
[25, 32768, 979]
[25, 32768, 865]
[25, 32768, 890]
[25, 32768, 846]
[25, 32768, 881]
[25, 32768, 911]
[25, 32768, 894]
[25, 32768, 958]
[25, 32768, 915]
[25, 32768, 927]
[25, 32768, 873]
[25, 32768, 928]
[25, 32768, 915]
[25, 32768, 897]
[25, 32768, 871]
[25, 32768, 925]
[25, 32768, 925]
[25, 32768, 915]
[25, 32768, 914]
[25, 32768, 947]
[25, 32768, 869]
[25, 32768, 935]
[25, 32768, 870]
[25, 32768, 913]
[25, 32768, 828]
[25, 32768, 941]
[25, 32768, 874]
[25, 32768, 966]
[25, 32768, 937]
[25, 32768, 909]
[25, 32768, 855]
[25, 32768, 830]
[25, 32768, 939]
[25, 32768, 837]
[25, 32768, 905]
[25, 32768, 901]
[25, 32768, 902]
[25, 32768, 896]
[25, 32768, 935]
[25, 32768, 969]
[25, 32768, 964]
[25, 32768, 849]
[25, 32768, 916]
[25, 32768, 939]
[25, 32768, 846]
[25, 32768, 942]
[30, 39321, 1559]
[30, 39321, 1524]
[30, 39321, 1443]
[30, 39321, 1538]
[30, 39321, 1534]
[30, 39321, 1466]
[30, 39321, 1468]
[30, 39321, 1524]
[30, 39321, 1441]
[30, 39321, 1493]
[30, 39321, 1491]
[30, 39321, 1506]
[30, 39321, 1371]
[30, 39321, 1511]
[30, 39321, 1425]
[30, 39321, 1460]
[30, 39321, 1425]
[30, 39321, 1444]
[30, 39321, 1538]
[30, 39321, 1560]
[30, 39321, 1449]
[30, 39321, 1381]
[30, 39321, 1492]
[30, 39321, 1459]
[30, 39321, 1448]
[30, 39321, 1602]
[30, 39321, 1516]
[30, 39321, 1404]
[30, 39321, 1437]
[30, 39321, 1515]
[30, 39321, 1424]
[30, 39321, 1370]
[30, 39321, 1469]
[30, 39321, 1427]
[30, 39321, 1432]
[30, 39321, 1361]
[30, 39321, 1478]
[30, 39321, 1401]
[30, 39321, 1475]
[30, 39321, 1503]
[30, 39321, 1455]
[30, 39321, 1437]
[30, 39321, 1402]
[30, 39321, 1473]
[30, 39321, 1513]
[30, 39321, 1447]
[30, 39321, 1418]
[30, 39321, 1528]
[30, 39321, 1446]
[30, 39321, 1424]
[30, 39321, 1399]
[30, 39321, 1491]
[30, 39321, 1344]
[30, 39321, 1466]
[30, 39321, 1488]
[30, 39321, 1443]
[30, 39321, 1426]
[30, 39321, 1474]
[30, 39321, 1459]
[30, 39321, 1475]
[30, 39321, 1483]
[30, 39321, 1439]
[30, 39321, 1469]
[30, 39321, 1468]
[30, 39321, 1453]
[30, 39321, 1468]
[30, 39321, 1447]
[30, 39321, 1383]
[30, 39321, 1479]
[30, 39321, 1452]
[30, 39321, 1431]
[30, 39321, 1408]
[30, 39321, 1447]
[30, 39321, 1425]
[30, 39321, 1463]
[30, 39321, 1489]
[30, 39321, 1295]
[30, 39321, 1502]
[30, 39321, 1467]
[30, 39321, 1401]
[30, 39321, 1496]
[30, 39321, 1470]
[30, 39321, 1430]
[30, 39321, 1469]
[30, 39321, 1398]
[30, 39321, 1537]
[30, 39321, 1484]
[30, 39321, 1437]
[30, 39321, 1456]
[30, 39321, 1413]
[30, 39321, 1474]
[30, 39321, 1429]
[30, 39321, 1486]
[30, 39321, 1526]
[30, 39321, 1504]
[30, 39321, 1371]
[30, 39321, 1459]
[30, 39321, 1405]
[30, 39321, 1416]
[30, 39321, 1404]
[35, 45875, 2207]
[35, 45875, 2254]
[35, 45875, 2206]
[35, 45875, 2239]
[35, 45875, 2188]
[35, 45875, 2089]
[35, 45875, 2180]
[35, 45875, 2132]
[35, 45875, 2170]
[35, 45875, 2198]
[35, 45875, 2161]
[35, 45875, 2136]
[35, 45875, 2056]
[35, 45875, 2204]
[35, 45875, 2041]
[35, 45875, 2096]
[35, 45875, 2177]
[35, 45875, 2205]
[35, 45875, 2202]
[35, 45875, 2190]
[35, 45875, 2197]
[35, 45875, 2141]
[35, 45875, 2157]
[35, 45875, 2251]
[35, 45875, 2220]
[35, 45875, 2284]
[35, 45875, 2242]
[35, 45875, 2275]
[35, 45875, 2087]
[35, 45875, 2144]
[35, 45875, 2188]
[35, 45875, 2208]
[35, 45875, 2115]
[35, 45875, 2177]
[35, 45875, 2172]
[35, 45875, 2130]
[35, 45875, 2133]
[35, 45875, 2154]
[35, 45875, 2356]
[35, 45875, 2191]
[35, 45875, 2198]
[35, 45875, 2199]
[35, 45875, 2138]
[35, 45875, 2208]
[35, 45875, 2180]
[35, 45875, 2089]
[35, 45875, 2168]
[35, 45875, 2144]
[35, 45875, 2171]
[35, 45875, 2150]
[35, 45875, 2221]
[35, 45875, 2219]
[35, 45875, 2124]
[35, 45875, 2089]
[35, 45875, 2168]
[35, 45875, 2132]
[35, 45875, 2151]
[35, 45875, 2249]
[35, 45875, 2237]
[35, 45875, 2225]
[35, 45875, 2248]
[35, 45875, 2183]
[35, 45875, 2183]
[35, 45875, 2212]
[35, 45875, 2118]
[35, 45875, 2195]
[35, 45875, 2164]
[35, 45875, 2176]
[35, 45875, 2232]
[35, 45875, 2123]
[35, 45875, 2288]
[35, 45875, 2103]
[35, 45875, 2061]
[35, 45875, 2261]
[35, 45875, 2199]
[35, 45875, 2171]
[35, 45875, 2156]
[35, 45875, 2149]
[35, 45875, 2088]
[35, 45875, 2234]
[35, 45875, 2186]
[35, 45875, 2129]
[35, 45875, 2158]
[35, 45875, 2172]
[35, 45875, 2070]
[35, 45875, 2317]
[35, 45875, 2269]
[35, 45875, 2155]
[35, 45875, 2239]
[35, 45875, 2065]
[35, 45875, 2164]
[35, 45875, 2230]
[35, 45875, 2174]
[35, 45875, 2239]
[35, 45875, 2154]
[35, 45875, 2178]
[35, 45875, 2304]
[35, 45875, 2044]
[35, 45875, 2193]
[35, 45875, 2221]
[40, 52428, 3235]
[40, 52428, 3261]
[40, 52428, 2997]
[40, 52428, 3098]
[40, 52428, 3116]
[40, 52428, 3026]
[40, 52428, 3060]
[40, 52428, 3148]
[40, 52428, 2974]
[40, 52428, 3021]
[40, 52428, 3035]
[40, 52428, 3121]
[40, 52428, 3065]
[40, 52428, 3250]
[40, 52428, 3036]
[40, 52428, 3148]
[40, 52428, 3263]
[40, 52428, 3010]
[40, 52428, 3074]
[40, 52428, 3232]
[40, 52428, 2986]
[40, 52428, 2960]
[40, 52428, 3076]
[40, 52428, 3046]
[40, 52428, 3150]
[40, 52428, 3079]
[40, 52428, 3166]
[40, 52428, 3167]
[40, 52428, 3115]
[40, 52428, 3030]
[40, 52428, 3016]
[40, 52428, 3146]
[40, 52428, 3039]
[40, 52428, 2976]
[40, 52428, 3126]
[40, 52428, 3037]
[40, 52428, 3137]
[40, 52428, 3097]
[40, 52428, 3121]
[40, 52428, 3231]
[40, 52428, 3062]
[40, 52428, 3148]
[40, 52428, 3053]
[40, 52428, 3139]
[40, 52428, 3118]
[40, 52428, 2937]
[40, 52428, 2909]
[40, 52428, 3080]
[40, 52428, 3011]
[40, 52428, 3098]
[40, 52428, 3084]
[40, 52428, 3203]
[40, 52428, 3012]
[40, 52428, 2995]
[40, 52428, 3234]
[40, 52428, 3108]
[40, 52428, 3105]
[40, 52428, 3141]
[40, 52428, 3120]
[40, 52428, 3207]
[40, 52428, 3091]
[40, 52428, 3176]
[40, 52428, 3285]
[40, 52428, 3072]
[40, 52428, 2984]
[40, 52428, 2996]
[40, 52428, 3065]
[40, 52428, 3047]
[40, 52428, 3163]
[40, 52428, 2997]
[40, 52428, 3088]
[40, 52428, 3001]
[40, 52428, 3047]
[40, 52428, 3041]
[40, 52428, 2993]
[40, 52428, 3186]
[40, 52428, 2893]
[40, 52428, 3155]
[40, 52428, 3019]
[40, 52428, 3063]
[40, 52428, 3072]
[40, 52428, 3026]
[40, 52428, 3149]
[40, 52428, 3131]
[40, 52428, 3008]
[40, 52428, 3094]
[40, 52428, 3137]
[40, 52428, 3092]
[40, 52428, 3065]
[40, 52428, 2909]
[40, 52428, 3103]
[40, 52428, 3069]
[40, 52428, 3094]
[40, 52428, 3221]
[40, 52428, 3119]
[40, 52428, 3125]
[40, 52428, 3087]
[40, 52428, 3111]
[40, 52428, 3204]
[40, 52428, 3160]
