[1, 1310, 38]
[1, 1310, 29]
[1, 1310, 30]
[1, 1310, 31]
[1, 1310, 37]
[1, 1310, 34]
[1, 1310, 31]
[1, 1310, 29]
[1, 1310, 39]
[1, 1310, 45]
[1, 1310, 39]
[1, 1310, 16]
[1, 1310, 36]
[1, 1310, 35]
[1, 1310, 39]
[1, 1310, 29]
[1, 1310, 36]
[1, 1310, 30]
[1, 1310, 34]
[1, 1310, 34]
[1, 1310, 21]
[1, 1310, 34]
[1, 1310, 52]
[1, 1310, 35]
[1, 1310, 35]
[1, 1310, 31]
[1, 1310, 43]
[1, 1310, 23]
[1, 1310, 30]
[1, 1310, 40]
[1, 1310, 41]
[1, 1310, 38]
[1, 1310, 34]
[1, 1310, 39]
[1, 1310, 35]
[1, 1310, 36]
[1, 1310, 35]
[1, 1310, 34]
[1, 1310, 36]
[1, 1310, 34]
[1, 1310, 31]
[1, 1310, 32]
[1, 1310, 41]
[1, 1310, 33]
[1, 1310, 33]
[1, 1310, 38]
[1, 1310, 43]
[1, 1310, 29]
[1, 1310, 35]
[1, 1310, 38]
[1, 1310, 23]
[1, 1310, 36]
[1, 1310, 39]
[1, 1310, 34]
[1, 1310, 35]
[1, 1310, 22]
[1, 1310, 36]
[1, 1310, 36]
[1, 1310, 39]
[1, 1310, 39]
[1, 1310, 48]
[1, 1310, 38]
[1, 1310, 29]
[1, 1310, 35]
[1, 1310, 39]
[1, 1310, 31]
[1, 1310, 34]
[1, 1310, 31]
[1, 1310, 37]
[1, 1310, 30]
[1, 1310, 41]
[1, 1310, 34]
[1, 1310, 26]
[1, 1310, 31]
[1, 1310, 46]
[1, 1310, 32]
[1, 1310, 36]
[1, 1310, 31]
[1, 1310, 37]
[1, 1310, 38]
[1, 1310, 25]
[1, 1310, 33]
[1, 1310, 37]
[1, 1310, 38]
[1, 1310, 32]
[1, 1310, 31]
[1, 1310, 29]
[1, 1310, 37]
[1, 1310, 26]
[1, 1310, 30]
[1, 1310, 43]
[1, 1310, 38]
[1, 1310, 34]
[1, 1310, 40]
[1, 1310, 33]
[1, 1310, 44]
[1, 1310, 41]
[1, 1310, 33]
[1, 1310, 31]
[1, 1310, 40]
[2, 2621, 89]
[2, 2621, 105]
[2, 2621, 82]
[2, 2621, 105]
[2, 2621, 98]
[2, 2621, 84]
[2, 2621, 93]
[2, 2621, 73]
[2, 2621, 90]
[2, 2621, 92]
[2, 2621, 102]
[2, 2621, 72]
[2, 2621, 95]
[2, 2621, 101]
[2, 2621, 107]
[2, 2621, 83]
[2, 2621, 93]
[2, 2621, 93]
[2, 2621, 81]
[2, 2621, 100]
[2, 2621, 83]
[2, 2621, 89]
[2, 2621, 97]
[2, 2621, 83]
[2, 2621, 96]
[2, 2621, 91]
[2, 2621, 83]
[2, 2621, 84]
[2, 2621, 92]
[2, 2621, 72]
[2, 2621, 94]
[2, 2621, 113]
[2, 2621, 93]
[2, 2621, 81]
[2, 2621, 78]
[2, 2621, 95]
[2, 2621, 86]
[2, 2621, 81]
[2, 2621, 105]
[2, 2621, 99]
[2, 2621, 79]
[2, 2621, 98]
[2, 2621, 114]
[2, 2621, 87]
[2, 2621, 93]
[2, 2621, 82]
[2, 2621, 73]
[2, 2621, 107]
[2, 2621, 91]
[2, 2621, 99]
[2, 2621, 80]
[2, 2621, 86]
[2, 2621, 89]
[2, 2621, 93]
[2, 2621, 111]
[2, 2621, 90]
[2, 2621, 102]
[2, 2621, 110]
[2, 2621, 91]
[2, 2621, 84]
[2, 2621, 102]
[2, 2621, 78]
[2, 2621, 83]
[2, 2621, 90]
[2, 2621, 92]
[2, 2621, 94]
[2, 2621, 93]
[2, 2621, 80]
[2, 2621, 94]
[2, 2621, 107]
[2, 2621, 73]
[2, 2621, 85]
[2, 2621, 82]
[2, 2621, 83]
[2, 2621, 73]
[2, 2621, 72]
[2, 2621, 76]
[2, 2621, 106]
[2, 2621, 94]
[2, 2621, 93]
[2, 2621, 104]
[2, 2621, 75]
[2, 2621, 85]
[2, 2621, 75]
[2, 2621, 89]
[2, 2621, 92]
[2, 2621, 80]
[2, 2621, 86]
[2, 2621, 83]
[2, 2621, 77]
[2, 2621, 82]
[2, 2621, 83]
[2, 2621, 82]
[2, 2621, 100]
[2, 2621, 85]
[2, 2621, 79]
[2, 2621, 99]
[2, 2621, 99]
[2, 2621, 89]
[2, 2621, 81]
[5, 6553, 365]
[5, 6553, 361]
[5, 6553, 384]
[5, 6553, 398]
[5, 6553, 381]
[5, 6553, 368]
[5, 6553, 334]
[5, 6553, 399]
[5, 6553, 372]
[5, 6553, 380]
[5, 6553, 324]
[5, 6553, 372]
[5, 6553, 365]
[5, 6553, 388]
[5, 6553, 367]
[5, 6553, 348]
[5, 6553, 383]
[5, 6553, 357]
[5, 6553, 352]
[5, 6553, 365]
[5, 6553, 400]
[5, 6553, 350]
[5, 6553, 341]
[5, 6553, 352]
[5, 6553, 384]
[5, 6553, 363]
[5, 6553, 387]
[5, 6553, 309]
[5, 6553, 361]
[5, 6553, 399]
[5, 6553, 342]
[5, 6553, 387]
[5, 6553, 360]
[5, 6553, 324]
[5, 6553, 385]
[5, 6553, 384]
[5, 6553, 356]
[5, 6553, 370]
[5, 6553, 375]
[5, 6553, 363]
[5, 6553, 337]
[5, 6553, 389]
[5, 6553, 321]
[5, 6553, 358]
[5, 6553, 363]
[5, 6553, 361]
[5, 6553, 363]
[5, 6553, 373]
[5, 6553, 362]
[5, 6553, 339]
[5, 6553, 365]
[5, 6553, 387]
[5, 6553, 346]
[5, 6553, 375]
[5, 6553, 390]
[5, 6553, 379]
[5, 6553, 367]
[5, 6553, 403]
[5, 6553, 400]
[5, 6553, 391]
[5, 6553, 356]
[5, 6553, 324]
[5, 6553, 313]
[5, 6553, 331]
[5, 6553, 364]
[5, 6553, 343]
[5, 6553, 336]
[5, 6553, 378]
[5, 6553, 390]
[5, 6553, 379]
[5, 6553, 421]
[5, 6553, 343]
[5, 6553, 378]
[5, 6553, 350]
[5, 6553, 373]
[5, 6553, 341]
[5, 6553, 395]
[5, 6553, 356]
[5, 6553, 351]
[5, 6553, 366]
[5, 6553, 376]
[5, 6553, 333]
[5, 6553, 371]
[5, 6553, 343]
[5, 6553, 400]
[5, 6553, 324]
[5, 6553, 375]
[5, 6553, 382]
[5, 6553, 398]
[5, 6553, 382]
[5, 6553, 333]
[5, 6553, 377]
[5, 6553, 352]
[5, 6553, 393]
[5, 6553, 367]
[5, 6553, 331]
[5, 6553, 370]
[5, 6553, 353]
[5, 6553, 350]
[5, 6553, 343]
[10, 13107, 1165]
[10, 13107, 1177]
[10, 13107, 1205]
[10, 13107, 1233]
[10, 13107, 1209]
[10, 13107, 1150]
[10, 13107, 1210]
[10, 13107, 1237]
[10, 13107, 1156]
[10, 13107, 1201]
[10, 13107, 1141]
[10, 13107, 1222]
[10, 13107, 1188]
[10, 13107, 1242]
[10, 13107, 1265]
[10, 13107, 1217]
[10, 13107, 1178]
[10, 13107, 1236]
[10, 13107, 1163]
[10, 13107, 1232]
[10, 13107, 1271]
[10, 13107, 1163]
[10, 13107, 1130]
[10, 13107, 1219]
[10, 13107, 1159]
[10, 13107, 1176]
[10, 13107, 1128]
[10, 13107, 1164]
[10, 13107, 1136]
[10, 13107, 1153]
[10, 13107, 1114]
[10, 13107, 1240]
[10, 13107, 1155]
[10, 13107, 1143]
[10, 13107, 1137]
[10, 13107, 1093]
[10, 13107, 1226]
[10, 13107, 1234]
[10, 13107, 1136]
[10, 13107, 1184]
[10, 13107, 1175]
[10, 13107, 1267]
[10, 13107, 1207]
[10, 13107, 1210]
[10, 13107, 1181]
[10, 13107, 1158]
[10, 13107, 1144]
[10, 13107, 1052]
[10, 13107, 1185]
[10, 13107, 1123]
[10, 13107, 1209]
[10, 13107, 1172]
[10, 13107, 1197]
[10, 13107, 1158]
[10, 13107, 1117]
[10, 13107, 1181]
[10, 13107, 1173]
[10, 13107, 1227]
[10, 13107, 1242]
[10, 13107, 1223]
[10, 13107, 1227]
[10, 13107, 1198]
[10, 13107, 1179]
[10, 13107, 1233]
[10, 13107, 1220]
[10, 13107, 1141]
[10, 13107, 1181]
[10, 13107, 1171]
[10, 13107, 1229]
[10, 13107, 1175]
[10, 13107, 1202]
[10, 13107, 1249]
[10, 13107, 1117]
[10, 13107, 1216]
[10, 13107, 1224]
[10, 13107, 1183]
[10, 13107, 1174]
[10, 13107, 1137]
[10, 13107, 1171]
[10, 13107, 1221]
[10, 13107, 1178]
[10, 13107, 1172]
[10, 13107, 1221]
[10, 13107, 1101]
[10, 13107, 1166]
[10, 13107, 1199]
[10, 13107, 1174]
[10, 13107, 1149]
[10, 13107, 1191]
[10, 13107, 1182]
[10, 13107, 1223]
[10, 13107, 1191]
[10, 13107, 1174]
[10, 13107, 1202]
[10, 13107, 1213]
[10, 13107, 1151]
[10, 13107, 1136]
[10, 13107, 1187]
[10, 13107, 1168]
[10, 13107, 1170]
[15, 19660, 2378]
[15, 19660, 2389]
[15, 19660, 2372]
[15, 19660, 2430]
[15, 19660, 2378]
[15, 19660, 2545]
[15, 19660, 2337]
[15, 19660, 2403]
[15, 19660, 2426]
[15, 19660, 2443]
[15, 19660, 2452]
[15, 19660, 2453]
[15, 19660, 2507]
[15, 19660, 2513]
[15, 19660, 2459]
[15, 19660, 2328]
[15, 19660, 2419]
[15, 19660, 2371]
[15, 19660, 2437]
[15, 19660, 2426]
[15, 19660, 2439]
[15, 19660, 2369]
[15, 19660, 2421]
[15, 19660, 2453]
[15, 19660, 2367]
[15, 19660, 2473]
[15, 19660, 2442]
[15, 19660, 2407]
[15, 19660, 2468]
[15, 19660, 2444]
[15, 19660, 2345]
[15, 19660, 2383]
[15, 19660, 2333]
[15, 19660, 2403]
[15, 19660, 2410]
[15, 19660, 2363]
[15, 19660, 2497]
[15, 19660, 2480]
[15, 19660, 2434]
[15, 19660, 2416]
[15, 19660, 2441]
[15, 19660, 2529]
[15, 19660, 2431]
[15, 19660, 2487]
[15, 19660, 2359]
[15, 19660, 2525]
[15, 19660, 2363]
[15, 19660, 2365]
[15, 19660, 2379]
[15, 19660, 2368]
[15, 19660, 2423]
[15, 19660, 2498]
[15, 19660, 2481]
[15, 19660, 2440]
[15, 19660, 2361]
[15, 19660, 2478]
[15, 19660, 2449]
[15, 19660, 2459]
[15, 19660, 2459]
[15, 19660, 2513]
[15, 19660, 2349]
[15, 19660, 2450]
[15, 19660, 2463]
[15, 19660, 2424]
[15, 19660, 2370]
[15, 19660, 2419]
[15, 19660, 2381]
[15, 19660, 2393]
[15, 19660, 2423]
[15, 19660, 2391]
[15, 19660, 2339]
[15, 19660, 2403]
[15, 19660, 2429]
[15, 19660, 2548]
[15, 19660, 2368]
[15, 19660, 2504]
[15, 19660, 2490]
[15, 19660, 2495]
[15, 19660, 2408]
[15, 19660, 2541]
[15, 19660, 2467]
[15, 19660, 2415]
[15, 19660, 2468]
[15, 19660, 2389]
[15, 19660, 2401]
[15, 19660, 2397]
[15, 19660, 2369]
[15, 19660, 2417]
[15, 19660, 2523]
[15, 19660, 2492]
[15, 19660, 2544]
[15, 19660, 2387]
[15, 19660, 2365]
[15, 19660, 2543]
[15, 19660, 2443]
[15, 19660, 2538]
[15, 19660, 2442]
[15, 19660, 2378]
[15, 19660, 2482]
[15, 19660, 2439]
[20, 26214, 4048]
[20, 26214, 3937]
[20, 26214, 4060]
[20, 26214, 4082]
[20, 26214, 4130]
[20, 26214, 3999]
[20, 26214, 3960]
[20, 26214, 4106]
[20, 26214, 4076]
[20, 26214, 4121]
[20, 26214, 4042]
[20, 26214, 4061]
[20, 26214, 4112]
[20, 26214, 4118]
[20, 26214, 4049]
[20, 26214, 3972]
[20, 26214, 4039]
[20, 26214, 4160]
[20, 26214, 4028]
[20, 26214, 4126]
[20, 26214, 4103]
[20, 26214, 4000]
[20, 26214, 4017]
[20, 26214, 4180]
[20, 26214, 3914]
[20, 26214, 4135]
[20, 26214, 4113]
[20, 26214, 4085]
[20, 26214, 4056]
[20, 26214, 4035]
[20, 26214, 3892]
[20, 26214, 4161]
[20, 26214, 3956]
[20, 26214, 4080]
[20, 26214, 3903]
[20, 26214, 4015]
[20, 26214, 4115]
[20, 26214, 4069]
[20, 26214, 4164]
[20, 26214, 4067]
[20, 26214, 4257]
[20, 26214, 4253]
[20, 26214, 4159]
[20, 26214, 4050]
[20, 26214, 3955]
[20, 26214, 4062]
[20, 26214, 4142]
[20, 26214, 3967]
[20, 26214, 4027]
[20, 26214, 4032]
[20, 26214, 4167]
[20, 26214, 4177]
[20, 26214, 4093]
[20, 26214, 4090]
[20, 26214, 4039]
[20, 26214, 3995]
[20, 26214, 4032]
[20, 26214, 4164]
[20, 26214, 4057]
[20, 26214, 4167]
[20, 26214, 4020]
[20, 26214, 4015]
[20, 26214, 4079]
[20, 26214, 4129]
[20, 26214, 4091]
[20, 26214, 4151]
[20, 26214, 4089]
[20, 26214, 4169]
[20, 26214, 4015]
[20, 26214, 4120]
[20, 26214, 4108]
[20, 26214, 4171]
[20, 26214, 4077]
[20, 26214, 3981]
[20, 26214, 4064]
[20, 26214, 4059]
[20, 26214, 4150]
[20, 26214, 4053]
[20, 26214, 3981]
[20, 26214, 4136]
[20, 26214, 4071]
[20, 26214, 4044]
[20, 26214, 4171]
[20, 26214, 4028]
[20, 26214, 4200]
[20, 26214, 4007]
[20, 26214, 4085]
[20, 26214, 4005]
[20, 26214, 4149]
[20, 26214, 4146]
[20, 26214, 4236]
[20, 26214, 4041]
[20, 26214, 3979]
[20, 26214, 4072]
[20, 26214, 4168]
[20, 26214, 4050]
[20, 26214, 4042]
[20, 26214, 3993]
[20, 26214, 4031]
[20, 26214, 4074]
[25, 32768, 6036]
[25, 32768, 5939]
[25, 32768, 6019]
[25, 32768, 6149]
[25, 32768, 6132]
[25, 32768, 5987]
[25, 32768, 5987]
[25, 32768, 6238]
[25, 32768, 6185]
[25, 32768, 6047]
[25, 32768, 6093]
[25, 32768, 6353]
[25, 32768, 6083]
[25, 32768, 6222]
[25, 32768, 6127]
[25, 32768, 6111]
[25, 32768, 5948]
[25, 32768, 6037]
[25, 32768, 6019]
[25, 32768, 6228]
[25, 32768, 6000]
[25, 32768, 6038]
[25, 32768, 5949]
[25, 32768, 6171]
[25, 32768, 6021]
[25, 32768, 6146]
[25, 32768, 6016]
[25, 32768, 5893]
[25, 32768, 6072]
[25, 32768, 6104]
[25, 32768, 5957]
[25, 32768, 6234]
[25, 32768, 5937]
[25, 32768, 6139]
[25, 32768, 6016]
[25, 32768, 6046]
[25, 32768, 6174]
[25, 32768, 6171]
[25, 32768, 6084]
[25, 32768, 6117]
[25, 32768, 6155]
[25, 32768, 6260]
[25, 32768, 6166]
[25, 32768, 6094]
[25, 32768, 5875]
[25, 32768, 6103]
[25, 32768, 6080]
[25, 32768, 6007]
[25, 32768, 6008]
[25, 32768, 5909]
[25, 32768, 6204]
[25, 32768, 6110]
[25, 32768, 6076]
[25, 32768, 5968]
[25, 32768, 6015]
[25, 32768, 6113]
[25, 32768, 6064]
[25, 32768, 6125]
[25, 32768, 6126]
[25, 32768, 6283]
[25, 32768, 6018]
[25, 32768, 6064]
[25, 32768, 5991]
[25, 32768, 6062]
[25, 32768, 5928]
[25, 32768, 6143]
[25, 32768, 6097]
[25, 32768, 6045]
[25, 32768, 6033]
[25, 32768, 6036]
[25, 32768, 6023]
[25, 32768, 6120]
[25, 32768, 6182]
[25, 32768, 5983]
[25, 32768, 6125]
[25, 32768, 6113]
[25, 32768, 6159]
[25, 32768, 5996]
[25, 32768, 5939]
[25, 32768, 6072]
[25, 32768, 6049]
[25, 32768, 5839]
[25, 32768, 5987]
[25, 32768, 6166]
[25, 32768, 6146]
[25, 32768, 5978]
[25, 32768, 6068]
[25, 32768, 5884]
[25, 32768, 6065]
[25, 32768, 5996]
[25, 32768, 6197]
[25, 32768, 5959]
[25, 32768, 6288]
[25, 32768, 6088]
[25, 32768, 6204]
[25, 32768, 6088]
[25, 32768, 6066]
[25, 32768, 6068]
[25, 32768, 6074]
[25, 32768, 6165]
[30, 39321, 8264]
[30, 39321, 8332]
[30, 39321, 8354]
[30, 39321, 8412]
[30, 39321, 8419]
[30, 39321, 8221]
[30, 39321, 8310]
[30, 39321, 8425]
[30, 39321, 8444]
[30, 39321, 8501]
[30, 39321, 8209]
[30, 39321, 8492]
[30, 39321, 8383]
[30, 39321, 8483]
[30, 39321, 8558]
[30, 39321, 8444]
[30, 39321, 8329]
[30, 39321, 8479]
[30, 39321, 8312]
[30, 39321, 8462]
[30, 39321, 8444]
[30, 39321, 8318]
[30, 39321, 8232]
[30, 39321, 8493]
[30, 39321, 8208]
[30, 39321, 8593]
[30, 39321, 8236]
[30, 39321, 8346]
[30, 39321, 8263]
[30, 39321, 8613]
[30, 39321, 8203]
[30, 39321, 8446]
[30, 39321, 8311]
[30, 39321, 8402]
[30, 39321, 8380]
[30, 39321, 8269]
[30, 39321, 8439]
[30, 39321, 8466]
[30, 39321, 8508]
[30, 39321, 8398]
[30, 39321, 8467]
[30, 39321, 8388]
[30, 39321, 8477]
[30, 39321, 8545]
[30, 39321, 8399]
[30, 39321, 8414]
[30, 39321, 8347]
[30, 39321, 8303]
[30, 39321, 8272]
[30, 39321, 8389]
[30, 39321, 8302]
[30, 39321, 8389]
[30, 39321, 8415]
[30, 39321, 8260]
[30, 39321, 8267]
[30, 39321, 8380]
[30, 39321, 8350]
[30, 39321, 8331]
[30, 39321, 8435]
[30, 39321, 8637]
[30, 39321, 8263]
[30, 39321, 8496]
[30, 39321, 8290]
[30, 39321, 8403]
[30, 39321, 8495]
[30, 39321, 8600]
[30, 39321, 8460]
[30, 39321, 8351]
[30, 39321, 8325]
[30, 39321, 8317]
[30, 39321, 8248]
[30, 39321, 8492]
[30, 39321, 8379]
[30, 39321, 8340]
[30, 39321, 8413]
[30, 39321, 8311]
[30, 39321, 8399]
[30, 39321, 8296]
[30, 39321, 8560]
[30, 39321, 8233]
[30, 39321, 8395]
[30, 39321, 8366]
[30, 39321, 8328]
[30, 39321, 8398]
[30, 39321, 8321]
[30, 39321, 8375]
[30, 39321, 8351]
[30, 39321, 8214]
[30, 39321, 8490]
[30, 39321, 8276]
[30, 39321, 8422]
[30, 39321, 8402]
[30, 39321, 8504]
[30, 39321, 8387]
[30, 39321, 8510]
[30, 39321, 8292]
[30, 39321, 8396]
[30, 39321, 8357]
[30, 39321, 8326]
[30, 39321, 8303]
[35, 45875, 10907]
[35, 45875, 10688]
[35, 45875, 10967]
[35, 45875, 11027]
[35, 45875, 10904]
[35, 45875, 10830]
[35, 45875, 10962]
[35, 45875, 11039]
[35, 45875, 11078]
[35, 45875, 11038]
[35, 45875, 10928]
[35, 45875, 11063]
[35, 45875, 10872]
[35, 45875, 11153]
[35, 45875, 11160]
[35, 45875, 10980]
[35, 45875, 10758]
[35, 45875, 11008]
[35, 45875, 10954]
[35, 45875, 11100]
[35, 45875, 10907]
[35, 45875, 10958]
[35, 45875, 11046]
[35, 45875, 11090]
[35, 45875, 10913]
[35, 45875, 11243]
[35, 45875, 10888]
[35, 45875, 10860]
[35, 45875, 10903]
[35, 45875, 11134]
[35, 45875, 10808]
[35, 45875, 11424]
[35, 45875, 10769]
[35, 45875, 11024]
[35, 45875, 10805]
[35, 45875, 10765]
[35, 45875, 10847]
[35, 45875, 11093]
[35, 45875, 11098]
[35, 45875, 10930]
[35, 45875, 11168]
[35, 45875, 11071]
[35, 45875, 11085]
[35, 45875, 11042]
[35, 45875, 10995]
[35, 45875, 11005]
[35, 45875, 10981]
[35, 45875, 10686]
[35, 45875, 10956]
[35, 45875, 10927]
[35, 45875, 11058]
[35, 45875, 11051]
[35, 45875, 10871]
[35, 45875, 10730]
[35, 45875, 10975]
[35, 45875, 10766]
[35, 45875, 11032]
[35, 45875, 11002]
[35, 45875, 11058]
[35, 45875, 11356]
[35, 45875, 10886]
[35, 45875, 11140]
[35, 45875, 10928]
[35, 45875, 10952]
[35, 45875, 10956]
[35, 45875, 11101]
[35, 45875, 10901]
[35, 45875, 10983]
[35, 45875, 10793]
[35, 45875, 10918]
[35, 45875, 10760]
[35, 45875, 10940]
[35, 45875, 11079]
[35, 45875, 10947]
[35, 45875, 10816]
[35, 45875, 11194]
[35, 45875, 10938]
[35, 45875, 11007]
[35, 45875, 11102]
[35, 45875, 11061]
[35, 45875, 10960]
[35, 45875, 10883]
[35, 45875, 10962]
[35, 45875, 10824]
[35, 45875, 11013]
[35, 45875, 10906]
[35, 45875, 11011]
[35, 45875, 10828]
[35, 45875, 11048]
[35, 45875, 10852]
[35, 45875, 10987]
[35, 45875, 10612]
[35, 45875, 11167]
[35, 45875, 10950]
[35, 45875, 11103]
[35, 45875, 10987]
[35, 45875, 11119]
[35, 45875, 10942]
[35, 45875, 10828]
[35, 45875, 10834]
[40, 52428, 13725]
[40, 52428, 13574]
[40, 52428, 13921]
[40, 52428, 13783]
[40, 52428, 13913]
[40, 52428, 13548]
[40, 52428, 13607]
[40, 52428, 13980]
[40, 52428, 13778]
[40, 52428, 13722]
[40, 52428, 13794]
[40, 52428, 13813]
[40, 52428, 13805]
[40, 52428, 13996]
[40, 52428, 13945]
[40, 52428, 13694]
[40, 52428, 13473]
[40, 52428, 13943]
[40, 52428, 13616]
[40, 52428, 13964]
[40, 52428, 13676]
[40, 52428, 13843]
[40, 52428, 13674]
[40, 52428, 13704]
[40, 52428, 13463]
[40, 52428, 13905]
[40, 52428, 13772]
[40, 52428, 13575]
[40, 52428, 13816]
[40, 52428, 13891]
[40, 52428, 13576]
[40, 52428, 14191]
[40, 52428, 13607]
[40, 52428, 13763]
[40, 52428, 13666]
[40, 52428, 13726]
[40, 52428, 13585]
[40, 52428, 13897]
[40, 52428, 13845]
[40, 52428, 13792]
[40, 52428, 13892]
[40, 52428, 13992]
[40, 52428, 13745]
[40, 52428, 14025]
[40, 52428, 13830]
[40, 52428, 14039]
[40, 52428, 13864]
[40, 52428, 13488]
[40, 52428, 13684]
[40, 52428, 13657]
[40, 52428, 13795]
[40, 52428, 13939]
[40, 52428, 13829]
[40, 52428, 13605]
[40, 52428, 13587]
[40, 52428, 13797]
[40, 52428, 13859]
[40, 52428, 13750]
[40, 52428, 13724]
[40, 52428, 13933]
[40, 52428, 13619]
[40, 52428, 13946]
[40, 52428, 13971]
[40, 52428, 13890]
[40, 52428, 13553]
[40, 52428, 13662]
[40, 52428, 13860]
[40, 52428, 13770]
[40, 52428, 13719]
[40, 52428, 13777]
[40, 52428, 13697]
[40, 52428, 13974]
[40, 52428, 13817]
[40, 52428, 13686]
[40, 52428, 13808]
[40, 52428, 13889]
[40, 52428, 13716]
[40, 52428, 13638]
[40, 52428, 13716]
[40, 52428, 13950]
[40, 52428, 13790]
[40, 52428, 13560]
[40, 52428, 13703]
[40, 52428, 13825]
[40, 52428, 13786]
[40, 52428, 13848]
[40, 52428, 13841]
[40, 52428, 13527]
[40, 52428, 13770]
[40, 52428, 13691]
[40, 52428, 13836]
[40, 52428, 13639]
[40, 52428, 14071]
[40, 52428, 13875]
[40, 52428, 13997]
[40, 52428, 13828]
[40, 52428, 13855]
[40, 52428, 13777]
[40, 52428, 13719]
[40, 52428, 13702]
