[1, 1310, 0]
[1, 1310, 0]
[1, 1310, 0]
[1, 1310, 0]
[1, 1310, 0]
[1, 1310, 0]
[1, 1310, 0]
[1, 1310, 0]
[1, 1310, 0]
[1, 1310, 0]
[1, 1310, 0]
[1, 1310, 0]
[1, 1310, 0]
[1, 1310, 0]
[1, 1310, 0]
[1, 1310, 0]
[1, 1310, 0]
[1, 1310, 0]
[1, 1310, 0]
[1, 1310, 0]
[1, 1310, 0]
[1, 1310, 0]
[1, 1310, 0]
[1, 1310, 0]
[1, 1310, 0]
[1, 1310, 0]
[1, 1310, 0]
[1, 1310, 0]
[1, 1310, 0]
[1, 1310, 0]
[1, 1310, 0]
[1, 1310, 0]
[1, 1310, 0]
[1, 1310, 0]
[1, 1310, 0]
[1, 1310, 0]
[1, 1310, 0]
[1, 1310, 0]
[1, 1310, 0]
[1, 1310, 0]
[1, 1310, 0]
[1, 1310, 0]
[1, 1310, 0]
[1, 1310, 0]
[1, 1310, 0]
[1, 1310, 0]
[1, 1310, 0]
[1, 1310, 0]
[1, 1310, 0]
[1, 1310, 0]
[1, 1310, 0]
[1, 1310, 0]
[1, 1310, 0]
[1, 1310, 0]
[1, 1310, 0]
[1, 1310, 0]
[1, 1310, 0]
[1, 1310, 0]
[1, 1310, 0]
[1, 1310, 0]
[1, 1310, 0]
[1, 1310, 0]
[1, 1310, 0]
[1, 1310, 0]
[1, 1310, 0]
[1, 1310, 0]
[1, 1310, 0]
[1, 1310, 0]
[1, 1310, 0]
[1, 1310, 0]
[1, 1310, 0]
[1, 1310, 0]
[1, 1310, 0]
[1, 1310, 0]
[1, 1310, 0]
[1, 1310, 0]
[1, 1310, 0]
[1, 1310, 0]
[1, 1310, 0]
[1, 1310, 0]
[1, 1310, 0]
[1, 1310, 0]
[1, 1310, 0]
[1, 1310, 0]
[1, 1310, 0]
[1, 1310, 0]
[1, 1310, 0]
[1, 1310, 0]
[1, 1310, 0]
[1, 1310, 0]
[1, 1310, 0]
[1, 1310, 0]
[1, 1310, 0]
[1, 1310, 0]
[1, 1310, 0]
[1, 1310, 0]
[1, 1310, 0]
[1, 1310, 0]
[1, 1310, 0]
[1, 1310, 0]
[2, 2621, 0]
[2, 2621, 0]
[2, 2621, 0]
[2, 2621, 0]
[2, 2621, 0]
[2, 2621, 0]
[2, 2621, 0]
[2, 2621, 0]
[2, 2621, 0]
[2, 2621, 0]
[2, 2621, 0]
[2, 2621, 0]
[2, 2621, 0]
[2, 2621, 0]
[2, 2621, 0]
[2, 2621, 0]
[2, 2621, 0]
[2, 2621, 0]
[2, 2621, 0]
[2, 2621, 0]
[2, 2621, 0]
[2, 2621, 0]
[2, 2621, 0]
[2, 2621, 0]
[2, 2621, 0]
[2, 2621, 0]
[2, 2621, 0]
[2, 2621, 0]
[2, 2621, 0]
[2, 2621, 0]
[2, 2621, 0]
[2, 2621, 0]
[2, 2621, 0]
[2, 2621, 0]
[2, 2621, 0]
[2, 2621, 0]
[2, 2621, 0]
[2, 2621, 0]
[2, 2621, 0]
[2, 2621, 0]
[2, 2621, 0]
[2, 2621, 0]
[2, 2621, 0]
[2, 2621, 0]
[2, 2621, 0]
[2, 2621, 0]
[2, 2621, 0]
[2, 2621, 0]
[2, 2621, 0]
[2, 2621, 0]
[2, 2621, 0]
[2, 2621, 0]
[2, 2621, 0]
[2, 2621, 0]
[2, 2621, 0]
[2, 2621, 0]
[2, 2621, 0]
[2, 2621, 0]
[2, 2621, 0]
[2, 2621, 0]
[2, 2621, 0]
[2, 2621, 0]
[2, 2621, 0]
[2, 2621, 0]
[2, 2621, 0]
[2, 2621, 0]
[2, 2621, 0]
[2, 2621, 0]
[2, 2621, 0]
[2, 2621, 0]
[2, 2621, 0]
[2, 2621, 0]
[2, 2621, 0]
[2, 2621, 0]
[2, 2621, 0]
[2, 2621, 0]
[2, 2621, 0]
[2, 2621, 0]
[2, 2621, 0]
[2, 2621, 0]
[2, 2621, 0]
[2, 2621, 0]
[2, 2621, 0]
[2, 2621, 0]
[2, 2621, 0]
[2, 2621, 0]
[2, 2621, 0]
[2, 2621, 0]
[2, 2621, 0]
[2, 2621, 0]
[2, 2621, 0]
[2, 2621, 0]
[2, 2621, 0]
[2, 2621, 0]
[2, 2621, 0]
[2, 2621, 0]
[2, 2621, 0]
[2, 2621, 0]
[2, 2621, 0]
[2, 2621, 0]
[5, 6553, 0]
[5, 6553, 0]
[5, 6553, 0]
[5, 6553, 0]
[5, 6553, 0]
[5, 6553, 0]
[5, 6553, 0]
[5, 6553, 0]
[5, 6553, 0]
[5, 6553, 0]
[5, 6553, 0]
[5, 6553, 0]
[5, 6553, 0]
[5, 6553, 0]
[5, 6553, 0]
[5, 6553, 0]
[5, 6553, 0]
[5, 6553, 0]
[5, 6553, 0]
[5, 6553, 0]
[5, 6553, 0]
[5, 6553, 0]
[5, 6553, 0]
[5, 6553, 0]
[5, 6553, 0]
[5, 6553, 0]
[5, 6553, 0]
[5, 6553, 0]
[5, 6553, 0]
[5, 6553, 0]
[5, 6553, 0]
[5, 6553, 0]
[5, 6553, 0]
[5, 6553, 0]
[5, 6553, 0]
[5, 6553, 0]
[5, 6553, 0]
[5, 6553, 0]
[5, 6553, 0]
[5, 6553, 0]
[5, 6553, 0]
[5, 6553, 0]
[5, 6553, 0]
[5, 6553, 0]
[5, 6553, 0]
[5, 6553, 0]
[5, 6553, 0]
[5, 6553, 0]
[5, 6553, 0]
[5, 6553, 0]
[5, 6553, 0]
[5, 6553, 0]
[5, 6553, 0]
[5, 6553, 0]
[5, 6553, 0]
[5, 6553, 0]
[5, 6553, 0]
[5, 6553, 0]
[5, 6553, 0]
[5, 6553, 0]
[5, 6553, 0]
[5, 6553, 0]
[5, 6553, 0]
[5, 6553, 0]
[5, 6553, 0]
[5, 6553, 0]
[5, 6553, 0]
[5, 6553, 0]
[5, 6553, 0]
[5, 6553, 0]
[5, 6553, 0]
[5, 6553, 0]
[5, 6553, 0]
[5, 6553, 0]
[5, 6553, 0]
[5, 6553, 0]
[5, 6553, 0]
[5, 6553, 0]
[5, 6553, 0]
[5, 6553, 0]
[5, 6553, 0]
[5, 6553, 0]
[5, 6553, 0]
[5, 6553, 0]
[5, 6553, 0]
[5, 6553, 0]
[5, 6553, 0]
[5, 6553, 0]
[5, 6553, 0]
[5, 6553, 0]
[5, 6553, 0]
[5, 6553, 0]
[5, 6553, 0]
[5, 6553, 0]
[5, 6553, 0]
[5, 6553, 0]
[5, 6553, 0]
[5, 6553, 0]
[5, 6553, 0]
[5, 6553, 0]
[10, 13107, 0]
[10, 13107, 0]
[10, 13107, 2]
[10, 13107, 0]
[10, 13107, 0]
[10, 13107, 0]
[10, 13107, 0]
[10, 13107, 0]
[10, 13107, 0]
[10, 13107, 0]
[10, 13107, 0]
[10, 13107, 0]
[10, 13107, 0]
[10, 13107, 0]
[10, 13107, 0]
[10, 13107, 0]
[10, 13107, 0]
[10, 13107, 0]
[10, 13107, 0]
[10, 13107, 1]
[10, 13107, 0]
[10, 13107, 0]
[10, 13107, 0]
[10, 13107, 3]
[10, 13107, 0]
[10, 13107, 0]
[10, 13107, 0]
[10, 13107, 0]
[10, 13107, 0]
[10, 13107, 0]
[10, 13107, 0]
[10, 13107, 2]
[10, 13107, 0]
[10, 13107, 0]
[10, 13107, 0]
[10, 13107, 0]
[10, 13107, 0]
[10, 13107, 0]
[10, 13107, 0]
[10, 13107, 0]
[10, 13107, 1]
[10, 13107, 0]
[10, 13107, 1]
[10, 13107, 0]
[10, 13107, 1]
[10, 13107, 0]
[10, 13107, 1]
[10, 13107, 0]
[10, 13107, 0]
[10, 13107, 0]
[10, 13107, 0]
[10, 13107, 2]
[10, 13107, 0]
[10, 13107, 0]
[10, 13107, 1]
[10, 13107, 0]
[10, 13107, 1]
[10, 13107, 0]
[10, 13107, 0]
[10, 13107, 0]
[10, 13107, 0]
[10, 13107, 1]
[10, 13107, 0]
[10, 13107, 0]
[10, 13107, 1]
[10, 13107, 0]
[10, 13107, 0]
[10, 13107, 1]
[10, 13107, 0]
[10, 13107, 0]
[10, 13107, 0]
[10, 13107, 0]
[10, 13107, 1]
[10, 13107, 0]
[10, 13107, 0]
[10, 13107, 0]
[10, 13107, 0]
[10, 13107, 0]
[10, 13107, 0]
[10, 13107, 0]
[10, 13107, 0]
[10, 13107, 0]
[10, 13107, 0]
[10, 13107, 0]
[10, 13107, 0]
[10, 13107, 1]
[10, 13107, 0]
[10, 13107, 0]
[10, 13107, 0]
[10, 13107, 0]
[10, 13107, 0]
[10, 13107, 0]
[10, 13107, 0]
[10, 13107, 0]
[10, 13107, 0]
[10, 13107, 0]
[10, 13107, 0]
[10, 13107, 0]
[10, 13107, 0]
[10, 13107, 0]
[15, 19660, 0]
[15, 19660, 3]
[15, 19660, 1]
[15, 19660, 3]
[15, 19660, 4]
[15, 19660, 1]
[15, 19660, 2]
[15, 19660, 0]
[15, 19660, 2]
[15, 19660, 0]
[15, 19660, 2]
[15, 19660, 2]
[15, 19660, 0]
[15, 19660, 0]
[15, 19660, 2]
[15, 19660, 0]
[15, 19660, 1]
[15, 19660, 0]
[15, 19660, 0]
[15, 19660, 2]
[15, 19660, 0]
[15, 19660, 1]
[15, 19660, 1]
[15, 19660, 3]
[15, 19660, 1]
[15, 19660, 2]
[15, 19660, 0]
[15, 19660, 2]
[15, 19660, 0]
[15, 19660, 2]
[15, 19660, 0]
[15, 19660, 2]
[15, 19660, 0]
[15, 19660, 0]
[15, 19660, 0]
[15, 19660, 2]
[15, 19660, 1]
[15, 19660, 2]
[15, 19660, 4]
[15, 19660, 0]
[15, 19660, 0]
[15, 19660, 1]
[15, 19660, 0]
[15, 19660, 0]
[15, 19660, 0]
[15, 19660, 0]
[15, 19660, 1]
[15, 19660, 1]
[15, 19660, 0]
[15, 19660, 1]
[15, 19660, 3]
[15, 19660, 1]
[15, 19660, 1]
[15, 19660, 0]
[15, 19660, 2]
[15, 19660, 1]
[15, 19660, 0]
[15, 19660, 0]
[15, 19660, 3]
[15, 19660, 0]
[15, 19660, 0]
[15, 19660, 3]
[15, 19660, 1]
[15, 19660, 1]
[15, 19660, 1]
[15, 19660, 0]
[15, 19660, 0]
[15, 19660, 2]
[15, 19660, 2]
[15, 19660, 0]
[15, 19660, 0]
[15, 19660, 1]
[15, 19660, 1]
[15, 19660, 0]
[15, 19660, 4]
[15, 19660, 2]
[15, 19660, 0]
[15, 19660, 2]
[15, 19660, 0]
[15, 19660, 0]
[15, 19660, 3]
[15, 19660, 0]
[15, 19660, 0]
[15, 19660, 2]
[15, 19660, 1]
[15, 19660, 1]
[15, 19660, 0]
[15, 19660, 0]
[15, 19660, 1]
[15, 19660, 0]
[15, 19660, 2]
[15, 19660, 0]
[15, 19660, 3]
[15, 19660, 0]
[15, 19660, 0]
[15, 19660, 0]
[15, 19660, 4]
[15, 19660, 0]
[15, 19660, 0]
[15, 19660, 0]
[20, 26214, 7]
[20, 26214, 4]
[20, 26214, 5]
[20, 26214, 4]
[20, 26214, 4]
[20, 26214, 3]
[20, 26214, 2]
[20, 26214, 5]
[20, 26214, 8]
[20, 26214, 2]
[20, 26214, 9]
[20, 26214, 3]
[20, 26214, 9]
[20, 26214, 1]
[20, 26214, 5]
[20, 26214, 4]
[20, 26214, 4]
[20, 26214, 2]
[20, 26214, 1]
[20, 26214, 6]
[20, 26214, 6]
[20, 26214, 4]
[20, 26214, 5]
[20, 26214, 5]
[20, 26214, 8]
[20, 26214, 6]
[20, 26214, 11]
[20, 26214, 5]
[20, 26214, 1]
[20, 26214, 11]
[20, 26214, 3]
[20, 26214, 1]
[20, 26214, 1]
[20, 26214, 10]
[20, 26214, 7]
[20, 26214, 5]
[20, 26214, 2]
[20, 26214, 5]
[20, 26214, 2]
[20, 26214, 2]
[20, 26214, 3]
[20, 26214, 8]
[20, 26214, 0]
[20, 26214, 0]
[20, 26214, 3]
[20, 26214, 1]
[20, 26214, 2]
[20, 26214, 6]
[20, 26214, 6]
[20, 26214, 4]
[20, 26214, 1]
[20, 26214, 1]
[20, 26214, 3]
[20, 26214, 15]
[20, 26214, 3]
[20, 26214, 1]
[20, 26214, 3]
[20, 26214, 3]
[20, 26214, 3]
[20, 26214, 5]
[20, 26214, 6]
[20, 26214, 4]
[20, 26214, 0]
[20, 26214, 6]
[20, 26214, 4]
[20, 26214, 2]
[20, 26214, 6]
[20, 26214, 5]
[20, 26214, 9]
[20, 26214, 1]
[20, 26214, 4]
[20, 26214, 2]
[20, 26214, 6]
[20, 26214, 4]
[20, 26214, 3]
[20, 26214, 8]
[20, 26214, 2]
[20, 26214, 7]
[20, 26214, 7]
[20, 26214, 2]
[20, 26214, 1]
[20, 26214, 3]
[20, 26214, 0]
[20, 26214, 6]
[20, 26214, 12]
[20, 26214, 5]
[20, 26214, 3]
[20, 26214, 5]
[20, 26214, 3]
[20, 26214, 2]
[20, 26214, 3]
[20, 26214, 7]
[20, 26214, 0]
[20, 26214, 4]
[20, 26214, 6]
[20, 26214, 6]
[20, 26214, 4]
[20, 26214, 8]
[20, 26214, 0]
[20, 26214, 3]
[25, 32768, 11]
[25, 32768, 8]
[25, 32768, 14]
[25, 32768, 10]
[25, 32768, 9]
[25, 32768, 11]
[25, 32768, 11]
[25, 32768, 16]
[25, 32768, 8]
[25, 32768, 13]
[25, 32768, 11]
[25, 32768, 23]
[25, 32768, 19]
[25, 32768, 10]
[25, 32768, 16]
[25, 32768, 11]
[25, 32768, 8]
[25, 32768, 7]
[25, 32768, 4]
[25, 32768, 6]
[25, 32768, 5]
[25, 32768, 14]
[25, 32768, 12]
[25, 32768, 15]
[25, 32768, 15]
[25, 32768, 2]
[25, 32768, 10]
[25, 32768, 17]
[25, 32768, 7]
[25, 32768, 12]
[25, 32768, 9]
[25, 32768, 13]
[25, 32768, 10]
[25, 32768, 11]
[25, 32768, 15]
[25, 32768, 12]
[25, 32768, 14]
[25, 32768, 14]
[25, 32768, 12]
[25, 32768, 10]
[25, 32768, 16]
[25, 32768, 9]
[25, 32768, 26]
[25, 32768, 14]
[25, 32768, 9]
[25, 32768, 13]
[25, 32768, 11]
[25, 32768, 11]
[25, 32768, 15]
[25, 32768, 7]
[25, 32768, 8]
[25, 32768, 10]
[25, 32768, 13]
[25, 32768, 27]
[25, 32768, 15]
[25, 32768, 9]
[25, 32768, 8]
[25, 32768, 8]
[25, 32768, 11]
[25, 32768, 8]
[25, 32768, 13]
[25, 32768, 10]
[25, 32768, 11]
[25, 32768, 8]
[25, 32768, 11]
[25, 32768, 25]
[25, 32768, 6]
[25, 32768, 9]
[25, 32768, 13]
[25, 32768, 12]
[25, 32768, 14]
[25, 32768, 7]
[25, 32768, 9]
[25, 32768, 9]
[25, 32768, 5]
[25, 32768, 11]
[25, 32768, 10]
[25, 32768, 13]
[25, 32768, 9]
[25, 32768, 9]
[25, 32768, 8]
[25, 32768, 10]
[25, 32768, 11]
[25, 32768, 12]
[25, 32768, 13]
[25, 32768, 16]
[25, 32768, 7]
[25, 32768, 15]
[25, 32768, 13]
[25, 32768, 8]
[25, 32768, 12]
[25, 32768, 9]
[25, 32768, 10]
[25, 32768, 7]
[25, 32768, 12]
[25, 32768, 13]
[25, 32768, 9]
[25, 32768, 8]
[25, 32768, 10]
[25, 32768, 5]
[30, 39321, 18]
[30, 39321, 22]
[30, 39321, 24]
[30, 39321, 12]
[30, 39321, 26]
[30, 39321, 27]
[30, 39321, 20]
[30, 39321, 20]
[30, 39321, 23]
[30, 39321, 16]
[30, 39321, 17]
[30, 39321, 28]
[30, 39321, 34]
[30, 39321, 21]
[30, 39321, 21]
[30, 39321, 26]
[30, 39321, 19]
[30, 39321, 18]
[30, 39321, 20]
[30, 39321, 20]
[30, 39321, 38]
[30, 39321, 22]
[30, 39321, 15]
[30, 39321, 34]
[30, 39321, 12]
[30, 39321, 13]
[30, 39321, 24]
[30, 39321, 25]
[30, 39321, 19]
[30, 39321, 19]
[30, 39321, 22]
[30, 39321, 16]
[30, 39321, 18]
[30, 39321, 40]
[30, 39321, 25]
[30, 39321, 26]
[30, 39321, 21]
[30, 39321, 15]
[30, 39321, 15]
[30, 39321, 22]
[30, 39321, 22]
[30, 39321, 27]
[30, 39321, 16]
[30, 39321, 20]
[30, 39321, 23]
[30, 39321, 23]
[30, 39321, 18]
[30, 39321, 13]
[30, 39321, 22]
[30, 39321, 27]
[30, 39321, 25]
[30, 39321, 21]
[30, 39321, 26]
[30, 39321, 25]
[30, 39321, 29]
[30, 39321, 27]
[30, 39321, 26]
[30, 39321, 16]
[30, 39321, 24]
[30, 39321, 21]
[30, 39321, 32]
[30, 39321, 22]
[30, 39321, 22]
[30, 39321, 17]
[30, 39321, 13]
[30, 39321, 28]
[30, 39321, 24]
[30, 39321, 14]
[30, 39321, 23]
[30, 39321, 30]
[30, 39321, 10]
[30, 39321, 25]
[30, 39321, 27]
[30, 39321, 26]
[30, 39321, 17]
[30, 39321, 29]
[30, 39321, 24]
[30, 39321, 28]
[30, 39321, 26]
[30, 39321, 21]
[30, 39321, 23]
[30, 39321, 33]
[30, 39321, 16]
[30, 39321, 15]
[30, 39321, 31]
[30, 39321, 23]
[30, 39321, 18]
[30, 39321, 34]
[30, 39321, 10]
[30, 39321, 23]
[30, 39321, 35]
[30, 39321, 15]
[30, 39321, 25]
[30, 39321, 16]
[30, 39321, 30]
[30, 39321, 25]
[30, 39321, 21]
[30, 39321, 19]
[30, 39321, 22]
[30, 39321, 12]
[35, 45875, 44]
[35, 45875, 54]
[35, 45875, 47]
[35, 45875, 35]
[35, 45875, 36]
[35, 45875, 33]
[35, 45875, 54]
[35, 45875, 61]
[35, 45875, 54]
[35, 45875, 44]
[35, 45875, 37]
[35, 45875, 67]
[35, 45875, 43]
[35, 45875, 49]
[35, 45875, 46]
[35, 45875, 45]
[35, 45875, 32]
[35, 45875, 44]
[35, 45875, 42]
[35, 45875, 53]
[35, 45875, 35]
[35, 45875, 39]
[35, 45875, 45]
[35, 45875, 80]
[35, 45875, 33]
[35, 45875, 55]
[35, 45875, 48]
[35, 45875, 40]
[35, 45875, 43]
[35, 45875, 44]
[35, 45875, 51]
[35, 45875, 36]
[35, 45875, 41]
[35, 45875, 43]
[35, 45875, 77]
[35, 45875, 53]
[35, 45875, 57]
[35, 45875, 65]
[35, 45875, 41]
[35, 45875, 56]
[35, 45875, 36]
[35, 45875, 47]
[35, 45875, 42]
[35, 45875, 58]
[35, 45875, 52]
[35, 45875, 67]
[35, 45875, 35]
[35, 45875, 32]
[35, 45875, 42]
[35, 45875, 65]
[35, 45875, 64]
[35, 45875, 69]
[35, 45875, 48]
[35, 45875, 47]
[35, 45875, 56]
[35, 45875, 40]
[35, 45875, 42]
[35, 45875, 38]
[35, 45875, 42]
[35, 45875, 54]
[35, 45875, 48]
[35, 45875, 50]
[35, 45875, 43]
[35, 45875, 78]
[35, 45875, 42]
[35, 45875, 55]
[35, 45875, 54]
[35, 45875, 34]
[35, 45875, 51]
[35, 45875, 59]
[35, 45875, 56]
[35, 45875, 37]
[35, 45875, 50]
[35, 45875, 59]
[35, 45875, 47]
[35, 45875, 47]
[35, 45875, 48]
[35, 45875, 47]
[35, 45875, 44]
[35, 45875, 61]
[35, 45875, 57]
[35, 45875, 70]
[35, 45875, 57]
[35, 45875, 58]
[35, 45875, 61]
[35, 45875, 50]
[35, 45875, 53]
[35, 45875, 43]
[35, 45875, 50]
[35, 45875, 54]
[35, 45875, 37]
[35, 45875, 53]
[35, 45875, 52]
[35, 45875, 41]
[35, 45875, 46]
[35, 45875, 31]
[35, 45875, 51]
[35, 45875, 60]
[35, 45875, 45]
[35, 45875, 55]
[40, 52428, 65]
[40, 52428, 81]
[40, 52428, 72]
[40, 52428, 85]
[40, 52428, 88]
[40, 52428, 80]
[40, 52428, 73]
[40, 52428, 91]
[40, 52428, 100]
[40, 52428, 91]
[40, 52428, 101]
[40, 52428, 90]
[40, 52428, 101]
[40, 52428, 80]
[40, 52428, 79]
[40, 52428, 88]
[40, 52428, 87]
[40, 52428, 72]
[40, 52428, 104]
[40, 52428, 79]
[40, 52428, 70]
[40, 52428, 97]
[40, 52428, 83]
[40, 52428, 108]
[40, 52428, 74]
[40, 52428, 82]
[40, 52428, 74]
[40, 52428, 78]
[40, 52428, 84]
[40, 52428, 76]
[40, 52428, 64]
[40, 52428, 77]
[40, 52428, 99]
[40, 52428, 113]
[40, 52428, 101]
[40, 52428, 98]
[40, 52428, 60]
[40, 52428, 86]
[40, 52428, 65]
[40, 52428, 91]
[40, 52428, 93]
[40, 52428, 71]
[40, 52428, 103]
[40, 52428, 82]
[40, 52428, 67]
[40, 52428, 80]
[40, 52428, 114]
[40, 52428, 85]
[40, 52428, 77]
[40, 52428, 87]
[40, 52428, 82]
[40, 52428, 76]
[40, 52428, 86]
[40, 52428, 85]
[40, 52428, 81]
[40, 52428, 64]
[40, 52428, 74]
[40, 52428, 77]
[40, 52428, 97]
[40, 52428, 90]
[40, 52428, 94]
[40, 52428, 91]
[40, 52428, 110]
[40, 52428, 116]
[40, 52428, 100]
[40, 52428, 82]
[40, 52428, 82]
[40, 52428, 66]
[40, 52428, 91]
[40, 52428, 81]
[40, 52428, 76]
[40, 52428, 64]
[40, 52428, 83]
[40, 52428, 108]
[40, 52428, 71]
[40, 52428, 72]
[40, 52428, 63]
[40, 52428, 97]
[40, 52428, 94]
[40, 52428, 73]
[40, 52428, 96]
[40, 52428, 91]
[40, 52428, 91]
[40, 52428, 88]
[40, 52428, 79]
[40, 52428, 72]
[40, 52428, 89]
[40, 52428, 94]
[40, 52428, 82]
[40, 52428, 102]
[40, 52428, 61]
[40, 52428, 76]
[40, 52428, 77]
[40, 52428, 92]
[40, 52428, 89]
[40, 52428, 98]
[40, 52428, 83]
[40, 52428, 73]
[40, 52428, 87]
[40, 52428, 88]
