[1, 1310, 0, 0, 0, 0]
[1, 1310, 0, 0, 0, 0]
[1, 1310, 0, 0, 0, 0]
[1, 1310, 0, 0, 0, 0]
[1, 1310, 0, 0, 0, 0]
[1, 1310, 0, 0, 0, 0]
[1, 1310, 0, 0, 0, 0]
[1, 1310, 0, 0, 0, 0]
[1, 1310, 0, 0, 0, 0]
[1, 1310, 0, 0, 0, 0]
[1, 1310, 0, 0, 0, 0]
[1, 1310, 0, 0, 0, 0]
[1, 1310, 0, 0, 0, 0]
[1, 1310, 0, 0, 0, 0]
[1, 1310, 0, 0, 0, 0]
[1, 1310, 0, 0, 0, 0]
[1, 1310, 0, 0, 0, 0]
[1, 1310, 0, 0, 0, 0]
[1, 1310, 0, 0, 0, 0]
[1, 1310, 0, 0, 0, 0]
[1, 1310, 0, 0, 0, 0]
[1, 1310, 0, 0, 0, 0]
[1, 1310, 0, 0, 0, 0]
[1, 1310, 0, 0, 0, 0]
[1, 1310, 0, 0, 0, 0]
[1, 1310, 0, 0, 0, 0]
[1, 1310, 0, 0, 0, 0]
[1, 1310, 0, 0, 0, 0]
[1, 1310, 0, 0, 0, 0]
[1, 1310, 0, 0, 0, 0]
[1, 1310, 0, 0, 0, 0]
[1, 1310, 0, 0, 0, 0]
[1, 1310, 0, 0, 0, 0]
[1, 1310, 0, 0, 0, 0]
[1, 1310, 0, 0, 0, 0]
[1, 1310, 0, 0, 0, 0]
[1, 1310, 0, 0, 0, 0]
[1, 1310, 0, 0, 0, 0]
[1, 1310, 0, 0, 0, 0]
[1, 1310, 0, 0, 0, 0]
[1, 1310, 0, 0, 0, 0]
[1, 1310, 0, 0, 0, 0]
[1, 1310, 0, 0, 0, 0]
[1, 1310, 0, 0, 0, 0]
[1, 1310, 0, 0, 0, 0]
[1, 1310, 0, 0, 0, 0]
[1, 1310, 0, 0, 0, 0]
[1, 1310, 0, 0, 0, 0]
[1, 1310, 0, 0, 0, 0]
[1, 1310, 0, 0, 0, 0]
[1, 1310, 0, 0, 0, 0]
[1, 1310, 0, 0, 0, 0]
[1, 1310, 0, 0, 0, 0]
[1, 1310, 0, 0, 0, 0]
[1, 1310, 0, 0, 0, 0]
[1, 1310, 0, 0, 0, 0]
[1, 1310, 0, 0, 0, 0]
[1, 1310, 0, 0, 0, 0]
[1, 1310, 0, 0, 0, 0]
[1, 1310, 0, 0, 0, 0]
[1, 1310, 0, 0, 0, 0]
[1, 1310, 0, 0, 0, 0]
[1, 1310, 0, 0, 0, 0]
[1, 1310, 0, 0, 0, 0]
[1, 1310, 0, 0, 0, 0]
[1, 1310, 0, 0, 0, 0]
[1, 1310, 0, 0, 0, 0]
[1, 1310, 0, 0, 0, 0]
[1, 1310, 0, 0, 0, 0]
[1, 1310, 0, 0, 0, 0]
[1, 1310, 0, 0, 0, 0]
[1, 1310, 0, 0, 0, 0]
[1, 1310, 0, 0, 0, 0]
[1, 1310, 0, 0, 0, 0]
[1, 1310, 0, 0, 0, 0]
[1, 1310, 0, 0, 0, 0]
[1, 1310, 0, 0, 0, 0]
[1, 1310, 0, 0, 0, 0]
[1, 1310, 0, 0, 0, 0]
[1, 1310, 0, 0, 0, 0]
[1, 1310, 0, 0, 0, 0]
[1, 1310, 0, 0, 0, 0]
[1, 1310, 0, 0, 0, 0]
[1, 1310, 0, 0, 0, 0]
[1, 1310, 0, 0, 0, 0]
[1, 1310, 0, 0, 0, 0]
[1, 1310, 0, 0, 0, 0]
[1, 1310, 0, 0, 0, 0]
[1, 1310, 0, 0, 0, 0]
[1, 1310, 0, 0, 0, 0]
[1, 1310, 0, 0, 0, 0]
[1, 1310, 0, 0, 0, 0]
[1, 1310, 0, 0, 0, 0]
[1, 1310, 0, 0, 0, 0]
[1, 1310, 0, 0, 0, 0]
[1, 1310, 0, 0, 0, 0]
[1, 1310, 0, 0, 0, 0]
[1, 1310, 0, 0, 0, 0]
[1, 1310, 0, 0, 0, 0]
[1, 1310, 0, 0, 0, 0]
[2, 2621, 0, 0, 0, 0]
[2, 2621, 0, 0, 0, 0]
[2, 2621, 0, 0, 0, 0]
[2, 2621, 0, 0, 0, 0]
[2, 2621, 0, 0, 0, 0]
[2, 2621, 0, 0, 0, 0]
[2, 2621, 0, 0, 0, 0]
[2, 2621, 0, 0, 0, 0]
[2, 2621, 0, 0, 0, 0]
[2, 2621, 0, 0, 0, 0]
[2, 2621, 0, 0, 0, 0]
[2, 2621, 0, 0, 0, 0]
[2, 2621, 0, 0, 0, 0]
[2, 2621, 0, 0, 0, 0]
[2, 2621, 0, 0, 0, 0]
[2, 2621, 0, 0, 0, 0]
[2, 2621, 0, 0, 0, 0]
[2, 2621, 0, 0, 0, 0]
[2, 2621, 0, 0, 0, 0]
[2, 2621, 0, 0, 0, 0]
[2, 2621, 0, 0, 0, 0]
[2, 2621, 0, 0, 0, 0]
[2, 2621, 0, 0, 0, 0]
[2, 2621, 0, 0, 0, 0]
[2, 2621, 0, 0, 0, 0]
[2, 2621, 0, 0, 0, 0]
[2, 2621, 0, 0, 0, 0]
[2, 2621, 0, 0, 0, 0]
[2, 2621, 0, 0, 0, 0]
[2, 2621, 0, 0, 0, 0]
[2, 2621, 0, 0, 0, 0]
[2, 2621, 0, 0, 0, 0]
[2, 2621, 0, 0, 0, 0]
[2, 2621, 0, 0, 0, 0]
[2, 2621, 0, 0, 0, 0]
[2, 2621, 0, 0, 0, 0]
[2, 2621, 0, 0, 0, 0]
[2, 2621, 0, 0, 0, 0]
[2, 2621, 0, 0, 0, 0]
[2, 2621, 0, 0, 0, 0]
[2, 2621, 0, 0, 0, 0]
[2, 2621, 0, 0, 0, 0]
[2, 2621, 0, 0, 0, 0]
[2, 2621, 0, 0, 0, 0]
[2, 2621, 0, 0, 0, 0]
[2, 2621, 0, 0, 0, 0]
[2, 2621, 0, 0, 0, 0]
[2, 2621, 0, 0, 0, 0]
[2, 2621, 0, 0, 0, 0]
[2, 2621, 0, 0, 0, 0]
[2, 2621, 0, 0, 0, 0]
[2, 2621, 0, 0, 0, 0]
[2, 2621, 0, 0, 0, 0]
[2, 2621, 0, 0, 0, 0]
[2, 2621, 0, 0, 0, 0]
[2, 2621, 0, 0, 0, 0]
[2, 2621, 0, 0, 0, 0]
[2, 2621, 0, 0, 0, 0]
[2, 2621, 0, 0, 0, 0]
[2, 2621, 0, 0, 0, 0]
[2, 2621, 0, 0, 0, 0]
[2, 2621, 0, 0, 0, 0]
[2, 2621, 0, 0, 0, 0]
[2, 2621, 0, 0, 0, 0]
[2, 2621, 0, 0, 0, 0]
[2, 2621, 0, 0, 0, 0]
[2, 2621, 0, 0, 0, 0]
[2, 2621, 0, 0, 0, 0]
[2, 2621, 0, 0, 0, 0]
[2, 2621, 0, 0, 0, 0]
[2, 2621, 0, 0, 0, 0]
[2, 2621, 0, 0, 0, 0]
[2, 2621, 0, 0, 0, 0]
[2, 2621, 0, 0, 0, 0]
[2, 2621, 0, 0, 0, 0]
[2, 2621, 0, 0, 0, 0]
[2, 2621, 0, 0, 0, 0]
[2, 2621, 0, 0, 0, 0]
[2, 2621, 0, 0, 0, 0]
[2, 2621, 0, 0, 0, 0]
[2, 2621, 0, 0, 0, 0]
[2, 2621, 0, 0, 0, 0]
[2, 2621, 0, 0, 0, 0]
[2, 2621, 0, 0, 0, 0]
[2, 2621, 0, 0, 0, 0]
[2, 2621, 0, 0, 0, 0]
[2, 2621, 0, 0, 0, 0]
[2, 2621, 0, 0, 0, 0]
[2, 2621, 0, 0, 0, 0]
[2, 2621, 0, 0, 0, 0]
[2, 2621, 0, 0, 0, 0]
[2, 2621, 0, 0, 0, 0]
[2, 2621, 0, 0, 0, 0]
[2, 2621, 0, 0, 0, 0]
[2, 2621, 0, 0, 0, 0]
[2, 2621, 0, 0, 0, 0]
[2, 2621, 0, 0, 0, 0]
[2, 2621, 0, 0, 0, 0]
[2, 2621, 0, 0, 1, 0]
[2, 2621, 0, 0, 0, 0]
[5, 6553, 0, 1, 0, 0]
[5, 6553, 0, 0, 2, 0]
[5, 6553, 0, 0, 0, 0]
[5, 6553, 0, 0, 0, 0]
[5, 6553, 0, 0, 0, 0]
[5, 6553, 0, 0, 0, 1]
[5, 6553, 0, 0, 0, 0]
[5, 6553, 0, 0, 0, 0]
[5, 6553, 0, 2, 0, 0]
[5, 6553, 0, 0, 0, 0]
[5, 6553, 0, 0, 0, 0]
[5, 6553, 0, 0, 0, 0]
[5, 6553, 1, 0, 2, 0]
[5, 6553, 0, 0, 0, 0]
[5, 6553, 0, 0, 0, 0]
[5, 6553, 0, 0, 0, 0]
[5, 6553, 0, 0, 0, 0]
[5, 6553, 0, 0, 0, 0]
[5, 6553, 0, 0, 0, 0]
[5, 6553, 0, 2, 0, 0]
[5, 6553, 0, 0, 0, 0]
[5, 6553, 0, 0, 0, 0]
[5, 6553, 2, 0, 0, 0]
[5, 6553, 0, 0, 0, 0]
[5, 6553, 0, 0, 0, 0]
[5, 6553, 0, 0, 0, 0]
[5, 6553, 0, 0, 0, 0]
[5, 6553, 0, 0, 0, 1]
[5, 6553, 0, 1, 0, 0]
[5, 6553, 0, 0, 0, 0]
[5, 6553, 0, 0, 0, 0]
[5, 6553, 0, 0, 0, 1]
[5, 6553, 0, 0, 0, 0]
[5, 6553, 0, 0, 0, 0]
[5, 6553, 0, 0, 0, 0]
[5, 6553, 0, 0, 0, 0]
[5, 6553, 0, 0, 0, 0]
[5, 6553, 0, 0, 0, 0]
[5, 6553, 0, 0, 0, 0]
[5, 6553, 0, 0, 0, 0]
[5, 6553, 0, 0, 0, 0]
[5, 6553, 0, 1, 0, 0]
[5, 6553, 2, 0, 0, 0]
[5, 6553, 0, 0, 0, 0]
[5, 6553, 0, 0, 0, 0]
[5, 6553, 0, 0, 0, 0]
[5, 6553, 0, 1, 0, 0]
[5, 6553, 0, 0, 0, 0]
[5, 6553, 1, 0, 0, 0]
[5, 6553, 0, 0, 0, 1]
[5, 6553, 2, 0, 0, 0]
[5, 6553, 0, 0, 0, 0]
[5, 6553, 1, 0, 0, 0]
[5, 6553, 0, 0, 0, 0]
[5, 6553, 0, 0, 0, 0]
[5, 6553, 1, 0, 0, 0]
[5, 6553, 0, 0, 0, 0]
[5, 6553, 0, 0, 0, 1]
[5, 6553, 0, 0, 1, 0]
[5, 6553, 0, 0, 0, 0]
[5, 6553, 0, 0, 0, 0]
[5, 6553, 0, 0, 0, 2]
[5, 6553, 0, 0, 0, 0]
[5, 6553, 0, 0, 0, 0]
[5, 6553, 0, 0, 0, 0]
[5, 6553, 0, 0, 0, 0]
[5, 6553, 0, 0, 2, 0]
[5, 6553, 0, 0, 0, 0]
[5, 6553, 0, 0, 0, 0]
[5, 6553, 0, 0, 0, 0]
[5, 6553, 0, 0, 0, 0]
[5, 6553, 0, 0, 0, 0]
[5, 6553, 0, 0, 0, 0]
[5, 6553, 0, 0, 0, 0]
[5, 6553, 0, 0, 0, 0]
[5, 6553, 0, 0, 0, 0]
[5, 6553, 0, 0, 0, 0]
[5, 6553, 0, 0, 0, 0]
[5, 6553, 0, 0, 0, 0]
[5, 6553, 0, 0, 1, 0]
[5, 6553, 0, 0, 0, 0]
[5, 6553, 0, 0, 0, 0]
[5, 6553, 0, 0, 0, 0]
[5, 6553, 0, 0, 0, 0]
[5, 6553, 0, 0, 0, 0]
[5, 6553, 2, 0, 0, 0]
[5, 6553, 0, 0, 0, 0]
[5, 6553, 0, 0, 0, 0]
[5, 6553, 0, 0, 0, 0]
[5, 6553, 0, 0, 0, 0]
[5, 6553, 0, 0, 0, 0]
[5, 6553, 0, 0, 0, 0]
[5, 6553, 0, 0, 0, 1]
[5, 6553, 0, 0, 0, 1]
[5, 6553, 0, 0, 1, 0]
[5, 6553, 0, 0, 0, 0]
[5, 6553, 0, 0, 0, 3]
[5, 6553, 0, 0, 0, 0]
[5, 6553, 0, 1, 0, 0]
[5, 6553, 1, 0, 0, 0]
[10, 13107, 6, 0, 4, 2]
[10, 13107, 0, 0, 8, 1]
[10, 13107, 0, 3, 3, 1]
[10, 13107, 0, 4, 3, 0]
[10, 13107, 0, 3, 0, 1]
[10, 13107, 0, 3, 1, 0]
[10, 13107, 0, 2, 1, 1]
[10, 13107, 1, 3, 1, 3]
[10, 13107, 2, 7, 2, 2]
[10, 13107, 2, 1, 0, 1]
[10, 13107, 0, 2, 1, 0]
[10, 13107, 1, 3, 0, 4]
[10, 13107, 1, 2, 3, 1]
[10, 13107, 2, 4, 2, 1]
[10, 13107, 3, 2, 0, 2]
[10, 13107, 0, 5, 1, 2]
[10, 13107, 1, 0, 2, 0]
[10, 13107, 4, 0, 3, 2]
[10, 13107, 1, 0, 0, 2]
[10, 13107, 0, 0, 1, 2]
[10, 13107, 1, 0, 1, 3]
[10, 13107, 0, 1, 2, 2]
[10, 13107, 5, 0, 0, 2]
[10, 13107, 0, 2, 1, 0]
[10, 13107, 0, 1, 4, 2]
[10, 13107, 3, 4, 1, 1]
[10, 13107, 0, 2, 0, 0]
[10, 13107, 0, 0, 0, 0]
[10, 13107, 2, 5, 1, 2]
[10, 13107, 0, 3, 4, 4]
[10, 13107, 4, 2, 2, 1]
[10, 13107, 1, 1, 0, 2]
[10, 13107, 3, 0, 2, 2]
[10, 13107, 0, 2, 0, 0]
[10, 13107, 4, 7, 0, 2]
[10, 13107, 1, 0, 1, 0]
[10, 13107, 0, 1, 3, 0]
[10, 13107, 0, 0, 3, 2]
[10, 13107, 2, 3, 1, 3]
[10, 13107, 4, 4, 0, 0]
[10, 13107, 1, 0, 1, 1]
[10, 13107, 0, 3, 0, 2]
[10, 13107, 4, 1, 1, 1]
[10, 13107, 1, 0, 1, 1]
[10, 13107, 0, 1, 5, 2]
[10, 13107, 2, 1, 0, 7]
[10, 13107, 0, 1, 1, 3]
[10, 13107, 0, 5, 3, 0]
[10, 13107, 1, 0, 4, 0]
[10, 13107, 1, 2, 2, 3]
[10, 13107, 2, 3, 0, 1]
[10, 13107, 1, 2, 1, 2]
[10, 13107, 3, 0, 1, 3]
[10, 13107, 0, 1, 1, 2]
[10, 13107, 0, 1, 5, 2]
[10, 13107, 0, 3, 0, 1]
[10, 13107, 0, 2, 5, 1]
[10, 13107, 0, 0, 2, 0]
[10, 13107, 0, 1, 2, 1]
[10, 13107, 1, 3, 1, 0]
[10, 13107, 2, 2, 1, 1]
[10, 13107, 0, 2, 1, 5]
[10, 13107, 2, 2, 1, 1]
[10, 13107, 1, 0, 0, 0]
[10, 13107, 5, 0, 0, 2]
[10, 13107, 2, 2, 0, 3]
[10, 13107, 4, 2, 6, 4]
[10, 13107, 0, 3, 5, 0]
[10, 13107, 1, 3, 1, 0]
[10, 13107, 1, 0, 1, 1]
[10, 13107, 2, 2, 3, 2]
[10, 13107, 5, 0, 0, 1]
[10, 13107, 4, 3, 0, 0]
[10, 13107, 0, 0, 0, 1]
[10, 13107, 2, 0, 1, 1]
[10, 13107, 0, 3, 2, 2]
[10, 13107, 0, 1, 2, 1]
[10, 13107, 1, 1, 1, 0]
[10, 13107, 0, 3, 2, 0]
[10, 13107, 0, 1, 4, 4]
[10, 13107, 3, 2, 1, 1]
[10, 13107, 4, 2, 1, 2]
[10, 13107, 4, 1, 2, 2]
[10, 13107, 1, 2, 2, 1]
[10, 13107, 2, 0, 0, 2]
[10, 13107, 0, 1, 1, 4]
[10, 13107, 0, 0, 1, 0]
[10, 13107, 1, 3, 2, 3]
[10, 13107, 1, 0, 0, 2]
[10, 13107, 2, 3, 0, 0]
[10, 13107, 0, 3, 4, 2]
[10, 13107, 2, 1, 1, 3]
[10, 13107, 3, 4, 5, 1]
[10, 13107, 3, 2, 2, 1]
[10, 13107, 0, 4, 3, 1]
[10, 13107, 1, 0, 3, 0]
[10, 13107, 1, 1, 1, 3]
[10, 13107, 0, 0, 3, 1]
[10, 13107, 2, 2, 0, 2]
[10, 13107, 1, 0, 0, 0]
[15, 19660, 4, 20, 7, 6]
[15, 19660, 13, 8, 6, 6]
[15, 19660, 11, 6, 8, 5]
[15, 19660, 7, 9, 13, 5]
[15, 19660, 14, 9, 10, 11]
[15, 19660, 6, 7, 10, 5]
[15, 19660, 9, 3, 11, 4]
[15, 19660, 10, 3, 11, 6]
[15, 19660, 15, 11, 6, 10]
[15, 19660, 11, 3, 7, 13]
[15, 19660, 10, 2, 12, 11]
[15, 19660, 9, 10, 0, 8]
[15, 19660, 8, 5, 12, 11]
[15, 19660, 7, 5, 7, 5]
[15, 19660, 12, 4, 7, 4]
[15, 19660, 5, 4, 5, 6]
[15, 19660, 3, 8, 4, 5]
[15, 19660, 5, 6, 9, 8]
[15, 19660, 11, 6, 11, 8]
[15, 19660, 5, 2, 6, 4]
[15, 19660, 7, 2, 6, 1]
[15, 19660, 15, 9, 12, 4]
[15, 19660, 5, 9, 12, 2]
[15, 19660, 8, 4, 9, 4]
[15, 19660, 7, 5, 12, 13]
[15, 19660, 6, 2, 12, 8]
[15, 19660, 5, 7, 10, 9]
[15, 19660, 7, 7, 11, 8]
[15, 19660, 7, 9, 8, 2]
[15, 19660, 8, 4, 6, 9]
[15, 19660, 15, 8, 2, 11]
[15, 19660, 7, 6, 7, 3]
[15, 19660, 7, 11, 8, 12]
[15, 19660, 20, 10, 5, 7]
[15, 19660, 8, 4, 2, 10]
[15, 19660, 10, 8, 1, 7]
[15, 19660, 8, 5, 6, 9]
[15, 19660, 9, 6, 9, 7]
[15, 19660, 15, 7, 6, 7]
[15, 19660, 5, 12, 2, 5]
[15, 19660, 5, 10, 8, 6]
[15, 19660, 8, 5, 2, 10]
[15, 19660, 13, 6, 4, 3]
[15, 19660, 13, 8, 11, 8]
[15, 19660, 7, 14, 12, 6]
[15, 19660, 5, 6, 5, 8]
[15, 19660, 4, 8, 3, 3]
[15, 19660, 6, 10, 4, 11]
[15, 19660, 5, 3, 5, 7]
[15, 19660, 18, 7, 6, 7]
[15, 19660, 9, 4, 2, 5]
[15, 19660, 6, 6, 9, 18]
[15, 19660, 8, 8, 5, 2]
[15, 19660, 11, 3, 11, 5]
[15, 19660, 13, 5, 7, 4]
[15, 19660, 7, 5, 14, 9]
[15, 19660, 10, 3, 7, 6]
[15, 19660, 15, 3, 3, 7]
[15, 19660, 8, 4, 2, 14]
[15, 19660, 7, 8, 6, 4]
[15, 19660, 10, 1, 6, 20]
[15, 19660, 8, 6, 5, 8]
[15, 19660, 12, 7, 4, 9]
[15, 19660, 10, 5, 13, 3]
[15, 19660, 4, 5, 9, 6]
[15, 19660, 2, 4, 7, 16]
[15, 19660, 6, 16, 8, 8]
[15, 19660, 7, 10, 16, 4]
[15, 19660, 3, 5, 12, 3]
[15, 19660, 5, 8, 7, 7]
[15, 19660, 8, 10, 9, 9]
[15, 19660, 3, 12, 10, 9]
[15, 19660, 9, 6, 9, 11]
[15, 19660, 7, 12, 8, 13]
[15, 19660, 14, 5, 9, 6]
[15, 19660, 7, 11, 10, 3]
[15, 19660, 7, 5, 6, 6]
[15, 19660, 0, 18, 10, 11]
[15, 19660, 9, 9, 6, 6]
[15, 19660, 1, 3, 5, 14]
[15, 19660, 5, 4, 7, 4]
[15, 19660, 7, 12, 15, 3]
[15, 19660, 4, 8, 7, 10]
[15, 19660, 7, 8, 11, 9]
[15, 19660, 7, 11, 3, 11]
[15, 19660, 5, 3, 7, 14]
[15, 19660, 7, 4, 8, 6]
[15, 19660, 6, 0, 2, 3]
[15, 19660, 11, 4, 8, 5]
[15, 19660, 6, 6, 5, 6]
[15, 19660, 9, 12, 13, 15]
[15, 19660, 7, 10, 11, 8]
[15, 19660, 9, 13, 8, 5]
[15, 19660, 5, 6, 5, 9]
[15, 19660, 5, 12, 9, 10]
[15, 19660, 11, 13, 3, 8]
[15, 19660, 13, 8, 9, 14]
[15, 19660, 7, 6, 6, 6]
[15, 19660, 7, 8, 9, 10]
[15, 19660, 4, 7, 4, 7]
[20, 26214, 30, 26, 24, 25]
[20, 26214, 29, 23, 43, 19]
[20, 26214, 35, 19, 30, 23]
[20, 26214, 36, 29, 35, 30]
[20, 26214, 19, 9, 25, 25]
[20, 26214, 30, 22, 38, 27]
[20, 26214, 17, 28, 28, 32]
[20, 26214, 23, 32, 29, 36]
[20, 26214, 15, 18, 22, 24]
[20, 26214, 23, 19, 26, 30]
[20, 26214, 32, 20, 41, 12]
[20, 26214, 37, 22, 17, 22]
[20, 26214, 28, 19, 39, 24]
[20, 26214, 18, 26, 35, 25]
[20, 26214, 32, 33, 25, 23]
[20, 26214, 23, 22, 30, 15]
[20, 26214, 18, 30, 38, 15]
[20, 26214, 33, 18, 12, 25]
[20, 26214, 32, 32, 26, 28]
[20, 26214, 23, 27, 23, 19]
[20, 26214, 19, 17, 18, 21]
[20, 26214, 29, 27, 24, 16]
[20, 26214, 25, 22, 28, 29]
[20, 26214, 19, 40, 18, 22]
[20, 26214, 15, 25, 20, 28]
[20, 26214, 42, 37, 32, 32]
[20, 26214, 19, 23, 40, 28]
[20, 26214, 28, 30, 28, 30]
[20, 26214, 18, 30, 31, 17]
[20, 26214, 15, 24, 15, 26]
[20, 26214, 19, 29, 20, 17]
[20, 26214, 24, 22, 24, 19]
[20, 26214, 25, 34, 27, 19]
[20, 26214, 23, 30, 42, 32]
[20, 26214, 29, 25, 23, 25]
[20, 26214, 35, 25, 16, 24]
[20, 26214, 24, 39, 35, 16]
[20, 26214, 23, 17, 23, 23]
[20, 26214, 39, 13, 22, 25]
[20, 26214, 23, 27, 18, 22]
[20, 26214, 31, 26, 30, 19]
[20, 26214, 33, 21, 20, 32]
[20, 26214, 32, 34, 28, 21]
[20, 26214, 32, 16, 20, 16]
[20, 26214, 26, 27, 23, 30]
[20, 26214, 17, 20, 33, 41]
[20, 26214, 27, 37, 20, 25]
[20, 26214, 8, 24, 8, 15]
[20, 26214, 26, 22, 25, 24]
[20, 26214, 28, 24, 21, 33]
[20, 26214, 29, 33, 35, 17]
[20, 26214, 25, 27, 25, 33]
[20, 26214, 19, 31, 34, 31]
[20, 26214, 24, 31, 29, 23]
[20, 26214, 27, 30, 25, 23]
[20, 26214, 23, 23, 25, 33]
[20, 26214, 22, 20, 25, 21]
[20, 26214, 20, 29, 27, 19]
[20, 26214, 22, 18, 19, 15]
[20, 26214, 25, 23, 36, 29]
[20, 26214, 16, 19, 16, 31]
[20, 26214, 32, 21, 20, 17]
[20, 26214, 12, 13, 35, 35]
[20, 26214, 26, 30, 42, 42]
[20, 26214, 26, 25, 26, 22]
[20, 26214, 31, 20, 28, 17]
[20, 26214, 25, 17, 25, 18]
[20, 26214, 26, 22, 19, 24]
[20, 26214, 27, 26, 39, 36]
[20, 26214, 19, 17, 35, 29]
[20, 26214, 31, 23, 22, 26]
[20, 26214, 27, 20, 22, 26]
[20, 26214, 26, 31, 29, 31]
[20, 26214, 26, 13, 27, 19]
[20, 26214, 21, 25, 21, 27]
[20, 26214, 29, 16, 26, 18]
[20, 26214, 26, 20, 44, 21]
[20, 26214, 37, 21, 23, 27]
[20, 26214, 46, 21, 21, 26]
[20, 26214, 33, 21, 26, 39]
[20, 26214, 12, 14, 31, 32]
[20, 26214, 24, 33, 17, 26]
[20, 26214, 31, 31, 42, 20]
[20, 26214, 16, 27, 19, 18]
[20, 26214, 24, 14, 17, 19]
[20, 26214, 29, 25, 28, 29]
[20, 26214, 30, 12, 19, 32]
[20, 26214, 37, 17, 15, 15]
[20, 26214, 28, 20, 37, 20]
[20, 26214, 22, 37, 29, 8]
[20, 26214, 16, 23, 32, 25]
[20, 26214, 37, 27, 15, 32]
[20, 26214, 23, 20, 18, 20]
[20, 26214, 34, 17, 25, 25]
[20, 26214, 46, 16, 39, 25]
[20, 26214, 24, 32, 19, 24]
[20, 26214, 37, 27, 22, 24]
[20, 26214, 27, 22, 22, 23]
[20, 26214, 14, 32, 30, 28]
[20, 26214, 29, 19, 25, 21]
[25, 32768, 70, 91, 60, 55]
[25, 32768, 91, 51, 68, 64]
[25, 32768, 70, 56, 100, 63]
[25, 32768, 57, 67, 82, 76]
[25, 32768, 68, 81, 68, 57]
[25, 32768, 71, 72, 63, 57]
[25, 32768, 68, 59, 66, 61]
[25, 32768, 65, 76, 68, 56]
[25, 32768, 69, 87, 70, 78]
[25, 32768, 58, 54, 70, 82]
[25, 32768, 68, 68, 75, 62]
[25, 32768, 51, 54, 60, 85]
[25, 32768, 75, 75, 60, 74]
[25, 32768, 61, 80, 69, 56]
[25, 32768, 66, 67, 57, 68]
[25, 32768, 65, 48, 68, 68]
[25, 32768, 68, 50, 71, 68]
[25, 32768, 59, 48, 60, 65]
[25, 32768, 73, 49, 47, 64]
[25, 32768, 66, 77, 65, 70]
[25, 32768, 52, 70, 55, 60]
[25, 32768, 53, 51, 42, 51]
[25, 32768, 61, 62, 79, 66]
[25, 32768, 57, 59, 64, 38]
[25, 32768, 69, 70, 70, 61]
[25, 32768, 48, 54, 55, 70]
[25, 32768, 65, 75, 45, 73]
[25, 32768, 90, 67, 56, 48]
[25, 32768, 60, 59, 79, 52]
[25, 32768, 54, 60, 73, 57]
[25, 32768, 58, 67, 78, 69]
[25, 32768, 67, 60, 54, 77]
[25, 32768, 78, 78, 56, 81]
[25, 32768, 61, 73, 53, 70]
[25, 32768, 71, 79, 60, 64]
[25, 32768, 69, 70, 58, 80]
[25, 32768, 62, 74, 86, 66]
[25, 32768, 70, 60, 71, 68]
[25, 32768, 70, 63, 51, 66]
[25, 32768, 64, 56, 61, 72]
[25, 32768, 46, 65, 64, 58]
[25, 32768, 77, 79, 45, 53]
[25, 32768, 59, 71, 55, 59]
[25, 32768, 67, 51, 74, 62]
[25, 32768, 51, 55, 51, 42]
[25, 32768, 62, 63, 80, 44]
[25, 32768, 52, 82, 84, 73]
[25, 32768, 64, 63, 69, 74]
[25, 32768, 62, 52, 69, 80]
[25, 32768, 53, 53, 63, 51]
[25, 32768, 72, 63, 57, 54]
[25, 32768, 76, 54, 76, 62]
[25, 32768, 64, 49, 58, 58]
[25, 32768, 63, 76, 65, 57]
[25, 32768, 71, 77, 78, 69]
[25, 32768, 59, 65, 70, 62]
[25, 32768, 60, 41, 72, 73]
[25, 32768, 53, 80, 81, 72]
[25, 32768, 65, 59, 40, 78]
[25, 32768, 71, 68, 64, 82]
[25, 32768, 79, 76, 36, 88]
[25, 32768, 72, 64, 78, 49]
[25, 32768, 62, 52, 51, 99]
[25, 32768, 59, 64, 94, 75]
[25, 32768, 68, 82, 65, 51]
[25, 32768, 62, 57, 52, 79]
[25, 32768, 58, 49, 61, 49]
[25, 32768, 73, 48, 50, 76]
[25, 32768, 59, 62, 66, 53]
[25, 32768, 46, 63, 47, 65]
[25, 32768, 67, 70, 57, 85]
[25, 32768, 67, 63, 81, 58]
[25, 32768, 77, 54, 35, 80]
[25, 32768, 85, 59, 65, 61]
[25, 32768, 69, 51, 50, 64]
[25, 32768, 80, 70, 62, 68]
[25, 32768, 60, 84, 59, 59]
[25, 32768, 72, 60, 57, 71]
[25, 32768, 65, 58, 56, 67]
[25, 32768, 68, 53, 72, 88]
[25, 32768, 61, 65, 53, 58]
[25, 32768, 58, 62, 83, 69]
[25, 32768, 58, 55, 65, 58]
[25, 32768, 78, 69, 51, 62]
[25, 32768, 71, 74, 43, 66]
[25, 32768, 69, 54, 51, 64]
[25, 32768, 59, 61, 88, 80]
[25, 32768, 81, 46, 66, 73]
[25, 32768, 59, 80, 74, 92]
[25, 32768, 61, 63, 57, 60]
[25, 32768, 51, 59, 73, 62]
[25, 32768, 69, 43, 65, 49]
[25, 32768, 54, 74, 61, 80]
[25, 32768, 75, 66, 66, 72]
[25, 32768, 58, 70, 104, 67]
[25, 32768, 56, 69, 54, 51]
[25, 32768, 70, 51, 78, 96]
[25, 32768, 66, 61, 61, 84]
[25, 32768, 48, 74, 101, 72]
[25, 32768, 43, 60, 62, 59]
[30, 39321, 107, 133, 131, 139]
[30, 39321, 136, 96, 157, 142]
[30, 39321, 149, 145, 162, 127]
[30, 39321, 152, 114, 145, 177]
[30, 39321, 149, 139, 125, 113]
[30, 39321, 141, 114, 132, 119]
[30, 39321, 105, 122, 147, 138]
[30, 39321, 147, 117, 112, 119]
[30, 39321, 144, 140, 133, 127]
[30, 39321, 109, 100, 127, 156]
[30, 39321, 137, 140, 124, 135]
[30, 39321, 111, 129, 164, 159]
[30, 39321, 114, 127, 128, 149]
[30, 39321, 115, 155, 153, 143]
[30, 39321, 136, 118, 118, 150]
[30, 39321, 129, 111, 124, 125]
[30, 39321, 127, 145, 145, 137]
[30, 39321, 86, 123, 136, 108]
[30, 39321, 168, 152, 133, 112]
[30, 39321, 125, 152, 116, 138]
[30, 39321, 150, 107, 130, 132]
[30, 39321, 143, 141, 126, 141]
[30, 39321, 155, 137, 124, 152]
[30, 39321, 108, 124, 140, 143]
[30, 39321, 131, 170, 149, 123]
[30, 39321, 192, 141, 119, 117]
[30, 39321, 142, 117, 127, 114]
[30, 39321, 122, 176, 132, 115]
[30, 39321, 123, 123, 166, 110]
[30, 39321, 154, 108, 124, 138]
[30, 39321, 181, 140, 126, 133]
[30, 39321, 139, 117, 124, 149]
[30, 39321, 136, 128, 120, 128]
[30, 39321, 158, 136, 124, 127]
[30, 39321, 115, 137, 116, 145]
[30, 39321, 143, 109, 126, 163]
[30, 39321, 128, 130, 131, 109]
[30, 39321, 140, 133, 119, 136]
[30, 39321, 142, 122, 105, 161]
[30, 39321, 148, 131, 152, 147]
[30, 39321, 136, 152, 112, 136]
[30, 39321, 143, 121, 148, 149]
[30, 39321, 126, 138, 117, 109]
[30, 39321, 149, 145, 125, 135]
[30, 39321, 141, 128, 111, 127]
[30, 39321, 145, 119, 146, 116]
[30, 39321, 125, 125, 136, 145]
[30, 39321, 146, 143, 130, 166]
[30, 39321, 155, 147, 114, 118]
[30, 39321, 137, 151, 172, 129]
[30, 39321, 144, 131, 132, 143]
[30, 39321, 152, 139, 124, 114]
[30, 39321, 133, 136, 129, 127]
[30, 39321, 114, 124, 135, 125]
[30, 39321, 124, 143, 118, 137]
[30, 39321, 117, 104, 143, 150]
[30, 39321, 122, 135, 140, 134]
[30, 39321, 131, 144, 143, 110]
[30, 39321, 114, 98, 136, 158]
[30, 39321, 144, 129, 152, 120]
[30, 39321, 136, 142, 157, 131]
[30, 39321, 135, 136, 136, 144]
[30, 39321, 134, 95, 147, 172]
[30, 39321, 123, 136, 172, 123]
[30, 39321, 150, 136, 139, 123]
[30, 39321, 129, 141, 136, 135]
[30, 39321, 118, 121, 132, 160]
[30, 39321, 125, 144, 147, 139]
[30, 39321, 111, 117, 142, 154]
[30, 39321, 117, 137, 120, 134]
[30, 39321, 132, 160, 112, 148]
[30, 39321, 120, 113, 159, 127]
[30, 39321, 131, 148, 129, 131]
[30, 39321, 137, 93, 127, 127]
[30, 39321, 150, 136, 125, 148]
[30, 39321, 174, 151, 133, 135]
[30, 39321, 141, 126, 148, 140]
[30, 39321, 148, 125, 147, 132]
[30, 39321, 142, 138, 131, 134]
[30, 39321, 144, 156, 196, 129]
[30, 39321, 122, 111, 152, 137]
[30, 39321, 130, 128, 160, 151]
[30, 39321, 125, 147, 172, 157]
[30, 39321, 149, 161, 107, 116]
[30, 39321, 148, 123, 144, 129]
[30, 39321, 127, 143, 116, 134]
[30, 39321, 122, 141, 138, 151]
[30, 39321, 141, 121, 152, 145]
[30, 39321, 160, 149, 151, 150]
[30, 39321, 145, 116, 137, 114]
[30, 39321, 149, 122, 129, 118]
[30, 39321, 132, 143, 152, 148]
[30, 39321, 121, 130, 128, 161]
[30, 39321, 120, 143, 146, 112]
[30, 39321, 161, 145, 174, 137]
[30, 39321, 136, 151, 121, 124]
[30, 39321, 130, 147, 140, 161]
[30, 39321, 108, 137, 118, 148]
[30, 39321, 104, 142, 148, 141]
[30, 39321, 134, 145, 134, 148]
[35, 45875, 245, 255, 241, 247]
[35, 45875, 273, 262, 249, 250]
[35, 45875, 258, 229, 269, 286]
[35, 45875, 263, 263, 297, 260]
[35, 45875, 277, 245, 239, 245]
[35, 45875, 241, 235, 255, 246]
[35, 45875, 228, 250, 249, 292]
[35, 45875, 260, 237, 233, 269]
[35, 45875, 248, 267, 297, 213]
[35, 45875, 260, 225, 289, 268]
[35, 45875, 225, 265, 210, 249]
[35, 45875, 298, 249, 246, 263]
[35, 45875, 265, 259, 230, 259]
[35, 45875, 195, 310, 238, 232]
[35, 45875, 225, 236, 276, 249]
[35, 45875, 252, 242, 245, 242]
[35, 45875, 238, 234, 262, 244]
[35, 45875, 212, 243, 280, 235]
[35, 45875, 262, 252, 250, 265]
[35, 45875, 256, 279, 261, 246]
[35, 45875, 246, 245, 226, 241]
[35, 45875, 219, 263, 246, 244]
[35, 45875, 232, 262, 242, 233]
[35, 45875, 256, 274, 244, 256]
[35, 45875, 238, 232, 236, 266]
[35, 45875, 263, 301, 202, 275]
[35, 45875, 253, 252, 232, 196]
[35, 45875, 282, 271, 242, 271]
[35, 45875, 268, 191, 240, 262]
[35, 45875, 254, 266, 224, 267]
[35, 45875, 232, 261, 269, 248]
[35, 45875, 255, 219, 240, 265]
[35, 45875, 239, 231, 250, 246]
[35, 45875, 247, 256, 240, 231]
[35, 45875, 243, 261, 247, 269]
[35, 45875, 306, 168, 258, 267]
[35, 45875, 263, 220, 225, 199]
[35, 45875, 233, 250, 245, 260]
[35, 45875, 235, 220, 235, 276]
[35, 45875, 284, 267, 245, 229]
[35, 45875, 253, 270, 206, 269]
[35, 45875, 242, 242, 221, 248]
[35, 45875, 245, 271, 251, 217]
[35, 45875, 294, 255, 201, 250]
[35, 45875, 210, 292, 300, 245]
[35, 45875, 237, 261, 266, 221]
[35, 45875, 256, 240, 241, 210]
[35, 45875, 237, 263, 248, 256]
[35, 45875, 219, 234, 248, 241]
[35, 45875, 232, 207, 243, 240]
[35, 45875, 257, 240, 217, 224]
[35, 45875, 249, 256, 274, 230]
[35, 45875, 243, 239, 267, 243]
[35, 45875, 192, 259, 279, 250]
[35, 45875, 274, 240, 267, 218]
[35, 45875, 258, 237, 249, 248]
[35, 45875, 258, 253, 253, 232]
[35, 45875, 228, 264, 251, 233]
[35, 45875, 218, 229, 218, 263]
[35, 45875, 240, 238, 277, 247]
[35, 45875, 297, 198, 274, 261]
[35, 45875, 197, 274, 241, 221]
[35, 45875, 271, 180, 276, 268]
[35, 45875, 232, 272, 289, 242]
[35, 45875, 264, 210, 246, 233]
[35, 45875, 235, 237, 262, 229]
[35, 45875, 257, 262, 247, 250]
[35, 45875, 229, 230, 291, 252]
[35, 45875, 270, 233, 268, 241]
[35, 45875, 244, 266, 241, 290]
[35, 45875, 252, 260, 252, 206]
[35, 45875, 235, 249, 279, 242]
[35, 45875, 237, 238, 216, 285]
[35, 45875, 258, 286, 212, 258]
[35, 45875, 234, 245, 211, 258]
[35, 45875, 203, 268, 263, 211]
[35, 45875, 253, 212, 236, 251]
[35, 45875, 253, 277, 238, 280]
[35, 45875, 256, 259, 242, 233]
[35, 45875, 251, 246, 255, 274]
[35, 45875, 237, 254, 234, 268]
[35, 45875, 253, 257, 302, 266]
[35, 45875, 250, 277, 268, 264]
[35, 45875, 243, 257, 265, 212]
[35, 45875, 244, 256, 283, 207]
[35, 45875, 240, 212, 231, 242]
[35, 45875, 248, 272, 269, 236]
[35, 45875, 252, 216, 302, 265]
[35, 45875, 240, 248, 223, 272]
[35, 45875, 208, 271, 270, 261]
[35, 45875, 245, 236, 258, 270]
[35, 45875, 269, 245, 261, 217]
[35, 45875, 196, 257, 246, 254]
[35, 45875, 246, 235, 246, 238]
[35, 45875, 236, 265, 280, 268]
[35, 45875, 227, 228, 220, 263]
[35, 45875, 207, 228, 249, 277]
[35, 45875, 226, 236, 245, 277]
[35, 45875, 219, 265, 257, 284]
[35, 45875, 246, 243, 258, 233]
[40, 52428, 429, 365, 399, 387]
[40, 52428, 456, 394, 453, 402]
[40, 52428, 427, 412, 453, 442]
[40, 52428, 464, 424, 469, 426]
[40, 52428, 498, 430, 356, 401]
[40, 52428, 385, 422, 450, 396]
[40, 52428, 368, 424, 456, 427]
[40, 52428, 430, 444, 395, 405]
[40, 52428, 408, 395, 431, 416]
[40, 52428, 414, 388, 447, 418]
[40, 52428, 458, 385, 416, 434]
[40, 52428, 380, 398, 429, 417]
[40, 52428, 445, 442, 377, 438]
[40, 52428, 356, 459, 445, 414]
[40, 52428, 418, 439, 479, 398]
[40, 52428, 380, 372, 492, 403]
[40, 52428, 397, 447, 432, 451]
[40, 52428, 379, 470, 435, 411]
[40, 52428, 453, 418, 423, 415]
[40, 52428, 453, 447, 384, 420]
[40, 52428, 400, 404, 431, 450]
[40, 52428, 442, 415, 457, 398]
[40, 52428, 410, 457, 410, 392]
[40, 52428, 391, 425, 389, 397]
[40, 52428, 411, 425, 421, 398]
[40, 52428, 427, 503, 442, 416]
[40, 52428, 412, 435, 392, 449]
[40, 52428, 415, 373, 415, 429]
[40, 52428, 458, 430, 456, 457]
[40, 52428, 477, 386, 419, 410]
[40, 52428, 429, 413, 411, 426]
[40, 52428, 469, 410, 405, 447]
[40, 52428, 402, 363, 415, 428]
[40, 52428, 392, 395, 463, 421]
[40, 52428, 423, 436, 387, 451]
[40, 52428, 448, 413, 444, 419]
[40, 52428, 429, 408, 395, 416]
[40, 52428, 389, 394, 376, 424]
[40, 52428, 421, 396, 438, 445]
[40, 52428, 387, 426, 443, 400]
[40, 52428, 446, 435, 384, 455]
[40, 52428, 424, 461, 368, 458]
[40, 52428, 410, 459, 438, 458]
[40, 52428, 473, 418, 371, 402]
[40, 52428, 386, 411, 387, 380]
[40, 52428, 319, 431, 423, 428]
[40, 52428, 433, 423, 486, 372]
[40, 52428, 438, 405, 392, 452]
[40, 52428, 407, 461, 436, 406]
[40, 52428, 424, 420, 389, 438]
[40, 52428, 345, 464, 409, 459]
[40, 52428, 408, 427, 476, 381]
[40, 52428, 381, 398, 391, 400]
[40, 52428, 421, 460, 439, 384]
[40, 52428, 454, 457, 375, 381]
[40, 52428, 436, 420, 430, 387]
[40, 52428, 391, 410, 451, 424]
[40, 52428, 415, 456, 363, 459]
[40, 52428, 370, 362, 409, 420]
[40, 52428, 397, 423, 463, 412]
[40, 52428, 457, 415, 423, 440]
[40, 52428, 427, 413, 443, 446]
[40, 52428, 385, 350, 427, 441]
[40, 52428, 376, 412, 438, 393]
[40, 52428, 445, 445, 446, 437]
[40, 52428, 400, 380, 440, 423]
[40, 52428, 449, 410, 430, 471]
[40, 52428, 379, 376, 430, 447]
[40, 52428, 423, 426, 429, 391]
[40, 52428, 387, 468, 364, 483]
[40, 52428, 397, 427, 446, 364]
[40, 52428, 425, 413, 430, 355]
[40, 52428, 470, 381, 419, 456]
[40, 52428, 455, 383, 486, 419]
[40, 52428, 400, 416, 446, 401]
[40, 52428, 453, 425, 382, 436]
[40, 52428, 495, 398, 403, 416]
[40, 52428, 415, 442, 392, 442]
[40, 52428, 484, 407, 421, 401]
[40, 52428, 363, 442, 423, 418]
[40, 52428, 392, 393, 439, 365]
[40, 52428, 390, 425, 433, 395]
[40, 52428, 402, 416, 438, 375]
[40, 52428, 423, 400, 424, 380]
[40, 52428, 408, 426, 421, 429]
[40, 52428, 461, 405, 417, 389]
[40, 52428, 433, 436, 358, 337]
[40, 52428, 441, 433, 365, 387]
[40, 52428, 470, 410, 392, 442]
[40, 52428, 383, 441, 429, 453]
[40, 52428, 405, 427, 427, 395]
[40, 52428, 376, 373, 415, 475]
[40, 52428, 369, 387, 385, 435]
[40, 52428, 413, 429, 451, 354]
[40, 52428, 399, 359, 424, 394]
[40, 52428, 438, 484, 402, 464]
[40, 52428, 470, 403, 385, 449]
[40, 52428, 377, 403, 398, 448]
[40, 52428, 416, 449, 436, 439]
[40, 52428, 469, 396, 407, 456]
