[1, 1310, 0]
[1, 1310, 0]
[1, 1310, 0]
[1, 1310, 0]
[1, 1310, 0]
[1, 1310, 1]
[1, 1310, 1]
[1, 1310, 0]
[1, 1310, 0]
[1, 1310, 0]
[1, 1310, 0]
[1, 1310, 0]
[1, 1310, 0]
[1, 1310, 0]
[1, 1310, 0]
[1, 1310, 0]
[1, 1310, 1]
[1, 1310, 1]
[1, 1310, 0]
[1, 1310, 0]
[1, 1310, 0]
[1, 1310, 0]
[1, 1310, 0]
[1, 1310, 0]
[1, 1310, 0]
[1, 1310, 0]
[1, 1310, 1]
[1, 1310, 0]
[1, 1310, 0]
[1, 1310, 0]
[1, 1310, 0]
[1, 1310, 4]
[1, 1310, 0]
[1, 1310, 0]
[1, 1310, 0]
[1, 1310, 0]
[1, 1310, 0]
[1, 1310, 0]
[1, 1310, 0]
[1, 1310, 0]
[1, 1310, 2]
[1, 1310, 0]
[1, 1310, 0]
[1, 1310, 1]
[1, 1310, 0]
[1, 1310, 1]
[1, 1310, 2]
[1, 1310, 0]
[1, 1310, 0]
[1, 1310, 0]
[1, 1310, 0]
[1, 1310, 2]
[1, 1310, 0]
[1, 1310, 0]
[1, 1310, 0]
[1, 1310, 0]
[1, 1310, 0]
[1, 1310, 0]
[1, 1310, 0]
[1, 1310, 0]
[1, 1310, 0]
[1, 1310, 0]
[1, 1310, 0]
[1, 1310, 2]
[1, 1310, 0]
[1, 1310, 0]
[1, 1310, 0]
[1, 1310, 0]
[1, 1310, 0]
[1, 1310, 0]
[1, 1310, 0]
[1, 1310, 0]
[1, 1310, 0]
[1, 1310, 1]
[1, 1310, 0]
[1, 1310, 1]
[1, 1310, 0]
[1, 1310, 0]
[1, 1310, 0]
[1, 1310, 0]
[1, 1310, 2]
[1, 1310, 0]
[1, 1310, 0]
[1, 1310, 0]
[1, 1310, 0]
[1, 1310, 0]
[1, 1310, 0]
[1, 1310, 0]
[1, 1310, 1]
[1, 1310, 0]
[1, 1310, 0]
[1, 1310, 0]
[1, 1310, 0]
[1, 1310, 1]
[1, 1310, 0]
[1, 1310, 1]
[1, 1310, 0]
[1, 1310, 0]
[1, 1310, 0]
[1, 1310, 0]
[2, 2621, 2]
[2, 2621, 0]
[2, 2621, 0]
[2, 2621, 1]
[2, 2621, 1]
[2, 2621, 3]
[2, 2621, 1]
[2, 2621, 0]
[2, 2621, 0]
[2, 2621, 1]
[2, 2621, 0]
[2, 2621, 1]
[2, 2621, 0]
[2, 2621, 2]
[2, 2621, 0]
[2, 2621, 0]
[2, 2621, 0]
[2, 2621, 3]
[2, 2621, 0]
[2, 2621, 0]
[2, 2621, 1]
[2, 2621, 1]
[2, 2621, 0]
[2, 2621, 1]
[2, 2621, 1]
[2, 2621, 0]
[2, 2621, 0]
[2, 2621, 0]
[2, 2621, 2]
[2, 2621, 1]
[2, 2621, 2]
[2, 2621, 0]
[2, 2621, 4]
[2, 2621, 2]
[2, 2621, 0]
[2, 2621, 0]
[2, 2621, 3]
[2, 2621, 0]
[2, 2621, 5]
[2, 2621, 1]
[2, 2621, 0]
[2, 2621, 2]
[2, 2621, 2]
[2, 2621, 0]
[2, 2621, 1]
[2, 2621, 1]
[2, 2621, 2]
[2, 2621, 0]
[2, 2621, 2]
[2, 2621, 0]
[2, 2621, 4]
[2, 2621, 0]
[2, 2621, 1]
[2, 2621, 2]
[2, 2621, 0]
[2, 2621, 2]
[2, 2621, 0]
[2, 2621, 2]
[2, 2621, 0]
[2, 2621, 2]
[2, 2621, 0]
[2, 2621, 1]
[2, 2621, 2]
[2, 2621, 0]
[2, 2621, 4]
[2, 2621, 4]
[2, 2621, 2]
[2, 2621, 0]
[2, 2621, 3]
[2, 2621, 1]
[2, 2621, 2]
[2, 2621, 0]
[2, 2621, 4]
[2, 2621, 1]
[2, 2621, 4]
[2, 2621, 2]
[2, 2621, 0]
[2, 2621, 2]
[2, 2621, 1]
[2, 2621, 2]
[2, 2621, 1]
[2, 2621, 3]
[2, 2621, 1]
[2, 2621, 0]
[2, 2621, 1]
[2, 2621, 1]
[2, 2621, 0]
[2, 2621, 0]
[2, 2621, 2]
[2, 2621, 2]
[2, 2621, 0]
[2, 2621, 2]
[2, 2621, 0]
[2, 2621, 0]
[2, 2621, 1]
[2, 2621, 0]
[2, 2621, 0]
[2, 2621, 0]
[2, 2621, 2]
[2, 2621, 1]
[5, 6553, 11]
[5, 6553, 11]
[5, 6553, 13]
[5, 6553, 11]
[5, 6553, 5]
[5, 6553, 10]
[5, 6553, 5]
[5, 6553, 7]
[5, 6553, 6]
[5, 6553, 19]
[5, 6553, 21]
[5, 6553, 11]
[5, 6553, 9]
[5, 6553, 12]
[5, 6553, 11]
[5, 6553, 10]
[5, 6553, 10]
[5, 6553, 4]
[5, 6553, 14]
[5, 6553, 9]
[5, 6553, 10]
[5, 6553, 2]
[5, 6553, 8]
[5, 6553, 8]
[5, 6553, 17]
[5, 6553, 14]
[5, 6553, 14]
[5, 6553, 13]
[5, 6553, 9]
[5, 6553, 8]
[5, 6553, 17]
[5, 6553, 10]
[5, 6553, 15]
[5, 6553, 12]
[5, 6553, 3]
[5, 6553, 7]
[5, 6553, 8]
[5, 6553, 13]
[5, 6553, 16]
[5, 6553, 13]
[5, 6553, 6]
[5, 6553, 9]
[5, 6553, 8]
[5, 6553, 10]
[5, 6553, 7]
[5, 6553, 10]
[5, 6553, 12]
[5, 6553, 14]
[5, 6553, 11]
[5, 6553, 5]
[5, 6553, 20]
[5, 6553, 9]
[5, 6553, 14]
[5, 6553, 11]
[5, 6553, 2]
[5, 6553, 21]
[5, 6553, 16]
[5, 6553, 13]
[5, 6553, 7]
[5, 6553, 17]
[5, 6553, 15]
[5, 6553, 9]
[5, 6553, 8]
[5, 6553, 9]
[5, 6553, 14]
[5, 6553, 7]
[5, 6553, 19]
[5, 6553, 11]
[5, 6553, 7]
[5, 6553, 16]
[5, 6553, 11]
[5, 6553, 5]
[5, 6553, 9]
[5, 6553, 16]
[5, 6553, 8]
[5, 6553, 7]
[5, 6553, 18]
[5, 6553, 11]
[5, 6553, 9]
[5, 6553, 14]
[5, 6553, 7]
[5, 6553, 14]
[5, 6553, 14]
[5, 6553, 12]
[5, 6553, 13]
[5, 6553, 15]
[5, 6553, 10]
[5, 6553, 14]
[5, 6553, 16]
[5, 6553, 9]
[5, 6553, 13]
[5, 6553, 10]
[5, 6553, 10]
[5, 6553, 12]
[5, 6553, 12]
[5, 6553, 9]
[5, 6553, 20]
[5, 6553, 12]
[5, 6553, 20]
[5, 6553, 7]
[10, 13107, 60]
[10, 13107, 74]
[10, 13107, 64]
[10, 13107, 75]
[10, 13107, 72]
[10, 13107, 52]
[10, 13107, 81]
[10, 13107, 53]
[10, 13107, 74]
[10, 13107, 64]
[10, 13107, 73]
[10, 13107, 48]
[10, 13107, 82]
[10, 13107, 75]
[10, 13107, 62]
[10, 13107, 66]
[10, 13107, 73]
[10, 13107, 66]
[10, 13107, 81]
[10, 13107, 66]
[10, 13107, 80]
[10, 13107, 76]
[10, 13107, 43]
[10, 13107, 64]
[10, 13107, 76]
[10, 13107, 92]
[10, 13107, 67]
[10, 13107, 87]
[10, 13107, 46]
[10, 13107, 79]
[10, 13107, 90]
[10, 13107, 67]
[10, 13107, 79]
[10, 13107, 69]
[10, 13107, 53]
[10, 13107, 81]
[10, 13107, 73]
[10, 13107, 65]
[10, 13107, 70]
[10, 13107, 63]
[10, 13107, 68]
[10, 13107, 81]
[10, 13107, 74]
[10, 13107, 71]
[10, 13107, 72]
[10, 13107, 60]
[10, 13107, 66]
[10, 13107, 63]
[10, 13107, 94]
[10, 13107, 73]
[10, 13107, 98]
[10, 13107, 62]
[10, 13107, 62]
[10, 13107, 60]
[10, 13107, 56]
[10, 13107, 70]
[10, 13107, 47]
[10, 13107, 72]
[10, 13107, 66]
[10, 13107, 71]
[10, 13107, 74]
[10, 13107, 55]
[10, 13107, 73]
[10, 13107, 68]
[10, 13107, 80]
[10, 13107, 52]
[10, 13107, 68]
[10, 13107, 61]
[10, 13107, 75]
[10, 13107, 67]
[10, 13107, 70]
[10, 13107, 74]
[10, 13107, 88]
[10, 13107, 69]
[10, 13107, 62]
[10, 13107, 83]
[10, 13107, 83]
[10, 13107, 75]
[10, 13107, 84]
[10, 13107, 87]
[10, 13107, 54]
[10, 13107, 64]
[10, 13107, 72]
[10, 13107, 60]
[10, 13107, 60]
[10, 13107, 67]
[10, 13107, 73]
[10, 13107, 68]
[10, 13107, 75]
[10, 13107, 69]
[10, 13107, 70]
[10, 13107, 67]
[10, 13107, 81]
[10, 13107, 76]
[10, 13107, 74]
[10, 13107, 73]
[10, 13107, 70]
[10, 13107, 62]
[10, 13107, 68]
[10, 13107, 75]
[15, 19660, 209]
[15, 19660, 213]
[15, 19660, 207]
[15, 19660, 214]
[15, 19660, 225]
[15, 19660, 218]
[15, 19660, 215]
[15, 19660, 205]
[15, 19660, 187]
[15, 19660, 212]
[15, 19660, 206]
[15, 19660, 194]
[15, 19660, 229]
[15, 19660, 221]
[15, 19660, 173]
[15, 19660, 236]
[15, 19660, 195]
[15, 19660, 238]
[15, 19660, 249]
[15, 19660, 231]
[15, 19660, 232]
[15, 19660, 184]
[15, 19660, 198]
[15, 19660, 214]
[15, 19660, 227]
[15, 19660, 216]
[15, 19660, 181]
[15, 19660, 210]
[15, 19660, 195]
[15, 19660, 216]
[15, 19660, 214]
[15, 19660, 198]
[15, 19660, 176]
[15, 19660, 183]
[15, 19660, 188]
[15, 19660, 210]
[15, 19660, 236]
[15, 19660, 198]
[15, 19660, 229]
[15, 19660, 194]
[15, 19660, 203]
[15, 19660, 187]
[15, 19660, 173]
[15, 19660, 220]
[15, 19660, 184]
[15, 19660, 182]
[15, 19660, 210]
[15, 19660, 221]
[15, 19660, 209]
[15, 19660, 186]
[15, 19660, 229]
[15, 19660, 225]
[15, 19660, 189]
[15, 19660, 189]
[15, 19660, 218]
[15, 19660, 213]
[15, 19660, 218]
[15, 19660, 195]
[15, 19660, 204]
[15, 19660, 196]
[15, 19660, 229]
[15, 19660, 194]
[15, 19660, 232]
[15, 19660, 196]
[15, 19660, 182]
[15, 19660, 180]
[15, 19660, 224]
[15, 19660, 214]
[15, 19660, 194]
[15, 19660, 182]
[15, 19660, 214]
[15, 19660, 162]
[15, 19660, 210]
[15, 19660, 243]
[15, 19660, 208]
[15, 19660, 213]
[15, 19660, 187]
[15, 19660, 220]
[15, 19660, 196]
[15, 19660, 202]
[15, 19660, 170]
[15, 19660, 205]
[15, 19660, 198]
[15, 19660, 208]
[15, 19660, 216]
[15, 19660, 219]
[15, 19660, 231]
[15, 19660, 214]
[15, 19660, 205]
[15, 19660, 210]
[15, 19660, 230]
[15, 19660, 180]
[15, 19660, 199]
[15, 19660, 221]
[15, 19660, 221]
[15, 19660, 191]
[15, 19660, 204]
[15, 19660, 166]
[15, 19660, 203]
[15, 19660, 230]
[20, 26214, 450]
[20, 26214, 496]
[20, 26214, 417]
[20, 26214, 452]
[20, 26214, 471]
[20, 26214, 406]
[20, 26214, 458]
[20, 26214, 470]
[20, 26214, 438]
[20, 26214, 441]
[20, 26214, 500]
[20, 26214, 448]
[20, 26214, 429]
[20, 26214, 446]
[20, 26214, 405]
[20, 26214, 469]
[20, 26214, 464]
[20, 26214, 467]
[20, 26214, 489]
[20, 26214, 470]
[20, 26214, 446]
[20, 26214, 473]
[20, 26214, 492]
[20, 26214, 433]
[20, 26214, 421]
[20, 26214, 472]
[20, 26214, 486]
[20, 26214, 454]
[20, 26214, 441]
[20, 26214, 490]
[20, 26214, 438]
[20, 26214, 511]
[20, 26214, 404]
[20, 26214, 449]
[20, 26214, 457]
[20, 26214, 435]
[20, 26214, 468]
[20, 26214, 417]
[20, 26214, 451]
[20, 26214, 450]
[20, 26214, 494]
[20, 26214, 451]
[20, 26214, 438]
[20, 26214, 475]
[20, 26214, 446]
[20, 26214, 482]
[20, 26214, 481]
[20, 26214, 442]
[20, 26214, 423]
[20, 26214, 466]
[20, 26214, 424]
[20, 26214, 496]
[20, 26214, 475]
[20, 26214, 479]
[20, 26214, 524]
[20, 26214, 479]
[20, 26214, 489]
[20, 26214, 471]
[20, 26214, 484]
[20, 26214, 483]
[20, 26214, 454]
[20, 26214, 487]
[20, 26214, 488]
[20, 26214, 422]
[20, 26214, 438]
[20, 26214, 412]
[20, 26214, 419]
[20, 26214, 473]
[20, 26214, 469]
[20, 26214, 415]
[20, 26214, 441]
[20, 26214, 440]
[20, 26214, 476]
[20, 26214, 421]
[20, 26214, 496]
[20, 26214, 458]
[20, 26214, 444]
[20, 26214, 475]
[20, 26214, 447]
[20, 26214, 449]
[20, 26214, 477]
[20, 26214, 438]
[20, 26214, 439]
[20, 26214, 459]
[20, 26214, 432]
[20, 26214, 542]
[20, 26214, 496]
[20, 26214, 448]
[20, 26214, 443]
[20, 26214, 436]
[20, 26214, 430]
[20, 26214, 437]
[20, 26214, 459]
[20, 26214, 435]
[20, 26214, 443]
[20, 26214, 446]
[20, 26214, 446]
[20, 26214, 430]
[20, 26214, 469]
[20, 26214, 472]
[25, 32768, 858]
[25, 32768, 953]
[25, 32768, 790]
[25, 32768, 864]
[25, 32768, 802]
[25, 32768, 795]
[25, 32768, 806]
[25, 32768, 855]
[25, 32768, 839]
[25, 32768, 825]
[25, 32768, 790]
[25, 32768, 846]
[25, 32768, 827]
[25, 32768, 817]
[25, 32768, 851]
[25, 32768, 801]
[25, 32768, 836]
[25, 32768, 806]
[25, 32768, 907]
[25, 32768, 888]
[25, 32768, 870]
[25, 32768, 842]
[25, 32768, 838]
[25, 32768, 787]
[25, 32768, 853]
[25, 32768, 869]
[25, 32768, 824]
[25, 32768, 831]
[25, 32768, 837]
[25, 32768, 859]
[25, 32768, 881]
[25, 32768, 837]
[25, 32768, 810]
[25, 32768, 815]
[25, 32768, 810]
[25, 32768, 778]
[25, 32768, 877]
[25, 32768, 865]
[25, 32768, 798]
[25, 32768, 845]
[25, 32768, 794]
[25, 32768, 762]
[25, 32768, 945]
[25, 32768, 920]
[25, 32768, 748]
[25, 32768, 864]
[25, 32768, 827]
[25, 32768, 809]
[25, 32768, 841]
[25, 32768, 889]
[25, 32768, 799]
[25, 32768, 883]
[25, 32768, 760]
[25, 32768, 761]
[25, 32768, 828]
[25, 32768, 766]
[25, 32768, 886]
[25, 32768, 804]
[25, 32768, 832]
[25, 32768, 847]
[25, 32768, 847]
[25, 32768, 816]
[25, 32768, 813]
[25, 32768, 772]
[25, 32768, 847]
[25, 32768, 779]
[25, 32768, 806]
[25, 32768, 803]
[25, 32768, 825]
[25, 32768, 769]
[25, 32768, 795]
[25, 32768, 762]
[25, 32768, 769]
[25, 32768, 780]
[25, 32768, 802]
[25, 32768, 834]
[25, 32768, 803]
[25, 32768, 832]
[25, 32768, 777]
[25, 32768, 833]
[25, 32768, 802]
[25, 32768, 865]
[25, 32768, 813]
[25, 32768, 886]
[25, 32768, 815]
[25, 32768, 882]
[25, 32768, 867]
[25, 32768, 868]
[25, 32768, 800]
[25, 32768, 783]
[25, 32768, 902]
[25, 32768, 901]
[25, 32768, 796]
[25, 32768, 809]
[25, 32768, 772]
[25, 32768, 816]
[25, 32768, 838]
[25, 32768, 813]
[25, 32768, 790]
[25, 32768, 840]
[30, 39321, 1354]
[30, 39321, 1435]
[30, 39321, 1403]
[30, 39321, 1354]
[30, 39321, 1510]
[30, 39321, 1362]
[30, 39321, 1352]
[30, 39321, 1369]
[30, 39321, 1372]
[30, 39321, 1372]
[30, 39321, 1356]
[30, 39321, 1321]
[30, 39321, 1404]
[30, 39321, 1373]
[30, 39321, 1282]
[30, 39321, 1393]
[30, 39321, 1398]
[30, 39321, 1331]
[30, 39321, 1454]
[30, 39321, 1399]
[30, 39321, 1331]
[30, 39321, 1339]
[30, 39321, 1381]
[30, 39321, 1407]
[30, 39321, 1412]
[30, 39321, 1481]
[30, 39321, 1473]
[30, 39321, 1431]
[30, 39321, 1297]
[30, 39321, 1443]
[30, 39321, 1357]
[30, 39321, 1403]
[30, 39321, 1343]
[30, 39321, 1407]
[30, 39321, 1396]
[30, 39321, 1377]
[30, 39321, 1414]
[30, 39321, 1418]
[30, 39321, 1316]
[30, 39321, 1434]
[30, 39321, 1362]
[30, 39321, 1279]
[30, 39321, 1377]
[30, 39321, 1417]
[30, 39321, 1366]
[30, 39321, 1438]
[30, 39321, 1335]
[30, 39321, 1336]
[30, 39321, 1382]
[30, 39321, 1213]
[30, 39321, 1413]
[30, 39321, 1380]
[30, 39321, 1299]
[30, 39321, 1378]
[30, 39321, 1448]
[30, 39321, 1379]
[30, 39321, 1421]
[30, 39321, 1328]
[30, 39321, 1373]
[30, 39321, 1406]
[30, 39321, 1404]
[30, 39321, 1354]
[30, 39321, 1392]
[30, 39321, 1368]
[30, 39321, 1340]
[30, 39321, 1377]
[30, 39321, 1336]
[30, 39321, 1333]
[30, 39321, 1397]
[30, 39321, 1327]
[30, 39321, 1474]
[30, 39321, 1385]
[30, 39321, 1308]
[30, 39321, 1330]
[30, 39321, 1354]
[30, 39321, 1402]
[30, 39321, 1332]
[30, 39321, 1413]
[30, 39321, 1258]
[30, 39321, 1392]
[30, 39321, 1366]
[30, 39321, 1402]
[30, 39321, 1322]
[30, 39321, 1391]
[30, 39321, 1326]
[30, 39321, 1417]
[30, 39321, 1348]
[30, 39321, 1432]
[30, 39321, 1395]
[30, 39321, 1310]
[30, 39321, 1430]
[30, 39321, 1430]
[30, 39321, 1351]
[30, 39321, 1497]
[30, 39321, 1452]
[30, 39321, 1363]
[30, 39321, 1389]
[30, 39321, 1331]
[30, 39321, 1359]
[30, 39321, 1435]
[35, 45875, 2066]
[35, 45875, 2126]
[35, 45875, 2141]
[35, 45875, 2145]
[35, 45875, 2071]
[35, 45875, 2036]
[35, 45875, 2095]
[35, 45875, 2039]
[35, 45875, 2113]
[35, 45875, 2188]
[35, 45875, 2026]
[35, 45875, 2083]
[35, 45875, 2039]
[35, 45875, 2068]
[35, 45875, 2007]
[35, 45875, 2059]
[35, 45875, 2151]
[35, 45875, 2046]
[35, 45875, 2127]
[35, 45875, 2111]
[35, 45875, 2051]
[35, 45875, 2077]
[35, 45875, 1991]
[35, 45875, 2171]
[35, 45875, 1974]
[35, 45875, 2199]
[35, 45875, 2120]
[35, 45875, 2021]
[35, 45875, 2068]
[35, 45875, 2137]
[35, 45875, 2123]
[35, 45875, 2065]
[35, 45875, 2122]
[35, 45875, 2184]
[35, 45875, 2065]
[35, 45875, 2030]
[35, 45875, 2113]
[35, 45875, 2108]
[35, 45875, 2032]
[35, 45875, 2162]
[35, 45875, 2055]
[35, 45875, 2013]
[35, 45875, 2070]
[35, 45875, 2234]
[35, 45875, 2203]
[35, 45875, 2020]
[35, 45875, 2075]
[35, 45875, 2101]
[35, 45875, 2101]
[35, 45875, 2010]
[35, 45875, 2153]
[35, 45875, 2043]
[35, 45875, 2014]
[35, 45875, 1974]
[35, 45875, 2147]
[35, 45875, 2064]
[35, 45875, 2127]
[35, 45875, 2015]
[35, 45875, 2124]
[35, 45875, 2120]
[35, 45875, 2090]
[35, 45875, 2154]
[35, 45875, 2082]
[35, 45875, 2122]
[35, 45875, 1912]
[35, 45875, 2024]
[35, 45875, 2106]
[35, 45875, 2049]
[35, 45875, 2032]
[35, 45875, 2046]
[35, 45875, 2074]
[35, 45875, 1987]
[35, 45875, 2034]
[35, 45875, 1977]
[35, 45875, 2031]
[35, 45875, 2062]
[35, 45875, 1988]
[35, 45875, 2041]
[35, 45875, 1939]
[35, 45875, 2037]
[35, 45875, 2082]
[35, 45875, 2148]
[35, 45875, 2032]
[35, 45875, 2022]
[35, 45875, 1961]
[35, 45875, 2115]
[35, 45875, 2176]
[35, 45875, 2104]
[35, 45875, 2222]
[35, 45875, 2063]
[35, 45875, 2069]
[35, 45875, 2052]
[35, 45875, 2095]
[35, 45875, 2085]
[35, 45875, 2091]
[35, 45875, 2026]
[35, 45875, 2149]
[35, 45875, 2096]
[35, 45875, 2020]
[35, 45875, 2099]
[40, 52428, 2971]
[40, 52428, 3044]
[40, 52428, 2870]
[40, 52428, 2921]
[40, 52428, 2835]
[40, 52428, 2874]
[40, 52428, 2881]
[40, 52428, 2847]
[40, 52428, 2880]
[40, 52428, 3061]
[40, 52428, 2930]
[40, 52428, 3053]
[40, 52428, 2991]
[40, 52428, 2959]
[40, 52428, 2838]
[40, 52428, 2934]
[40, 52428, 3056]
[40, 52428, 2901]
[40, 52428, 3027]
[40, 52428, 3140]
[40, 52428, 3051]
[40, 52428, 2931]
[40, 52428, 3062]
[40, 52428, 2879]
[40, 52428, 2862]
[40, 52428, 3004]
[40, 52428, 3069]
[40, 52428, 2947]
[40, 52428, 2980]
[40, 52428, 2850]
[40, 52428, 2828]
[40, 52428, 2888]
[40, 52428, 2858]
[40, 52428, 2887]
[40, 52428, 2905]
[40, 52428, 2953]
[40, 52428, 2927]
[40, 52428, 2961]
[40, 52428, 2848]
[40, 52428, 2966]
[40, 52428, 2897]
[40, 52428, 2889]
[40, 52428, 2965]
[40, 52428, 2950]
[40, 52428, 3031]
[40, 52428, 2967]
[40, 52428, 2949]
[40, 52428, 3005]
[40, 52428, 2798]
[40, 52428, 2901]
[40, 52428, 2959]
[40, 52428, 2935]
[40, 52428, 2845]
[40, 52428, 2908]
[40, 52428, 3023]
[40, 52428, 3024]
[40, 52428, 2984]
[40, 52428, 3115]
[40, 52428, 2914]
[40, 52428, 2954]
[40, 52428, 2894]
[40, 52428, 2987]
[40, 52428, 2957]
[40, 52428, 2941]
[40, 52428, 2869]
[40, 52428, 2931]
[40, 52428, 2912]
[40, 52428, 2908]
[40, 52428, 3035]
[40, 52428, 3023]
[40, 52428, 2956]
[40, 52428, 2969]
[40, 52428, 2911]
[40, 52428, 3065]
[40, 52428, 2786]
[40, 52428, 2927]
[40, 52428, 2822]
[40, 52428, 3077]
[40, 52428, 2753]
[40, 52428, 2869]
[40, 52428, 3032]
[40, 52428, 2865]
[40, 52428, 2854]
[40, 52428, 3057]
[40, 52428, 2916]
[40, 52428, 3041]
[40, 52428, 3016]
[40, 52428, 2958]
[40, 52428, 3109]
[40, 52428, 3005]
[40, 52428, 2935]
[40, 52428, 3004]
[40, 52428, 2866]
[40, 52428, 3012]
[40, 52428, 3116]
[40, 52428, 2810]
[40, 52428, 3080]
[40, 52428, 2901]
[40, 52428, 2961]
[40, 52428, 2914]
