[1, 1310, 0, 0]
[1, 1310, 0, 0]
[1, 1310, 0, 0]
[1, 1310, 0, 0]
[1, 1310, 0, 0]
[1, 1310, 0, 0]
[1, 1310, 0, 0]
[1, 1310, 0, 0]
[1, 1310, 0, 0]
[1, 1310, 0, 0]
[1, 1310, 0, 0]
[1, 1310, 0, 0]
[1, 1310, 0, 0]
[1, 1310, 0, 0]
[1, 1310, 0, 0]
[1, 1310, 0, 0]
[1, 1310, 0, 0]
[1, 1310, 0, 0]
[1, 1310, 0, 0]
[1, 1310, 0, 0]
[1, 1310, 0, 0]
[1, 1310, 0, 0]
[1, 1310, 0, 0]
[1, 1310, 0, 0]
[1, 1310, 0, 0]
[1, 1310, 0, 0]
[1, 1310, 0, 0]
[1, 1310, 0, 0]
[1, 1310, 0, 0]
[1, 1310, 0, 0]
[1, 1310, 0, 0]
[1, 1310, 0, 0]
[1, 1310, 0, 0]
[1, 1310, 0, 0]
[1, 1310, 0, 0]
[1, 1310, 0, 0]
[1, 1310, 0, 0]
[1, 1310, 0, 0]
[1, 1310, 0, 0]
[1, 1310, 0, 0]
[1, 1310, 0, 0]
[1, 1310, 0, 0]
[1, 1310, 0, 0]
[1, 1310, 0, 0]
[1, 1310, 0, 0]
[1, 1310, 0, 0]
[1, 1310, 0, 0]
[1, 1310, 0, 0]
[1, 1310, 0, 0]
[1, 1310, 0, 0]
[1, 1310, 0, 0]
[1, 1310, 0, 0]
[1, 1310, 0, 0]
[1, 1310, 0, 0]
[1, 1310, 0, 0]
[1, 1310, 0, 0]
[1, 1310, 0, 0]
[1, 1310, 0, 0]
[1, 1310, 0, 0]
[1, 1310, 0, 0]
[1, 1310, 0, 0]
[1, 1310, 0, 0]
[1, 1310, 0, 0]
[1, 1310, 0, 0]
[1, 1310, 0, 0]
[1, 1310, 0, 0]
[1, 1310, 0, 0]
[1, 1310, 0, 0]
[1, 1310, 0, 0]
[1, 1310, 0, 0]
[1, 1310, 0, 0]
[1, 1310, 0, 0]
[1, 1310, 0, 0]
[1, 1310, 0, 0]
[1, 1310, 0, 0]
[1, 1310, 0, 0]
[1, 1310, 0, 0]
[1, 1310, 0, 0]
[1, 1310, 0, 0]
[1, 1310, 0, 0]
[1, 1310, 0, 0]
[1, 1310, 0, 0]
[1, 1310, 0, 0]
[1, 1310, 0, 0]
[1, 1310, 0, 0]
[1, 1310, 0, 0]
[1, 1310, 0, 0]
[1, 1310, 0, 0]
[1, 1310, 0, 0]
[1, 1310, 0, 0]
[1, 1310, 0, 0]
[1, 1310, 0, 0]
[1, 1310, 0, 0]
[1, 1310, 0, 0]
[1, 1310, 0, 0]
[1, 1310, 0, 0]
[1, 1310, 0, 0]
[1, 1310, 0, 0]
[1, 1310, 0, 0]
[1, 1310, 0, 0]
[2, 2621, 0, 0]
[2, 2621, 0, 0]
[2, 2621, 0, 0]
[2, 2621, 0, 0]
[2, 2621, 0, 0]
[2, 2621, 0, 0]
[2, 2621, 0, 0]
[2, 2621, 0, 0]
[2, 2621, 0, 0]
[2, 2621, 0, 0]
[2, 2621, 0, 0]
[2, 2621, 0, 0]
[2, 2621, 0, 0]
[2, 2621, 0, 0]
[2, 2621, 0, 0]
[2, 2621, 0, 0]
[2, 2621, 0, 0]
[2, 2621, 0, 0]
[2, 2621, 0, 0]
[2, 2621, 0, 0]
[2, 2621, 0, 0]
[2, 2621, 0, 0]
[2, 2621, 0, 0]
[2, 2621, 0, 0]
[2, 2621, 0, 0]
[2, 2621, 0, 0]
[2, 2621, 0, 0]
[2, 2621, 0, 0]
[2, 2621, 0, 0]
[2, 2621, 0, 0]
[2, 2621, 0, 0]
[2, 2621, 0, 0]
[2, 2621, 0, 0]
[2, 2621, 0, 0]
[2, 2621, 0, 0]
[2, 2621, 0, 0]
[2, 2621, 0, 0]
[2, 2621, 0, 0]
[2, 2621, 0, 0]
[2, 2621, 0, 0]
[2, 2621, 0, 0]
[2, 2621, 0, 0]
[2, 2621, 0, 0]
[2, 2621, 0, 0]
[2, 2621, 0, 0]
[2, 2621, 0, 0]
[2, 2621, 0, 0]
[2, 2621, 0, 0]
[2, 2621, 0, 0]
[2, 2621, 0, 0]
[2, 2621, 0, 0]
[2, 2621, 0, 0]
[2, 2621, 0, 0]
[2, 2621, 0, 0]
[2, 2621, 0, 0]
[2, 2621, 0, 0]
[2, 2621, 0, 0]
[2, 2621, 0, 0]
[2, 2621, 0, 0]
[2, 2621, 0, 0]
[2, 2621, 0, 0]
[2, 2621, 0, 0]
[2, 2621, 0, 0]
[2, 2621, 0, 0]
[2, 2621, 0, 0]
[2, 2621, 0, 0]
[2, 2621, 0, 0]
[2, 2621, 0, 0]
[2, 2621, 0, 0]
[2, 2621, 0, 0]
[2, 2621, 0, 0]
[2, 2621, 0, 0]
[2, 2621, 0, 0]
[2, 2621, 0, 0]
[2, 2621, 0, 0]
[2, 2621, 0, 0]
[2, 2621, 0, 0]
[2, 2621, 0, 0]
[2, 2621, 0, 0]
[2, 2621, 0, 0]
[2, 2621, 0, 0]
[2, 2621, 0, 0]
[2, 2621, 0, 0]
[2, 2621, 0, 0]
[2, 2621, 0, 0]
[2, 2621, 0, 0]
[2, 2621, 0, 0]
[2, 2621, 0, 0]
[2, 2621, 0, 0]
[2, 2621, 0, 0]
[2, 2621, 0, 0]
[2, 2621, 0, 0]
[2, 2621, 0, 0]
[2, 2621, 0, 0]
[2, 2621, 0, 0]
[2, 2621, 0, 0]
[2, 2621, 0, 0]
[2, 2621, 0, 0]
[2, 2621, 0, 0]
[2, 2621, 0, 0]
[5, 6553, 0, 0]
[5, 6553, 0, 0]
[5, 6553, 0, 0]
[5, 6553, 0, 0]
[5, 6553, 0, 0]
[5, 6553, 0, 0]
[5, 6553, 0, 0]
[5, 6553, 0, 0]
[5, 6553, 0, 0]
[5, 6553, 0, 0]
[5, 6553, 0, 0]
[5, 6553, 0, 0]
[5, 6553, 0, 0]
[5, 6553, 0, 0]
[5, 6553, 0, 0]
[5, 6553, 0, 0]
[5, 6553, 0, 0]
[5, 6553, 0, 0]
[5, 6553, 0, 0]
[5, 6553, 0, 0]
[5, 6553, 0, 0]
[5, 6553, 0, 0]
[5, 6553, 0, 0]
[5, 6553, 0, 0]
[5, 6553, 0, 0]
[5, 6553, 0, 0]
[5, 6553, 0, 0]
[5, 6553, 0, 0]
[5, 6553, 0, 0]
[5, 6553, 0, 0]
[5, 6553, 0, 0]
[5, 6553, 0, 0]
[5, 6553, 0, 0]
[5, 6553, 0, 0]
[5, 6553, 0, 0]
[5, 6553, 0, 0]
[5, 6553, 0, 0]
[5, 6553, 0, 0]
[5, 6553, 0, 0]
[5, 6553, 0, 0]
[5, 6553, 0, 0]
[5, 6553, 0, 0]
[5, 6553, 0, 0]
[5, 6553, 0, 0]
[5, 6553, 0, 0]
[5, 6553, 0, 0]
[5, 6553, 0, 0]
[5, 6553, 0, 0]
[5, 6553, 0, 0]
[5, 6553, 0, 0]
[5, 6553, 0, 0]
[5, 6553, 0, 0]
[5, 6553, 0, 0]
[5, 6553, 0, 0]
[5, 6553, 0, 0]
[5, 6553, 0, 0]
[5, 6553, 0, 0]
[5, 6553, 0, 0]
[5, 6553, 0, 0]
[5, 6553, 0, 0]
[5, 6553, 0, 0]
[5, 6553, 0, 0]
[5, 6553, 0, 0]
[5, 6553, 0, 0]
[5, 6553, 0, 0]
[5, 6553, 0, 0]
[5, 6553, 0, 0]
[5, 6553, 0, 0]
[5, 6553, 0, 0]
[5, 6553, 0, 0]
[5, 6553, 0, 0]
[5, 6553, 0, 0]
[5, 6553, 0, 0]
[5, 6553, 0, 0]
[5, 6553, 0, 0]
[5, 6553, 0, 0]
[5, 6553, 0, 0]
[5, 6553, 0, 0]
[5, 6553, 0, 0]
[5, 6553, 0, 0]
[5, 6553, 0, 0]
[5, 6553, 0, 0]
[5, 6553, 0, 0]
[5, 6553, 0, 0]
[5, 6553, 0, 0]
[5, 6553, 0, 0]
[5, 6553, 0, 0]
[5, 6553, 0, 0]
[5, 6553, 0, 0]
[5, 6553, 0, 0]
[5, 6553, 0, 0]
[5, 6553, 0, 0]
[5, 6553, 0, 0]
[5, 6553, 0, 0]
[5, 6553, 0, 0]
[5, 6553, 0, 0]
[5, 6553, 0, 0]
[5, 6553, 0, 0]
[5, 6553, 0, 0]
[5, 6553, 0, 0]
[10, 13107, 0, 0]
[10, 13107, 0, 0]
[10, 13107, 0, 0]
[10, 13107, 0, 0]
[10, 13107, 0, 0]
[10, 13107, 0, 0]
[10, 13107, 0, 0]
[10, 13107, 0, 0]
[10, 13107, 0, 0]
[10, 13107, 0, 0]
[10, 13107, 0, 0]
[10, 13107, 0, 0]
[10, 13107, 0, 0]
[10, 13107, 0, 0]
[10, 13107, 0, 0]
[10, 13107, 0, 0]
[10, 13107, 0, 0]
[10, 13107, 0, 0]
[10, 13107, 0, 0]
[10, 13107, 0, 0]
[10, 13107, 0, 0]
[10, 13107, 0, 0]
[10, 13107, 0, 0]
[10, 13107, 0, 0]
[10, 13107, 0, 0]
[10, 13107, 0, 0]
[10, 13107, 1, 0]
[10, 13107, 0, 0]
[10, 13107, 0, 0]
[10, 13107, 0, 0]
[10, 13107, 0, 0]
[10, 13107, 0, 0]
[10, 13107, 0, 0]
[10, 13107, 0, 0]
[10, 13107, 0, 0]
[10, 13107, 0, 0]
[10, 13107, 0, 0]
[10, 13107, 0, 0]
[10, 13107, 0, 0]
[10, 13107, 0, 0]
[10, 13107, 0, 0]
[10, 13107, 0, 0]
[10, 13107, 0, 0]
[10, 13107, 0, 0]
[10, 13107, 0, 0]
[10, 13107, 0, 0]
[10, 13107, 0, 0]
[10, 13107, 0, 0]
[10, 13107, 0, 0]
[10, 13107, 0, 0]
[10, 13107, 0, 0]
[10, 13107, 1, 0]
[10, 13107, 0, 0]
[10, 13107, 0, 0]
[10, 13107, 0, 0]
[10, 13107, 0, 0]
[10, 13107, 0, 0]
[10, 13107, 0, 0]
[10, 13107, 0, 0]
[10, 13107, 0, 0]
[10, 13107, 0, 0]
[10, 13107, 0, 0]
[10, 13107, 0, 0]
[10, 13107, 0, 0]
[10, 13107, 0, 0]
[10, 13107, 0, 0]
[10, 13107, 0, 0]
[10, 13107, 0, 0]
[10, 13107, 0, 0]
[10, 13107, 0, 0]
[10, 13107, 0, 0]
[10, 13107, 0, 0]
[10, 13107, 0, 0]
[10, 13107, 0, 0]
[10, 13107, 0, 0]
[10, 13107, 0, 0]
[10, 13107, 0, 0]
[10, 13107, 0, 0]
[10, 13107, 0, 0]
[10, 13107, 0, 0]
[10, 13107, 0, 0]
[10, 13107, 1, 0]
[10, 13107, 0, 0]
[10, 13107, 0, 0]
[10, 13107, 0, 0]
[10, 13107, 0, 0]
[10, 13107, 0, 1]
[10, 13107, 0, 0]
[10, 13107, 0, 0]
[10, 13107, 0, 0]
[10, 13107, 0, 0]
[10, 13107, 0, 0]
[10, 13107, 0, 0]
[10, 13107, 0, 0]
[10, 13107, 0, 0]
[10, 13107, 0, 0]
[10, 13107, 0, 0]
[10, 13107, 0, 0]
[10, 13107, 0, 0]
[10, 13107, 0, 0]
[15, 19660, 2, 0]
[15, 19660, 2, 0]
[15, 19660, 0, 0]
[15, 19660, 0, 0]
[15, 19660, 0, 0]
[15, 19660, 0, 0]
[15, 19660, 0, 0]
[15, 19660, 0, 2]
[15, 19660, 0, 0]
[15, 19660, 0, 0]
[15, 19660, 0, 0]
[15, 19660, 0, 0]
[15, 19660, 0, 0]
[15, 19660, 0, 0]
[15, 19660, 0, 0]
[15, 19660, 0, 0]
[15, 19660, 0, 0]
[15, 19660, 0, 0]
[15, 19660, 0, 0]
[15, 19660, 0, 0]
[15, 19660, 0, 0]
[15, 19660, 0, 0]
[15, 19660, 0, 0]
[15, 19660, 0, 0]
[15, 19660, 0, 3]
[15, 19660, 0, 0]
[15, 19660, 2, 0]
[15, 19660, 0, 1]
[15, 19660, 0, 0]
[15, 19660, 0, 0]
[15, 19660, 0, 0]
[15, 19660, 0, 0]
[15, 19660, 0, 0]
[15, 19660, 0, 0]
[15, 19660, 0, 0]
[15, 19660, 0, 0]
[15, 19660, 0, 0]
[15, 19660, 0, 0]
[15, 19660, 0, 0]
[15, 19660, 0, 0]
[15, 19660, 0, 0]
[15, 19660, 1, 0]
[15, 19660, 0, 0]
[15, 19660, 0, 0]
[15, 19660, 0, 0]
[15, 19660, 0, 0]
[15, 19660, 0, 0]
[15, 19660, 0, 0]
[15, 19660, 0, 3]
[15, 19660, 0, 0]
[15, 19660, 0, 0]
[15, 19660, 3, 0]
[15, 19660, 0, 0]
[15, 19660, 0, 0]
[15, 19660, 0, 0]
[15, 19660, 0, 0]
[15, 19660, 0, 0]
[15, 19660, 0, 0]
[15, 19660, 0, 0]
[15, 19660, 0, 0]
[15, 19660, 0, 0]
[15, 19660, 0, 0]
[15, 19660, 0, 0]
[15, 19660, 0, 0]
[15, 19660, 1, 0]
[15, 19660, 0, 0]
[15, 19660, 0, 0]
[15, 19660, 0, 0]
[15, 19660, 0, 0]
[15, 19660, 0, 0]
[15, 19660, 0, 0]
[15, 19660, 0, 0]
[15, 19660, 0, 1]
[15, 19660, 0, 0]
[15, 19660, 0, 0]
[15, 19660, 0, 0]
[15, 19660, 0, 0]
[15, 19660, 0, 0]
[15, 19660, 0, 0]
[15, 19660, 0, 0]
[15, 19660, 0, 0]
[15, 19660, 3, 0]
[15, 19660, 0, 0]
[15, 19660, 0, 0]
[15, 19660, 0, 0]
[15, 19660, 0, 0]
[15, 19660, 0, 3]
[15, 19660, 0, 0]
[15, 19660, 0, 0]
[15, 19660, 0, 0]
[15, 19660, 0, 0]
[15, 19660, 0, 0]
[15, 19660, 0, 0]
[15, 19660, 0, 0]
[15, 19660, 0, 0]
[15, 19660, 0, 0]
[15, 19660, 0, 0]
[15, 19660, 0, 0]
[15, 19660, 0, 0]
[15, 19660, 0, 0]
[20, 26214, 4, 1]
[20, 26214, 2, 0]
[20, 26214, 0, 0]
[20, 26214, 0, 0]
[20, 26214, 0, 1]
[20, 26214, 0, 0]
[20, 26214, 0, 2]
[20, 26214, 4, 3]
[20, 26214, 0, 0]
[20, 26214, 2, 4]
[20, 26214, 2, 0]
[20, 26214, 0, 0]
[20, 26214, 0, 6]
[20, 26214, 0, 0]
[20, 26214, 0, 0]
[20, 26214, 0, 0]
[20, 26214, 2, 1]
[20, 26214, 2, 0]
[20, 26214, 0, 0]
[20, 26214, 3, 0]
[20, 26214, 3, 0]
[20, 26214, 1, 0]
[20, 26214, 0, 1]
[20, 26214, 1, 0]
[20, 26214, 0, 9]
[20, 26214, 1, 0]
[20, 26214, 7, 1]
[20, 26214, 3, 2]
[20, 26214, 0, 0]
[20, 26214, 4, 0]
[20, 26214, 1, 0]
[20, 26214, 3, 0]
[20, 26214, 4, 0]
[20, 26214, 1, 3]
[20, 26214, 0, 2]
[20, 26214, 0, 2]
[20, 26214, 0, 3]
[20, 26214, 5, 4]
[20, 26214, 1, 1]
[20, 26214, 0, 0]
[20, 26214, 0, 0]
[20, 26214, 4, 0]
[20, 26214, 4, 0]
[20, 26214, 0, 0]
[20, 26214, 0, 0]
[20, 26214, 4, 0]
[20, 26214, 0, 3]
[20, 26214, 2, 0]
[20, 26214, 2, 5]
[20, 26214, 0, 1]
[20, 26214, 0, 0]
[20, 26214, 5, 1]
[20, 26214, 0, 0]
[20, 26214, 0, 5]
[20, 26214, 0, 0]
[20, 26214, 2, 0]
[20, 26214, 0, 0]
[20, 26214, 0, 0]
[20, 26214, 0, 0]
[20, 26214, 0, 1]
[20, 26214, 1, 1]
[20, 26214, 0, 0]
[20, 26214, 0, 0]
[20, 26214, 1, 0]
[20, 26214, 3, 0]
[20, 26214, 0, 0]
[20, 26214, 1, 2]
[20, 26214, 0, 0]
[20, 26214, 0, 0]
[20, 26214, 0, 4]
[20, 26214, 0, 0]
[20, 26214, 4, 2]
[20, 26214, 0, 5]
[20, 26214, 0, 0]
[20, 26214, 8, 1]
[20, 26214, 0, 0]
[20, 26214, 0, 3]
[20, 26214, 0, 1]
[20, 26214, 0, 2]
[20, 26214, 0, 1]
[20, 26214, 0, 1]
[20, 26214, 6, 0]
[20, 26214, 0, 0]
[20, 26214, 1, 0]
[20, 26214, 5, 0]
[20, 26214, 0, 0]
[20, 26214, 1, 6]
[20, 26214, 1, 2]
[20, 26214, 0, 0]
[20, 26214, 2, 0]
[20, 26214, 2, 0]
[20, 26214, 0, 0]
[20, 26214, 1, 0]
[20, 26214, 0, 1]
[20, 26214, 0, 4]
[20, 26214, 0, 1]
[20, 26214, 1, 3]
[20, 26214, 0, 3]
[20, 26214, 0, 0]
[20, 26214, 0, 0]
[25, 32768, 7, 8]
[25, 32768, 2, 3]
[25, 32768, 9, 3]
[25, 32768, 2, 0]
[25, 32768, 7, 3]
[25, 32768, 12, 8]
[25, 32768, 1, 5]
[25, 32768, 6, 13]
[25, 32768, 3, 0]
[25, 32768, 9, 9]
[25, 32768, 8, 2]
[25, 32768, 6, 2]
[25, 32768, 7, 9]
[25, 32768, 8, 1]
[25, 32768, 5, 7]
[25, 32768, 4, 1]
[25, 32768, 8, 3]
[25, 32768, 7, 1]
[25, 32768, 16, 9]
[25, 32768, 10, 12]
[25, 32768, 7, 4]
[25, 32768, 3, 7]
[25, 32768, 0, 8]
[25, 32768, 2, 3]
[25, 32768, 6, 12]
[25, 32768, 7, 8]
[25, 32768, 19, 5]
[25, 32768, 5, 12]
[25, 32768, 2, 4]
[25, 32768, 3, 5]
[25, 32768, 6, 5]
[25, 32768, 7, 4]
[25, 32768, 11, 4]
[25, 32768, 9, 8]
[25, 32768, 2, 4]
[25, 32768, 6, 6]
[25, 32768, 3, 7]
[25, 32768, 12, 18]
[25, 32768, 5, 5]
[25, 32768, 6, 6]
[25, 32768, 11, 3]
[25, 32768, 13, 7]
[25, 32768, 5, 5]
[25, 32768, 8, 5]
[25, 32768, 5, 0]
[25, 32768, 10, 5]
[25, 32768, 4, 15]
[25, 32768, 13, 5]
[25, 32768, 5, 13]
[25, 32768, 4, 5]
[25, 32768, 9, 1]
[25, 32768, 11, 2]
[25, 32768, 3, 2]
[25, 32768, 6, 15]
[25, 32768, 2, 2]
[25, 32768, 3, 3]
[25, 32768, 8, 3]
[25, 32768, 1, 0]
[25, 32768, 6, 5]
[25, 32768, 5, 6]
[25, 32768, 9, 10]
[25, 32768, 4, 4]
[25, 32768, 4, 0]
[25, 32768, 9, 0]
[25, 32768, 12, 6]
[25, 32768, 0, 6]
[25, 32768, 8, 8]
[25, 32768, 5, 4]
[25, 32768, 3, 9]
[25, 32768, 2, 10]
[25, 32768, 0, 9]
[25, 32768, 9, 9]
[25, 32768, 1, 12]
[25, 32768, 0, 5]
[25, 32768, 16, 7]
[25, 32768, 4, 0]
[25, 32768, 3, 10]
[25, 32768, 2, 8]
[25, 32768, 1, 8]
[25, 32768, 5, 3]
[25, 32768, 3, 3]
[25, 32768, 12, 1]
[25, 32768, 8, 4]
[25, 32768, 5, 4]
[25, 32768, 13, 0]
[25, 32768, 0, 5]
[25, 32768, 4, 9]
[25, 32768, 10, 5]
[25, 32768, 11, 3]
[25, 32768, 3, 7]
[25, 32768, 11, 4]
[25, 32768, 0, 2]
[25, 32768, 7, 0]
[25, 32768, 2, 11]
[25, 32768, 8, 6]
[25, 32768, 5, 7]
[25, 32768, 4, 4]
[25, 32768, 0, 3]
[25, 32768, 10, 7]
[25, 32768, 0, 3]
[30, 39321, 19, 21]
[30, 39321, 15, 17]
[30, 39321, 24, 25]
[30, 39321, 13, 6]
[30, 39321, 20, 22]
[30, 39321, 19, 21]
[30, 39321, 14, 21]
[30, 39321, 48, 17]
[30, 39321, 14, 10]
[30, 39321, 22, 23]
[30, 39321, 22, 13]
[30, 39321, 12, 11]
[30, 39321, 17, 35]
[30, 39321, 27, 9]
[30, 39321, 11, 19]
[30, 39321, 15, 1]
[30, 39321, 24, 9]
[30, 39321, 33, 20]
[30, 39321, 27, 29]
[30, 39321, 24, 20]
[30, 39321, 18, 14]
[30, 39321, 22, 15]
[30, 39321, 10, 23]
[30, 39321, 17, 11]
[30, 39321, 16, 29]
[30, 39321, 12, 29]
[30, 39321, 30, 8]
[30, 39321, 33, 30]
[30, 39321, 19, 26]
[30, 39321, 26, 16]
[30, 39321, 16, 16]
[30, 39321, 20, 25]
[30, 39321, 35, 18]
[30, 39321, 14, 23]
[30, 39321, 29, 15]
[30, 39321, 17, 19]
[30, 39321, 17, 33]
[30, 39321, 30, 31]
[30, 39321, 19, 13]
[30, 39321, 23, 18]
[30, 39321, 30, 25]
[30, 39321, 31, 25]
[30, 39321, 13, 22]
[30, 39321, 14, 20]
[30, 39321, 14, 11]
[30, 39321, 30, 22]
[30, 39321, 12, 24]
[30, 39321, 24, 13]
[30, 39321, 24, 26]
[30, 39321, 16, 13]
[30, 39321, 12, 9]
[30, 39321, 23, 12]
[30, 39321, 20, 9]
[30, 39321, 24, 37]
[30, 39321, 18, 13]
[30, 39321, 17, 18]
[30, 39321, 22, 15]
[30, 39321, 13, 6]
[30, 39321, 28, 39]
[30, 39321, 14, 13]
[30, 39321, 12, 25]
[30, 39321, 24, 21]
[30, 39321, 28, 19]
[30, 39321, 15, 20]
[30, 39321, 39, 15]
[30, 39321, 12, 16]
[30, 39321, 23, 21]
[30, 39321, 13, 18]
[30, 39321, 9, 37]
[30, 39321, 18, 26]
[30, 39321, 10, 19]
[30, 39321, 18, 23]
[30, 39321, 34, 30]
[30, 39321, 12, 24]
[30, 39321, 30, 19]
[30, 39321, 14, 19]
[30, 39321, 23, 23]
[30, 39321, 21, 24]
[30, 39321, 21, 21]
[30, 39321, 24, 30]
[30, 39321, 21, 14]
[30, 39321, 29, 20]
[30, 39321, 25, 15]
[30, 39321, 16, 12]
[30, 39321, 41, 11]
[30, 39321, 8, 23]
[30, 39321, 21, 38]
[30, 39321, 20, 20]
[30, 39321, 28, 13]
[30, 39321, 23, 38]
[30, 39321, 24, 20]
[30, 39321, 21, 14]
[30, 39321, 18, 5]
[30, 39321, 11, 30]
[30, 39321, 26, 27]
[30, 39321, 20, 21]
[30, 39321, 9, 17]
[30, 39321, 13, 18]
[30, 39321, 25, 19]
[30, 39321, 10, 8]
[35, 45875, 55, 64]
[35, 45875, 63, 43]
[35, 45875, 65, 77]
[35, 45875, 54, 42]
[35, 45875, 75, 48]
[35, 45875, 69, 51]
[35, 45875, 28, 67]
[35, 45875, 86, 66]
[35, 45875, 52, 32]
[35, 45875, 45, 76]
[35, 45875, 62, 49]
[35, 45875, 38, 48]
[35, 45875, 52, 66]
[35, 45875, 69, 66]
[35, 45875, 56, 61]
[35, 45875, 41, 26]
[35, 45875, 50, 49]
[35, 45875, 56, 41]
[35, 45875, 64, 89]
[35, 45875, 73, 72]
[35, 45875, 57, 38]
[35, 45875, 66, 46]
[35, 45875, 45, 60]
[35, 45875, 45, 53]
[35, 45875, 60, 65]
[35, 45875, 39, 70]
[35, 45875, 66, 41]
[35, 45875, 86, 74]
[35, 45875, 43, 68]
[35, 45875, 55, 56]
[35, 45875, 55, 52]
[35, 45875, 62, 57]
[35, 45875, 101, 54]
[35, 45875, 44, 51]
[35, 45875, 65, 58]
[35, 45875, 63, 46]
[35, 45875, 42, 70]
[35, 45875, 69, 75]
[35, 45875, 56, 49]
[35, 45875, 39, 59]
[35, 45875, 66, 45]
[35, 45875, 84, 58]
[35, 45875, 79, 58]
[35, 45875, 46, 72]
[35, 45875, 39, 43]
[35, 45875, 99, 77]
[35, 45875, 33, 63]
[35, 45875, 82, 72]
[35, 45875, 38, 62]
[35, 45875, 66, 61]
[35, 45875, 39, 35]
[35, 45875, 55, 61]
[35, 45875, 51, 52]
[35, 45875, 63, 73]
[35, 45875, 46, 48]
[35, 45875, 38, 48]
[35, 45875, 71, 60]
[35, 45875, 46, 46]
[35, 45875, 55, 51]
[35, 45875, 49, 34]
[35, 45875, 48, 58]
[35, 45875, 60, 64]
[35, 45875, 74, 58]
[35, 45875, 70, 51]
[35, 45875, 63, 44]
[35, 45875, 46, 55]
[35, 45875, 65, 55]
[35, 45875, 39, 55]
[35, 45875, 29, 79]
[35, 45875, 41, 59]
[35, 45875, 44, 34]
[35, 45875, 42, 52]
[35, 45875, 73, 63]
[35, 45875, 38, 63]
[35, 45875, 88, 53]
[35, 45875, 55, 47]
[35, 45875, 52, 52]
[35, 45875, 56, 62]
[35, 45875, 54, 59]
[35, 45875, 56, 63]
[35, 45875, 44, 55]
[35, 45875, 77, 51]
[35, 45875, 63, 56]
[35, 45875, 52, 56]
[35, 45875, 86, 31]
[35, 45875, 40, 58]
[35, 45875, 44, 75]
[35, 45875, 47, 80]
[35, 45875, 71, 57]
[35, 45875, 56, 77]
[35, 45875, 54, 67]
[35, 45875, 58, 48]
[35, 45875, 49, 47]
[35, 45875, 45, 64]
[35, 45875, 63, 68]
[35, 45875, 57, 64]
[35, 45875, 34, 49]
[35, 45875, 35, 63]
[35, 45875, 54, 48]
[35, 45875, 37, 37]
[40, 52428, 150, 152]
[40, 52428, 124, 127]
[40, 52428, 156, 155]
[40, 52428, 129, 122]
[40, 52428, 147, 139]
[40, 52428, 160, 121]
[40, 52428, 106, 145]
[40, 52428, 186, 132]
[40, 52428, 162, 142]
[40, 52428, 124, 165]
[40, 52428, 165, 109]
[40, 52428, 100, 104]
[40, 52428, 126, 161]
[40, 52428, 146, 170]
[40, 52428, 152, 121]
[40, 52428, 133, 107]
[40, 52428, 138, 143]
[40, 52428, 119, 116]
[40, 52428, 145, 192]
[40, 52428, 168, 159]
[40, 52428, 122, 99]
[40, 52428, 128, 101]
[40, 52428, 148, 117]
[40, 52428, 114, 127]
[40, 52428, 142, 148]
[40, 52428, 115, 134]
[40, 52428, 144, 128]
[40, 52428, 135, 135]
[40, 52428, 105, 137]
[40, 52428, 150, 122]
[40, 52428, 123, 128]
[40, 52428, 129, 149]
[40, 52428, 186, 146]
[40, 52428, 114, 136]
[40, 52428, 150, 108]
[40, 52428, 148, 100]
[40, 52428, 109, 157]
[40, 52428, 154, 153]
[40, 52428, 127, 125]
[40, 52428, 99, 114]
[40, 52428, 126, 102]
[40, 52428, 207, 166]
[40, 52428, 162, 123]
[40, 52428, 138, 161]
[40, 52428, 110, 116]
[40, 52428, 178, 147]
[40, 52428, 91, 130]
[40, 52428, 158, 153]
[40, 52428, 90, 183]
[40, 52428, 152, 123]
[40, 52428, 125, 99]
[40, 52428, 134, 143]
[40, 52428, 159, 113]
[40, 52428, 154, 147]
[40, 52428, 131, 128]
[40, 52428, 135, 129]
[40, 52428, 144, 147]
[40, 52428, 114, 150]
[40, 52428, 145, 132]
[40, 52428, 119, 100]
[40, 52428, 120, 136]
[40, 52428, 141, 169]
[40, 52428, 175, 137]
[40, 52428, 120, 114]
[40, 52428, 147, 112]
[40, 52428, 106, 125]
[40, 52428, 131, 131]
[40, 52428, 120, 122]
[40, 52428, 100, 153]
[40, 52428, 86, 127]
[40, 52428, 109, 83]
[40, 52428, 93, 127]
[40, 52428, 140, 165]
[40, 52428, 120, 135]
[40, 52428, 141, 125]
[40, 52428, 129, 122]
[40, 52428, 129, 108]
[40, 52428, 139, 108]
[40, 52428, 134, 171]
[40, 52428, 137, 118]
[40, 52428, 112, 152]
[40, 52428, 150, 148]
[40, 52428, 131, 132]
[40, 52428, 163, 130]
[40, 52428, 188, 76]
[40, 52428, 116, 127]
[40, 52428, 128, 164]
[40, 52428, 120, 147]
[40, 52428, 144, 133]
[40, 52428, 134, 169]
[40, 52428, 119, 151]
[40, 52428, 141, 115]
[40, 52428, 108, 102]
[40, 52428, 105, 115]
[40, 52428, 115, 145]
[40, 52428, 132, 143]
[40, 52428, 116, 113]
[40, 52428, 120, 125]
[40, 52428, 143, 127]
[40, 52428, 135, 86]
