[1, 1310, 1213]
[1, 1310, 1207]
[1, 1310, 1204]
[1, 1310, 1215]
[1, 1310, 1226]
[1, 1310, 1192]
[1, 1310, 1216]
[1, 1310, 1200]
[1, 1310, 1205]
[1, 1310, 1203]
[1, 1310, 1208]
[1, 1310, 1209]
[1, 1310, 1196]
[1, 1310, 1210]
[1, 1310, 1218]
[1, 1310, 1207]
[1, 1310, 1203]
[1, 1310, 1207]
[1, 1310, 1198]
[1, 1310, 1213]
[1, 1310, 1205]
[1, 1310, 1205]
[1, 1310, 1213]
[1, 1310, 1202]
[1, 1310, 1204]
[1, 1310, 1214]
[1, 1310, 1208]
[1, 1310, 1203]
[1, 1310, 1198]
[1, 1310, 1214]
[1, 1310, 1212]
[1, 1310, 1198]
[1, 1310, 1205]
[1, 1310, 1198]
[1, 1310, 1202]
[1, 1310, 1196]
[1, 1310, 1198]
[1, 1310, 1212]
[1, 1310, 1212]
[1, 1310, 1221]
[1, 1310, 1197]
[1, 1310, 1219]
[1, 1310, 1205]
[1, 1310, 1200]
[1, 1310, 1211]
[1, 1310, 1220]
[1, 1310, 1209]
[1, 1310, 1214]
[1, 1310, 1205]
[1, 1310, 1194]
[1, 1310, 1216]
[1, 1310, 1199]
[1, 1310, 1203]
[1, 1310, 1196]
[1, 1310, 1217]
[1, 1310, 1215]
[1, 1310, 1207]
[1, 1310, 1204]
[1, 1310, 1207]
[1, 1310, 1217]
[1, 1310, 1213]
[1, 1310, 1221]
[1, 1310, 1208]
[1, 1310, 1212]
[1, 1310, 1227]
[1, 1310, 1215]
[1, 1310, 1223]
[1, 1310, 1201]
[1, 1310, 1223]
[1, 1310, 1216]
[1, 1310, 1201]
[1, 1310, 1211]
[1, 1310, 1195]
[1, 1310, 1213]
[1, 1310, 1206]
[1, 1310, 1214]
[1, 1310, 1209]
[1, 1310, 1193]
[1, 1310, 1202]
[1, 1310, 1212]
[1, 1310, 1220]
[1, 1310, 1202]
[1, 1310, 1207]
[1, 1310, 1207]
[1, 1310, 1207]
[1, 1310, 1212]
[1, 1310, 1216]
[1, 1310, 1211]
[1, 1310, 1198]
[1, 1310, 1201]
[1, 1310, 1222]
[1, 1310, 1210]
[1, 1310, 1211]
[1, 1310, 1194]
[1, 1310, 1202]
[1, 1310, 1212]
[1, 1310, 1203]
[1, 1310, 1209]
[1, 1310, 1210]
[1, 1310, 1215]
[2, 2621, 2576]
[2, 2621, 2566]
[2, 2621, 2564]
[2, 2621, 2559]
[2, 2621, 2578]
[2, 2621, 2565]
[2, 2621, 2561]
[2, 2621, 2572]
[2, 2621, 2563]
[2, 2621, 2577]
[2, 2621, 2563]
[2, 2621, 2569]
[2, 2621, 2559]
[2, 2621, 2556]
[2, 2621, 2578]
[2, 2621, 2555]
[2, 2621, 2563]
[2, 2621, 2559]
[2, 2621, 2570]
[2, 2621, 2565]
[2, 2621, 2570]
[2, 2621, 2571]
[2, 2621, 2553]
[2, 2621, 2551]
[2, 2621, 2554]
[2, 2621, 2570]
[2, 2621, 2570]
[2, 2621, 2574]
[2, 2621, 2564]
[2, 2621, 2570]
[2, 2621, 2568]
[2, 2621, 2548]
[2, 2621, 2558]
[2, 2621, 2555]
[2, 2621, 2576]
[2, 2621, 2569]
[2, 2621, 2561]
[2, 2621, 2556]
[2, 2621, 2566]
[2, 2621, 2569]
[2, 2621, 2559]
[2, 2621, 2567]
[2, 2621, 2563]
[2, 2621, 2558]
[2, 2621, 2569]
[2, 2621, 2567]
[2, 2621, 2556]
[2, 2621, 2562]
[2, 2621, 2576]
[2, 2621, 2549]
[2, 2621, 2562]
[2, 2621, 2554]
[2, 2621, 2559]
[2, 2621, 2562]
[2, 2621, 2556]
[2, 2621, 2568]
[2, 2621, 2578]
[2, 2621, 2561]
[2, 2621, 2559]
[2, 2621, 2564]
[2, 2621, 2566]
[2, 2621, 2564]
[2, 2621, 2574]
[2, 2621, 2566]
[2, 2621, 2575]
[2, 2621, 2569]
[2, 2621, 2568]
[2, 2621, 2571]
[2, 2621, 2565]
[2, 2621, 2567]
[2, 2621, 2565]
[2, 2621, 2565]
[2, 2621, 2558]
[2, 2621, 2569]
[2, 2621, 2556]
[2, 2621, 2567]
[2, 2621, 2560]
[2, 2621, 2564]
[2, 2621, 2562]
[2, 2621, 2564]
[2, 2621, 2572]
[2, 2621, 2557]
[2, 2621, 2571]
[2, 2621, 2562]
[2, 2621, 2566]
[2, 2621, 2560]
[2, 2621, 2562]
[2, 2621, 2567]
[2, 2621, 2556]
[2, 2621, 2555]
[2, 2621, 2569]
[2, 2621, 2563]
[2, 2621, 2578]
[2, 2621, 2558]
[2, 2621, 2573]
[2, 2621, 2577]
[2, 2621, 2566]
[2, 2621, 2556]
[2, 2621, 2560]
[2, 2621, 2565]
[5, 6553, 6550]
[5, 6553, 6550]
[5, 6553, 6552]
[5, 6553, 6550]
[5, 6553, 6550]
[5, 6553, 6550]
[5, 6553, 6551]
[5, 6553, 6552]
[5, 6553, 6546]
[5, 6553, 6552]
[5, 6553, 6551]
[5, 6553, 6547]
[5, 6553, 6550]
[5, 6553, 6552]
[5, 6553, 6549]
[5, 6553, 6550]
[5, 6553, 6549]
[5, 6553, 6553]
[5, 6553, 6551]
[5, 6553, 6550]
[5, 6553, 6551]
[5, 6553, 6548]
[5, 6553, 6551]
[5, 6553, 6549]
[5, 6553, 6550]
[5, 6553, 6550]
[5, 6553, 6548]
[5, 6553, 6550]
[5, 6553, 6551]
[5, 6553, 6548]
[5, 6553, 6547]
[5, 6553, 6549]
[5, 6553, 6550]
[5, 6553, 6550]
[5, 6553, 6551]
[5, 6553, 6548]
[5, 6553, 6549]
[5, 6553, 6552]
[5, 6553, 6552]
[5, 6553, 6552]
[5, 6553, 6550]
[5, 6553, 6551]
[5, 6553, 6548]
[5, 6553, 6549]
[5, 6553, 6549]
[5, 6553, 6552]
[5, 6553, 6553]
[5, 6553, 6553]
[5, 6553, 6552]
[5, 6553, 6548]
[5, 6553, 6550]
[5, 6553, 6547]
[5, 6553, 6549]
[5, 6553, 6552]
[5, 6553, 6549]
[5, 6553, 6551]
[5, 6553, 6547]
[5, 6553, 6550]
[5, 6553, 6550]
[5, 6553, 6548]
[5, 6553, 6549]
[5, 6553, 6547]
[5, 6553, 6551]
[5, 6553, 6551]
[5, 6553, 6550]
[5, 6553, 6548]
[5, 6553, 6548]
[5, 6553, 6548]
[5, 6553, 6543]
[5, 6553, 6551]
[5, 6553, 6553]
[5, 6553, 6550]
[5, 6553, 6548]
[5, 6553, 6547]
[5, 6553, 6551]
[5, 6553, 6550]
[5, 6553, 6547]
[5, 6553, 6550]
[5, 6553, 6548]
[5, 6553, 6547]
[5, 6553, 6549]
[5, 6553, 6549]
[5, 6553, 6550]
[5, 6553, 6552]
[5, 6553, 6549]
[5, 6553, 6547]
[5, 6553, 6548]
[5, 6553, 6552]
[5, 6553, 6547]
[5, 6553, 6549]
[5, 6553, 6545]
[5, 6553, 6551]
[5, 6553, 6551]
[5, 6553, 6550]
[5, 6553, 6548]
[5, 6553, 6552]
[5, 6553, 6550]
[5, 6553, 6551]
[5, 6553, 6552]
[5, 6553, 6549]
[10, 13107, 13105]
[10, 13107, 13107]
[10, 13107, 13107]
[10, 13107, 13107]
[10, 13107, 13107]
[10, 13107, 13107]
[10, 13107, 13107]
[10, 13107, 13107]
[10, 13107, 13107]
[10, 13107, 13107]
[10, 13107, 13107]
[10, 13107, 13107]
[10, 13107, 13107]
[10, 13107, 13107]
[10, 13107, 13107]
[10, 13107, 13107]
[10, 13107, 13107]
[10, 13107, 13107]
[10, 13107, 13107]
[10, 13107, 13107]
[10, 13107, 13107]
[10, 13107, 13107]
[10, 13107, 13107]
[10, 13107, 13107]
[10, 13107, 13107]
[10, 13107, 13107]
[10, 13107, 13107]
[10, 13107, 13107]
[10, 13107, 13107]
[10, 13107, 13107]
[10, 13107, 13107]
[10, 13107, 13107]
[10, 13107, 13106]
[10, 13107, 13106]
[10, 13107, 13106]
[10, 13107, 13107]
[10, 13107, 13106]
[10, 13107, 13106]
[10, 13107, 13107]
[10, 13107, 13107]
[10, 13107, 13106]
[10, 13107, 13106]
[10, 13107, 13106]
[10, 13107, 13107]
[10, 13107, 13107]
[10, 13107, 13107]
[10, 13107, 13107]
[10, 13107, 13107]
[10, 13107, 13107]
[10, 13107, 13107]
[10, 13107, 13107]
[10, 13107, 13107]
[10, 13107, 13107]
[10, 13107, 13107]
[10, 13107, 13107]
[10, 13107, 13107]
[10, 13107, 13107]
[10, 13107, 13107]
[10, 13107, 13107]
[10, 13107, 13107]
[10, 13107, 13107]
[10, 13107, 13107]
[10, 13107, 13107]
[10, 13107, 13107]
[10, 13107, 13107]
[10, 13107, 13107]
[10, 13107, 13106]
[10, 13107, 13106]
[10, 13107, 13107]
[10, 13107, 13107]
[10, 13107, 13107]
[10, 13107, 13106]
[10, 13107, 13107]
[10, 13107, 13107]
[10, 13107, 13106]
[10, 13107, 13107]
[10, 13107, 13107]
[10, 13107, 13107]
[10, 13107, 13107]
[10, 13107, 13107]
[10, 13107, 13107]
[10, 13107, 13107]
[10, 13107, 13107]
[10, 13107, 13107]
[10, 13107, 13107]
[10, 13107, 13106]
[10, 13107, 13107]
[10, 13107, 13107]
[10, 13107, 13106]
[10, 13107, 13107]
[10, 13107, 13106]
[10, 13107, 13107]
[10, 13107, 13107]
[10, 13107, 13107]
[10, 13107, 13107]
[10, 13107, 13107]
[10, 13107, 13107]
[10, 13107, 13106]
[10, 13107, 13107]
[10, 13107, 13107]
[15, 19660, 19658]
[15, 19660, 19659]
[15, 19660, 19660]
[15, 19660, 19660]
[15, 19660, 19660]
[15, 19660, 19660]
[15, 19660, 19660]
[15, 19660, 19660]
[15, 19660, 19660]
[15, 19660, 19660]
[15, 19660, 19659]
[15, 19660, 19660]
[15, 19660, 19660]
[15, 19660, 19660]
[15, 19660, 19660]
[15, 19660, 19660]
[15, 19660, 19660]
[15, 19660, 19660]
[15, 19660, 19660]
[15, 19660, 19660]
[15, 19660, 19660]
[15, 19660, 19659]
[15, 19660, 19660]
[15, 19660, 19660]
[15, 19660, 19659]
[15, 19660, 19660]
[15, 19660, 19660]
[15, 19660, 19660]
[15, 19660, 19660]
[15, 19660, 19660]
[15, 19660, 19660]
[15, 19660, 19660]
[15, 19660, 19660]
[15, 19660, 19659]
[15, 19660, 19659]
[15, 19660, 19660]
[15, 19660, 19659]
[15, 19660, 19659]
[15, 19660, 19660]
[15, 19660, 19660]
[15, 19660, 19659]
[15, 19660, 19659]
[15, 19660, 19659]
[15, 19660, 19660]
[15, 19660, 19660]
[15, 19660, 19660]
[15, 19660, 19660]
[15, 19660, 19660]
[15, 19660, 19660]
[15, 19660, 19660]
[15, 19660, 19660]
[15, 19660, 19660]
[15, 19660, 19660]
[15, 19660, 19660]
[15, 19660, 19660]
[15, 19660, 19660]
[15, 19660, 19660]
[15, 19660, 19660]
[15, 19660, 19660]
[15, 19660, 19660]
[15, 19660, 19660]
[15, 19660, 19660]
[15, 19660, 19660]
[15, 19660, 19659]
[15, 19660, 19660]
[15, 19660, 19660]
[15, 19660, 19659]
[15, 19660, 19659]
[15, 19660, 19660]
[15, 19660, 19660]
[15, 19660, 19660]
[15, 19660, 19659]
[15, 19660, 19660]
[15, 19660, 19660]
[15, 19660, 19659]
[15, 19660, 19660]
[15, 19660, 19660]
[15, 19660, 19658]
[15, 19660, 19660]
[15, 19660, 19659]
[15, 19660, 19660]
[15, 19660, 19660]
[15, 19660, 19660]
[15, 19660, 19660]
[15, 19660, 19660]
[15, 19660, 19659]
[15, 19660, 19660]
[15, 19660, 19660]
[15, 19660, 19659]
[15, 19660, 19660]
[15, 19660, 19659]
[15, 19660, 19659]
[15, 19660, 19659]
[15, 19660, 19660]
[15, 19660, 19660]
[15, 19660, 19660]
[15, 19660, 19660]
[15, 19660, 19659]
[15, 19660, 19660]
[15, 19660, 19660]
[20, 26214, 26212]
[20, 26214, 26213]
[20, 26214, 26214]
[20, 26214, 26214]
[20, 26214, 26214]
[20, 26214, 26214]
[20, 26214, 26214]
[20, 26214, 26214]
[20, 26214, 26214]
[20, 26214, 26214]
[20, 26214, 26213]
[20, 26214, 26214]
[20, 26214, 26214]
[20, 26214, 26214]
[20, 26214, 26214]
[20, 26214, 26214]
[20, 26214, 26213]
[20, 26214, 26214]
[20, 26214, 26212]
[20, 26214, 26214]
[20, 26214, 26214]
[20, 26214, 26213]
[20, 26214, 26214]
[20, 26214, 26214]
[20, 26214, 26213]
[20, 26214, 26214]
[20, 26214, 26214]
[20, 26214, 26214]
[20, 26214, 26214]
[20, 26214, 26214]
[20, 26214, 26214]
[20, 26214, 26214]
[20, 26214, 26214]
[20, 26214, 26213]
[20, 26214, 26213]
[20, 26214, 26214]
[20, 26214, 26213]
[20, 26214, 26213]
[20, 26214, 26214]
[20, 26214, 26214]
[20, 26214, 26213]
[20, 26214, 26213]
[20, 26214, 26213]
[20, 26214, 26214]
[20, 26214, 26214]
[20, 26214, 26214]
[20, 26214, 26214]
[20, 26214, 26214]
[20, 26214, 26214]
[20, 26214, 26214]
[20, 26214, 26214]
[20, 26214, 26214]
[20, 26214, 26214]
[20, 26214, 26214]
[20, 26214, 26214]
[20, 26214, 26213]
[20, 26214, 26214]
[20, 26214, 26213]
[20, 26214, 26214]
[20, 26214, 26214]
[20, 26214, 26214]
[20, 26214, 26214]
[20, 26214, 26214]
[20, 26214, 26213]
[20, 26214, 26214]
[20, 26214, 26214]
[20, 26214, 26213]
[20, 26214, 26213]
[20, 26214, 26214]
[20, 26214, 26214]
[20, 26214, 26214]
[20, 26214, 26213]
[20, 26214, 26214]
[20, 26214, 26214]
[20, 26214, 26213]
[20, 26214, 26214]
[20, 26214, 26214]
[20, 26214, 26213]
[20, 26214, 26214]
[20, 26214, 26213]
[20, 26214, 26213]
[20, 26214, 26214]
[20, 26214, 26214]
[20, 26214, 26214]
[20, 26214, 26214]
[20, 26214, 26213]
[20, 26214, 26214]
[20, 26214, 26214]
[20, 26214, 26213]
[20, 26214, 26214]
[20, 26214, 26213]
[20, 26214, 26213]
[20, 26214, 26213]
[20, 26214, 26214]
[20, 26214, 26214]
[20, 26214, 26214]
[20, 26214, 26213]
[20, 26214, 26213]
[20, 26214, 26214]
[20, 26214, 26214]
[25, 32768, 32766]
[25, 32768, 32767]
[25, 32768, 32768]
[25, 32768, 32768]
[25, 32768, 32768]
[25, 32768, 32768]
[25, 32768, 32768]
[25, 32768, 32768]
[25, 32768, 32768]
[25, 32768, 32768]
[25, 32768, 32767]
[25, 32768, 32768]
[25, 32768, 32768]
[25, 32768, 32768]
[25, 32768, 32768]
[25, 32768, 32768]
[25, 32768, 32767]
[25, 32768, 32768]
[25, 32768, 32766]
[25, 32768, 32768]
[25, 32768, 32768]
[25, 32768, 32767]
[25, 32768, 32768]
[25, 32768, 32768]
[25, 32768, 32767]
[25, 32768, 32768]
[25, 32768, 32768]
[25, 32768, 32768]
[25, 32768, 32768]
[25, 32768, 32768]
[25, 32768, 32768]
[25, 32768, 32768]
[25, 32768, 32768]
[25, 32768, 32767]
[25, 32768, 32767]
[25, 32768, 32768]
[25, 32768, 32767]
[25, 32768, 32767]
[25, 32768, 32768]
[25, 32768, 32768]
[25, 32768, 32767]
[25, 32768, 32766]
[25, 32768, 32767]
[25, 32768, 32768]
[25, 32768, 32768]
[25, 32768, 32768]
[25, 32768, 32768]
[25, 32768, 32768]
[25, 32768, 32767]
[25, 32768, 32768]
[25, 32768, 32768]
[25, 32768, 32768]
[25, 32768, 32768]
[25, 32768, 32768]
[25, 32768, 32768]
[25, 32768, 32767]
[25, 32768, 32768]
[25, 32768, 32767]
[25, 32768, 32768]
[25, 32768, 32768]
[25, 32768, 32768]
[25, 32768, 32768]
[25, 32768, 32768]
[25, 32768, 32767]
[25, 32768, 32768]
[25, 32768, 32768]
[25, 32768, 32767]
[25, 32768, 32766]
[25, 32768, 32768]
[25, 32768, 32768]
[25, 32768, 32767]
[25, 32768, 32767]
[25, 32768, 32768]
[25, 32768, 32768]
[25, 32768, 32767]
[25, 32768, 32768]
[25, 32768, 32768]
[25, 32768, 32767]
[25, 32768, 32768]
[25, 32768, 32767]
[25, 32768, 32767]
[25, 32768, 32768]
[25, 32768, 32768]
[25, 32768, 32768]
[25, 32768, 32768]
[25, 32768, 32767]
[25, 32768, 32768]
[25, 32768, 32768]
[25, 32768, 32767]
[25, 32768, 32768]
[25, 32768, 32767]
[25, 32768, 32767]
[25, 32768, 32767]
[25, 32768, 32768]
[25, 32768, 32768]
[25, 32768, 32768]
[25, 32768, 32767]
[25, 32768, 32767]
[25, 32768, 32768]
[25, 32768, 32768]
[30, 39321, 39319]
[30, 39321, 39320]
[30, 39321, 39321]
[30, 39321, 39321]
[30, 39321, 39321]
[30, 39321, 39321]
[30, 39321, 39321]
[30, 39321, 39321]
[30, 39321, 39321]
[30, 39321, 39320]
[30, 39321, 39320]
[30, 39321, 39321]
[30, 39321, 39321]
[30, 39321, 39321]
[30, 39321, 39320]
[30, 39321, 39321]
[30, 39321, 39320]
[30, 39321, 39321]
[30, 39321, 39319]
[30, 39321, 39321]
[30, 39321, 39321]
[30, 39321, 39320]
[30, 39321, 39321]
[30, 39321, 39320]
[30, 39321, 39320]
[30, 39321, 39321]
[30, 39321, 39321]
[30, 39321, 39321]
[30, 39321, 39321]
[30, 39321, 39321]
[30, 39321, 39321]
[30, 39321, 39321]
[30, 39321, 39321]
[30, 39321, 39320]
[30, 39321, 39320]
[30, 39321, 39321]
[30, 39321, 39320]
[30, 39321, 39320]
[30, 39321, 39321]
[30, 39321, 39321]
[30, 39321, 39320]
[30, 39321, 39320]
[30, 39321, 39320]
[30, 39321, 39321]
[30, 39321, 39321]
[30, 39321, 39321]
[30, 39321, 39321]
[30, 39321, 39321]
[30, 39321, 39320]
[30, 39321, 39321]
[30, 39321, 39321]
[30, 39321, 39321]
[30, 39321, 39321]
[30, 39321, 39321]
[30, 39321, 39321]
[30, 39321, 39320]
[30, 39321, 39321]
[30, 39321, 39320]
[30, 39321, 39321]
[30, 39321, 39321]
[30, 39321, 39321]
[30, 39321, 39321]
[30, 39321, 39320]
[30, 39321, 39320]
[30, 39321, 39321]
[30, 39321, 39321]
[30, 39321, 39320]
[30, 39321, 39319]
[30, 39321, 39321]
[30, 39321, 39321]
[30, 39321, 39319]
[30, 39321, 39320]
[30, 39321, 39321]
[30, 39321, 39321]
[30, 39321, 39320]
[30, 39321, 39321]
[30, 39321, 39321]
[30, 39321, 39320]
[30, 39321, 39321]
[30, 39321, 39320]
[30, 39321, 39320]
[30, 39321, 39321]
[30, 39321, 39321]
[30, 39321, 39320]
[30, 39321, 39321]
[30, 39321, 39320]
[30, 39321, 39321]
[30, 39321, 39321]
[30, 39321, 39320]
[30, 39321, 39321]
[30, 39321, 39320]
[30, 39321, 39320]
[30, 39321, 39320]
[30, 39321, 39321]
[30, 39321, 39321]
[30, 39321, 39321]
[30, 39321, 39320]
[30, 39321, 39320]
[30, 39321, 39321]
[30, 39321, 39321]
[35, 45875, 45873]
[35, 45875, 45874]
[35, 45875, 45875]
[35, 45875, 45875]
[35, 45875, 45875]
[35, 45875, 45875]
[35, 45875, 45875]
[35, 45875, 45875]
[35, 45875, 45875]
[35, 45875, 45874]
[35, 45875, 45874]
[35, 45875, 45875]
[35, 45875, 45875]
[35, 45875, 45875]
[35, 45875, 45874]
[35, 45875, 45875]
[35, 45875, 45873]
[35, 45875, 45875]
[35, 45875, 45873]
[35, 45875, 45875]
[35, 45875, 45875]
[35, 45875, 45874]
[35, 45875, 45875]
[35, 45875, 45874]
[35, 45875, 45874]
[35, 45875, 45875]
[35, 45875, 45875]
[35, 45875, 45875]
[35, 45875, 45875]
[35, 45875, 45875]
[35, 45875, 45875]
[35, 45875, 45875]
[35, 45875, 45875]
[35, 45875, 45874]
[35, 45875, 45874]
[35, 45875, 45875]
[35, 45875, 45874]
[35, 45875, 45874]
[35, 45875, 45875]
[35, 45875, 45875]
[35, 45875, 45874]
[35, 45875, 45874]
[35, 45875, 45874]
[35, 45875, 45875]
[35, 45875, 45875]
[35, 45875, 45875]
[35, 45875, 45875]
[35, 45875, 45875]
[35, 45875, 45874]
[35, 45875, 45875]
[35, 45875, 45875]
[35, 45875, 45875]
[35, 45875, 45875]
[35, 45875, 45875]
[35, 45875, 45873]
[35, 45875, 45873]
[35, 45875, 45875]
[35, 45875, 45874]
[35, 45875, 45875]
[35, 45875, 45874]
[35, 45875, 45875]
[35, 45875, 45875]
[35, 45875, 45874]
[35, 45875, 45874]
[35, 45875, 45875]
[35, 45875, 45875]
[35, 45875, 45874]
[35, 45875, 45873]
[35, 45875, 45875]
[35, 45875, 45875]
[35, 45875, 45874]
[35, 45875, 45874]
[35, 45875, 45875]
[35, 45875, 45874]
[35, 45875, 45874]
[35, 45875, 45875]
[35, 45875, 45875]
[35, 45875, 45874]
[35, 45875, 45875]
[35, 45875, 45874]
[35, 45875, 45874]
[35, 45875, 45875]
[35, 45875, 45875]
[35, 45875, 45874]
[35, 45875, 45875]
[35, 45875, 45874]
[35, 45875, 45875]
[35, 45875, 45875]
[35, 45875, 45873]
[35, 45875, 45875]
[35, 45875, 45874]
[35, 45875, 45874]
[35, 45875, 45874]
[35, 45875, 45875]
[35, 45875, 45875]
[35, 45875, 45874]
[35, 45875, 45874]
[35, 45875, 45874]
[35, 45875, 45875]
[35, 45875, 45875]
[40, 52428, 52426]
[40, 52428, 52427]
[40, 52428, 52428]
[40, 52428, 52427]
[40, 52428, 52428]
[40, 52428, 52428]
[40, 52428, 52428]
[40, 52428, 52428]
[40, 52428, 52428]
[40, 52428, 52427]
[40, 52428, 52427]
[40, 52428, 52428]
[40, 52428, 52427]
[40, 52428, 52428]
[40, 52428, 52427]
[40, 52428, 52428]
[40, 52428, 52426]
[40, 52428, 52428]
[40, 52428, 52426]
[40, 52428, 52428]
[40, 52428, 52428]
[40, 52428, 52427]
[40, 52428, 52428]
[40, 52428, 52427]
[40, 52428, 52427]
[40, 52428, 52428]
[40, 52428, 52427]
[40, 52428, 52428]
[40, 52428, 52428]
[40, 52428, 52428]
[40, 52428, 52428]
[40, 52428, 52428]
[40, 52428, 52428]
[40, 52428, 52427]
[40, 52428, 52427]
[40, 52428, 52428]
[40, 52428, 52427]
[40, 52428, 52427]
[40, 52428, 52428]
[40, 52428, 52428]
[40, 52428, 52427]
[40, 52428, 52427]
[40, 52428, 52427]
[40, 52428, 52428]
[40, 52428, 52428]
[40, 52428, 52428]
[40, 52428, 52428]
[40, 52428, 52428]
[40, 52428, 52427]
[40, 52428, 52428]
[40, 52428, 52428]
[40, 52428, 52428]
[40, 52428, 52428]
[40, 52428, 52428]
[40, 52428, 52426]
[40, 52428, 52426]
[40, 52428, 52428]
[40, 52428, 52427]
[40, 52428, 52428]
[40, 52428, 52428]
[40, 52428, 52428]
[40, 52428, 52428]
[40, 52428, 52427]
[40, 52428, 52427]
[40, 52428, 52428]
[40, 52428, 52428]
[40, 52428, 52427]
[40, 52428, 52426]
[40, 52428, 52428]
[40, 52428, 52428]
[40, 52428, 52427]
[40, 52428, 52427]
[40, 52428, 52427]
[40, 52428, 52427]
[40, 52428, 52427]
[40, 52428, 52428]
[40, 52428, 52428]
[40, 52428, 52427]
[40, 52428, 52428]
[40, 52428, 52427]
[40, 52428, 52427]
[40, 52428, 52428]
[40, 52428, 52428]
[40, 52428, 52427]
[40, 52428, 52428]
[40, 52428, 52427]
[40, 52428, 52428]
[40, 52428, 52428]
[40, 52428, 52426]
[40, 52428, 52428]
[40, 52428, 52427]
[40, 52428, 52427]
[40, 52428, 52427]
[40, 52428, 52428]
[40, 52428, 52428]
[40, 52428, 52427]
[40, 52428, 52427]
[40, 52428, 52427]
[40, 52428, 52428]
[40, 52428, 52428]
