[1, 1310, 965]
[1, 1310, 937]
[1, 1310, 905]
[1, 1310, 922]
[1, 1310, 943]
[1, 1310, 943]
[1, 1310, 958]
[1, 1310, 952]
[1, 1310, 944]
[1, 1310, 951]
[1, 1310, 977]
[1, 1310, 938]
[1, 1310, 954]
[1, 1310, 949]
[1, 1310, 962]
[1, 1310, 960]
[1, 1310, 937]
[1, 1310, 931]
[1, 1310, 979]
[1, 1310, 965]
[1, 1310, 936]
[1, 1310, 932]
[1, 1310, 958]
[1, 1310, 939]
[1, 1310, 970]
[1, 1310, 947]
[1, 1310, 957]
[1, 1310, 957]
[1, 1310, 973]
[1, 1310, 946]
[1, 1310, 951]
[1, 1310, 961]
[1, 1310, 960]
[1, 1310, 943]
[1, 1310, 924]
[1, 1310, 953]
[1, 1310, 953]
[1, 1310, 951]
[1, 1310, 959]
[1, 1310, 960]
[1, 1310, 959]
[1, 1310, 957]
[1, 1310, 938]
[1, 1310, 951]
[1, 1310, 959]
[1, 1310, 927]
[1, 1310, 933]
[1, 1310, 953]
[1, 1310, 985]
[1, 1310, 954]
[1, 1310, 939]
[1, 1310, 965]
[1, 1310, 942]
[1, 1310, 936]
[1, 1310, 955]
[1, 1310, 959]
[1, 1310, 949]
[1, 1310, 961]
[1, 1310, 924]
[1, 1310, 921]
[1, 1310, 941]
[1, 1310, 947]
[1, 1310, 925]
[1, 1310, 965]
[1, 1310, 986]
[1, 1310, 971]
[1, 1310, 931]
[1, 1310, 931]
[1, 1310, 945]
[1, 1310, 946]
[1, 1310, 935]
[1, 1310, 947]
[1, 1310, 953]
[1, 1310, 947]
[1, 1310, 939]
[1, 1310, 953]
[1, 1310, 930]
[1, 1310, 942]
[1, 1310, 951]
[1, 1310, 921]
[1, 1310, 947]
[1, 1310, 940]
[1, 1310, 961]
[1, 1310, 927]
[1, 1310, 938]
[1, 1310, 943]
[1, 1310, 942]
[1, 1310, 980]
[1, 1310, 949]
[1, 1310, 918]
[1, 1310, 940]
[1, 1310, 953]
[1, 1310, 966]
[1, 1310, 920]
[1, 1310, 946]
[1, 1310, 935]
[1, 1310, 958]
[1, 1310, 934]
[1, 1310, 944]
[1, 1310, 935]
[2, 2621, 2241]
[2, 2621, 2194]
[2, 2621, 2221]
[2, 2621, 2183]
[2, 2621, 2232]
[2, 2621, 2243]
[2, 2621, 2270]
[2, 2621, 2263]
[2, 2621, 2230]
[2, 2621, 2232]
[2, 2621, 2269]
[2, 2621, 2222]
[2, 2621, 2223]
[2, 2621, 2241]
[2, 2621, 2257]
[2, 2621, 2217]
[2, 2621, 2238]
[2, 2621, 2224]
[2, 2621, 2238]
[2, 2621, 2242]
[2, 2621, 2232]
[2, 2621, 2228]
[2, 2621, 2222]
[2, 2621, 2223]
[2, 2621, 2277]
[2, 2621, 2235]
[2, 2621, 2241]
[2, 2621, 2240]
[2, 2621, 2234]
[2, 2621, 2254]
[2, 2621, 2226]
[2, 2621, 2229]
[2, 2621, 2197]
[2, 2621, 2271]
[2, 2621, 2220]
[2, 2621, 2232]
[2, 2621, 2243]
[2, 2621, 2224]
[2, 2621, 2219]
[2, 2621, 2243]
[2, 2621, 2249]
[2, 2621, 2226]
[2, 2621, 2248]
[2, 2621, 2237]
[2, 2621, 2258]
[2, 2621, 2219]
[2, 2621, 2221]
[2, 2621, 2241]
[2, 2621, 2255]
[2, 2621, 2235]
[2, 2621, 2225]
[2, 2621, 2261]
[2, 2621, 2244]
[2, 2621, 2219]
[2, 2621, 2234]
[2, 2621, 2247]
[2, 2621, 2236]
[2, 2621, 2250]
[2, 2621, 2243]
[2, 2621, 2221]
[2, 2621, 2229]
[2, 2621, 2224]
[2, 2621, 2203]
[2, 2621, 2234]
[2, 2621, 2255]
[2, 2621, 2249]
[2, 2621, 2197]
[2, 2621, 2260]
[2, 2621, 2223]
[2, 2621, 2234]
[2, 2621, 2247]
[2, 2621, 2221]
[2, 2621, 2248]
[2, 2621, 2237]
[2, 2621, 2226]
[2, 2621, 2208]
[2, 2621, 2240]
[2, 2621, 2241]
[2, 2621, 2230]
[2, 2621, 2234]
[2, 2621, 2248]
[2, 2621, 2254]
[2, 2621, 2225]
[2, 2621, 2250]
[2, 2621, 2242]
[2, 2621, 2242]
[2, 2621, 2260]
[2, 2621, 2245]
[2, 2621, 2246]
[2, 2621, 2213]
[2, 2621, 2224]
[2, 2621, 2248]
[2, 2621, 2239]
[2, 2621, 2237]
[2, 2621, 2251]
[2, 2621, 2211]
[2, 2621, 2228]
[2, 2621, 2211]
[2, 2621, 2207]
[2, 2621, 2204]
[5, 6553, 6435]
[5, 6553, 6407]
[5, 6553, 6406]
[5, 6553, 6422]
[5, 6553, 6400]
[5, 6553, 6405]
[5, 6553, 6401]
[5, 6553, 6421]
[5, 6553, 6402]
[5, 6553, 6417]
[5, 6553, 6417]
[5, 6553, 6415]
[5, 6553, 6401]
[5, 6553, 6404]
[5, 6553, 6399]
[5, 6553, 6397]
[5, 6553, 6418]
[5, 6553, 6407]
[5, 6553, 6406]
[5, 6553, 6396]
[5, 6553, 6411]
[5, 6553, 6413]
[5, 6553, 6421]
[5, 6553, 6399]
[5, 6553, 6404]
[5, 6553, 6413]
[5, 6553, 6415]
[5, 6553, 6391]
[5, 6553, 6402]
[5, 6553, 6417]
[5, 6553, 6408]
[5, 6553, 6410]
[5, 6553, 6417]
[5, 6553, 6426]
[5, 6553, 6408]
[5, 6553, 6403]
[5, 6553, 6408]
[5, 6553, 6413]
[5, 6553, 6420]
[5, 6553, 6410]
[5, 6553, 6417]
[5, 6553, 6399]
[5, 6553, 6419]
[5, 6553, 6426]
[5, 6553, 6423]
[5, 6553, 6406]
[5, 6553, 6405]
[5, 6553, 6422]
[5, 6553, 6410]
[5, 6553, 6406]
[5, 6553, 6401]
[5, 6553, 6408]
[5, 6553, 6417]
[5, 6553, 6399]
[5, 6553, 6412]
[5, 6553, 6400]
[5, 6553, 6426]
[5, 6553, 6401]
[5, 6553, 6407]
[5, 6553, 6409]
[5, 6553, 6417]
[5, 6553, 6412]
[5, 6553, 6425]
[5, 6553, 6407]
[5, 6553, 6411]
[5, 6553, 6421]
[5, 6553, 6410]
[5, 6553, 6400]
[5, 6553, 6396]
[5, 6553, 6411]
[5, 6553, 6413]
[5, 6553, 6405]
[5, 6553, 6413]
[5, 6553, 6429]
[5, 6553, 6418]
[5, 6553, 6391]
[5, 6553, 6410]
[5, 6553, 6414]
[5, 6553, 6419]
[5, 6553, 6418]
[5, 6553, 6414]
[5, 6553, 6425]
[5, 6553, 6405]
[5, 6553, 6426]
[5, 6553, 6405]
[5, 6553, 6419]
[5, 6553, 6412]
[5, 6553, 6419]
[5, 6553, 6436]
[5, 6553, 6416]
[5, 6553, 6394]
[5, 6553, 6421]
[5, 6553, 6394]
[5, 6553, 6412]
[5, 6553, 6412]
[5, 6553, 6408]
[5, 6553, 6403]
[5, 6553, 6398]
[5, 6553, 6413]
[5, 6553, 6424]
[10, 13107, 13098]
[10, 13107, 13096]
[10, 13107, 13095]
[10, 13107, 13097]
[10, 13107, 13095]
[10, 13107, 13096]
[10, 13107, 13100]
[10, 13107, 13098]
[10, 13107, 13091]
[10, 13107, 13100]
[10, 13107, 13091]
[10, 13107, 13096]
[10, 13107, 13091]
[10, 13107, 13097]
[10, 13107, 13098]
[10, 13107, 13094]
[10, 13107, 13095]
[10, 13107, 13088]
[10, 13107, 13089]
[10, 13107, 13093]
[10, 13107, 13098]
[10, 13107, 13097]
[10, 13107, 13096]
[10, 13107, 13097]
[10, 13107, 13097]
[10, 13107, 13099]
[10, 13107, 13100]
[10, 13107, 13090]
[10, 13107, 13097]
[10, 13107, 13091]
[10, 13107, 13088]
[10, 13107, 13095]
[10, 13107, 13090]
[10, 13107, 13095]
[10, 13107, 13100]
[10, 13107, 13094]
[10, 13107, 13098]
[10, 13107, 13093]
[10, 13107, 13096]
[10, 13107, 13095]
[10, 13107, 13101]
[10, 13107, 13096]
[10, 13107, 13098]
[10, 13107, 13095]
[10, 13107, 13100]
[10, 13107, 13097]
[10, 13107, 13093]
[10, 13107, 13095]
[10, 13107, 13093]
[10, 13107, 13094]
[10, 13107, 13099]
[10, 13107, 13095]
[10, 13107, 13100]
[10, 13107, 13086]
[10, 13107, 13091]
[10, 13107, 13095]
[10, 13107, 13101]
[10, 13107, 13099]
[10, 13107, 13097]
[10, 13107, 13096]
[10, 13107, 13092]
[10, 13107, 13095]
[10, 13107, 13095]
[10, 13107, 13100]
[10, 13107, 13099]
[10, 13107, 13095]
[10, 13107, 13100]
[10, 13107, 13096]
[10, 13107, 13094]
[10, 13107, 13089]
[10, 13107, 13095]
[10, 13107, 13097]
[10, 13107, 13092]
[10, 13107, 13092]
[10, 13107, 13093]
[10, 13107, 13097]
[10, 13107, 13097]
[10, 13107, 13093]
[10, 13107, 13099]
[10, 13107, 13101]
[10, 13107, 13099]
[10, 13107, 13095]
[10, 13107, 13089]
[10, 13107, 13096]
[10, 13107, 13098]
[10, 13107, 13100]
[10, 13107, 13097]
[10, 13107, 13097]
[10, 13107, 13094]
[10, 13107, 13100]
[10, 13107, 13091]
[10, 13107, 13093]
[10, 13107, 13096]
[10, 13107, 13099]
[10, 13107, 13094]
[10, 13107, 13092]
[10, 13107, 13093]
[10, 13107, 13099]
[10, 13107, 13099]
[10, 13107, 13094]
[15, 19660, 19657]
[15, 19660, 19658]
[15, 19660, 19660]
[15, 19660, 19660]
[15, 19660, 19659]
[15, 19660, 19659]
[15, 19660, 19660]
[15, 19660, 19658]
[15, 19660, 19660]
[15, 19660, 19659]
[15, 19660, 19658]
[15, 19660, 19660]
[15, 19660, 19659]
[15, 19660, 19659]
[15, 19660, 19658]
[15, 19660, 19660]
[15, 19660, 19659]
[15, 19660, 19660]
[15, 19660, 19657]
[15, 19660, 19659]
[15, 19660, 19660]
[15, 19660, 19660]
[15, 19660, 19659]
[15, 19660, 19659]
[15, 19660, 19660]
[15, 19660, 19660]
[15, 19660, 19660]
[15, 19660, 19659]
[15, 19660, 19660]
[15, 19660, 19659]
[15, 19660, 19659]
[15, 19660, 19658]
[15, 19660, 19660]
[15, 19660, 19660]
[15, 19660, 19659]
[15, 19660, 19660]
[15, 19660, 19658]
[15, 19660, 19659]
[15, 19660, 19658]
[15, 19660, 19660]
[15, 19660, 19660]
[15, 19660, 19660]
[15, 19660, 19660]
[15, 19660, 19658]
[15, 19660, 19660]
[15, 19660, 19660]
[15, 19660, 19659]
[15, 19660, 19659]
[15, 19660, 19659]
[15, 19660, 19659]
[15, 19660, 19660]
[15, 19660, 19659]
[15, 19660, 19659]
[15, 19660, 19660]
[15, 19660, 19658]
[15, 19660, 19659]
[15, 19660, 19660]
[15, 19660, 19660]
[15, 19660, 19659]
[15, 19660, 19659]
[15, 19660, 19659]
[15, 19660, 19659]
[15, 19660, 19659]
[15, 19660, 19659]
[15, 19660, 19660]
[15, 19660, 19660]
[15, 19660, 19660]
[15, 19660, 19659]
[15, 19660, 19659]
[15, 19660, 19658]
[15, 19660, 19658]
[15, 19660, 19660]
[15, 19660, 19658]
[15, 19660, 19657]
[15, 19660, 19659]
[15, 19660, 19659]
[15, 19660, 19659]
[15, 19660, 19660]
[15, 19660, 19660]
[15, 19660, 19659]
[15, 19660, 19660]
[15, 19660, 19659]
[15, 19660, 19659]
[15, 19660, 19660]
[15, 19660, 19660]
[15, 19660, 19658]
[15, 19660, 19659]
[15, 19660, 19659]
[15, 19660, 19659]
[15, 19660, 19660]
[15, 19660, 19660]
[15, 19660, 19659]
[15, 19660, 19660]
[15, 19660, 19659]
[15, 19660, 19660]
[15, 19660, 19658]
[15, 19660, 19658]
[15, 19660, 19660]
[15, 19660, 19660]
[15, 19660, 19658]
[20, 26214, 26212]
[20, 26214, 26214]
[20, 26214, 26214]
[20, 26214, 26214]
[20, 26214, 26213]
[20, 26214, 26214]
[20, 26214, 26213]
[20, 26214, 26213]
[20, 26214, 26214]
[20, 26214, 26214]
[20, 26214, 26214]
[20, 26214, 26214]
[20, 26214, 26214]
[20, 26214, 26214]
[20, 26214, 26213]
[20, 26214, 26214]
[20, 26214, 26214]
[20, 26214, 26214]
[20, 26214, 26213]
[20, 26214, 26213]
[20, 26214, 26214]
[20, 26214, 26214]
[20, 26214, 26214]
[20, 26214, 26214]
[20, 26214, 26214]
[20, 26214, 26214]
[20, 26214, 26214]
[20, 26214, 26214]
[20, 26214, 26213]
[20, 26214, 26213]
[20, 26214, 26214]
[20, 26214, 26214]
[20, 26214, 26214]
[20, 26214, 26214]
[20, 26214, 26214]
[20, 26214, 26214]
[20, 26214, 26214]
[20, 26214, 26213]
[20, 26214, 26213]
[20, 26214, 26214]
[20, 26214, 26214]
[20, 26214, 26214]
[20, 26214, 26214]
[20, 26214, 26213]
[20, 26214, 26214]
[20, 26214, 26213]
[20, 26214, 26214]
[20, 26214, 26214]
[20, 26214, 26214]
[20, 26214, 26214]
[20, 26214, 26213]
[20, 26214, 26213]
[20, 26214, 26213]
[20, 26214, 26214]
[20, 26214, 26213]
[20, 26214, 26213]
[20, 26214, 26214]
[20, 26214, 26214]
[20, 26214, 26213]
[20, 26214, 26213]
[20, 26214, 26214]
[20, 26214, 26214]
[20, 26214, 26213]
[20, 26214, 26214]
[20, 26214, 26214]
[20, 26214, 26213]
[20, 26214, 26214]
[20, 26214, 26214]
[20, 26214, 26214]
[20, 26214, 26213]
[20, 26214, 26213]
[20, 26214, 26214]
[20, 26214, 26212]
[20, 26214, 26214]
[20, 26214, 26213]
[20, 26214, 26213]
[20, 26214, 26213]
[20, 26214, 26214]
[20, 26214, 26214]
[20, 26214, 26214]
[20, 26214, 26214]
[20, 26214, 26214]
[20, 26214, 26214]
[20, 26214, 26214]
[20, 26214, 26214]
[20, 26214, 26213]
[20, 26214, 26214]
[20, 26214, 26214]
[20, 26214, 26213]
[20, 26214, 26214]
[20, 26214, 26214]
[20, 26214, 26213]
[20, 26214, 26214]
[20, 26214, 26214]
[20, 26214, 26214]
[20, 26214, 26213]
[20, 26214, 26213]
[20, 26214, 26213]
[20, 26214, 26214]
[20, 26214, 26213]
[25, 32768, 32766]
[25, 32768, 32768]
[25, 32768, 32768]
[25, 32768, 32768]
[25, 32768, 32767]
[25, 32768, 32768]
[25, 32768, 32767]
[25, 32768, 32766]
[25, 32768, 32768]
[25, 32768, 32768]
[25, 32768, 32768]
[25, 32768, 32768]
[25, 32768, 32768]
[25, 32768, 32768]
[25, 32768, 32767]
[25, 32768, 32768]
[25, 32768, 32768]
[25, 32768, 32768]
[25, 32768, 32767]
[25, 32768, 32766]
[25, 32768, 32768]
[25, 32768, 32768]
[25, 32768, 32768]
[25, 32768, 32768]
[25, 32768, 32768]
[25, 32768, 32767]
[25, 32768, 32768]
[25, 32768, 32768]
[25, 32768, 32767]
[25, 32768, 32767]
[25, 32768, 32768]
[25, 32768, 32768]
[25, 32768, 32768]
[25, 32768, 32768]
[25, 32768, 32768]
[25, 32768, 32767]
[25, 32768, 32768]
[25, 32768, 32767]
[25, 32768, 32766]
[25, 32768, 32768]
[25, 32768, 32768]
[25, 32768, 32768]
[25, 32768, 32768]
[25, 32768, 32767]
[25, 32768, 32768]
[25, 32768, 32767]
[25, 32768, 32768]
[25, 32768, 32768]
[25, 32768, 32767]
[25, 32768, 32768]
[25, 32768, 32767]
[25, 32768, 32767]
[25, 32768, 32767]
[25, 32768, 32768]
[25, 32768, 32767]
[25, 32768, 32767]
[25, 32768, 32768]
[25, 32768, 32768]
[25, 32768, 32767]
[25, 32768, 32768]
[25, 32768, 32768]
[25, 32768, 32768]
[25, 32768, 32767]
[25, 32768, 32767]
[25, 32768, 32768]
[25, 32768, 32767]
[25, 32768, 32767]
[25, 32768, 32768]
[25, 32768, 32768]
[25, 32768, 32767]
[25, 32768, 32768]
[25, 32768, 32768]
[25, 32768, 32766]
[25, 32768, 32768]
[25, 32768, 32768]
[25, 32768, 32767]
[25, 32768, 32767]
[25, 32768, 32768]
[25, 32768, 32768]
[25, 32768, 32768]
[25, 32768, 32768]
[25, 32768, 32768]
[25, 32768, 32768]
[25, 32768, 32768]
[25, 32768, 32768]
[25, 32768, 32767]
[25, 32768, 32768]
[25, 32768, 32768]
[25, 32768, 32767]
[25, 32768, 32768]
[25, 32768, 32767]
[25, 32768, 32767]
[25, 32768, 32768]
[25, 32768, 32768]
[25, 32768, 32768]
[25, 32768, 32767]
[25, 32768, 32766]
[25, 32768, 32767]
[25, 32768, 32768]
[25, 32768, 32767]
[30, 39321, 39319]
[30, 39321, 39320]
[30, 39321, 39321]
[30, 39321, 39321]
[30, 39321, 39320]
[30, 39321, 39321]
[30, 39321, 39320]
[30, 39321, 39319]
[30, 39321, 39321]
[30, 39321, 39321]
[30, 39321, 39321]
[30, 39321, 39321]
[30, 39321, 39321]
[30, 39321, 39321]
[30, 39321, 39320]
[30, 39321, 39321]
[30, 39321, 39321]
[30, 39321, 39321]
[30, 39321, 39320]
[30, 39321, 39319]
[30, 39321, 39321]
[30, 39321, 39321]
[30, 39321, 39321]
[30, 39321, 39321]
[30, 39321, 39320]
[30, 39321, 39320]
[30, 39321, 39321]
[30, 39321, 39321]
[30, 39321, 39320]
[30, 39321, 39320]
[30, 39321, 39321]
[30, 39321, 39321]
[30, 39321, 39321]
[30, 39321, 39321]
[30, 39321, 39321]
[30, 39321, 39320]
[30, 39321, 39321]
[30, 39321, 39320]
[30, 39321, 39318]
[30, 39321, 39321]
[30, 39321, 39321]
[30, 39321, 39321]
[30, 39321, 39321]
[30, 39321, 39320]
[30, 39321, 39321]
[30, 39321, 39320]
[30, 39321, 39321]
[30, 39321, 39321]
[30, 39321, 39320]
[30, 39321, 39321]
[30, 39321, 39320]
[30, 39321, 39320]
[30, 39321, 39320]
[30, 39321, 39321]
[30, 39321, 39320]
[30, 39321, 39320]
[30, 39321, 39321]
[30, 39321, 39321]
[30, 39321, 39320]
[30, 39321, 39321]
[30, 39321, 39321]
[30, 39321, 39320]
[30, 39321, 39320]
[30, 39321, 39320]
[30, 39321, 39321]
[30, 39321, 39320]
[30, 39321, 39320]
[30, 39321, 39321]
[30, 39321, 39321]
[30, 39321, 39320]
[30, 39321, 39321]
[30, 39321, 39321]
[30, 39321, 39318]
[30, 39321, 39321]
[30, 39321, 39321]
[30, 39321, 39320]
[30, 39321, 39320]
[30, 39321, 39321]
[30, 39321, 39321]
[30, 39321, 39321]
[30, 39321, 39321]
[30, 39321, 39321]
[30, 39321, 39321]
[30, 39321, 39321]
[30, 39321, 39321]
[30, 39321, 39320]
[30, 39321, 39320]
[30, 39321, 39321]
[30, 39321, 39320]
[30, 39321, 39321]
[30, 39321, 39320]
[30, 39321, 39320]
[30, 39321, 39321]
[30, 39321, 39321]
[30, 39321, 39321]
[30, 39321, 39320]
[30, 39321, 39319]
[30, 39321, 39320]
[30, 39321, 39321]
[30, 39321, 39320]
[35, 45875, 45873]
[35, 45875, 45874]
[35, 45875, 45875]
[35, 45875, 45875]
[35, 45875, 45873]
[35, 45875, 45875]
[35, 45875, 45874]
[35, 45875, 45873]
[35, 45875, 45875]
[35, 45875, 45875]
[35, 45875, 45875]
[35, 45875, 45875]
[35, 45875, 45875]
[35, 45875, 45875]
[35, 45875, 45874]
[35, 45875, 45875]
[35, 45875, 45874]
[35, 45875, 45875]
[35, 45875, 45874]
[35, 45875, 45873]
[35, 45875, 45875]
[35, 45875, 45875]
[35, 45875, 45875]
[35, 45875, 45875]
[35, 45875, 45874]
[35, 45875, 45873]
[35, 45875, 45875]
[35, 45875, 45875]
[35, 45875, 45873]
[35, 45875, 45874]
[35, 45875, 45875]
[35, 45875, 45875]
[35, 45875, 45875]
[35, 45875, 45875]
[35, 45875, 45875]
[35, 45875, 45874]
[35, 45875, 45875]
[35, 45875, 45873]
[35, 45875, 45872]
[35, 45875, 45875]
[35, 45875, 45875]
[35, 45875, 45875]
[35, 45875, 45875]
[35, 45875, 45874]
[35, 45875, 45875]
[35, 45875, 45874]
[35, 45875, 45874]
[35, 45875, 45875]
[35, 45875, 45874]
[35, 45875, 45875]
[35, 45875, 45874]
[35, 45875, 45874]
[35, 45875, 45874]
[35, 45875, 45875]
[35, 45875, 45873]
[35, 45875, 45874]
[35, 45875, 45874]
[35, 45875, 45875]
[35, 45875, 45874]
[35, 45875, 45874]
[35, 45875, 45875]
[35, 45875, 45874]
[35, 45875, 45874]
[35, 45875, 45874]
[35, 45875, 45875]
[35, 45875, 45874]
[35, 45875, 45874]
[35, 45875, 45875]
[35, 45875, 45875]
[35, 45875, 45873]
[35, 45875, 45875]
[35, 45875, 45875]
[35, 45875, 45872]
[35, 45875, 45875]
[35, 45875, 45875]
[35, 45875, 45874]
[35, 45875, 45874]
[35, 45875, 45875]
[35, 45875, 45875]
[35, 45875, 45875]
[35, 45875, 45875]
[35, 45875, 45875]
[35, 45875, 45875]
[35, 45875, 45875]
[35, 45875, 45875]
[35, 45875, 45874]
[35, 45875, 45874]
[35, 45875, 45875]
[35, 45875, 45874]
[35, 45875, 45875]
[35, 45875, 45874]
[35, 45875, 45874]
[35, 45875, 45875]
[35, 45875, 45875]
[35, 45875, 45875]
[35, 45875, 45874]
[35, 45875, 45873]
[35, 45875, 45874]
[35, 45875, 45875]
[35, 45875, 45874]
[40, 52428, 52426]
[40, 52428, 52427]
[40, 52428, 52427]
[40, 52428, 52427]
[40, 52428, 52426]
[40, 52428, 52428]
[40, 52428, 52427]
[40, 52428, 52426]
[40, 52428, 52428]
[40, 52428, 52428]
[40, 52428, 52428]
[40, 52428, 52428]
[40, 52428, 52428]
[40, 52428, 52428]
[40, 52428, 52427]
[40, 52428, 52428]
[40, 52428, 52427]
[40, 52428, 52428]
[40, 52428, 52427]
[40, 52428, 52426]
[40, 52428, 52428]
[40, 52428, 52427]
[40, 52428, 52427]
[40, 52428, 52428]
[40, 52428, 52427]
[40, 52428, 52426]
[40, 52428, 52428]
[40, 52428, 52428]
[40, 52428, 52426]
[40, 52428, 52427]
[40, 52428, 52428]
[40, 52428, 52427]
[40, 52428, 52428]
[40, 52428, 52428]
[40, 52428, 52428]
[40, 52428, 52426]
[40, 52428, 52428]
[40, 52428, 52426]
[40, 52428, 52425]
[40, 52428, 52427]
[40, 52428, 52428]
[40, 52428, 52427]
[40, 52428, 52428]
[40, 52428, 52427]
[40, 52428, 52428]
[40, 52428, 52427]
[40, 52428, 52427]
[40, 52428, 52428]
[40, 52428, 52426]
[40, 52428, 52428]
[40, 52428, 52427]
[40, 52428, 52427]
[40, 52428, 52427]
[40, 52428, 52428]
[40, 52428, 52425]
[40, 52428, 52426]
[40, 52428, 52427]
[40, 52428, 52428]
[40, 52428, 52427]
[40, 52428, 52427]
[40, 52428, 52428]
[40, 52428, 52427]
[40, 52428, 52427]
[40, 52428, 52427]
[40, 52428, 52428]
[40, 52428, 52427]
[40, 52428, 52427]
[40, 52428, 52428]
[40, 52428, 52428]
[40, 52428, 52426]
[40, 52428, 52428]
[40, 52428, 52428]
[40, 52428, 52425]
[40, 52428, 52428]
[40, 52428, 52428]
[40, 52428, 52427]
[40, 52428, 52427]
[40, 52428, 52428]
[40, 52428, 52428]
[40, 52428, 52428]
[40, 52428, 52428]
[40, 52428, 52428]
[40, 52428, 52428]
[40, 52428, 52428]
[40, 52428, 52427]
[40, 52428, 52427]
[40, 52428, 52427]
[40, 52428, 52428]
[40, 52428, 52427]
[40, 52428, 52428]
[40, 52428, 52427]
[40, 52428, 52427]
[40, 52428, 52428]
[40, 52428, 52428]
[40, 52428, 52428]
[40, 52428, 52427]
[40, 52428, 52426]
[40, 52428, 52427]
[40, 52428, 52427]
[40, 52428, 52427]
