[1, 1310, 113]
[1, 1310, 115]
[1, 1310, 113]
[1, 1310, 97]
[1, 1310, 114]
[1, 1310, 97]
[1, 1310, 114]
[1, 1310, 108]
[1, 1310, 101]
[1, 1310, 96]
[1, 1310, 99]
[1, 1310, 93]
[1, 1310, 126]
[1, 1310, 101]
[1, 1310, 107]
[1, 1310, 113]
[1, 1310, 96]
[1, 1310, 115]
[1, 1310, 124]
[1, 1310, 118]
[1, 1310, 103]
[1, 1310, 106]
[1, 1310, 119]
[1, 1310, 138]
[1, 1310, 114]
[1, 1310, 120]
[1, 1310, 110]
[1, 1310, 105]
[1, 1310, 136]
[1, 1310, 109]
[1, 1310, 105]
[1, 1310, 114]
[1, 1310, 125]
[1, 1310, 97]
[1, 1310, 107]
[1, 1310, 128]
[1, 1310, 119]
[1, 1310, 133]
[1, 1310, 106]
[1, 1310, 121]
[1, 1310, 125]
[1, 1310, 130]
[1, 1310, 105]
[1, 1310, 107]
[1, 1310, 90]
[1, 1310, 115]
[1, 1310, 98]
[1, 1310, 120]
[1, 1310, 111]
[1, 1310, 111]
[1, 1310, 141]
[1, 1310, 110]
[1, 1310, 125]
[1, 1310, 117]
[1, 1310, 110]
[1, 1310, 112]
[1, 1310, 134]
[1, 1310, 105]
[1, 1310, 108]
[1, 1310, 98]
[1, 1310, 117]
[1, 1310, 127]
[1, 1310, 150]
[1, 1310, 108]
[1, 1310, 97]
[1, 1310, 108]
[1, 1310, 104]
[1, 1310, 136]
[1, 1310, 111]
[1, 1310, 113]
[1, 1310, 134]
[1, 1310, 97]
[1, 1310, 88]
[1, 1310, 118]
[1, 1310, 102]
[1, 1310, 115]
[1, 1310, 114]
[1, 1310, 93]
[1, 1310, 123]
[1, 1310, 115]
[1, 1310, 124]
[1, 1310, 126]
[1, 1310, 98]
[1, 1310, 93]
[1, 1310, 109]
[1, 1310, 145]
[1, 1310, 127]
[1, 1310, 110]
[1, 1310, 111]
[1, 1310, 103]
[1, 1310, 131]
[1, 1310, 109]
[1, 1310, 120]
[1, 1310, 116]
[1, 1310, 121]
[1, 1310, 110]
[1, 1310, 115]
[1, 1310, 135]
[1, 1310, 105]
[1, 1310, 118]
[2, 2621, 456]
[2, 2621, 500]
[2, 2621, 439]
[2, 2621, 410]
[2, 2621, 426]
[2, 2621, 429]
[2, 2621, 453]
[2, 2621, 427]
[2, 2621, 433]
[2, 2621, 440]
[2, 2621, 445]
[2, 2621, 421]
[2, 2621, 456]
[2, 2621, 431]
[2, 2621, 414]
[2, 2621, 465]
[2, 2621, 446]
[2, 2621, 455]
[2, 2621, 408]
[2, 2621, 408]
[2, 2621, 442]
[2, 2621, 412]
[2, 2621, 427]
[2, 2621, 441]
[2, 2621, 414]
[2, 2621, 446]
[2, 2621, 435]
[2, 2621, 389]
[2, 2621, 488]
[2, 2621, 446]
[2, 2621, 441]
[2, 2621, 447]
[2, 2621, 467]
[2, 2621, 448]
[2, 2621, 428]
[2, 2621, 459]
[2, 2621, 436]
[2, 2621, 447]
[2, 2621, 437]
[2, 2621, 439]
[2, 2621, 450]
[2, 2621, 441]
[2, 2621, 440]
[2, 2621, 421]
[2, 2621, 403]
[2, 2621, 432]
[2, 2621, 425]
[2, 2621, 433]
[2, 2621, 419]
[2, 2621, 454]
[2, 2621, 480]
[2, 2621, 441]
[2, 2621, 460]
[2, 2621, 435]
[2, 2621, 452]
[2, 2621, 462]
[2, 2621, 490]
[2, 2621, 429]
[2, 2621, 421]
[2, 2621, 397]
[2, 2621, 405]
[2, 2621, 469]
[2, 2621, 447]
[2, 2621, 394]
[2, 2621, 406]
[2, 2621, 478]
[2, 2621, 428]
[2, 2621, 474]
[2, 2621, 437]
[2, 2621, 449]
[2, 2621, 452]
[2, 2621, 416]
[2, 2621, 411]
[2, 2621, 441]
[2, 2621, 444]
[2, 2621, 434]
[2, 2621, 425]
[2, 2621, 428]
[2, 2621, 472]
[2, 2621, 438]
[2, 2621, 497]
[2, 2621, 444]
[2, 2621, 450]
[2, 2621, 404]
[2, 2621, 451]
[2, 2621, 437]
[2, 2621, 460]
[2, 2621, 440]
[2, 2621, 474]
[2, 2621, 458]
[2, 2621, 478]
[2, 2621, 436]
[2, 2621, 442]
[2, 2621, 441]
[2, 2621, 448]
[2, 2621, 429]
[2, 2621, 470]
[2, 2621, 451]
[2, 2621, 454]
[2, 2621, 442]
[5, 6553, 2842]
[5, 6553, 2835]
[5, 6553, 2885]
[5, 6553, 2758]
[5, 6553, 2826]
[5, 6553, 2834]
[5, 6553, 2824]
[5, 6553, 2793]
[5, 6553, 2806]
[5, 6553, 2874]
[5, 6553, 2820]
[5, 6553, 2817]
[5, 6553, 2811]
[5, 6553, 2865]
[5, 6553, 2898]
[5, 6553, 2787]
[5, 6553, 2801]
[5, 6553, 2852]
[5, 6553, 2795]
[5, 6553, 2855]
[5, 6553, 2838]
[5, 6553, 2780]
[5, 6553, 2822]
[5, 6553, 2812]
[5, 6553, 2792]
[5, 6553, 2877]
[5, 6553, 2897]
[5, 6553, 2792]
[5, 6553, 2904]
[5, 6553, 2887]
[5, 6553, 2890]
[5, 6553, 2847]
[5, 6553, 2854]
[5, 6553, 2909]
[5, 6553, 2858]
[5, 6553, 2893]
[5, 6553, 2754]
[5, 6553, 2783]
[5, 6553, 2841]
[5, 6553, 2856]
[5, 6553, 2824]
[5, 6553, 2848]
[5, 6553, 2820]
[5, 6553, 2803]
[5, 6553, 2730]
[5, 6553, 2794]
[5, 6553, 2861]
[5, 6553, 2847]
[5, 6553, 2803]
[5, 6553, 2836]
[5, 6553, 2875]
[5, 6553, 2822]
[5, 6553, 2873]
[5, 6553, 2827]
[5, 6553, 2774]
[5, 6553, 2889]
[5, 6553, 2869]
[5, 6553, 2870]
[5, 6553, 2905]
[5, 6553, 2798]
[5, 6553, 2794]
[5, 6553, 2893]
[5, 6553, 2885]
[5, 6553, 2812]
[5, 6553, 2870]
[5, 6553, 2849]
[5, 6553, 2810]
[5, 6553, 2804]
[5, 6553, 2820]
[5, 6553, 2870]
[5, 6553, 2856]
[5, 6553, 2842]
[5, 6553, 2829]
[5, 6553, 2869]
[5, 6553, 2836]
[5, 6553, 2800]
[5, 6553, 2787]
[5, 6553, 2747]
[5, 6553, 2899]
[5, 6553, 2768]
[5, 6553, 2829]
[5, 6553, 2860]
[5, 6553, 2837]
[5, 6553, 2791]
[5, 6553, 2795]
[5, 6553, 2904]
[5, 6553, 2818]
[5, 6553, 2836]
[5, 6553, 2870]
[5, 6553, 2848]
[5, 6553, 2838]
[5, 6553, 2790]
[5, 6553, 2826]
[5, 6553, 2787]
[5, 6553, 2847]
[5, 6553, 2928]
[5, 6553, 2907]
[5, 6553, 2806]
[5, 6553, 2867]
[5, 6553, 2835]
[10, 13107, 9733]
[10, 13107, 9683]
[10, 13107, 9710]
[10, 13107, 9686]
[10, 13107, 9698]
[10, 13107, 9698]
[10, 13107, 9650]
[10, 13107, 9672]
[10, 13107, 9758]
[10, 13107, 9729]
[10, 13107, 9675]
[10, 13107, 9714]
[10, 13107, 9715]
[10, 13107, 9675]
[10, 13107, 9739]
[10, 13107, 9677]
[10, 13107, 9752]
[10, 13107, 9759]
[10, 13107, 9731]
[10, 13107, 9751]
[10, 13107, 9670]
[10, 13107, 9651]
[10, 13107, 9730]
[10, 13107, 9684]
[10, 13107, 9705]
[10, 13107, 9777]
[10, 13107, 9643]
[10, 13107, 9688]
[10, 13107, 9718]
[10, 13107, 9728]
[10, 13107, 9662]
[10, 13107, 9727]
[10, 13107, 9753]
[10, 13107, 9739]
[10, 13107, 9777]
[10, 13107, 9663]
[10, 13107, 9699]
[10, 13107, 9677]
[10, 13107, 9715]
[10, 13107, 9665]
[10, 13107, 9676]
[10, 13107, 9693]
[10, 13107, 9668]
[10, 13107, 9691]
[10, 13107, 9685]
[10, 13107, 9682]
[10, 13107, 9730]
[10, 13107, 9670]
[10, 13107, 9664]
[10, 13107, 9725]
[10, 13107, 9681]
[10, 13107, 9748]
[10, 13107, 9671]
[10, 13107, 9713]
[10, 13107, 9662]
[10, 13107, 9760]
[10, 13107, 9601]
[10, 13107, 9748]
[10, 13107, 9749]
[10, 13107, 9729]
[10, 13107, 9732]
[10, 13107, 9759]
[10, 13107, 9684]
[10, 13107, 9652]
[10, 13107, 9753]
[10, 13107, 9857]
[10, 13107, 9674]
[10, 13107, 9693]
[10, 13107, 9693]
[10, 13107, 9709]
[10, 13107, 9751]
[10, 13107, 9695]
[10, 13107, 9693]
[10, 13107, 9709]
[10, 13107, 9669]
[10, 13107, 9677]
[10, 13107, 9680]
[10, 13107, 9678]
[10, 13107, 9732]
[10, 13107, 9707]
[10, 13107, 9727]
[10, 13107, 9734]
[10, 13107, 9794]
[10, 13107, 9758]
[10, 13107, 9683]
[10, 13107, 9671]
[10, 13107, 9759]
[10, 13107, 9767]
[10, 13107, 9709]
[10, 13107, 9707]
[10, 13107, 9672]
[10, 13107, 9728]
[10, 13107, 9630]
[10, 13107, 9742]
[10, 13107, 9726]
[10, 13107, 9758]
[10, 13107, 9704]
[10, 13107, 9654]
[10, 13107, 9719]
[10, 13107, 9721]
[15, 19660, 17479]
[15, 19660, 17456]
[15, 19660, 17481]
[15, 19660, 17456]
[15, 19660, 17420]
[15, 19660, 17446]
[15, 19660, 17374]
[15, 19660, 17537]
[15, 19660, 17511]
[15, 19660, 17450]
[15, 19660, 17366]
[15, 19660, 17479]
[15, 19660, 17464]
[15, 19660, 17438]
[15, 19660, 17473]
[15, 19660, 17475]
[15, 19660, 17495]
[15, 19660, 17482]
[15, 19660, 17483]
[15, 19660, 17453]
[15, 19660, 17440]
[15, 19660, 17428]
[15, 19660, 17422]
[15, 19660, 17501]
[15, 19660, 17419]
[15, 19660, 17494]
[15, 19660, 17468]
[15, 19660, 17534]
[15, 19660, 17439]
[15, 19660, 17463]
[15, 19660, 17397]
[15, 19660, 17514]
[15, 19660, 17463]
[15, 19660, 17371]
[15, 19660, 17435]
[15, 19660, 17443]
[15, 19660, 17447]
[15, 19660, 17398]
[15, 19660, 17455]
[15, 19660, 17463]
[15, 19660, 17457]
[15, 19660, 17434]
[15, 19660, 17395]
[15, 19660, 17497]
[15, 19660, 17476]
[15, 19660, 17470]
[15, 19660, 17502]
[15, 19660, 17436]
[15, 19660, 17464]
[15, 19660, 17506]
[15, 19660, 17464]
[15, 19660, 17469]
[15, 19660, 17449]
[15, 19660, 17471]
[15, 19660, 17458]
[15, 19660, 17485]
[15, 19660, 17383]
[15, 19660, 17474]
[15, 19660, 17434]
[15, 19660, 17450]
[15, 19660, 17461]
[15, 19660, 17453]
[15, 19660, 17468]
[15, 19660, 17455]
[15, 19660, 17431]
[15, 19660, 17452]
[15, 19660, 17413]
[15, 19660, 17499]
[15, 19660, 17419]
[15, 19660, 17465]
[15, 19660, 17420]
[15, 19660, 17419]
[15, 19660, 17430]
[15, 19660, 17429]
[15, 19660, 17507]
[15, 19660, 17380]
[15, 19660, 17540]
[15, 19660, 17455]
[15, 19660, 17539]
[15, 19660, 17515]
[15, 19660, 17526]
[15, 19660, 17383]
[15, 19660, 17426]
[15, 19660, 17480]
[15, 19660, 17467]
[15, 19660, 17462]
[15, 19660, 17497]
[15, 19660, 17499]
[15, 19660, 17469]
[15, 19660, 17512]
[15, 19660, 17462]
[15, 19660, 17488]
[15, 19660, 17477]
[15, 19660, 17477]
[15, 19660, 17486]
[15, 19660, 17535]
[15, 19660, 17496]
[15, 19660, 17472]
[15, 19660, 17420]
[15, 19660, 17463]
[20, 26214, 24983]
[20, 26214, 25006]
[20, 26214, 24961]
[20, 26214, 24987]
[20, 26214, 24950]
[20, 26214, 24976]
[20, 26214, 25039]
[20, 26214, 25042]
[20, 26214, 24989]
[20, 26214, 25044]
[20, 26214, 24960]
[20, 26214, 24934]
[20, 26214, 24990]
[20, 26214, 24983]
[20, 26214, 24987]
[20, 26214, 24948]
[20, 26214, 24962]
[20, 26214, 24996]
[20, 26214, 25000]
[20, 26214, 24961]
[20, 26214, 24930]
[20, 26214, 24995]
[20, 26214, 24972]
[20, 26214, 24939]
[20, 26214, 24971]
[20, 26214, 24936]
[20, 26214, 25000]
[20, 26214, 24919]
[20, 26214, 24972]
[20, 26214, 24988]
[20, 26214, 24991]
[20, 26214, 24964]
[20, 26214, 24922]
[20, 26214, 24934]
[20, 26214, 24943]
[20, 26214, 24947]
[20, 26214, 24968]
[20, 26214, 24934]
[20, 26214, 24983]
[20, 26214, 24935]
[20, 26214, 24929]
[20, 26214, 24944]
[20, 26214, 24947]
[20, 26214, 24994]
[20, 26214, 24930]
[20, 26214, 24919]
[20, 26214, 24987]
[20, 26214, 24932]
[20, 26214, 24992]
[20, 26214, 24922]
[20, 26214, 25013]
[20, 26214, 24957]
[20, 26214, 25000]
[20, 26214, 24968]
[20, 26214, 24982]
[20, 26214, 24915]
[20, 26214, 24990]
[20, 26214, 24980]
[20, 26214, 25007]
[20, 26214, 24938]
[20, 26214, 24984]
[20, 26214, 24997]
[20, 26214, 25012]
[20, 26214, 24976]
[20, 26214, 24989]
[20, 26214, 24968]
[20, 26214, 24954]
[20, 26214, 24987]
[20, 26214, 24973]
[20, 26214, 24954]
[20, 26214, 25026]
[20, 26214, 24969]
[20, 26214, 24956]
[20, 26214, 24926]
[20, 26214, 24945]
[20, 26214, 24938]
[20, 26214, 25009]
[20, 26214, 24956]
[20, 26214, 24979]
[20, 26214, 24984]
[20, 26214, 24945]
[20, 26214, 24932]
[20, 26214, 24998]
[20, 26214, 24989]
[20, 26214, 24975]
[20, 26214, 24942]
[20, 26214, 24994]
[20, 26214, 24966]
[20, 26214, 24966]
[20, 26214, 25032]
[20, 26214, 24983]
[20, 26214, 24983]
[20, 26214, 24975]
[20, 26214, 24961]
[20, 26214, 24979]
[20, 26214, 24977]
[20, 26214, 24938]
[20, 26214, 24985]
[20, 26214, 24958]
[20, 26214, 25009]
[25, 32768, 32113]
[25, 32768, 32123]
[25, 32768, 32072]
[25, 32768, 32101]
[25, 32768, 32105]
[25, 32768, 32106]
[25, 32768, 32145]
[25, 32768, 32121]
[25, 32768, 32087]
[25, 32768, 32118]
[25, 32768, 32098]
[25, 32768, 32089]
[25, 32768, 32095]
[25, 32768, 32083]
[25, 32768, 32111]
[25, 32768, 32122]
[25, 32768, 32096]
[25, 32768, 32126]
[25, 32768, 32101]
[25, 32768, 32110]
[25, 32768, 32089]
[25, 32768, 32132]
[25, 32768, 32081]
[25, 32768, 32106]
[25, 32768, 32075]
[25, 32768, 32073]
[25, 32768, 32110]
[25, 32768, 32078]
[25, 32768, 32081]
[25, 32768, 32133]
[25, 32768, 32133]
[25, 32768, 32097]
[25, 32768, 32075]
[25, 32768, 32051]
[25, 32768, 32087]
[25, 32768, 32074]
[25, 32768, 32068]
[25, 32768, 32081]
[25, 32768, 32065]
[25, 32768, 32094]
[25, 32768, 32063]
[25, 32768, 32134]
[25, 32768, 32097]
[25, 32768, 32105]
[25, 32768, 32127]
[25, 32768, 32081]
[25, 32768, 32125]
[25, 32768, 32078]
[25, 32768, 32142]
[25, 32768, 32081]
[25, 32768, 32096]
[25, 32768, 32099]
[25, 32768, 32112]
[25, 32768, 32122]
[25, 32768, 32098]
[25, 32768, 32104]
[25, 32768, 32075]
[25, 32768, 32129]
[25, 32768, 32063]
[25, 32768, 32110]
[25, 32768, 32101]
[25, 32768, 32075]
[25, 32768, 32128]
[25, 32768, 32167]
[25, 32768, 32102]
[25, 32768, 32088]
[25, 32768, 32096]
[25, 32768, 32101]
[25, 32768, 32119]
[25, 32768, 32081]
[25, 32768, 32141]
[25, 32768, 32098]
[25, 32768, 32092]
[25, 32768, 32115]
[25, 32768, 32087]
[25, 32768, 32101]
[25, 32768, 32129]
[25, 32768, 32064]
[25, 32768, 32124]
[25, 32768, 32110]
[25, 32768, 32057]
[25, 32768, 32106]
[25, 32768, 32088]
[25, 32768, 32068]
[25, 32768, 32096]
[25, 32768, 32097]
[25, 32768, 32103]
[25, 32768, 32076]
[25, 32768, 32099]
[25, 32768, 32122]
[25, 32768, 32080]
[25, 32768, 32122]
[25, 32768, 32125]
[25, 32768, 32132]
[25, 32768, 32080]
[25, 32768, 32109]
[25, 32768, 32092]
[25, 32768, 32134]
[25, 32768, 32075]
[25, 32768, 32120]
[30, 39321, 38960]
[30, 39321, 38989]
[30, 39321, 39011]
[30, 39321, 38981]
[30, 39321, 38965]
[30, 39321, 38994]
[30, 39321, 39007]
[30, 39321, 38978]
[30, 39321, 38929]
[30, 39321, 38991]
[30, 39321, 38967]
[30, 39321, 38980]
[30, 39321, 38969]
[30, 39321, 39001]
[30, 39321, 38992]
[30, 39321, 38998]
[30, 39321, 38973]
[30, 39321, 39002]
[30, 39321, 38985]
[30, 39321, 38983]
[30, 39321, 38956]
[30, 39321, 38992]
[30, 39321, 38958]
[30, 39321, 38957]
[30, 39321, 38960]
[30, 39321, 38991]
[30, 39321, 38997]
[30, 39321, 38968]
[30, 39321, 39000]
[30, 39321, 38974]
[30, 39321, 38974]
[30, 39321, 38979]
[30, 39321, 38983]
[30, 39321, 38969]
[30, 39321, 38961]
[30, 39321, 39002]
[30, 39321, 38998]
[30, 39321, 38980]
[30, 39321, 38965]
[30, 39321, 38948]
[30, 39321, 38995]
[30, 39321, 38957]
[30, 39321, 38968]
[30, 39321, 38984]
[30, 39321, 38980]
[30, 39321, 38984]
[30, 39321, 38999]
[30, 39321, 38991]
[30, 39321, 38975]
[30, 39321, 38972]
[30, 39321, 38969]
[30, 39321, 38983]
[30, 39321, 39000]
[30, 39321, 38994]
[30, 39321, 38964]
[30, 39321, 38976]
[30, 39321, 38989]
[30, 39321, 38957]
[30, 39321, 38991]
[30, 39321, 39012]
[30, 39321, 38974]
[30, 39321, 38936]
[30, 39321, 39004]
[30, 39321, 38950]
[30, 39321, 38985]
[30, 39321, 38948]
[30, 39321, 38978]
[30, 39321, 38971]
[30, 39321, 38996]
[30, 39321, 38998]
[30, 39321, 39009]
[30, 39321, 38994]
[30, 39321, 38991]
[30, 39321, 38951]
[30, 39321, 38988]
[30, 39321, 38976]
[30, 39321, 38971]
[30, 39321, 38947]
[30, 39321, 38975]
[30, 39321, 38966]
[30, 39321, 38918]
[30, 39321, 38960]
[30, 39321, 38999]
[30, 39321, 38983]
[30, 39321, 38972]
[30, 39321, 38975]
[30, 39321, 38991]
[30, 39321, 38974]
[30, 39321, 38985]
[30, 39321, 38970]
[30, 39321, 38982]
[30, 39321, 39001]
[30, 39321, 39002]
[30, 39321, 38989]
[30, 39321, 38995]
[30, 39321, 38999]
[30, 39321, 38959]
[30, 39321, 38978]
[30, 39321, 38989]
[30, 39321, 38967]
[35, 45875, 45709]
[35, 45875, 45689]
[35, 45875, 45690]
[35, 45875, 45715]
[35, 45875, 45693]
[35, 45875, 45701]
[35, 45875, 45694]
[35, 45875, 45704]
[35, 45875, 45677]
[35, 45875, 45691]
[35, 45875, 45711]
[35, 45875, 45678]
[35, 45875, 45687]
[35, 45875, 45678]
[35, 45875, 45688]
[35, 45875, 45702]
[35, 45875, 45690]
[35, 45875, 45712]
[35, 45875, 45703]
[35, 45875, 45693]
[35, 45875, 45681]
[35, 45875, 45690]
[35, 45875, 45703]
[35, 45875, 45699]
[35, 45875, 45700]
[35, 45875, 45676]
[35, 45875, 45700]
[35, 45875, 45698]
[35, 45875, 45714]
[35, 45875, 45709]
[35, 45875, 45696]
[35, 45875, 45701]
[35, 45875, 45693]
[35, 45875, 45687]
[35, 45875, 45699]
[35, 45875, 45715]
[35, 45875, 45691]
[35, 45875, 45717]
[35, 45875, 45684]
[35, 45875, 45704]
[35, 45875, 45700]
[35, 45875, 45704]
[35, 45875, 45696]
[35, 45875, 45707]
[35, 45875, 45691]
[35, 45875, 45699]
[35, 45875, 45691]
[35, 45875, 45700]
[35, 45875, 45689]
[35, 45875, 45693]
[35, 45875, 45692]
[35, 45875, 45695]
[35, 45875, 45696]
[35, 45875, 45698]
[35, 45875, 45691]
[35, 45875, 45716]
[35, 45875, 45703]
[35, 45875, 45685]
[35, 45875, 45700]
[35, 45875, 45709]
[35, 45875, 45707]
[35, 45875, 45678]
[35, 45875, 45703]
[35, 45875, 45703]
[35, 45875, 45694]
[35, 45875, 45684]
[35, 45875, 45713]
[35, 45875, 45701]
[35, 45875, 45715]
[35, 45875, 45679]
[35, 45875, 45715]
[35, 45875, 45690]
[35, 45875, 45699]
[35, 45875, 45701]
[35, 45875, 45680]
[35, 45875, 45707]
[35, 45875, 45720]
[35, 45875, 45698]
[35, 45875, 45717]
[35, 45875, 45690]
[35, 45875, 45679]
[35, 45875, 45708]
[35, 45875, 45695]
[35, 45875, 45705]
[35, 45875, 45667]
[35, 45875, 45701]
[35, 45875, 45684]
[35, 45875, 45704]
[35, 45875, 45707]
[35, 45875, 45723]
[35, 45875, 45699]
[35, 45875, 45691]
[35, 45875, 45704]
[35, 45875, 45696]
[35, 45875, 45684]
[35, 45875, 45726]
[35, 45875, 45712]
[35, 45875, 45730]
[35, 45875, 45676]
[35, 45875, 45700]
[40, 52428, 52346]
[40, 52428, 52327]
[40, 52428, 52347]
[40, 52428, 52345]
[40, 52428, 52350]
[40, 52428, 52347]
[40, 52428, 52341]
[40, 52428, 52341]
[40, 52428, 52350]
[40, 52428, 52327]
[40, 52428, 52336]
[40, 52428, 52341]
[40, 52428, 52330]
[40, 52428, 52346]
[40, 52428, 52349]
[40, 52428, 52338]
[40, 52428, 52344]
[40, 52428, 52343]
[40, 52428, 52330]
[40, 52428, 52336]
[40, 52428, 52344]
[40, 52428, 52337]
[40, 52428, 52341]
[40, 52428, 52340]
[40, 52428, 52344]
[40, 52428, 52348]
[40, 52428, 52343]
[40, 52428, 52345]
[40, 52428, 52338]
[40, 52428, 52353]
[40, 52428, 52323]
[40, 52428, 52322]
[40, 52428, 52345]
[40, 52428, 52346]
[40, 52428, 52322]
[40, 52428, 52327]
[40, 52428, 52319]
[40, 52428, 52340]
[40, 52428, 52334]
[40, 52428, 52330]
[40, 52428, 52348]
[40, 52428, 52345]
[40, 52428, 52328]
[40, 52428, 52328]
[40, 52428, 52349]
[40, 52428, 52343]
[40, 52428, 52352]
[40, 52428, 52344]
[40, 52428, 52352]
[40, 52428, 52336]
[40, 52428, 52343]
[40, 52428, 52336]
[40, 52428, 52326]
[40, 52428, 52349]
[40, 52428, 52332]
[40, 52428, 52355]
[40, 52428, 52340]
[40, 52428, 52343]
[40, 52428, 52341]
[40, 52428, 52350]
[40, 52428, 52328]
[40, 52428, 52343]
[40, 52428, 52347]
[40, 52428, 52333]
[40, 52428, 52327]
[40, 52428, 52331]
[40, 52428, 52345]
[40, 52428, 52341]
[40, 52428, 52347]
[40, 52428, 52341]
[40, 52428, 52339]
[40, 52428, 52333]
[40, 52428, 52353]
[40, 52428, 52336]
[40, 52428, 52329]
[40, 52428, 52343]
[40, 52428, 52342]
[40, 52428, 52347]
[40, 52428, 52338]
[40, 52428, 52338]
[40, 52428, 52329]
[40, 52428, 52333]
[40, 52428, 52335]
[40, 52428, 52328]
[40, 52428, 52331]
[40, 52428, 52368]
[40, 52428, 52321]
[40, 52428, 52339]
[40, 52428, 52343]
[40, 52428, 52351]
[40, 52428, 52338]
[40, 52428, 52333]
[40, 52428, 52362]
[40, 52428, 52337]
[40, 52428, 52353]
[40, 52428, 52339]
[40, 52428, 52347]
[40, 52428, 52334]
[40, 52428, 52340]
[40, 52428, 52342]
