[1, 655, 0]
[1, 655, 0]
[1, 655, 0]
[1, 655, 0]
[1, 655, 0]
[1, 655, 0]
[1, 655, 0]
[1, 655, 0]
[1, 655, 0]
[1, 655, 0]
[1, 655, 0]
[1, 655, 0]
[1, 655, 0]
[1, 655, 0]
[1, 655, 0]
[1, 655, 0]
[1, 655, 0]
[1, 655, 0]
[1, 655, 0]
[1, 655, 0]
[1, 655, 0]
[1, 655, 0]
[1, 655, 0]
[1, 655, 0]
[1, 655, 0]
[1, 655, 0]
[1, 655, 0]
[1, 655, 0]
[1, 655, 0]
[1, 655, 0]
[1, 655, 0]
[1, 655, 0]
[1, 655, 0]
[1, 655, 0]
[1, 655, 0]
[1, 655, 0]
[1, 655, 0]
[1, 655, 0]
[1, 655, 0]
[1, 655, 0]
[1, 655, 0]
[1, 655, 0]
[1, 655, 0]
[1, 655, 0]
[1, 655, 0]
[1, 655, 0]
[1, 655, 0]
[1, 655, 0]
[1, 655, 0]
[1, 655, 0]
[1, 655, 0]
[1, 655, 0]
[1, 655, 0]
[1, 655, 0]
[1, 655, 0]
[1, 655, 0]
[1, 655, 0]
[1, 655, 0]
[1, 655, 0]
[1, 655, 0]
[1, 655, 0]
[1, 655, 0]
[1, 655, 0]
[1, 655, 0]
[1, 655, 0]
[1, 655, 0]
[1, 655, 0]
[1, 655, 0]
[1, 655, 0]
[1, 655, 0]
[1, 655, 0]
[1, 655, 0]
[1, 655, 0]
[1, 655, 0]
[1, 655, 0]
[1, 655, 0]
[1, 655, 0]
[1, 655, 0]
[1, 655, 0]
[1, 655, 0]
[1, 655, 0]
[1, 655, 0]
[1, 655, 0]
[1, 655, 0]
[1, 655, 0]
[1, 655, 0]
[1, 655, 0]
[1, 655, 0]
[1, 655, 0]
[1, 655, 0]
[1, 655, 0]
[1, 655, 0]
[1, 655, 0]
[1, 655, 0]
[1, 655, 0]
[1, 655, 0]
[1, 655, 0]
[1, 655, 0]
[1, 655, 0]
[1, 655, 0]
[2, 1310, 0]
[2, 1310, 0]
[2, 1310, 0]
[2, 1310, 0]
[2, 1310, 0]
[2, 1310, 0]
[2, 1310, 0]
[2, 1310, 0]
[2, 1310, 0]
[2, 1310, 0]
[2, 1310, 0]
[2, 1310, 0]
[2, 1310, 0]
[2, 1310, 0]
[2, 1310, 0]
[2, 1310, 0]
[2, 1310, 0]
[2, 1310, 0]
[2, 1310, 0]
[2, 1310, 0]
[2, 1310, 0]
[2, 1310, 0]
[2, 1310, 0]
[2, 1310, 0]
[2, 1310, 0]
[2, 1310, 0]
[2, 1310, 0]
[2, 1310, 0]
[2, 1310, 0]
[2, 1310, 0]
[2, 1310, 0]
[2, 1310, 0]
[2, 1310, 0]
[2, 1310, 0]
[2, 1310, 0]
[2, 1310, 0]
[2, 1310, 0]
[2, 1310, 0]
[2, 1310, 0]
[2, 1310, 0]
[2, 1310, 0]
[2, 1310, 0]
[2, 1310, 0]
[2, 1310, 0]
[2, 1310, 0]
[2, 1310, 0]
[2, 1310, 0]
[2, 1310, 0]
[2, 1310, 0]
[2, 1310, 0]
[2, 1310, 0]
[2, 1310, 0]
[2, 1310, 0]
[2, 1310, 0]
[2, 1310, 0]
[2, 1310, 0]
[2, 1310, 0]
[2, 1310, 0]
[2, 1310, 0]
[2, 1310, 0]
[2, 1310, 0]
[2, 1310, 0]
[2, 1310, 0]
[2, 1310, 0]
[2, 1310, 0]
[2, 1310, 0]
[2, 1310, 0]
[2, 1310, 0]
[2, 1310, 0]
[2, 1310, 0]
[2, 1310, 0]
[2, 1310, 0]
[2, 1310, 0]
[2, 1310, 0]
[2, 1310, 0]
[2, 1310, 0]
[2, 1310, 0]
[2, 1310, 0]
[2, 1310, 0]
[2, 1310, 0]
[2, 1310, 0]
[2, 1310, 0]
[2, 1310, 0]
[2, 1310, 0]
[2, 1310, 0]
[2, 1310, 0]
[2, 1310, 0]
[2, 1310, 0]
[2, 1310, 0]
[2, 1310, 0]
[2, 1310, 0]
[2, 1310, 0]
[2, 1310, 0]
[2, 1310, 0]
[2, 1310, 0]
[2, 1310, 0]
[2, 1310, 0]
[2, 1310, 0]
[2, 1310, 0]
[2, 1310, 0]
[5, 3276, 0]
[5, 3276, 0]
[5, 3276, 0]
[5, 3276, 0]
[5, 3276, 0]
[5, 3276, 0]
[5, 3276, 0]
[5, 3276, 0]
[5, 3276, 0]
[5, 3276, 0]
[5, 3276, 0]
[5, 3276, 0]
[5, 3276, 0]
[5, 3276, 0]
[5, 3276, 0]
[5, 3276, 0]
[5, 3276, 0]
[5, 3276, 0]
[5, 3276, 0]
[5, 3276, 0]
[5, 3276, 0]
[5, 3276, 0]
[5, 3276, 0]
[5, 3276, 0]
[5, 3276, 0]
[5, 3276, 0]
[5, 3276, 0]
[5, 3276, 0]
[5, 3276, 0]
[5, 3276, 0]
[5, 3276, 0]
[5, 3276, 0]
[5, 3276, 0]
[5, 3276, 0]
[5, 3276, 0]
[5, 3276, 0]
[5, 3276, 0]
[5, 3276, 0]
[5, 3276, 0]
[5, 3276, 0]
[5, 3276, 0]
[5, 3276, 0]
[5, 3276, 0]
[5, 3276, 0]
[5, 3276, 0]
[5, 3276, 0]
[5, 3276, 0]
[5, 3276, 0]
[5, 3276, 0]
[5, 3276, 0]
[5, 3276, 0]
[5, 3276, 0]
[5, 3276, 0]
[5, 3276, 0]
[5, 3276, 0]
[5, 3276, 0]
[5, 3276, 0]
[5, 3276, 0]
[5, 3276, 0]
[5, 3276, 0]
[5, 3276, 0]
[5, 3276, 0]
[5, 3276, 0]
[5, 3276, 0]
[5, 3276, 0]
[5, 3276, 0]
[5, 3276, 0]
[5, 3276, 0]
[5, 3276, 0]
[5, 3276, 0]
[5, 3276, 0]
[5, 3276, 0]
[5, 3276, 0]
[5, 3276, 0]
[5, 3276, 0]
[5, 3276, 0]
[5, 3276, 0]
[5, 3276, 0]
[5, 3276, 0]
[5, 3276, 0]
[5, 3276, 0]
[5, 3276, 0]
[5, 3276, 0]
[5, 3276, 0]
[5, 3276, 0]
[5, 3276, 0]
[5, 3276, 0]
[5, 3276, 0]
[5, 3276, 0]
[5, 3276, 0]
[5, 3276, 0]
[5, 3276, 0]
[5, 3276, 0]
[5, 3276, 0]
[5, 3276, 0]
[5, 3276, 0]
[5, 3276, 0]
[5, 3276, 0]
[5, 3276, 0]
[5, 3276, 0]
[10, 6553, 0]
[10, 6553, 0]
[10, 6553, 0]
[10, 6553, 0]
[10, 6553, 0]
[10, 6553, 0]
[10, 6553, 0]
[10, 6553, 0]
[10, 6553, 0]
[10, 6553, 0]
[10, 6553, 0]
[10, 6553, 0]
[10, 6553, 0]
[10, 6553, 0]
[10, 6553, 0]
[10, 6553, 0]
[10, 6553, 0]
[10, 6553, 0]
[10, 6553, 2]
[10, 6553, 0]
[10, 6553, 0]
[10, 6553, 0]
[10, 6553, 0]
[10, 6553, 0]
[10, 6553, 0]
[10, 6553, 0]
[10, 6553, 0]
[10, 6553, 0]
[10, 6553, 0]
[10, 6553, 0]
[10, 6553, 0]
[10, 6553, 0]
[10, 6553, 0]
[10, 6553, 0]
[10, 6553, 0]
[10, 6553, 0]
[10, 6553, 0]
[10, 6553, 0]
[10, 6553, 0]
[10, 6553, 0]
[10, 6553, 0]
[10, 6553, 0]
[10, 6553, 0]
[10, 6553, 0]
[10, 6553, 0]
[10, 6553, 0]
[10, 6553, 0]
[10, 6553, 0]
[10, 6553, 0]
[10, 6553, 0]
[10, 6553, 0]
[10, 6553, 0]
[10, 6553, 0]
[10, 6553, 0]
[10, 6553, 0]
[10, 6553, 0]
[10, 6553, 0]
[10, 6553, 0]
[10, 6553, 0]
[10, 6553, 0]
[10, 6553, 0]
[10, 6553, 0]
[10, 6553, 0]
[10, 6553, 0]
[10, 6553, 0]
[10, 6553, 0]
[10, 6553, 0]
[10, 6553, 0]
[10, 6553, 0]
[10, 6553, 0]
[10, 6553, 0]
[10, 6553, 0]
[10, 6553, 0]
[10, 6553, 0]
[10, 6553, 0]
[10, 6553, 0]
[10, 6553, 0]
[10, 6553, 0]
[10, 6553, 0]
[10, 6553, 0]
[10, 6553, 0]
[10, 6553, 0]
[10, 6553, 0]
[10, 6553, 0]
[10, 6553, 0]
[10, 6553, 0]
[10, 6553, 0]
[10, 6553, 0]
[10, 6553, 0]
[10, 6553, 0]
[10, 6553, 0]
[10, 6553, 0]
[10, 6553, 0]
[10, 6553, 0]
[10, 6553, 0]
[10, 6553, 0]
[10, 6553, 0]
[10, 6553, 0]
[10, 6553, 0]
[10, 6553, 0]
[15, 9830, 0]
[15, 9830, 0]
[15, 9830, 0]
[15, 9830, 0]
[15, 9830, 0]
[15, 9830, 0]
[15, 9830, 0]
[15, 9830, 0]
[15, 9830, 0]
[15, 9830, 0]
[15, 9830, 0]
[15, 9830, 0]
[15, 9830, 0]
[15, 9830, 1]
[15, 9830, 0]
[15, 9830, 0]
[15, 9830, 0]
[15, 9830, 0]
[15, 9830, 2]
[15, 9830, 2]
[15, 9830, 0]
[15, 9830, 0]
[15, 9830, 0]
[15, 9830, 0]
[15, 9830, 0]
[15, 9830, 0]
[15, 9830, 0]
[15, 9830, 0]
[15, 9830, 0]
[15, 9830, 0]
[15, 9830, 0]
[15, 9830, 0]
[15, 9830, 0]
[15, 9830, 0]
[15, 9830, 0]
[15, 9830, 0]
[15, 9830, 0]
[15, 9830, 0]
[15, 9830, 0]
[15, 9830, 0]
[15, 9830, 0]
[15, 9830, 2]
[15, 9830, 0]
[15, 9830, 0]
[15, 9830, 0]
[15, 9830, 0]
[15, 9830, 0]
[15, 9830, 0]
[15, 9830, 0]
[15, 9830, 0]
[15, 9830, 0]
[15, 9830, 0]
[15, 9830, 0]
[15, 9830, 0]
[15, 9830, 1]
[15, 9830, 0]
[15, 9830, 0]
[15, 9830, 0]
[15, 9830, 0]
[15, 9830, 0]
[15, 9830, 0]
[15, 9830, 0]
[15, 9830, 0]
[15, 9830, 0]
[15, 9830, 0]
[15, 9830, 0]
[15, 9830, 0]
[15, 9830, 0]
[15, 9830, 0]
[15, 9830, 0]
[15, 9830, 1]
[15, 9830, 0]
[15, 9830, 0]
[15, 9830, 0]
[15, 9830, 0]
[15, 9830, 0]
[15, 9830, 0]
[15, 9830, 0]
[15, 9830, 0]
[15, 9830, 0]
[15, 9830, 0]
[15, 9830, 0]
[15, 9830, 1]
[15, 9830, 0]
[15, 9830, 0]
[15, 9830, 0]
[15, 9830, 1]
[15, 9830, 0]
[15, 9830, 0]
[15, 9830, 4]
[15, 9830, 0]
[15, 9830, 0]
[15, 9830, 0]
[15, 9830, 0]
[15, 9830, 0]
[15, 9830, 1]
[15, 9830, 3]
[15, 9830, 0]
[15, 9830, 0]
[15, 9830, 0]
[20, 13107, 0]
[20, 13107, 0]
[20, 13107, 0]
[20, 13107, 0]
[20, 13107, 0]
[20, 13107, 0]
[20, 13107, 0]
[20, 13107, 0]
[20, 13107, 0]
[20, 13107, 0]
[20, 13107, 0]
[20, 13107, 0]
[20, 13107, 2]
[20, 13107, 1]
[20, 13107, 4]
[20, 13107, 1]
[20, 13107, 1]
[20, 13107, 2]
[20, 13107, 3]
[20, 13107, 2]
[20, 13107, 0]
[20, 13107, 0]
[20, 13107, 1]
[20, 13107, 0]
[20, 13107, 2]
[20, 13107, 0]
[20, 13107, 1]
[20, 13107, 0]
[20, 13107, 1]
[20, 13107, 0]
[20, 13107, 1]
[20, 13107, 6]
[20, 13107, 0]
[20, 13107, 4]
[20, 13107, 0]
[20, 13107, 0]
[20, 13107, 1]
[20, 13107, 3]
[20, 13107, 2]
[20, 13107, 4]
[20, 13107, 0]
[20, 13107, 2]
[20, 13107, 0]
[20, 13107, 0]
[20, 13107, 0]
[20, 13107, 1]
[20, 13107, 0]
[20, 13107, 0]
[20, 13107, 0]
[20, 13107, 3]
[20, 13107, 0]
[20, 13107, 0]
[20, 13107, 2]
[20, 13107, 2]
[20, 13107, 5]
[20, 13107, 0]
[20, 13107, 0]
[20, 13107, 0]
[20, 13107, 3]
[20, 13107, 2]
[20, 13107, 2]
[20, 13107, 9]
[20, 13107, 3]
[20, 13107, 0]
[20, 13107, 0]
[20, 13107, 3]
[20, 13107, 2]
[20, 13107, 3]
[20, 13107, 1]
[20, 13107, 1]
[20, 13107, 1]
[20, 13107, 0]
[20, 13107, 2]
[20, 13107, 0]
[20, 13107, 0]
[20, 13107, 0]
[20, 13107, 0]
[20, 13107, 1]
[20, 13107, 1]
[20, 13107, 2]
[20, 13107, 2]
[20, 13107, 3]
[20, 13107, 1]
[20, 13107, 0]
[20, 13107, 3]
[20, 13107, 0]
[20, 13107, 2]
[20, 13107, 0]
[20, 13107, 2]
[20, 13107, 5]
[20, 13107, 4]
[20, 13107, 5]
[20, 13107, 0]
[20, 13107, 1]
[20, 13107, 0]
[20, 13107, 1]
[20, 13107, 3]
[20, 13107, 0]
[20, 13107, 1]
[20, 13107, 0]
[25, 16384, 6]
[25, 16384, 5]
[25, 16384, 1]
[25, 16384, 2]
[25, 16384, 9]
[25, 16384, 11]
[25, 16384, 9]
[25, 16384, 5]
[25, 16384, 12]
[25, 16384, 3]
[25, 16384, 3]
[25, 16384, 0]
[25, 16384, 6]
[25, 16384, 6]
[25, 16384, 14]
[25, 16384, 7]
[25, 16384, 3]
[25, 16384, 11]
[25, 16384, 2]
[25, 16384, 2]
[25, 16384, 4]
[25, 16384, 9]
[25, 16384, 5]
[25, 16384, 10]
[25, 16384, 10]
[25, 16384, 1]
[25, 16384, 4]
[25, 16384, 1]
[25, 16384, 7]
[25, 16384, 4]
[25, 16384, 9]
[25, 16384, 10]
[25, 16384, 4]
[25, 16384, 6]
[25, 16384, 0]
[25, 16384, 3]
[25, 16384, 7]
[25, 16384, 9]
[25, 16384, 14]
[25, 16384, 12]
[25, 16384, 0]
[25, 16384, 7]
[25, 16384, 4]
[25, 16384, 12]
[25, 16384, 5]
[25, 16384, 6]
[25, 16384, 4]
[25, 16384, 6]
[25, 16384, 2]
[25, 16384, 10]
[25, 16384, 8]
[25, 16384, 3]
[25, 16384, 10]
[25, 16384, 13]
[25, 16384, 3]
[25, 16384, 8]
[25, 16384, 3]
[25, 16384, 9]
[25, 16384, 6]
[25, 16384, 7]
[25, 16384, 7]
[25, 16384, 12]
[25, 16384, 14]
[25, 16384, 6]
[25, 16384, 1]
[25, 16384, 9]
[25, 16384, 2]
[25, 16384, 10]
[25, 16384, 11]
[25, 16384, 7]
[25, 16384, 12]
[25, 16384, 1]
[25, 16384, 11]
[25, 16384, 4]
[25, 16384, 3]
[25, 16384, 0]
[25, 16384, 4]
[25, 16384, 8]
[25, 16384, 9]
[25, 16384, 7]
[25, 16384, 6]
[25, 16384, 12]
[25, 16384, 2]
[25, 16384, 8]
[25, 16384, 9]
[25, 16384, 10]
[25, 16384, 12]
[25, 16384, 0]
[25, 16384, 6]
[25, 16384, 13]
[25, 16384, 13]
[25, 16384, 10]
[25, 16384, 4]
[25, 16384, 1]
[25, 16384, 2]
[25, 16384, 6]
[25, 16384, 7]
[25, 16384, 3]
[25, 16384, 1]
[25, 16384, 9]
[30, 19660, 16]
[30, 19660, 27]
[30, 19660, 16]
[30, 19660, 21]
[30, 19660, 24]
[30, 19660, 25]
[30, 19660, 33]
[30, 19660, 26]
[30, 19660, 32]
[30, 19660, 16]
[30, 19660, 20]
[30, 19660, 12]
[30, 19660, 20]
[30, 19660, 31]
[30, 19660, 24]
[30, 19660, 19]
[30, 19660, 13]
[30, 19660, 34]
[30, 19660, 19]
[30, 19660, 21]
[30, 19660, 24]
[30, 19660, 24]
[30, 19660, 23]
[30, 19660, 16]
[30, 19660, 18]
[30, 19660, 18]
[30, 19660, 28]
[30, 19660, 19]
[30, 19660, 23]
[30, 19660, 27]
[30, 19660, 16]
[30, 19660, 42]
[30, 19660, 18]
[30, 19660, 22]
[30, 19660, 18]
[30, 19660, 22]
[30, 19660, 32]
[30, 19660, 24]
[30, 19660, 21]
[30, 19660, 33]
[30, 19660, 6]
[30, 19660, 29]
[30, 19660, 29]
[30, 19660, 36]
[30, 19660, 27]
[30, 19660, 28]
[30, 19660, 19]
[30, 19660, 17]
[30, 19660, 18]
[30, 19660, 33]
[30, 19660, 26]
[30, 19660, 16]
[30, 19660, 35]
[30, 19660, 35]
[30, 19660, 30]
[30, 19660, 41]
[30, 19660, 11]
[30, 19660, 32]
[30, 19660, 24]
[30, 19660, 22]
[30, 19660, 30]
[30, 19660, 26]
[30, 19660, 19]
[30, 19660, 15]
[30, 19660, 12]
[30, 19660, 24]
[30, 19660, 19]
[30, 19660, 21]
[30, 19660, 27]
[30, 19660, 17]
[30, 19660, 28]
[30, 19660, 8]
[30, 19660, 24]
[30, 19660, 19]
[30, 19660, 18]
[30, 19660, 12]
[30, 19660, 15]
[30, 19660, 25]
[30, 19660, 20]
[30, 19660, 26]
[30, 19660, 25]
[30, 19660, 26]
[30, 19660, 16]
[30, 19660, 16]
[30, 19660, 34]
[30, 19660, 25]
[30, 19660, 39]
[30, 19660, 21]
[30, 19660, 19]
[30, 19660, 26]
[30, 19660, 23]
[30, 19660, 25]
[30, 19660, 16]
[30, 19660, 16]
[30, 19660, 13]
[30, 19660, 26]
[30, 19660, 23]
[30, 19660, 20]
[30, 19660, 14]
[30, 19660, 22]
[35, 22937, 52]
[35, 22937, 78]
[35, 22937, 61]
[35, 22937, 65]
[35, 22937, 64]
[35, 22937, 52]
[35, 22937, 77]
[35, 22937, 58]
[35, 22937, 62]
[35, 22937, 69]
[35, 22937, 68]
[35, 22937, 70]
[35, 22937, 52]
[35, 22937, 97]
[35, 22937, 59]
[35, 22937, 61]
[35, 22937, 72]
[35, 22937, 66]
[35, 22937, 77]
[35, 22937, 55]
[35, 22937, 50]
[35, 22937, 87]
[35, 22937, 77]
[35, 22937, 46]
[35, 22937, 67]
[35, 22937, 48]
[35, 22937, 78]
[35, 22937, 49]
[35, 22937, 55]
[35, 22937, 79]
[35, 22937, 81]
[35, 22937, 75]
[35, 22937, 80]
[35, 22937, 58]
[35, 22937, 41]
[35, 22937, 75]
[35, 22937, 79]
[35, 22937, 83]
[35, 22937, 93]
[35, 22937, 88]
[35, 22937, 46]
[35, 22937, 69]
[35, 22937, 73]
[35, 22937, 52]
[35, 22937, 60]
[35, 22937, 71]
[35, 22937, 39]
[35, 22937, 69]
[35, 22937, 75]
[35, 22937, 66]
[35, 22937, 61]
[35, 22937, 67]
[35, 22937, 76]
[35, 22937, 61]
[35, 22937, 64]
[35, 22937, 90]
[35, 22937, 43]
[35, 22937, 80]
[35, 22937, 74]
[35, 22937, 75]
[35, 22937, 54]
[35, 22937, 63]
[35, 22937, 59]
[35, 22937, 43]
[35, 22937, 36]
[35, 22937, 58]
[35, 22937, 67]
[35, 22937, 61]
[35, 22937, 65]
[35, 22937, 57]
[35, 22937, 67]
[35, 22937, 27]
[35, 22937, 61]
[35, 22937, 68]
[35, 22937, 63]
[35, 22937, 33]
[35, 22937, 60]
[35, 22937, 83]
[35, 22937, 56]
[35, 22937, 61]
[35, 22937, 73]
[35, 22937, 62]
[35, 22937, 49]
[35, 22937, 50]
[35, 22937, 65]
[35, 22937, 72]
[35, 22937, 70]
[35, 22937, 63]
[35, 22937, 59]
[35, 22937, 66]
[35, 22937, 66]
[35, 22937, 56]
[35, 22937, 51]
[35, 22937, 42]
[35, 22937, 33]
[35, 22937, 71]
[35, 22937, 56]
[35, 22937, 46]
[35, 22937, 59]
[35, 22937, 74]
[40, 26214, 133]
[40, 26214, 152]
[40, 26214, 144]
[40, 26214, 150]
[40, 26214, 173]
[40, 26214, 130]
[40, 26214, 159]
[40, 26214, 113]
[40, 26214, 145]
[40, 26214, 157]
[40, 26214, 168]
[40, 26214, 180]
[40, 26214, 167]
[40, 26214, 173]
[40, 26214, 161]
[40, 26214, 133]
[40, 26214, 182]
[40, 26214, 135]
[40, 26214, 152]
[40, 26214, 172]
[40, 26214, 125]
[40, 26214, 205]
[40, 26214, 197]
[40, 26214, 140]
[40, 26214, 160]
[40, 26214, 120]
[40, 26214, 146]
[40, 26214, 124]
[40, 26214, 162]
[40, 26214, 165]
[40, 26214, 153]
[40, 26214, 176]
[40, 26214, 141]
[40, 26214, 140]
[40, 26214, 123]
[40, 26214, 118]
[40, 26214, 193]
[40, 26214, 152]
[40, 26214, 168]
[40, 26214, 155]
[40, 26214, 129]
[40, 26214, 134]
[40, 26214, 161]
[40, 26214, 128]
[40, 26214, 142]
[40, 26214, 168]
[40, 26214, 125]
[40, 26214, 153]
[40, 26214, 164]
[40, 26214, 169]
[40, 26214, 161]
[40, 26214, 136]
[40, 26214, 186]
[40, 26214, 130]
[40, 26214, 148]
[40, 26214, 191]
[40, 26214, 134]
[40, 26214, 160]
[40, 26214, 183]
[40, 26214, 144]
[40, 26214, 129]
[40, 26214, 160]
[40, 26214, 152]
[40, 26214, 130]
[40, 26214, 107]
[40, 26214, 143]
[40, 26214, 153]
[40, 26214, 142]
[40, 26214, 160]
[40, 26214, 142]
[40, 26214, 160]
[40, 26214, 113]
[40, 26214, 150]
[40, 26214, 196]
[40, 26214, 128]
[40, 26214, 107]
[40, 26214, 168]
[40, 26214, 186]
[40, 26214, 148]
[40, 26214, 133]
[40, 26214, 127]
[40, 26214, 155]
[40, 26214, 112]
[40, 26214, 143]
[40, 26214, 136]
[40, 26214, 151]
[40, 26214, 175]
[40, 26214, 148]
[40, 26214, 151]
[40, 26214, 154]
[40, 26214, 185]
[40, 26214, 139]
[40, 26214, 140]
[40, 26214, 113]
[40, 26214, 101]
[40, 26214, 171]
[40, 26214, 123]
[40, 26214, 150]
[40, 26214, 160]
[40, 26214, 163]
