[1, 327, 0]
[1, 327, 0]
[1, 327, 0]
[1, 327, 0]
[1, 327, 0]
[1, 327, 0]
[1, 327, 0]
[1, 327, 0]
[1, 327, 0]
[1, 327, 0]
[1, 327, 0]
[1, 327, 0]
[1, 327, 0]
[1, 327, 0]
[1, 327, 0]
[1, 327, 0]
[1, 327, 0]
[1, 327, 0]
[1, 327, 0]
[1, 327, 0]
[1, 327, 0]
[1, 327, 0]
[1, 327, 0]
[1, 327, 0]
[1, 327, 0]
[1, 327, 0]
[1, 327, 0]
[1, 327, 0]
[1, 327, 0]
[1, 327, 0]
[1, 327, 0]
[1, 327, 0]
[1, 327, 0]
[1, 327, 0]
[1, 327, 0]
[1, 327, 0]
[1, 327, 0]
[1, 327, 0]
[1, 327, 0]
[1, 327, 0]
[1, 327, 0]
[1, 327, 0]
[1, 327, 0]
[1, 327, 0]
[1, 327, 0]
[1, 327, 0]
[1, 327, 0]
[1, 327, 0]
[1, 327, 0]
[1, 327, 0]
[1, 327, 0]
[1, 327, 0]
[1, 327, 0]
[1, 327, 0]
[1, 327, 0]
[1, 327, 0]
[1, 327, 0]
[1, 327, 0]
[1, 327, 0]
[1, 327, 0]
[1, 327, 0]
[1, 327, 0]
[1, 327, 0]
[1, 327, 0]
[1, 327, 0]
[1, 327, 0]
[1, 327, 0]
[1, 327, 0]
[1, 327, 0]
[1, 327, 0]
[1, 327, 0]
[1, 327, 0]
[1, 327, 0]
[1, 327, 0]
[1, 327, 0]
[1, 327, 0]
[1, 327, 0]
[1, 327, 0]
[1, 327, 0]
[1, 327, 0]
[1, 327, 0]
[1, 327, 0]
[1, 327, 0]
[1, 327, 0]
[1, 327, 0]
[1, 327, 0]
[1, 327, 0]
[1, 327, 0]
[1, 327, 0]
[1, 327, 0]
[1, 327, 0]
[1, 327, 0]
[1, 327, 0]
[1, 327, 0]
[1, 327, 0]
[1, 327, 0]
[1, 327, 0]
[1, 327, 0]
[1, 327, 0]
[1, 327, 0]
[2, 655, 0]
[2, 655, 0]
[2, 655, 0]
[2, 655, 0]
[2, 655, 0]
[2, 655, 0]
[2, 655, 0]
[2, 655, 0]
[2, 655, 0]
[2, 655, 0]
[2, 655, 0]
[2, 655, 0]
[2, 655, 0]
[2, 655, 0]
[2, 655, 0]
[2, 655, 0]
[2, 655, 0]
[2, 655, 0]
[2, 655, 0]
[2, 655, 0]
[2, 655, 0]
[2, 655, 0]
[2, 655, 0]
[2, 655, 0]
[2, 655, 0]
[2, 655, 0]
[2, 655, 0]
[2, 655, 0]
[2, 655, 0]
[2, 655, 0]
[2, 655, 0]
[2, 655, 0]
[2, 655, 0]
[2, 655, 0]
[2, 655, 0]
[2, 655, 0]
[2, 655, 0]
[2, 655, 0]
[2, 655, 0]
[2, 655, 0]
[2, 655, 0]
[2, 655, 0]
[2, 655, 0]
[2, 655, 0]
[2, 655, 0]
[2, 655, 0]
[2, 655, 0]
[2, 655, 0]
[2, 655, 0]
[2, 655, 0]
[2, 655, 0]
[2, 655, 0]
[2, 655, 0]
[2, 655, 0]
[2, 655, 0]
[2, 655, 0]
[2, 655, 0]
[2, 655, 0]
[2, 655, 0]
[2, 655, 0]
[2, 655, 0]
[2, 655, 0]
[2, 655, 0]
[2, 655, 0]
[2, 655, 0]
[2, 655, 0]
[2, 655, 0]
[2, 655, 0]
[2, 655, 0]
[2, 655, 0]
[2, 655, 0]
[2, 655, 0]
[2, 655, 0]
[2, 655, 0]
[2, 655, 0]
[2, 655, 0]
[2, 655, 0]
[2, 655, 0]
[2, 655, 0]
[2, 655, 0]
[2, 655, 0]
[2, 655, 0]
[2, 655, 0]
[2, 655, 0]
[2, 655, 0]
[2, 655, 0]
[2, 655, 0]
[2, 655, 0]
[2, 655, 0]
[2, 655, 0]
[2, 655, 0]
[2, 655, 0]
[2, 655, 0]
[2, 655, 0]
[2, 655, 0]
[2, 655, 0]
[2, 655, 0]
[2, 655, 0]
[2, 655, 0]
[2, 655, 0]
[5, 1638, 0]
[5, 1638, 0]
[5, 1638, 0]
[5, 1638, 0]
[5, 1638, 0]
[5, 1638, 0]
[5, 1638, 0]
[5, 1638, 0]
[5, 1638, 0]
[5, 1638, 0]
[5, 1638, 0]
[5, 1638, 0]
[5, 1638, 0]
[5, 1638, 0]
[5, 1638, 0]
[5, 1638, 0]
[5, 1638, 0]
[5, 1638, 0]
[5, 1638, 0]
[5, 1638, 0]
[5, 1638, 0]
[5, 1638, 0]
[5, 1638, 0]
[5, 1638, 0]
[5, 1638, 0]
[5, 1638, 0]
[5, 1638, 0]
[5, 1638, 0]
[5, 1638, 0]
[5, 1638, 0]
[5, 1638, 0]
[5, 1638, 0]
[5, 1638, 0]
[5, 1638, 0]
[5, 1638, 0]
[5, 1638, 0]
[5, 1638, 0]
[5, 1638, 0]
[5, 1638, 0]
[5, 1638, 0]
[5, 1638, 0]
[5, 1638, 0]
[5, 1638, 0]
[5, 1638, 0]
[5, 1638, 0]
[5, 1638, 0]
[5, 1638, 0]
[5, 1638, 0]
[5, 1638, 0]
[5, 1638, 0]
[5, 1638, 0]
[5, 1638, 0]
[5, 1638, 0]
[5, 1638, 0]
[5, 1638, 0]
[5, 1638, 0]
[5, 1638, 0]
[5, 1638, 0]
[5, 1638, 0]
[5, 1638, 0]
[5, 1638, 0]
[5, 1638, 0]
[5, 1638, 0]
[5, 1638, 0]
[5, 1638, 0]
[5, 1638, 0]
[5, 1638, 0]
[5, 1638, 0]
[5, 1638, 0]
[5, 1638, 0]
[5, 1638, 0]
[5, 1638, 0]
[5, 1638, 0]
[5, 1638, 0]
[5, 1638, 0]
[5, 1638, 0]
[5, 1638, 0]
[5, 1638, 0]
[5, 1638, 0]
[5, 1638, 0]
[5, 1638, 0]
[5, 1638, 0]
[5, 1638, 0]
[5, 1638, 0]
[5, 1638, 0]
[5, 1638, 0]
[5, 1638, 0]
[5, 1638, 0]
[5, 1638, 0]
[5, 1638, 0]
[5, 1638, 0]
[5, 1638, 0]
[5, 1638, 0]
[5, 1638, 0]
[5, 1638, 0]
[5, 1638, 0]
[5, 1638, 0]
[5, 1638, 0]
[5, 1638, 0]
[5, 1638, 0]
[10, 3276, 0]
[10, 3276, 0]
[10, 3276, 0]
[10, 3276, 0]
[10, 3276, 0]
[10, 3276, 0]
[10, 3276, 0]
[10, 3276, 0]
[10, 3276, 0]
[10, 3276, 0]
[10, 3276, 0]
[10, 3276, 0]
[10, 3276, 0]
[10, 3276, 0]
[10, 3276, 0]
[10, 3276, 0]
[10, 3276, 0]
[10, 3276, 0]
[10, 3276, 0]
[10, 3276, 0]
[10, 3276, 0]
[10, 3276, 0]
[10, 3276, 0]
[10, 3276, 0]
[10, 3276, 0]
[10, 3276, 1]
[10, 3276, 0]
[10, 3276, 1]
[10, 3276, 0]
[10, 3276, 0]
[10, 3276, 3]
[10, 3276, 0]
[10, 3276, 0]
[10, 3276, 0]
[10, 3276, 0]
[10, 3276, 0]
[10, 3276, 0]
[10, 3276, 0]
[10, 3276, 0]
[10, 3276, 0]
[10, 3276, 0]
[10, 3276, 0]
[10, 3276, 0]
[10, 3276, 0]
[10, 3276, 0]
[10, 3276, 0]
[10, 3276, 0]
[10, 3276, 0]
[10, 3276, 0]
[10, 3276, 0]
[10, 3276, 0]
[10, 3276, 0]
[10, 3276, 0]
[10, 3276, 0]
[10, 3276, 0]
[10, 3276, 0]
[10, 3276, 0]
[10, 3276, 0]
[10, 3276, 0]
[10, 3276, 2]
[10, 3276, 0]
[10, 3276, 0]
[10, 3276, 0]
[10, 3276, 0]
[10, 3276, 0]
[10, 3276, 0]
[10, 3276, 0]
[10, 3276, 0]
[10, 3276, 0]
[10, 3276, 0]
[10, 3276, 2]
[10, 3276, 0]
[10, 3276, 0]
[10, 3276, 0]
[10, 3276, 0]
[10, 3276, 0]
[10, 3276, 0]
[10, 3276, 1]
[10, 3276, 0]
[10, 3276, 0]
[10, 3276, 1]
[10, 3276, 0]
[10, 3276, 0]
[10, 3276, 0]
[10, 3276, 0]
[10, 3276, 0]
[10, 3276, 0]
[10, 3276, 0]
[10, 3276, 0]
[10, 3276, 0]
[10, 3276, 0]
[10, 3276, 0]
[10, 3276, 0]
[10, 3276, 0]
[10, 3276, 0]
[10, 3276, 0]
[10, 3276, 0]
[10, 3276, 0]
[10, 3276, 0]
[10, 3276, 0]
[15, 4915, 0]
[15, 4915, 0]
[15, 4915, 0]
[15, 4915, 0]
[15, 4915, 2]
[15, 4915, 0]
[15, 4915, 1]
[15, 4915, 0]
[15, 4915, 2]
[15, 4915, 0]
[15, 4915, 0]
[15, 4915, 0]
[15, 4915, 0]
[15, 4915, 0]
[15, 4915, 2]
[15, 4915, 0]
[15, 4915, 1]
[15, 4915, 0]
[15, 4915, 0]
[15, 4915, 0]
[15, 4915, 0]
[15, 4915, 3]
[15, 4915, 1]
[15, 4915, 1]
[15, 4915, 1]
[15, 4915, 2]
[15, 4915, 0]
[15, 4915, 4]
[15, 4915, 0]
[15, 4915, 0]
[15, 4915, 1]
[15, 4915, 3]
[15, 4915, 0]
[15, 4915, 4]
[15, 4915, 2]
[15, 4915, 3]
[15, 4915, 0]
[15, 4915, 4]
[15, 4915, 2]
[15, 4915, 0]
[15, 4915, 2]
[15, 4915, 0]
[15, 4915, 2]
[15, 4915, 0]
[15, 4915, 0]
[15, 4915, 0]
[15, 4915, 0]
[15, 4915, 0]
[15, 4915, 0]
[15, 4915, 2]
[15, 4915, 0]
[15, 4915, 0]
[15, 4915, 0]
[15, 4915, 0]
[15, 4915, 0]
[15, 4915, 0]
[15, 4915, 4]
[15, 4915, 0]
[15, 4915, 0]
[15, 4915, 2]
[15, 4915, 2]
[15, 4915, 0]
[15, 4915, 0]
[15, 4915, 1]
[15, 4915, 2]
[15, 4915, 0]
[15, 4915, 0]
[15, 4915, 0]
[15, 4915, 0]
[15, 4915, 0]
[15, 4915, 2]
[15, 4915, 0]
[15, 4915, 0]
[15, 4915, 0]
[15, 4915, 0]
[15, 4915, 0]
[15, 4915, 0]
[15, 4915, 0]
[15, 4915, 0]
[15, 4915, 2]
[15, 4915, 4]
[15, 4915, 0]
[15, 4915, 0]
[15, 4915, 0]
[15, 4915, 2]
[15, 4915, 0]
[15, 4915, 0]
[15, 4915, 0]
[15, 4915, 4]
[15, 4915, 1]
[15, 4915, 0]
[15, 4915, 0]
[15, 4915, 0]
[15, 4915, 0]
[15, 4915, 1]
[15, 4915, 1]
[15, 4915, 0]
[15, 4915, 2]
[15, 4915, 0]
[15, 4915, 0]
[20, 6553, 5]
[20, 6553, 1]
[20, 6553, 11]
[20, 6553, 0]
[20, 6553, 2]
[20, 6553, 0]
[20, 6553, 6]
[20, 6553, 4]
[20, 6553, 9]
[20, 6553, 1]
[20, 6553, 2]
[20, 6553, 1]
[20, 6553, 2]
[20, 6553, 2]
[20, 6553, 8]
[20, 6553, 3]
[20, 6553, 4]
[20, 6553, 9]
[20, 6553, 2]
[20, 6553, 1]
[20, 6553, 0]
[20, 6553, 6]
[20, 6553, 3]
[20, 6553, 1]
[20, 6553, 4]
[20, 6553, 12]
[20, 6553, 1]
[20, 6553, 12]
[20, 6553, 0]
[20, 6553, 1]
[20, 6553, 4]
[20, 6553, 6]
[20, 6553, 1]
[20, 6553, 6]
[20, 6553, 2]
[20, 6553, 2]
[20, 6553, 0]
[20, 6553, 4]
[20, 6553, 7]
[20, 6553, 0]
[20, 6553, 5]
[20, 6553, 0]
[20, 6553, 8]
[20, 6553, 0]
[20, 6553, 2]
[20, 6553, 1]
[20, 6553, 4]
[20, 6553, 1]
[20, 6553, 0]
[20, 6553, 8]
[20, 6553, 6]
[20, 6553, 0]
[20, 6553, 0]
[20, 6553, 6]
[20, 6553, 3]
[20, 6553, 0]
[20, 6553, 4]
[20, 6553, 0]
[20, 6553, 1]
[20, 6553, 4]
[20, 6553, 7]
[20, 6553, 1]
[20, 6553, 0]
[20, 6553, 4]
[20, 6553, 2]
[20, 6553, 5]
[20, 6553, 3]
[20, 6553, 2]
[20, 6553, 2]
[20, 6553, 0]
[20, 6553, 7]
[20, 6553, 2]
[20, 6553, 10]
[20, 6553, 0]
[20, 6553, 5]
[20, 6553, 2]
[20, 6553, 5]
[20, 6553, 3]
[20, 6553, 2]
[20, 6553, 8]
[20, 6553, 6]
[20, 6553, 0]
[20, 6553, 1]
[20, 6553, 3]
[20, 6553, 5]
[20, 6553, 0]
[20, 6553, 7]
[20, 6553, 0]
[20, 6553, 7]
[20, 6553, 8]
[20, 6553, 0]
[20, 6553, 0]
[20, 6553, 4]
[20, 6553, 0]
[20, 6553, 7]
[20, 6553, 2]
[20, 6553, 0]
[20, 6553, 3]
[20, 6553, 3]
[20, 6553, 5]
[25, 8192, 7]
[25, 8192, 8]
[25, 8192, 23]
[25, 8192, 4]
[25, 8192, 8]
[25, 8192, 5]
[25, 8192, 11]
[25, 8192, 15]
[25, 8192, 18]
[25, 8192, 25]
[25, 8192, 6]
[25, 8192, 7]
[25, 8192, 7]
[25, 8192, 4]
[25, 8192, 17]
[25, 8192, 7]
[25, 8192, 20]
[25, 8192, 30]
[25, 8192, 17]
[25, 8192, 4]
[25, 8192, 11]
[25, 8192, 14]
[25, 8192, 16]
[25, 8192, 4]
[25, 8192, 10]
[25, 8192, 14]
[25, 8192, 7]
[25, 8192, 27]
[25, 8192, 9]
[25, 8192, 11]
[25, 8192, 14]
[25, 8192, 12]
[25, 8192, 16]
[25, 8192, 11]
[25, 8192, 7]
[25, 8192, 18]
[25, 8192, 16]
[25, 8192, 13]
[25, 8192, 10]
[25, 8192, 9]
[25, 8192, 5]
[25, 8192, 8]
[25, 8192, 15]
[25, 8192, 7]
[25, 8192, 14]
[25, 8192, 8]
[25, 8192, 11]
[25, 8192, 9]
[25, 8192, 6]
[25, 8192, 16]
[25, 8192, 14]
[25, 8192, 12]
[25, 8192, 4]
[25, 8192, 29]
[25, 8192, 16]
[25, 8192, 14]
[25, 8192, 12]
[25, 8192, 2]
[25, 8192, 2]
[25, 8192, 7]
[25, 8192, 7]
[25, 8192, 15]
[25, 8192, 6]
[25, 8192, 6]
[25, 8192, 9]
[25, 8192, 6]
[25, 8192, 8]
[25, 8192, 4]
[25, 8192, 11]
[25, 8192, 3]
[25, 8192, 13]
[25, 8192, 22]
[25, 8192, 17]
[25, 8192, 6]
[25, 8192, 10]
[25, 8192, 18]
[25, 8192, 12]
[25, 8192, 12]
[25, 8192, 18]
[25, 8192, 25]
[25, 8192, 10]
[25, 8192, 6]
[25, 8192, 8]
[25, 8192, 8]
[25, 8192, 18]
[25, 8192, 14]
[25, 8192, 11]
[25, 8192, 3]
[25, 8192, 20]
[25, 8192, 13]
[25, 8192, 6]
[25, 8192, 4]
[25, 8192, 14]
[25, 8192, 5]
[25, 8192, 28]
[25, 8192, 9]
[25, 8192, 6]
[25, 8192, 15]
[25, 8192, 8]
[25, 8192, 19]
[30, 9830, 33]
[30, 9830, 21]
[30, 9830, 56]
[30, 9830, 35]
[30, 9830, 28]
[30, 9830, 23]
[30, 9830, 41]
[30, 9830, 25]
[30, 9830, 45]
[30, 9830, 31]
[30, 9830, 16]
[30, 9830, 25]
[30, 9830, 28]
[30, 9830, 36]
[30, 9830, 43]
[30, 9830, 17]
[30, 9830, 42]
[30, 9830, 44]
[30, 9830, 41]
[30, 9830, 24]
[30, 9830, 39]
[30, 9830, 24]
[30, 9830, 36]
[30, 9830, 37]
[30, 9830, 34]
[30, 9830, 41]
[30, 9830, 36]
[30, 9830, 50]
[30, 9830, 53]
[30, 9830, 34]
[30, 9830, 29]
[30, 9830, 33]
[30, 9830, 30]
[30, 9830, 29]
[30, 9830, 32]
[30, 9830, 35]
[30, 9830, 21]
[30, 9830, 37]
[30, 9830, 29]
[30, 9830, 16]
[30, 9830, 15]
[30, 9830, 35]
[30, 9830, 31]
[30, 9830, 36]
[30, 9830, 38]
[30, 9830, 25]
[30, 9830, 33]
[30, 9830, 26]
[30, 9830, 31]
[30, 9830, 35]
[30, 9830, 37]
[30, 9830, 31]
[30, 9830, 24]
[30, 9830, 40]
[30, 9830, 36]
[30, 9830, 36]
[30, 9830, 27]
[30, 9830, 23]
[30, 9830, 20]
[30, 9830, 17]
[30, 9830, 29]
[30, 9830, 37]
[30, 9830, 25]
[30, 9830, 28]
[30, 9830, 25]
[30, 9830, 30]
[30, 9830, 30]
[30, 9830, 29]
[30, 9830, 28]
[30, 9830, 28]
[30, 9830, 35]
[30, 9830, 46]
[30, 9830, 39]
[30, 9830, 21]
[30, 9830, 29]
[30, 9830, 43]
[30, 9830, 33]
[30, 9830, 41]
[30, 9830, 47]
[30, 9830, 47]
[30, 9830, 34]
[30, 9830, 21]
[30, 9830, 25]
[30, 9830, 33]
[30, 9830, 47]
[30, 9830, 28]
[30, 9830, 22]
[30, 9830, 16]
[30, 9830, 45]
[30, 9830, 27]
[30, 9830, 22]
[30, 9830, 23]
[30, 9830, 29]
[30, 9830, 14]
[30, 9830, 59]
[30, 9830, 27]
[30, 9830, 32]
[30, 9830, 27]
[30, 9830, 24]
[30, 9830, 34]
[35, 11468, 82]
[35, 11468, 70]
[35, 11468, 112]
[35, 11468, 72]
[35, 11468, 70]
[35, 11468, 53]
[35, 11468, 64]
[35, 11468, 76]
[35, 11468, 92]
[35, 11468, 95]
[35, 11468, 60]
[35, 11468, 67]
[35, 11468, 77]
[35, 11468, 92]
[35, 11468, 72]
[35, 11468, 47]
[35, 11468, 74]
[35, 11468, 88]
[35, 11468, 84]
[35, 11468, 57]
[35, 11468, 94]
[35, 11468, 72]
[35, 11468, 82]
[35, 11468, 101]
[35, 11468, 73]
[35, 11468, 92]
[35, 11468, 95]
[35, 11468, 102]
[35, 11468, 75]
[35, 11468, 83]
[35, 11468, 91]
[35, 11468, 107]
[35, 11468, 62]
[35, 11468, 69]
[35, 11468, 71]
[35, 11468, 90]
[35, 11468, 65]
[35, 11468, 91]
[35, 11468, 70]
[35, 11468, 44]
[35, 11468, 65]
[35, 11468, 80]
[35, 11468, 73]
[35, 11468, 68]
[35, 11468, 81]
[35, 11468, 49]
[35, 11468, 65]
[35, 11468, 84]
[35, 11468, 66]
[35, 11468, 87]
[35, 11468, 92]
[35, 11468, 78]
[35, 11468, 66]
[35, 11468, 66]
[35, 11468, 89]
[35, 11468, 80]
[35, 11468, 64]
[35, 11468, 61]
[35, 11468, 69]
[35, 11468, 76]
[35, 11468, 61]
[35, 11468, 89]
[35, 11468, 81]
[35, 11468, 83]
[35, 11468, 67]
[35, 11468, 67]
[35, 11468, 64]
[35, 11468, 93]
[35, 11468, 53]
[35, 11468, 67]
[35, 11468, 79]
[35, 11468, 100]
[35, 11468, 93]
[35, 11468, 53]
[35, 11468, 63]
[35, 11468, 86]
[35, 11468, 76]
[35, 11468, 56]
[35, 11468, 93]
[35, 11468, 105]
[35, 11468, 74]
[35, 11468, 59]
[35, 11468, 65]
[35, 11468, 63]
[35, 11468, 108]
[35, 11468, 67]
[35, 11468, 67]
[35, 11468, 64]
[35, 11468, 77]
[35, 11468, 67]
[35, 11468, 69]
[35, 11468, 68]
[35, 11468, 50]
[35, 11468, 58]
[35, 11468, 95]
[35, 11468, 77]
[35, 11468, 48]
[35, 11468, 72]
[35, 11468, 68]
[35, 11468, 91]
[40, 13107, 172]
[40, 13107, 139]
[40, 13107, 159]
[40, 13107, 155]
[40, 13107, 155]
[40, 13107, 132]
[40, 13107, 127]
[40, 13107, 142]
[40, 13107, 175]
[40, 13107, 178]
[40, 13107, 149]
[40, 13107, 124]
[40, 13107, 129]
[40, 13107, 160]
[40, 13107, 161]
[40, 13107, 155]
[40, 13107, 151]
[40, 13107, 167]
[40, 13107, 152]
[40, 13107, 130]
[40, 13107, 150]
[40, 13107, 139]
[40, 13107, 183]
[40, 13107, 159]
[40, 13107, 161]
[40, 13107, 138]
[40, 13107, 159]
[40, 13107, 191]
[40, 13107, 156]
[40, 13107, 163]
[40, 13107, 170]
[40, 13107, 179]
[40, 13107, 163]
[40, 13107, 157]
[40, 13107, 120]
[40, 13107, 196]
[40, 13107, 126]
[40, 13107, 146]
[40, 13107, 136]
[40, 13107, 91]
[40, 13107, 105]
[40, 13107, 147]
[40, 13107, 151]
[40, 13107, 163]
[40, 13107, 170]
[40, 13107, 134]
[40, 13107, 157]
[40, 13107, 192]
[40, 13107, 157]
[40, 13107, 203]
[40, 13107, 173]
[40, 13107, 166]
[40, 13107, 157]
[40, 13107, 146]
[40, 13107, 159]
[40, 13107, 161]
[40, 13107, 111]
[40, 13107, 128]
[40, 13107, 162]
[40, 13107, 142]
[40, 13107, 126]
[40, 13107, 169]
[40, 13107, 133]
[40, 13107, 157]
[40, 13107, 161]
[40, 13107, 125]
[40, 13107, 139]
[40, 13107, 188]
[40, 13107, 117]
[40, 13107, 143]
[40, 13107, 150]
[40, 13107, 182]
[40, 13107, 213]
[40, 13107, 128]
[40, 13107, 127]
[40, 13107, 203]
[40, 13107, 134]
[40, 13107, 139]
[40, 13107, 166]
[40, 13107, 172]
[40, 13107, 147]
[40, 13107, 142]
[40, 13107, 172]
[40, 13107, 196]
[40, 13107, 175]
[40, 13107, 127]
[40, 13107, 130]
[40, 13107, 98]
[40, 13107, 168]
[40, 13107, 167]
[40, 13107, 137]
[40, 13107, 147]
[40, 13107, 128]
[40, 13107, 123]
[40, 13107, 177]
[40, 13107, 194]
[40, 13107, 136]
[40, 13107, 135]
[40, 13107, 140]
[40, 13107, 161]
