[1, 1310, 5, 6, 4, 3]
[1, 1310, 1, 1, 0, 4]
[1, 1310, 1, 2, 2, 2]
[1, 1310, 3, 4, 2, 0]
[1, 1310, 1, 2, 7, 2]
[1, 1310, 1, 4, 7, 0]
[1, 1310, 3, 1, 1, 1]
[1, 1310, 1, 3, 0, 1]
[1, 1310, 2, 2, 0, 2]
[1, 1310, 0, 5, 2, 1]
[1, 1310, 1, 2, 4, 1]
[1, 1310, 0, 3, 2, 4]
[1, 1310, 2, 0, 0, 2]
[1, 1310, 2, 0, 1, 4]
[1, 1310, 0, 1, 2, 0]
[1, 1310, 4, 8, 2, 1]
[1, 1310, 8, 1, 3, 3]
[1, 1310, 4, 2, 0, 0]
[1, 1310, 2, 1, 2, 4]
[1, 1310, 6, 2, 4, 3]
[1, 1310, 3, 5, 6, 0]
[1, 1310, 2, 2, 4, 2]
[1, 1310, 0, 3, 3, 2]
[1, 1310, 0, 3, 4, 2]
[1, 1310, 6, 1, 1, 2]
[1, 1310, 2, 4, 10, 0]
[1, 1310, 2, 4, 1, 0]
[1, 1310, 2, 2, 0, 3]
[1, 1310, 1, 3, 0, 5]
[1, 1310, 0, 3, 4, 3]
[1, 1310, 3, 0, 1, 2]
[1, 1310, 1, 1, 2, 6]
[1, 1310, 3, 3, 2, 2]
[1, 1310, 2, 7, 0, 1]
[1, 1310, 2, 1, 4, 1]
[1, 1310, 1, 1, 1, 1]
[1, 1310, 2, 0, 6, 4]
[1, 1310, 1, 2, 4, 2]
[1, 1310, 1, 4, 0, 1]
[1, 1310, 2, 2, 3, 0]
[1, 1310, 1, 0, 2, 2]
[1, 1310, 3, 0, 1, 3]
[1, 1310, 2, 3, 2, 2]
[1, 1310, 2, 3, 8, 0]
[1, 1310, 2, 2, 4, 2]
[1, 1310, 4, 2, 3, 0]
[1, 1310, 0, 6, 3, 4]
[1, 1310, 3, 4, 3, 3]
[1, 1310, 2, 1, 4, 2]
[1, 1310, 3, 3, 2, 0]
[1, 1310, 1, 6, 6, 4]
[1, 1310, 1, 1, 0, 2]
[1, 1310, 2, 4, 3, 2]
[1, 1310, 3, 1, 1, 0]
[1, 1310, 1, 0, 0, 1]
[1, 1310, 0, 0, 1, 3]
[1, 1310, 0, 3, 2, 0]
[1, 1310, 8, 4, 2, 1]
[1, 1310, 1, 2, 0, 4]
[1, 1310, 2, 0, 2, 3]
[1, 1310, 6, 1, 0, 1]
[1, 1310, 0, 3, 4, 2]
[1, 1310, 0, 2, 3, 3]
[1, 1310, 1, 1, 3, 4]
[1, 1310, 5, 1, 0, 1]
[1, 1310, 1, 2, 1, 2]
[1, 1310, 3, 3, 0, 2]
[1, 1310, 2, 4, 3, 0]
[1, 1310, 10, 3, 2, 2]
[1, 1310, 0, 3, 1, 5]
[1, 1310, 5, 1, 0, 4]
[1, 1310, 4, 0, 3, 1]
[1, 1310, 3, 1, 2, 2]
[1, 1310, 2, 0, 1, 0]
[1, 1310, 1, 2, 1, 2]
[1, 1310, 0, 3, 1, 4]
[1, 1310, 5, 4, 1, 7]
[1, 1310, 2, 6, 2, 10]
[1, 1310, 3, 4, 3, 2]
[1, 1310, 2, 5, 0, 0]
[1, 1310, 0, 2, 2, 2]
[1, 1310, 0, 4, 2, 0]
[1, 1310, 3, 2, 5, 4]
[1, 1310, 2, 1, 6, 2]
[1, 1310, 2, 0, 1, 4]
[1, 1310, 3, 3, 3, 0]
[1, 1310, 2, 3, 3, 4]
[1, 1310, 0, 2, 3, 5]
[1, 1310, 0, 2, 3, 2]
[1, 1310, 2, 9, 2, 0]
[1, 1310, 2, 0, 1, 1]
[1, 1310, 0, 5, 2, 1]
[1, 1310, 8, 3, 2, 0]
[1, 1310, 2, 0, 2, 4]
[1, 1310, 0, 3, 1, 4]
[1, 1310, 1, 1, 0, 6]
[1, 1310, 5, 2, 0, 1]
[1, 1310, 1, 1, 4, 3]
[1, 1310, 2, 0, 3, 3]
[1, 1310, 3, 2, 1, 0]
[2, 2621, 18, 12, 11, 17]
[2, 2621, 12, 11, 6, 14]
[2, 2621, 7, 8, 4, 24]
[2, 2621, 12, 10, 8, 8]
[2, 2621, 7, 9, 9, 9]
[2, 2621, 8, 17, 7, 6]
[2, 2621, 12, 9, 10, 5]
[2, 2621, 9, 12, 5, 10]
[2, 2621, 12, 4, 14, 13]
[2, 2621, 9, 19, 13, 4]
[2, 2621, 6, 5, 18, 16]
[2, 2621, 7, 12, 5, 8]
[2, 2621, 12, 8, 16, 7]
[2, 2621, 5, 18, 9, 10]
[2, 2621, 8, 5, 12, 6]
[2, 2621, 9, 10, 12, 3]
[2, 2621, 17, 6, 9, 12]
[2, 2621, 21, 9, 6, 4]
[2, 2621, 4, 14, 14, 13]
[2, 2621, 12, 2, 16, 7]
[2, 2621, 12, 11, 15, 6]
[2, 2621, 8, 19, 14, 14]
[2, 2621, 10, 10, 8, 9]
[2, 2621, 9, 8, 6, 7]
[2, 2621, 17, 8, 9, 10]
[2, 2621, 11, 9, 18, 4]
[2, 2621, 12, 16, 9, 8]
[2, 2621, 11, 12, 12, 8]
[2, 2621, 4, 15, 5, 10]
[2, 2621, 9, 9, 12, 8]
[2, 2621, 10, 3, 14, 12]
[2, 2621, 4, 6, 10, 12]
[2, 2621, 8, 4, 5, 8]
[2, 2621, 5, 17, 9, 9]
[2, 2621, 5, 18, 13, 12]
[2, 2621, 7, 4, 6, 4]
[2, 2621, 5, 6, 17, 8]
[2, 2621, 8, 10, 5, 9]
[2, 2621, 16, 19, 11, 7]
[2, 2621, 7, 15, 15, 17]
[2, 2621, 6, 12, 10, 7]
[2, 2621, 10, 9, 12, 15]
[2, 2621, 6, 12, 7, 6]
[2, 2621, 10, 19, 10, 11]
[2, 2621, 14, 3, 8, 7]
[2, 2621, 18, 15, 9, 4]
[2, 2621, 4, 8, 15, 13]
[2, 2621, 9, 9, 12, 13]
[2, 2621, 8, 10, 11, 11]
[2, 2621, 10, 13, 13, 5]
[2, 2621, 3, 18, 25, 7]
[2, 2621, 4, 16, 11, 7]
[2, 2621, 11, 6, 4, 9]
[2, 2621, 4, 22, 7, 9]
[2, 2621, 4, 10, 6, 5]
[2, 2621, 7, 5, 4, 5]
[2, 2621, 10, 15, 11, 9]
[2, 2621, 12, 16, 15, 7]
[2, 2621, 7, 8, 8, 9]
[2, 2621, 7, 20, 2, 5]
[2, 2621, 15, 6, 6, 4]
[2, 2621, 6, 14, 17, 8]
[2, 2621, 7, 7, 7, 13]
[2, 2621, 6, 11, 8, 12]
[2, 2621, 18, 6, 6, 10]
[2, 2621, 6, 9, 8, 11]
[2, 2621, 11, 19, 10, 15]
[2, 2621, 7, 6, 6, 9]
[2, 2621, 24, 19, 8, 16]
[2, 2621, 16, 4, 11, 17]
[2, 2621, 14, 12, 9, 12]
[2, 2621, 19, 9, 21, 17]
[2, 2621, 11, 3, 18, 5]
[2, 2621, 9, 10, 2, 6]
[2, 2621, 5, 7, 5, 8]
[2, 2621, 13, 15, 8, 18]
[2, 2621, 14, 11, 8, 15]
[2, 2621, 10, 8, 9, 21]
[2, 2621, 12, 9, 10, 9]
[2, 2621, 15, 10, 15, 12]
[2, 2621, 11, 14, 14, 16]
[2, 2621, 20, 11, 17, 5]
[2, 2621, 11, 10, 12, 12]
[2, 2621, 3, 18, 21, 7]
[2, 2621, 5, 9, 10, 5]
[2, 2621, 18, 11, 9, 8]
[2, 2621, 3, 13, 9, 17]
[2, 2621, 8, 13, 5, 8]
[2, 2621, 4, 3, 14, 10]
[2, 2621, 5, 12, 11, 9]
[2, 2621, 7, 7, 5, 7]
[2, 2621, 8, 10, 9, 14]
[2, 2621, 24, 13, 3, 3]
[2, 2621, 13, 8, 10, 5]
[2, 2621, 3, 11, 10, 7]
[2, 2621, 7, 8, 7, 8]
[2, 2621, 14, 20, 6, 6]
[2, 2621, 8, 8, 20, 9]
[2, 2621, 8, 8, 14, 14]
[2, 2621, 11, 10, 10, 11]
[5, 6553, 97, 102, 87, 74]
[5, 6553, 92, 89, 55, 104]
[5, 6553, 77, 85, 72, 114]
[5, 6553, 97, 101, 102, 89]
[5, 6553, 73, 76, 90, 95]
[5, 6553, 108, 85, 89, 96]
[5, 6553, 94, 101, 93, 70]
[5, 6553, 94, 86, 82, 97]
[5, 6553, 105, 117, 96, 97]
[5, 6553, 94, 93, 93, 88]
[5, 6553, 79, 86, 98, 102]
[5, 6553, 79, 84, 109, 88]
[5, 6553, 79, 95, 76, 80]
[5, 6553, 82, 90, 105, 128]
[5, 6553, 86, 93, 94, 81]
[5, 6553, 107, 93, 95, 62]
[5, 6553, 89, 80, 86, 69]
[5, 6553, 107, 89, 78, 108]
[5, 6553, 88, 97, 100, 94]
[5, 6553, 80, 79, 92, 85]
[5, 6553, 104, 73, 103, 75]
[5, 6553, 83, 122, 79, 95]
[5, 6553, 91, 102, 76, 80]
[5, 6553, 102, 97, 79, 95]
[5, 6553, 87, 93, 77, 103]
[5, 6553, 74, 100, 111, 71]
[5, 6553, 100, 83, 96, 66]
[5, 6553, 111, 79, 78, 70]
[5, 6553, 91, 116, 77, 93]
[5, 6553, 93, 59, 73, 98]
[5, 6553, 109, 74, 119, 97]
[5, 6553, 79, 87, 99, 110]
[5, 6553, 118, 114, 70, 83]
[5, 6553, 105, 115, 91, 75]
[5, 6553, 96, 97, 93, 84]
[5, 6553, 81, 75, 51, 91]
[5, 6553, 87, 92, 124, 82]
[5, 6553, 87, 93, 105, 87]
[5, 6553, 72, 109, 94, 99]
[5, 6553, 68, 95, 99, 101]
[5, 6553, 91, 97, 77, 90]
[5, 6553, 97, 71, 103, 109]
[5, 6553, 79, 85, 86, 125]
[5, 6553, 101, 105, 92, 88]
[5, 6553, 102, 90, 92, 60]
[5, 6553, 80, 91, 95, 77]
[5, 6553, 70, 101, 85, 99]
[5, 6553, 90, 98, 107, 86]
[5, 6553, 87, 93, 92, 94]
[5, 6553, 84, 72, 85, 93]
[5, 6553, 79, 96, 93, 114]
[5, 6553, 92, 104, 88, 97]
[5, 6553, 75, 78, 105, 83]
[5, 6553, 93, 81, 86, 100]
[5, 6553, 95, 86, 92, 86]
[5, 6553, 83, 70, 72, 81]
[5, 6553, 105, 120, 65, 70]
[5, 6553, 100, 87, 96, 71]
[5, 6553, 79, 98, 89, 97]
[5, 6553, 79, 96, 85, 104]
[5, 6553, 96, 106, 84, 75]
[5, 6553, 115, 99, 105, 89]
[5, 6553, 79, 101, 72, 105]
[5, 6553, 85, 77, 77, 93]
[5, 6553, 114, 89, 64, 90]
[5, 6553, 70, 87, 85, 89]
[5, 6553, 75, 98, 100, 102]
[5, 6553, 91, 89, 96, 96]
[5, 6553, 111, 105, 69, 112]
[5, 6553, 100, 96, 93, 81]
[5, 6553, 93, 98, 82, 78]
[5, 6553, 78, 92, 101, 107]
[5, 6553, 86, 77, 101, 78]
[5, 6553, 87, 82, 73, 72]
[5, 6553, 93, 108, 80, 74]
[5, 6553, 82, 96, 91, 75]
[5, 6553, 86, 105, 98, 97]
[5, 6553, 91, 77, 91, 99]
[5, 6553, 98, 86, 87, 88]
[5, 6553, 89, 98, 104, 99]
[5, 6553, 69, 105, 88, 115]
[5, 6553, 124, 71, 87, 104]
[5, 6553, 92, 91, 83, 93]
[5, 6553, 95, 85, 124, 58]
[5, 6553, 73, 89, 90, 90]
[5, 6553, 92, 75, 74, 78]
[5, 6553, 81, 85, 110, 103]
[5, 6553, 94, 90, 81, 59]
[5, 6553, 82, 62, 79, 101]
[5, 6553, 103, 111, 108, 86]
[5, 6553, 105, 89, 62, 73]
[5, 6553, 91, 64, 89, 94]
[5, 6553, 95, 89, 64, 61]
[5, 6553, 103, 86, 90, 76]
[5, 6553, 89, 97, 93, 98]
[5, 6553, 86, 104, 82, 77]
[5, 6553, 103, 66, 66, 86]
[5, 6553, 72, 95, 101, 94]
[5, 6553, 101, 92, 81, 107]
[5, 6553, 77, 87, 85, 104]
[10, 13107, 490, 507, 530, 506]
[10, 13107, 489, 522, 429, 466]
[10, 13107, 501, 530, 437, 553]
[10, 13107, 500, 523, 518, 454]
[10, 13107, 484, 508, 433, 513]
[10, 13107, 497, 493, 401, 541]
[10, 13107, 425, 562, 469, 445]
[10, 13107, 520, 459, 516, 519]
[10, 13107, 549, 517, 505, 461]
[10, 13107, 499, 481, 502, 475]
[10, 13107, 428, 516, 489, 500]
[10, 13107, 498, 498, 546, 454]
[10, 13107, 511, 483, 477, 492]
[10, 13107, 472, 519, 515, 490]
[10, 13107, 518, 498, 508, 465]
[10, 13107, 467, 494, 517, 433]
[10, 13107, 494, 482, 497, 459]
[10, 13107, 470, 511, 465, 481]
[10, 13107, 458, 534, 461, 513]
[10, 13107, 462, 511, 498, 447]
[10, 13107, 505, 480, 550, 504]
[10, 13107, 527, 527, 477, 531]
[10, 13107, 447, 500, 504, 543]
[10, 13107, 528, 500, 460, 528]
[10, 13107, 486, 487, 454, 508]
[10, 13107, 530, 544, 525, 487]
[10, 13107, 466, 481, 425, 501]
[10, 13107, 573, 461, 484, 446]
[10, 13107, 472, 538, 482, 471]
[10, 13107, 541, 478, 492, 471]
[10, 13107, 524, 458, 497, 513]
[10, 13107, 465, 531, 459, 511]
[10, 13107, 529, 550, 437, 493]
[10, 13107, 555, 502, 538, 484]
[10, 13107, 502, 544, 491, 513]
[10, 13107, 466, 460, 467, 535]
[10, 13107, 457, 470, 596, 490]
[10, 13107, 502, 479, 537, 463]
[10, 13107, 435, 538, 502, 534]
[10, 13107, 483, 507, 471, 510]
[10, 13107, 488, 536, 476, 490]
[10, 13107, 506, 491, 518, 493]
[10, 13107, 471, 463, 528, 534]
[10, 13107, 534, 499, 505, 467]
[10, 13107, 500, 507, 492, 465]
[10, 13107, 458, 504, 469, 457]
[10, 13107, 521, 554, 505, 473]
[10, 13107, 582, 506, 502, 536]
[10, 13107, 530, 501, 426, 485]
[10, 13107, 514, 455, 514, 462]
[10, 13107, 492, 504, 515, 567]
[10, 13107, 445, 509, 488, 531]
[10, 13107, 554, 525, 513, 488]
[10, 13107, 575, 391, 509, 548]
[10, 13107, 468, 494, 524, 459]
[10, 13107, 561, 482, 475, 477]
[10, 13107, 536, 591, 463, 465]
[10, 13107, 530, 490, 486, 427]
[10, 13107, 513, 478, 483, 558]
[10, 13107, 482, 564, 431, 546]
[10, 13107, 455, 564, 497, 485]
[10, 13107, 525, 547, 542, 480]
[10, 13107, 466, 511, 456, 571]
[10, 13107, 551, 438, 464, 509]
[10, 13107, 507, 516, 470, 501]
[10, 13107, 459, 441, 461, 546]
[10, 13107, 414, 513, 499, 553]
[10, 13107, 469, 471, 537, 512]
[10, 13107, 538, 533, 477, 527]
[10, 13107, 541, 526, 545, 449]
[10, 13107, 549, 528, 480, 493]
[10, 13107, 463, 466, 527, 503]
[10, 13107, 462, 526, 500, 450]
[10, 13107, 519, 437, 480, 473]
[10, 13107, 502, 521, 491, 482]
[10, 13107, 512, 532, 468, 524]
[10, 13107, 472, 518, 475, 502]
[10, 13107, 486, 493, 522, 499]
[10, 13107, 563, 529, 442, 490]
[10, 13107, 498, 503, 449, 517]
[10, 13107, 471, 527, 481, 450]
[10, 13107, 595, 498, 460, 458]
[10, 13107, 476, 466, 533, 494]
[10, 13107, 491, 473, 482, 480]
[10, 13107, 464, 514, 510, 548]
[10, 13107, 529, 528, 480, 437]
[10, 13107, 510, 526, 492, 520]
[10, 13107, 511, 488, 543, 430]
[10, 13107, 490, 533, 466, 466]
[10, 13107, 514, 477, 539, 508]
[10, 13107, 477, 476, 412, 444]
[10, 13107, 546, 426, 504, 509]
[10, 13107, 512, 467, 462, 496]
[10, 13107, 465, 482, 516, 528]
[10, 13107, 502, 501, 438, 530]
[10, 13107, 526, 481, 452, 508]
[10, 13107, 534, 482, 457, 440]
[10, 13107, 477, 455, 539, 484]
[10, 13107, 476, 502, 504, 477]
[10, 13107, 436, 496, 474, 529]
[15, 19660, 1284, 1350, 1338, 1278]
[15, 19660, 1330, 1327, 1129, 1195]
[15, 19660, 1272, 1252, 1197, 1395]
[15, 19660, 1332, 1327, 1288, 1258]
[15, 19660, 1236, 1230, 1278, 1386]
[15, 19660, 1299, 1235, 1234, 1383]
[15, 19660, 1245, 1367, 1277, 1279]
[15, 19660, 1254, 1270, 1303, 1329]
[15, 19660, 1335, 1304, 1288, 1277]
[15, 19660, 1275, 1294, 1358, 1239]
[15, 19660, 1168, 1240, 1327, 1252]
[15, 19660, 1235, 1326, 1309, 1207]
[15, 19660, 1356, 1237, 1265, 1344]
[15, 19660, 1243, 1319, 1313, 1287]
[15, 19660, 1262, 1239, 1343, 1259]
[15, 19660, 1322, 1248, 1301, 1275]
[15, 19660, 1360, 1254, 1278, 1262]
[15, 19660, 1280, 1293, 1312, 1364]
[15, 19660, 1225, 1365, 1280, 1274]
[15, 19660, 1226, 1309, 1238, 1260]
[15, 19660, 1302, 1236, 1298, 1390]
[15, 19660, 1286, 1361, 1268, 1281]
[15, 19660, 1225, 1244, 1276, 1368]
[15, 19660, 1389, 1266, 1333, 1268]
[15, 19660, 1353, 1294, 1190, 1233]
[15, 19660, 1308, 1366, 1296, 1257]
[15, 19660, 1229, 1303, 1218, 1246]
[15, 19660, 1318, 1260, 1283, 1165]
[15, 19660, 1234, 1305, 1311, 1243]
[15, 19660, 1347, 1246, 1237, 1263]
[15, 19660, 1337, 1236, 1249, 1280]
[15, 19660, 1300, 1297, 1209, 1279]
[15, 19660, 1318, 1335, 1180, 1296]
[15, 19660, 1325, 1303, 1413, 1212]
[15, 19660, 1379, 1320, 1308, 1244]
[15, 19660, 1246, 1241, 1212, 1343]
[15, 19660, 1234, 1321, 1351, 1269]
[15, 19660, 1278, 1215, 1310, 1316]
[15, 19660, 1242, 1341, 1267, 1331]
[15, 19660, 1192, 1320, 1219, 1301]
[15, 19660, 1317, 1381, 1298, 1247]
[15, 19660, 1291, 1295, 1301, 1327]
[15, 19660, 1240, 1187, 1319, 1355]
[15, 19660, 1357, 1379, 1255, 1259]
[15, 19660, 1264, 1301, 1312, 1177]
[15, 19660, 1336, 1294, 1261, 1222]
[15, 19660, 1309, 1242, 1269, 1259]
[15, 19660, 1441, 1259, 1256, 1302]
[15, 19660, 1320, 1325, 1156, 1235]
[15, 19660, 1294, 1274, 1218, 1243]
[15, 19660, 1324, 1248, 1280, 1305]
[15, 19660, 1228, 1280, 1291, 1379]
[15, 19660, 1353, 1291, 1335, 1290]
[15, 19660, 1368, 1132, 1269, 1377]
[15, 19660, 1268, 1288, 1298, 1267]
[15, 19660, 1378, 1252, 1306, 1282]
[15, 19660, 1405, 1400, 1190, 1211]
[15, 19660, 1371, 1259, 1265, 1238]
[15, 19660, 1335, 1289, 1370, 1314]
[15, 19660, 1232, 1307, 1226, 1310]
[15, 19660, 1237, 1357, 1321, 1343]
[15, 19660, 1332, 1338, 1379, 1290]
[15, 19660, 1258, 1239, 1228, 1410]
[15, 19660, 1341, 1289, 1226, 1326]
[15, 19660, 1293, 1332, 1246, 1266]
[15, 19660, 1214, 1249, 1239, 1434]
[15, 19660, 1179, 1224, 1263, 1353]
[15, 19660, 1195, 1277, 1287, 1298]
[15, 19660, 1304, 1368, 1222, 1325]
[15, 19660, 1333, 1311, 1266, 1177]
[15, 19660, 1314, 1314, 1249, 1222]
[15, 19660, 1227, 1300, 1260, 1314]
[15, 19660, 1341, 1307, 1281, 1268]
[15, 19660, 1382, 1254, 1295, 1245]
[15, 19660, 1334, 1298, 1345, 1266]
[15, 19660, 1252, 1359, 1329, 1342]
[15, 19660, 1302, 1273, 1289, 1350]
[15, 19660, 1209, 1283, 1349, 1277]
[15, 19660, 1401, 1289, 1276, 1179]
[15, 19660, 1310, 1303, 1254, 1256]
[15, 19660, 1305, 1259, 1214, 1274]
[15, 19660, 1392, 1290, 1255, 1256]
[15, 19660, 1313, 1286, 1298, 1303]
[15, 19660, 1353, 1243, 1275, 1287]
[15, 19660, 1270, 1262, 1289, 1329]
[15, 19660, 1352, 1305, 1284, 1222]
[15, 19660, 1284, 1293, 1282, 1280]
[15, 19660, 1233, 1265, 1386, 1264]
[15, 19660, 1383, 1358, 1189, 1247]
[15, 19660, 1375, 1264, 1352, 1254]
[15, 19660, 1314, 1243, 1211, 1227]
[15, 19660, 1347, 1159, 1325, 1285]
[15, 19660, 1278, 1229, 1265, 1351]
[15, 19660, 1232, 1323, 1289, 1295]
[15, 19660, 1308, 1351, 1218, 1321]
[15, 19660, 1325, 1240, 1257, 1254]
[15, 19660, 1368, 1308, 1221, 1222]
[15, 19660, 1344, 1259, 1338, 1230]
[15, 19660, 1207, 1392, 1305, 1259]
[15, 19660, 1212, 1288, 1225, 1373]
[20, 26214, 2415, 2460, 2499, 2456]
[20, 26214, 2454, 2469, 2268, 2394]
[20, 26214, 2470, 2426, 2380, 2565]
[20, 26214, 2437, 2469, 2461, 2503]
[20, 26214, 2364, 2451, 2441, 2488]
[20, 26214, 2417, 2354, 2486, 2582]
[20, 26214, 2460, 2435, 2522, 2397]
[20, 26214, 2383, 2411, 2534, 2548]
[20, 26214, 2531, 2434, 2431, 2439]
[20, 26214, 2363, 2541, 2464, 2341]
[20, 26214, 2349, 2542, 2357, 2342]
[20, 26214, 2391, 2511, 2479, 2389]
[20, 26214, 2425, 2409, 2421, 2382]
[20, 26214, 2380, 2457, 2429, 2501]
[20, 26214, 2389, 2386, 2527, 2417]
[20, 26214, 2435, 2379, 2456, 2363]
[20, 26214, 2561, 2431, 2403, 2394]
[20, 26214, 2518, 2470, 2354, 2426]
[20, 26214, 2376, 2566, 2366, 2497]
[20, 26214, 2329, 2478, 2357, 2398]
[20, 26214, 2345, 2395, 2487, 2556]
[20, 26214, 2423, 2592, 2369, 2368]
[20, 26214, 2363, 2446, 2483, 2555]
[20, 26214, 2575, 2334, 2443, 2420]
[20, 26214, 2492, 2443, 2414, 2460]
[20, 26214, 2459, 2521, 2441, 2288]
[20, 26214, 2361, 2511, 2335, 2320]
[20, 26214, 2461, 2447, 2455, 2323]
[20, 26214, 2374, 2486, 2473, 2451]
[20, 26214, 2492, 2335, 2397, 2348]
[20, 26214, 2565, 2408, 2290, 2418]
[20, 26214, 2417, 2476, 2363, 2519]
[20, 26214, 2538, 2485, 2309, 2453]
[20, 26214, 2519, 2395, 2467, 2219]
[20, 26214, 2557, 2454, 2430, 2294]
[20, 26214, 2448, 2343, 2359, 2512]
[20, 26214, 2407, 2494, 2485, 2388]
[20, 26214, 2449, 2407, 2452, 2474]
[20, 26214, 2299, 2548, 2379, 2514]
[20, 26214, 2321, 2499, 2303, 2535]
[20, 26214, 2465, 2504, 2422, 2386]
[20, 26214, 2450, 2454, 2514, 2395]
[20, 26214, 2407, 2323, 2475, 2501]
[20, 26214, 2540, 2447, 2345, 2389]
[20, 26214, 2357, 2503, 2522, 2272]
[20, 26214, 2454, 2463, 2537, 2326]
[20, 26214, 2460, 2372, 2418, 2450]
[20, 26214, 2578, 2372, 2376, 2453]
[20, 26214, 2477, 2520, 2290, 2454]
[20, 26214, 2329, 2559, 2402, 2374]
[20, 26214, 2477, 2442, 2431, 2464]
[20, 26214, 2360, 2447, 2485, 2549]
[20, 26214, 2557, 2378, 2500, 2429]
[20, 26214, 2516, 2300, 2497, 2482]
[20, 26214, 2400, 2467, 2473, 2288]
[20, 26214, 2517, 2379, 2407, 2447]
[20, 26214, 2614, 2581, 2288, 2357]
[20, 26214, 2518, 2405, 2416, 2356]
[20, 26214, 2434, 2441, 2511, 2435]
[20, 26214, 2444, 2525, 2363, 2382]
[20, 26214, 2280, 2616, 2503, 2504]
[20, 26214, 2366, 2456, 2597, 2462]
[20, 26214, 2399, 2374, 2405, 2591]
[20, 26214, 2563, 2393, 2354, 2474]
[20, 26214, 2386, 2498, 2405, 2413]
[20, 26214, 2307, 2487, 2356, 2549]
[20, 26214, 2251, 2324, 2452, 2539]
[20, 26214, 2398, 2392, 2396, 2521]
[20, 26214, 2500, 2469, 2374, 2502]
[20, 26214, 2568, 2370, 2397, 2257]
[20, 26214, 2427, 2447, 2447, 2372]
[20, 26214, 2412, 2402, 2392, 2465]
[20, 26214, 2506, 2453, 2448, 2457]
[20, 26214, 2575, 2362, 2427, 2357]
[20, 26214, 2476, 2354, 2459, 2431]
[20, 26214, 2460, 2407, 2559, 2412]
[20, 26214, 2397, 2462, 2475, 2516]
[20, 26214, 2412, 2481, 2407, 2357]
[20, 26214, 2597, 2419, 2416, 2287]
[20, 26214, 2441, 2435, 2446, 2406]
[20, 26214, 2483, 2465, 2413, 2441]
[20, 26214, 2508, 2397, 2396, 2374]
[20, 26214, 2513, 2495, 2457, 2365]
[20, 26214, 2509, 2327, 2451, 2446]
[20, 26214, 2406, 2526, 2428, 2482]
[20, 26214, 2430, 2453, 2464, 2316]
[20, 26214, 2515, 2432, 2387, 2492]
[20, 26214, 2388, 2364, 2523, 2434]
[20, 26214, 2523, 2485, 2379, 2338]
[20, 26214, 2539, 2442, 2458, 2389]
[20, 26214, 2482, 2324, 2351, 2484]
[20, 26214, 2468, 2362, 2512, 2481]
[20, 26214, 2460, 2367, 2355, 2492]
[20, 26214, 2405, 2506, 2388, 2490]
[20, 26214, 2421, 2463, 2427, 2471]
[20, 26214, 2457, 2403, 2361, 2423]
[20, 26214, 2488, 2500, 2436, 2348]
[20, 26214, 2512, 2381, 2559, 2386]
[20, 26214, 2391, 2464, 2420, 2343]
[20, 26214, 2409, 2582, 2345, 2455]
[25, 32768, 3806, 3842, 3982, 3897]
[25, 32768, 3966, 3946, 3782, 3803]
[25, 32768, 3932, 3889, 3766, 3976]
[25, 32768, 3903, 3862, 3946, 3923]
[25, 32768, 3671, 3936, 3850, 4007]
[25, 32768, 3789, 3796, 3912, 4016]
[25, 32768, 3864, 3912, 3949, 3889]
[25, 32768, 3713, 3849, 3938, 4005]
[25, 32768, 3947, 3853, 3835, 3967]
[25, 32768, 3851, 3961, 3984, 3751]
[25, 32768, 3838, 4080, 3755, 3722]
[25, 32768, 3827, 3857, 4008, 3880]
[25, 32768, 3865, 3886, 3876, 3830]
[25, 32768, 3899, 3892, 3879, 3894]
[25, 32768, 3815, 3749, 3942, 3880]
[25, 32768, 3894, 3855, 3868, 3809]
[25, 32768, 4093, 3944, 3820, 3770]
[25, 32768, 3934, 3799, 3837, 3931]
[25, 32768, 3818, 3934, 3908, 3977]
[25, 32768, 3748, 3913, 3828, 3865]
[25, 32768, 3885, 3801, 3874, 4011]
[25, 32768, 3778, 4100, 3774, 3885]
[25, 32768, 3826, 3916, 3954, 3943]
[25, 32768, 4046, 3766, 4007, 3798]
[25, 32768, 3893, 3977, 3833, 3988]
[25, 32768, 3949, 3975, 3866, 3692]
[25, 32768, 3841, 4052, 3843, 3645]
[25, 32768, 3855, 3858, 4010, 3756]
[25, 32768, 3803, 4052, 3896, 3821]
[25, 32768, 3993, 3814, 3921, 3678]
[25, 32768, 4029, 3805, 3715, 3872]
[25, 32768, 3833, 3933, 3798, 3989]
[25, 32768, 3882, 3926, 3737, 3945]
[25, 32768, 4051, 3865, 3871, 3644]
[25, 32768, 4135, 3848, 3888, 3791]
[25, 32768, 3923, 3780, 3786, 3955]
[25, 32768, 3771, 3973, 3933, 3861]
[25, 32768, 3834, 3878, 3852, 3903]
[25, 32768, 3689, 4087, 3816, 3994]
[25, 32768, 3686, 4019, 3702, 3945]
[25, 32768, 3867, 3941, 3877, 3790]
[25, 32768, 3834, 4005, 3882, 3890]
[25, 32768, 3854, 3721, 3845, 3904]
[25, 32768, 3943, 3878, 3871, 3830]
[25, 32768, 3789, 3912, 4006, 3691]
[25, 32768, 3899, 3955, 3997, 3676]
[25, 32768, 3783, 3871, 3909, 3897]
[25, 32768, 4018, 3861, 3765, 3813]
[25, 32768, 3907, 3936, 3764, 3918]
[25, 32768, 3708, 3995, 3925, 3862]
[25, 32768, 3775, 3865, 3933, 3936]
[25, 32768, 3893, 3884, 3981, 3930]
[25, 32768, 3998, 3806, 3901, 3956]
[25, 32768, 3906, 3703, 4000, 3960]
[25, 32768, 3900, 3816, 3998, 3738]
[25, 32768, 3968, 3794, 3886, 3959]
[25, 32768, 4070, 4009, 3666, 3772]
[25, 32768, 4035, 3800, 3824, 3788]
[25, 32768, 3851, 3861, 4000, 3908]
[25, 32768, 3857, 3965, 3836, 3817]
[25, 32768, 3681, 4044, 3976, 3871]
[25, 32768, 3768, 4002, 4003, 3888]
[25, 32768, 3725, 3841, 3845, 4074]
[25, 32768, 4068, 3869, 3694, 3938]
[25, 32768, 3838, 4001, 3811, 3897]
[25, 32768, 3624, 3872, 3749, 4119]
[25, 32768, 3740, 3790, 3879, 3992]
[25, 32768, 3778, 3797, 3964, 3912]
[25, 32768, 3966, 3897, 3819, 3915]
[25, 32768, 3944, 3881, 3878, 3713]
[25, 32768, 3761, 3982, 3934, 3810]
[25, 32768, 3849, 3829, 3850, 3983]
[25, 32768, 3922, 3810, 3858, 3880]
[25, 32768, 4018, 3786, 3802, 3806]
[25, 32768, 3895, 3810, 3846, 3916]
[25, 32768, 3940, 3915, 3903, 3971]
[25, 32768, 3921, 3896, 3877, 3923]
[25, 32768, 3790, 4010, 3851, 3937]
[25, 32768, 4095, 3775, 3834, 3726]
[25, 32768, 3813, 3986, 3865, 3829]
[25, 32768, 4022, 3802, 3844, 3910]
[25, 32768, 3936, 3902, 3930, 3806]
[25, 32768, 3992, 3944, 3893, 3784]
[25, 32768, 3903, 3832, 3901, 3874]
[25, 32768, 3764, 4026, 3904, 3916]
[25, 32768, 3857, 3922, 3926, 3823]
[25, 32768, 3958, 3853, 3844, 3970]
[25, 32768, 3808, 3872, 3955, 3872]
[25, 32768, 3922, 4033, 3813, 3728]
[25, 32768, 3943, 3818, 3993, 3889]
[25, 32768, 3943, 3776, 3856, 4006]
[25, 32768, 3900, 3737, 3991, 3908]
[25, 32768, 3916, 3821, 3780, 3947]
[25, 32768, 3861, 3947, 3852, 3891]
[25, 32768, 3874, 3900, 3776, 3964]
[25, 32768, 3855, 3863, 3808, 3914]
[25, 32768, 3869, 3943, 3907, 3875]
[25, 32768, 4006, 3770, 4042, 3742]
[25, 32768, 3805, 3932, 3830, 3785]
[25, 32768, 3848, 3991, 3775, 3877]
[30, 39321, 5391, 5600, 5666, 5507]
[30, 39321, 5686, 5554, 5442, 5546]
[30, 39321, 5593, 5517, 5412, 5601]
[30, 39321, 5621, 5552, 5569, 5570]
[30, 39321, 5358, 5558, 5497, 5631]
[30, 39321, 5438, 5479, 5608, 5656]
[30, 39321, 5577, 5568, 5686, 5542]
[30, 39321, 5312, 5450, 5608, 5699]
[30, 39321, 5600, 5455, 5533, 5625]
[30, 39321, 5514, 5631, 5663, 5353]
[30, 39321, 5456, 5741, 5491, 5404]
[30, 39321, 5444, 5493, 5631, 5554]
[30, 39321, 5504, 5644, 5548, 5501]
[30, 39321, 5563, 5522, 5603, 5528]
[30, 39321, 5397, 5497, 5675, 5601]
[30, 39321, 5518, 5467, 5647, 5503]
[30, 39321, 5663, 5483, 5531, 5444]
[30, 39321, 5580, 5454, 5467, 5530]
[30, 39321, 5412, 5607, 5533, 5657]
[30, 39321, 5408, 5577, 5539, 5594]
[30, 39321, 5553, 5479, 5491, 5638]
[30, 39321, 5403, 5823, 5496, 5597]
[30, 39321, 5541, 5531, 5599, 5705]
[30, 39321, 5809, 5323, 5629, 5419]
[30, 39321, 5536, 5543, 5437, 5701]
[30, 39321, 5676, 5638, 5437, 5366]
[30, 39321, 5514, 5761, 5541, 5313]
[30, 39321, 5473, 5555, 5784, 5389]
[30, 39321, 5514, 5724, 5601, 5538]
[30, 39321, 5619, 5401, 5612, 5409]
[30, 39321, 5727, 5515, 5384, 5522]
[30, 39321, 5577, 5494, 5425, 5637]
[30, 39321, 5632, 5611, 5412, 5521]
[30, 39321, 5648, 5508, 5463, 5352]
[30, 39321, 5743, 5456, 5574, 5399]
[30, 39321, 5642, 5488, 5366, 5687]
[30, 39321, 5468, 5546, 5706, 5541]
[30, 39321, 5511, 5564, 5469, 5642]
[30, 39321, 5460, 5708, 5411, 5610]
[30, 39321, 5318, 5714, 5364, 5642]
[30, 39321, 5516, 5622, 5542, 5434]
[30, 39321, 5440, 5659, 5536, 5470]
[30, 39321, 5503, 5443, 5443, 5691]
[30, 39321, 5460, 5543, 5579, 5604]
[30, 39321, 5466, 5546, 5695, 5329]
[30, 39321, 5590, 5564, 5718, 5375]
[30, 39321, 5461, 5580, 5515, 5609]
[30, 39321, 5691, 5580, 5456, 5440]
[30, 39321, 5599, 5648, 5445, 5590]
[30, 39321, 5337, 5730, 5508, 5394]
[30, 39321, 5470, 5485, 5646, 5570]
[30, 39321, 5523, 5471, 5682, 5576]
[30, 39321, 5741, 5502, 5518, 5521]
[30, 39321, 5444, 5528, 5623, 5583]
[30, 39321, 5597, 5526, 5587, 5344]
[30, 39321, 5585, 5418, 5460, 5737]
[30, 39321, 5749, 5693, 5260, 5388]
[30, 39321, 5661, 5519, 5478, 5443]
[30, 39321, 5515, 5519, 5628, 5639]
[30, 39321, 5379, 5634, 5480, 5451]
[30, 39321, 5311, 5784, 5583, 5547]
[30, 39321, 5418, 5731, 5667, 5441]
[30, 39321, 5469, 5334, 5561, 5738]
[30, 39321, 5776, 5569, 5319, 5573]
[30, 39321, 5570, 5596, 5498, 5567]
[30, 39321, 5313, 5500, 5339, 5865]
[30, 39321, 5379, 5435, 5568, 5733]
[30, 39321, 5418, 5452, 5691, 5612]
[30, 39321, 5481, 5664, 5483, 5564]
[30, 39321, 5642, 5623, 5556, 5286]
[30, 39321, 5423, 5745, 5574, 5331]
[30, 39321, 5577, 5386, 5547, 5802]
[30, 39321, 5531, 5430, 5591, 5550]
[30, 39321, 5579, 5449, 5503, 5518]
[30, 39321, 5684, 5457, 5523, 5511]
[30, 39321, 5529, 5499, 5693, 5574]
[30, 39321, 5594, 5597, 5552, 5622]
[30, 39321, 5452, 5636, 5470, 5562]
[30, 39321, 5903, 5417, 5601, 5307]
[30, 39321, 5377, 5487, 5507, 5576]
[30, 39321, 5739, 5423, 5416, 5583]
[30, 39321, 5489, 5533, 5615, 5478]
[30, 39321, 5527, 5672, 5551, 5365]
[30, 39321, 5574, 5502, 5580, 5608]
[30, 39321, 5368, 5621, 5531, 5647]
[30, 39321, 5502, 5590, 5643, 5502]
[30, 39321, 5699, 5549, 5453, 5520]
[30, 39321, 5479, 5578, 5557, 5559]
[30, 39321, 5612, 5652, 5392, 5451]
[30, 39321, 5639, 5392, 5631, 5511]
[30, 39321, 5602, 5367, 5444, 5695]
[30, 39321, 5545, 5385, 5696, 5695]
[30, 39321, 5598, 5539, 5460, 5534]
[30, 39321, 5468, 5564, 5544, 5586]
[30, 39321, 5489, 5542, 5392, 5656]
[30, 39321, 5499, 5386, 5512, 5622]
[30, 39321, 5504, 5692, 5572, 5596]
[30, 39321, 5663, 5471, 5674, 5291]
[30, 39321, 5471, 5697, 5565, 5413]
[30, 39321, 5522, 5684, 5438, 5503]
[35, 45875, 7291, 7507, 7536, 7317]
[35, 45875, 7458, 7398, 7250, 7395]
[35, 45875, 7343, 7361, 7291, 7343]
[35, 45875, 7357, 7335, 7375, 7418]
[35, 45875, 7226, 7360, 7329, 7441]
[35, 45875, 7167, 7178, 7582, 7466]
[35, 45875, 7398, 7406, 7483, 7216]
[35, 45875, 7184, 7131, 7447, 7570]
[35, 45875, 7464, 7283, 7330, 7474]
[35, 45875, 7174, 7503, 7443, 7293]
[35, 45875, 7315, 7523, 7282, 7222]
[35, 45875, 7111, 7303, 7447, 7440]
[35, 45875, 7172, 7425, 7400, 7311]
[35, 45875, 7345, 7383, 7500, 7356]
[35, 45875, 7182, 7297, 7424, 7481]
[35, 45875, 7417, 7260, 7511, 7302]
[35, 45875, 7524, 7391, 7390, 7215]
[35, 45875, 7329, 7388, 7317, 7328]
[35, 45875, 7259, 7548, 7191, 7465]
[35, 45875, 7251, 7486, 7361, 7371]
[35, 45875, 7313, 7323, 7323, 7557]
[35, 45875, 7229, 7651, 7315, 7369]
[35, 45875, 7367, 7353, 7380, 7515]
[35, 45875, 7593, 7156, 7360, 7287]
[35, 45875, 7422, 7393, 7232, 7415]
[35, 45875, 7517, 7438, 7353, 7245]
[35, 45875, 7273, 7624, 7358, 7144]
[35, 45875, 7328, 7352, 7543, 7181]
[35, 45875, 7314, 7510, 7452, 7272]
[35, 45875, 7482, 7159, 7407, 7227]
[35, 45875, 7580, 7325, 7175, 7317]
[35, 45875, 7364, 7214, 7412, 7471]
[35, 45875, 7457, 7416, 7134, 7308]
[35, 45875, 7498, 7331, 7243, 7260]
[35, 45875, 7570, 7342, 7280, 7284]
[35, 45875, 7437, 7231, 7248, 7506]
[35, 45875, 7242, 7366, 7467, 7300]
[35, 45875, 7236, 7259, 7203, 7540]
[35, 45875, 7241, 7575, 7234, 7408]
[35, 45875, 7078, 7605, 7115, 7470]
[35, 45875, 7287, 7465, 7424, 7297]
[35, 45875, 7382, 7397, 7365, 7324]
[35, 45875, 7379, 7345, 7218, 7488]
[35, 45875, 7374, 7341, 7376, 7337]
[35, 45875, 7271, 7413, 7427, 7216]
[35, 45875, 7404, 7328, 7483, 7152]
[35, 45875, 7312, 7401, 7345, 7463]
[35, 45875, 7458, 7420, 7259, 7299]
[35, 45875, 7409, 7404, 7218, 7315]
[35, 45875, 7153, 7641, 7239, 7255]
[35, 45875, 7290, 7216, 7442, 7356]
[35, 45875, 7369, 7302, 7456, 7330]
[35, 45875, 7441, 7317, 7367, 7256]
[35, 45875, 7307, 7303, 7508, 7323]
[35, 45875, 7509, 7403, 7467, 7124]
[35, 45875, 7460, 7118, 7288, 7558]
[35, 45875, 7576, 7498, 7145, 7216]
[35, 45875, 7423, 7275, 7209, 7287]
[35, 45875, 7368, 7309, 7463, 7473]
[35, 45875, 7175, 7451, 7407, 7285]
[35, 45875, 7174, 7617, 7342, 7390]
[35, 45875, 7201, 7651, 7539, 7206]
[35, 45875, 7164, 7163, 7493, 7630]
[35, 45875, 7635, 7366, 7118, 7340]
[35, 45875, 7263, 7440, 7307, 7441]
[35, 45875, 7020, 7412, 7119, 7782]
[35, 45875, 7152, 7305, 7315, 7494]
[35, 45875, 7205, 7156, 7608, 7402]
[35, 45875, 7436, 7432, 7248, 7350]
[35, 45875, 7464, 7486, 7341, 7051]
[35, 45875, 7255, 7572, 7460, 7131]
[35, 45875, 7423, 7171, 7272, 7658]
[35, 45875, 7393, 7179, 7393, 7310]
[35, 45875, 7460, 7229, 7329, 7305]
[35, 45875, 7449, 7305, 7288, 7354]
[35, 45875, 7331, 7305, 7521, 7415]
[35, 45875, 7463, 7307, 7350, 7456]
[35, 45875, 7335, 7487, 7182, 7333]
[35, 45875, 7803, 7240, 7376, 7149]
[35, 45875, 7228, 7442, 7281, 7386]
[35, 45875, 7518, 7289, 7253, 7428]
[35, 45875, 7382, 7362, 7416, 7230]
[35, 45875, 7438, 7443, 7392, 7229]
[35, 45875, 7443, 7372, 7252, 7533]
[35, 45875, 7279, 7414, 7394, 7440]
[35, 45875, 7251, 7362, 7582, 7326]
[35, 45875, 7468, 7426, 7318, 7313]
[35, 45875, 7270, 7330, 7392, 7453]
[35, 45875, 7358, 7504, 7244, 7267]
[35, 45875, 7465, 7303, 7461, 7304]
[35, 45875, 7504, 7270, 7266, 7496]
[35, 45875, 7306, 7144, 7561, 7460]
[35, 45875, 7426, 7331, 7344, 7350]
[35, 45875, 7184, 7334, 7495, 7364]
[35, 45875, 7316, 7330, 7227, 7379]
[35, 45875, 7240, 7327, 7366, 7465]
[35, 45875, 7231, 7509, 7359, 7332]
[35, 45875, 7527, 7210, 7597, 7072]
[35, 45875, 7271, 7511, 7356, 7245]
[35, 45875, 7364, 7373, 7230, 7380]
[40, 52428, 9039, 9474, 9334, 9225]
[40, 52428, 9303, 9186, 9139, 9426]
[40, 52428, 9254, 9274, 9266, 9233]
[40, 52428, 9249, 9222, 9264, 9255]
[40, 52428, 9150, 9262, 9211, 9350]
[40, 52428, 9086, 9121, 9417, 9415]
[40, 52428, 9297, 9355, 9386, 9134]
[40, 52428, 9159, 9098, 9300, 9506]
[40, 52428, 9343, 9247, 9199, 9366]
[40, 52428, 9217, 9410, 9359, 9021]
[40, 52428, 9176, 9528, 9203, 9154]
[40, 52428, 8990, 9244, 9250, 9296]
[40, 52428, 9153, 9312, 9313, 9112]
[40, 52428, 9066, 9251, 9330, 9323]
[40, 52428, 9089, 9097, 9371, 9396]
[40, 52428, 9345, 9057, 9382, 9206]
[40, 52428, 9379, 9312, 9331, 9059]
[40, 52428, 9288, 9247, 9265, 9271]
[40, 52428, 9235, 9404, 9131, 9304]
[40, 52428, 9110, 9427, 9164, 9347]
[40, 52428, 9156, 9206, 9270, 9387]
[40, 52428, 9101, 9590, 9134, 9215]
[40, 52428, 9118, 9289, 9343, 9393]
[40, 52428, 9470, 9115, 9322, 9143]
[40, 52428, 9249, 9289, 9249, 9351]
[40, 52428, 9378, 9285, 9307, 9146]
[40, 52428, 9214, 9543, 9211, 9139]
[40, 52428, 9333, 9277, 9441, 9054]
[40, 52428, 9146, 9420, 9413, 9193]
[40, 52428, 9334, 9111, 9347, 9151]
[40, 52428, 9443, 9165, 8982, 9333]
[40, 52428, 9253, 9129, 9173, 9532]
[40, 52428, 9447, 9312, 9060, 9223]
[40, 52428, 9405, 9293, 9032, 9150]
[40, 52428, 9531, 9319, 9083, 9152]
[40, 52428, 9362, 9159, 9240, 9376]
[40, 52428, 9081, 9382, 9288, 9230]
[40, 52428, 9160, 9306, 9177, 9455]
[40, 52428, 9074, 9553, 9126, 9252]
[40, 52428, 9011, 9484, 9136, 9341]
[40, 52428, 9212, 9272, 9336, 9311]
[40, 52428, 9239, 9371, 9329, 9269]
[40, 52428, 9306, 9203, 9140, 9337]
[40, 52428, 9219, 9270, 9239, 9220]
[40, 52428, 9236, 9315, 9367, 9083]
[40, 52428, 9269, 9300, 9405, 9005]
[40, 52428, 9189, 9201, 9278, 9375]
[40, 52428, 9340, 9343, 9231, 9185]
[40, 52428, 9324, 9322, 9179, 9175]
[40, 52428, 9097, 9492, 9149, 9241]
[40, 52428, 9271, 9182, 9268, 9327]
[40, 52428, 9274, 9212, 9320, 9265]
[40, 52428, 9350, 9215, 9318, 9186]
[40, 52428, 9255, 9132, 9319, 9101]
[40, 52428, 9416, 9424, 9336, 8829]
[40, 52428, 9452, 9037, 9137, 9478]
[40, 52428, 9536, 9419, 9115, 8996]
[40, 52428, 9447, 9177, 9188, 9201]
[40, 52428, 9091, 9231, 9313, 9375]
[40, 52428, 9101, 9399, 9399, 9198]
[40, 52428, 9036, 9531, 9260, 9296]
[40, 52428, 9061, 9643, 9361, 9052]
[40, 52428, 9176, 9064, 9276, 9537]
[40, 52428, 9598, 9367, 9029, 9101]
[40, 52428, 9189, 9214, 9258, 9386]
[40, 52428, 8953, 9301, 9018, 9739]
[40, 52428, 9080, 9162, 9260, 9449]
[40, 52428, 9109, 8958, 9607, 9335]
[40, 52428, 9301, 9430, 9155, 9169]
[40, 52428, 9515, 9217, 9202, 9025]
[40, 52428, 9132, 9506, 9349, 8996]
[40, 52428, 9362, 8999, 9145, 9571]
[40, 52428, 9371, 9159, 9369, 9168]
[40, 52428, 9482, 9116, 9151, 9205]
[40, 52428, 9402, 9120, 9208, 9279]
[40, 52428, 9263, 9337, 9365, 9223]
[40, 52428, 9341, 9134, 9321, 9317]
[40, 52428, 9248, 9453, 9133, 9148]
[40, 52428, 9663, 9199, 9163, 9104]
[40, 52428, 9137, 9343, 9129, 9337]
[40, 52428, 9382, 9172, 9134, 9318]
[40, 52428, 9326, 9281, 9232, 9113]
[40, 52428, 9288, 9400, 9199, 9141]
[40, 52428, 9313, 9339, 9196, 9306]
[40, 52428, 9161, 9344, 9237, 9390]
[40, 52428, 9138, 9335, 9456, 9178]
[40, 52428, 9376, 9304, 9284, 9195]
[40, 52428, 9199, 9262, 9247, 9400]
[40, 52428, 9341, 9381, 9224, 9101]
[40, 52428, 9459, 9244, 9329, 9070]
[40, 52428, 9230, 9210, 9243, 9427]
[40, 52428, 9274, 8926, 9415, 9423]
[40, 52428, 9399, 9161, 9258, 9224]
[40, 52428, 9120, 9229, 9449, 9248]
[40, 52428, 9053, 9349, 9257, 9342]
[40, 52428, 9125, 9181, 9218, 9402]
[40, 52428, 9143, 9334, 9264, 9287]
[40, 52428, 9369, 9093, 9511, 9051]
[40, 52428, 9227, 9416, 9242, 9210]
[40, 52428, 9142, 9355, 9320, 9358]
