[1, 1310, 0, 0]
[1, 1310, 0, 0]
[1, 1310, 0, 0]
[1, 1310, 0, 0]
[1, 1310, 0, 0]
[1, 1310, 0, 0]
[1, 1310, 0, 0]
[1, 1310, 0, 0]
[1, 1310, 0, 0]
[1, 1310, 0, 0]
[1, 1310, 0, 0]
[1, 1310, 0, 0]
[1, 1310, 0, 0]
[1, 1310, 0, 0]
[1, 1310, 1, 0]
[1, 1310, 0, 0]
[1, 1310, 0, 0]
[1, 1310, 0, 0]
[1, 1310, 0, 0]
[1, 1310, 0, 0]
[1, 1310, 0, 0]
[1, 1310, 0, 0]
[1, 1310, 0, 0]
[1, 1310, 0, 0]
[1, 1310, 0, 0]
[1, 1310, 0, 0]
[1, 1310, 0, 0]
[1, 1310, 0, 0]
[1, 1310, 0, 0]
[1, 1310, 0, 0]
[1, 1310, 0, 0]
[1, 1310, 0, 0]
[1, 1310, 0, 0]
[1, 1310, 0, 0]
[1, 1310, 0, 0]
[1, 1310, 0, 0]
[1, 1310, 0, 0]
[1, 1310, 0, 0]
[1, 1310, 0, 0]
[1, 1310, 0, 0]
[1, 1310, 0, 0]
[1, 1310, 0, 0]
[1, 1310, 0, 0]
[1, 1310, 0, 0]
[1, 1310, 0, 0]
[1, 1310, 0, 0]
[1, 1310, 0, 0]
[1, 1310, 0, 0]
[1, 1310, 0, 0]
[1, 1310, 0, 0]
[1, 1310, 0, 0]
[1, 1310, 0, 0]
[1, 1310, 0, 0]
[1, 1310, 0, 0]
[1, 1310, 0, 0]
[1, 1310, 0, 0]
[1, 1310, 0, 0]
[1, 1310, 0, 0]
[1, 1310, 0, 0]
[1, 1310, 0, 0]
[1, 1310, 0, 0]
[1, 1310, 0, 0]
[1, 1310, 0, 0]
[1, 1310, 0, 0]
[1, 1310, 0, 0]
[1, 1310, 1, 0]
[1, 1310, 0, 0]
[1, 1310, 0, 0]
[1, 1310, 0, 0]
[1, 1310, 0, 0]
[1, 1310, 0, 0]
[1, 1310, 0, 0]
[1, 1310, 0, 0]
[1, 1310, 0, 0]
[1, 1310, 0, 0]
[1, 1310, 0, 0]
[1, 1310, 0, 0]
[1, 1310, 0, 0]
[1, 1310, 0, 0]
[1, 1310, 0, 0]
[1, 1310, 0, 0]
[1, 1310, 0, 0]
[1, 1310, 0, 0]
[1, 1310, 0, 0]
[1, 1310, 0, 0]
[1, 1310, 0, 0]
[1, 1310, 0, 0]
[1, 1310, 0, 0]
[1, 1310, 0, 0]
[1, 1310, 0, 0]
[1, 1310, 0, 0]
[1, 1310, 0, 0]
[1, 1310, 0, 0]
[1, 1310, 0, 0]
[1, 1310, 0, 0]
[1, 1310, 0, 0]
[1, 1310, 0, 0]
[1, 1310, 0, 0]
[1, 1310, 0, 0]
[1, 1310, 0, 0]
[2, 2621, 0, 0]
[2, 2621, 0, 0]
[2, 2621, 0, 0]
[2, 2621, 0, 0]
[2, 2621, 0, 0]
[2, 2621, 0, 0]
[2, 2621, 0, 0]
[2, 2621, 0, 0]
[2, 2621, 0, 0]
[2, 2621, 0, 0]
[2, 2621, 1, 0]
[2, 2621, 0, 0]
[2, 2621, 0, 0]
[2, 2621, 0, 0]
[2, 2621, 1, 0]
[2, 2621, 0, 0]
[2, 2621, 0, 0]
[2, 2621, 0, 0]
[2, 2621, 0, 0]
[2, 2621, 0, 0]
[2, 2621, 0, 0]
[2, 2621, 0, 0]
[2, 2621, 0, 2]
[2, 2621, 0, 2]
[2, 2621, 0, 0]
[2, 2621, 0, 0]
[2, 2621, 0, 0]
[2, 2621, 0, 0]
[2, 2621, 0, 0]
[2, 2621, 0, 0]
[2, 2621, 0, 0]
[2, 2621, 0, 0]
[2, 2621, 0, 0]
[2, 2621, 0, 0]
[2, 2621, 0, 0]
[2, 2621, 0, 0]
[2, 2621, 0, 0]
[2, 2621, 0, 0]
[2, 2621, 0, 0]
[2, 2621, 0, 0]
[2, 2621, 0, 0]
[2, 2621, 0, 0]
[2, 2621, 0, 0]
[2, 2621, 0, 0]
[2, 2621, 0, 0]
[2, 2621, 0, 0]
[2, 2621, 0, 0]
[2, 2621, 0, 0]
[2, 2621, 0, 0]
[2, 2621, 0, 0]
[2, 2621, 0, 0]
[2, 2621, 0, 0]
[2, 2621, 0, 0]
[2, 2621, 0, 0]
[2, 2621, 0, 0]
[2, 2621, 0, 0]
[2, 2621, 0, 0]
[2, 2621, 0, 0]
[2, 2621, 0, 0]
[2, 2621, 0, 0]
[2, 2621, 0, 0]
[2, 2621, 0, 0]
[2, 2621, 0, 0]
[2, 2621, 0, 0]
[2, 2621, 0, 0]
[2, 2621, 2, 0]
[2, 2621, 0, 0]
[2, 2621, 0, 0]
[2, 2621, 0, 0]
[2, 2621, 0, 0]
[2, 2621, 0, 0]
[2, 2621, 0, 1]
[2, 2621, 0, 0]
[2, 2621, 0, 0]
[2, 2621, 0, 0]
[2, 2621, 0, 0]
[2, 2621, 0, 0]
[2, 2621, 0, 0]
[2, 2621, 0, 1]
[2, 2621, 0, 0]
[2, 2621, 0, 0]
[2, 2621, 0, 0]
[2, 2621, 0, 0]
[2, 2621, 0, 0]
[2, 2621, 0, 0]
[2, 2621, 0, 0]
[2, 2621, 0, 0]
[2, 2621, 0, 0]
[2, 2621, 0, 0]
[2, 2621, 0, 0]
[2, 2621, 0, 0]
[2, 2621, 0, 0]
[2, 2621, 0, 1]
[2, 2621, 0, 0]
[2, 2621, 0, 0]
[2, 2621, 0, 0]
[2, 2621, 0, 0]
[2, 2621, 0, 0]
[2, 2621, 0, 0]
[2, 2621, 0, 0]
[5, 6553, 5, 2]
[5, 6553, 0, 6]
[5, 6553, 2, 5]
[5, 6553, 0, 3]
[5, 6553, 0, 0]
[5, 6553, 2, 1]
[5, 6553, 4, 6]
[5, 6553, 4, 0]
[5, 6553, 0, 1]
[5, 6553, 2, 5]
[5, 6553, 2, 0]
[5, 6553, 0, 1]
[5, 6553, 0, 3]
[5, 6553, 5, 0]
[5, 6553, 3, 0]
[5, 6553, 0, 4]
[5, 6553, 3, 0]
[5, 6553, 2, 4]
[5, 6553, 3, 1]
[5, 6553, 0, 7]
[5, 6553, 2, 1]
[5, 6553, 4, 4]
[5, 6553, 0, 2]
[5, 6553, 0, 1]
[5, 6553, 0, 1]
[5, 6553, 4, 3]
[5, 6553, 0, 3]
[5, 6553, 5, 4]
[5, 6553, 4, 0]
[5, 6553, 2, 2]
[5, 6553, 0, 0]
[5, 6553, 0, 4]
[5, 6553, 5, 5]
[5, 6553, 1, 4]
[5, 6553, 0, 3]
[5, 6553, 2, 2]
[5, 6553, 4, 0]
[5, 6553, 3, 2]
[5, 6553, 0, 2]
[5, 6553, 0, 2]
[5, 6553, 3, 3]
[5, 6553, 4, 0]
[5, 6553, 4, 2]
[5, 6553, 1, 1]
[5, 6553, 0, 3]
[5, 6553, 2, 0]
[5, 6553, 1, 4]
[5, 6553, 7, 0]
[5, 6553, 2, 0]
[5, 6553, 0, 3]
[5, 6553, 0, 0]
[5, 6553, 0, 0]
[5, 6553, 1, 1]
[5, 6553, 3, 1]
[5, 6553, 2, 3]
[5, 6553, 0, 5]
[5, 6553, 1, 3]
[5, 6553, 2, 4]
[5, 6553, 1, 4]
[5, 6553, 4, 1]
[5, 6553, 4, 0]
[5, 6553, 5, 3]
[5, 6553, 2, 0]
[5, 6553, 0, 5]
[5, 6553, 0, 9]
[5, 6553, 5, 1]
[5, 6553, 0, 0]
[5, 6553, 4, 3]
[5, 6553, 2, 0]
[5, 6553, 2, 0]
[5, 6553, 0, 1]
[5, 6553, 2, 2]
[5, 6553, 5, 0]
[5, 6553, 1, 1]
[5, 6553, 2, 6]
[5, 6553, 0, 0]
[5, 6553, 1, 4]
[5, 6553, 5, 4]
[5, 6553, 1, 2]
[5, 6553, 3, 13]
[5, 6553, 1, 2]
[5, 6553, 2, 0]
[5, 6553, 4, 0]
[5, 6553, 1, 2]
[5, 6553, 5, 4]
[5, 6553, 1, 1]
[5, 6553, 1, 0]
[5, 6553, 3, 4]
[5, 6553, 2, 0]
[5, 6553, 3, 0]
[5, 6553, 0, 0]
[5, 6553, 0, 5]
[5, 6553, 2, 3]
[5, 6553, 0, 4]
[5, 6553, 2, 0]
[5, 6553, 0, 0]
[5, 6553, 3, 2]
[5, 6553, 0, 1]
[5, 6553, 0, 2]
[5, 6553, 0, 1]
[10, 13107, 32, 27]
[10, 13107, 36, 22]
[10, 13107, 28, 29]
[10, 13107, 25, 41]
[10, 13107, 31, 46]
[10, 13107, 36, 24]
[10, 13107, 23, 60]
[10, 13107, 22, 21]
[10, 13107, 27, 18]
[10, 13107, 29, 39]
[10, 13107, 44, 36]
[10, 13107, 42, 33]
[10, 13107, 26, 21]
[10, 13107, 30, 50]
[10, 13107, 34, 38]
[10, 13107, 17, 53]
[10, 13107, 28, 37]
[10, 13107, 35, 52]
[10, 13107, 22, 26]
[10, 13107, 22, 43]
[10, 13107, 38, 32]
[10, 13107, 30, 25]
[10, 13107, 31, 30]
[10, 13107, 32, 24]
[10, 13107, 45, 23]
[10, 13107, 36, 34]
[10, 13107, 24, 54]
[10, 13107, 34, 37]
[10, 13107, 29, 36]
[10, 13107, 33, 37]
[10, 13107, 19, 31]
[10, 13107, 36, 42]
[10, 13107, 37, 25]
[10, 13107, 28, 44]
[10, 13107, 18, 53]
[10, 13107, 23, 45]
[10, 13107, 37, 43]
[10, 13107, 34, 26]
[10, 13107, 28, 33]
[10, 13107, 32, 58]
[10, 13107, 27, 54]
[10, 13107, 37, 26]
[10, 13107, 28, 29]
[10, 13107, 33, 31]
[10, 13107, 22, 41]
[10, 13107, 47, 54]
[10, 13107, 33, 32]
[10, 13107, 30, 16]
[10, 13107, 32, 31]
[10, 13107, 24, 26]
[10, 13107, 24, 28]
[10, 13107, 20, 23]
[10, 13107, 36, 35]
[10, 13107, 41, 27]
[10, 13107, 29, 41]
[10, 13107, 16, 26]
[10, 13107, 51, 38]
[10, 13107, 41, 39]
[10, 13107, 47, 47]
[10, 13107, 30, 26]
[10, 13107, 43, 23]
[10, 13107, 28, 35]
[10, 13107, 47, 25]
[10, 13107, 31, 36]
[10, 13107, 39, 41]
[10, 13107, 37, 43]
[10, 13107, 51, 36]
[10, 13107, 30, 39]
[10, 13107, 42, 34]
[10, 13107, 38, 38]
[10, 13107, 25, 36]
[10, 13107, 30, 27]
[10, 13107, 38, 33]
[10, 13107, 35, 30]
[10, 13107, 24, 36]
[10, 13107, 20, 25]
[10, 13107, 17, 22]
[10, 13107, 43, 45]
[10, 13107, 35, 40]
[10, 13107, 33, 36]
[10, 13107, 27, 17]
[10, 13107, 24, 27]
[10, 13107, 37, 33]
[10, 13107, 30, 28]
[10, 13107, 35, 31]
[10, 13107, 27, 42]
[10, 13107, 25, 30]
[10, 13107, 36, 42]
[10, 13107, 30, 30]
[10, 13107, 42, 16]
[10, 13107, 41, 32]
[10, 13107, 22, 50]
[10, 13107, 51, 28]
[10, 13107, 38, 39]
[10, 13107, 13, 26]
[10, 13107, 20, 20]
[10, 13107, 29, 34]
[10, 13107, 30, 38]
[10, 13107, 43, 36]
[10, 13107, 22, 46]
[15, 19660, 174, 189]
[15, 19660, 184, 159]
[15, 19660, 171, 200]
[15, 19660, 172, 173]
[15, 19660, 163, 170]
[15, 19660, 135, 143]
[15, 19660, 165, 205]
[15, 19660, 135, 166]
[15, 19660, 147, 164]
[15, 19660, 168, 157]
[15, 19660, 155, 156]
[15, 19660, 186, 153]
[15, 19660, 174, 138]
[15, 19660, 179, 167]
[15, 19660, 153, 197]
[15, 19660, 156, 233]
[15, 19660, 193, 205]
[15, 19660, 166, 193]
[15, 19660, 157, 178]
[15, 19660, 178, 158]
[15, 19660, 164, 191]
[15, 19660, 175, 169]
[15, 19660, 171, 173]
[15, 19660, 158, 149]
[15, 19660, 177, 149]
[15, 19660, 169, 166]
[15, 19660, 148, 181]
[15, 19660, 192, 180]
[15, 19660, 144, 145]
[15, 19660, 150, 169]
[15, 19660, 150, 182]
[15, 19660, 190, 153]
[15, 19660, 183, 170]
[15, 19660, 160, 189]
[15, 19660, 134, 198]
[15, 19660, 159, 164]
[15, 19660, 202, 195]
[15, 19660, 197, 200]
[15, 19660, 170, 166]
[15, 19660, 148, 199]
[15, 19660, 151, 177]
[15, 19660, 187, 154]
[15, 19660, 153, 172]
[15, 19660, 174, 167]
[15, 19660, 148, 118]
[15, 19660, 205, 180]
[15, 19660, 165, 148]
[15, 19660, 153, 146]
[15, 19660, 159, 156]
[15, 19660, 173, 163]
[15, 19660, 135, 177]
[15, 19660, 163, 160]
[15, 19660, 163, 152]
[15, 19660, 164, 172]
[15, 19660, 172, 163]
[15, 19660, 139, 165]
[15, 19660, 185, 182]
[15, 19660, 176, 188]
[15, 19660, 187, 176]
[15, 19660, 161, 150]
[15, 19660, 170, 157]
[15, 19660, 154, 206]
[15, 19660, 183, 178]
[15, 19660, 143, 160]
[15, 19660, 199, 151]
[15, 19660, 156, 167]
[15, 19660, 210, 152]
[15, 19660, 196, 158]
[15, 19660, 217, 124]
[15, 19660, 161, 203]
[15, 19660, 147, 172]
[15, 19660, 166, 142]
[15, 19660, 177, 169]
[15, 19660, 153, 150]
[15, 19660, 160, 172]
[15, 19660, 153, 149]
[15, 19660, 121, 141]
[15, 19660, 157, 185]
[15, 19660, 192, 164]
[15, 19660, 168, 194]
[15, 19660, 166, 163]
[15, 19660, 178, 157]
[15, 19660, 164, 185]
[15, 19660, 163, 206]
[15, 19660, 135, 158]
[15, 19660, 192, 206]
[15, 19660, 176, 161]
[15, 19660, 177, 188]
[15, 19660, 162, 157]
[15, 19660, 197, 155]
[15, 19660, 161, 150]
[15, 19660, 139, 156]
[15, 19660, 206, 166]
[15, 19660, 171, 198]
[15, 19660, 156, 184]
[15, 19660, 136, 141]
[15, 19660, 199, 151]
[15, 19660, 125, 206]
[15, 19660, 150, 166]
[15, 19660, 151, 163]
[20, 26214, 526, 543]
[20, 26214, 586, 535]
[20, 26214, 533, 552]
[20, 26214, 519, 526]
[20, 26214, 500, 488]
[20, 26214, 473, 519]
[20, 26214, 493, 598]
[20, 26214, 463, 495]
[20, 26214, 481, 551]
[20, 26214, 549, 516]
[20, 26214, 456, 533]
[20, 26214, 530, 537]
[20, 26214, 575, 485]
[20, 26214, 514, 538]
[20, 26214, 495, 541]
[20, 26214, 491, 600]
[20, 26214, 545, 528]
[20, 26214, 458, 576]
[20, 26214, 499, 561]
[20, 26214, 522, 516]
[20, 26214, 507, 554]
[20, 26214, 556, 518]
[20, 26214, 522, 517]
[20, 26214, 548, 545]
[20, 26214, 545, 453]
[20, 26214, 541, 480]
[20, 26214, 490, 520]
[20, 26214, 497, 527]
[20, 26214, 488, 472]
[20, 26214, 525, 561]
[20, 26214, 481, 600]
[20, 26214, 530, 525]
[20, 26214, 528, 472]
[20, 26214, 497, 544]
[20, 26214, 494, 561]
[20, 26214, 507, 496]
[20, 26214, 542, 536]
[20, 26214, 589, 548]
[20, 26214, 510, 455]
[20, 26214, 493, 528]
[20, 26214, 494, 574]
[20, 26214, 556, 519]
[20, 26214, 515, 546]
[20, 26214, 541, 564]
[20, 26214, 521, 456]
[20, 26214, 568, 550]
[20, 26214, 468, 524]
[20, 26214, 538, 445]
[20, 26214, 487, 523]
[20, 26214, 521, 520]
[20, 26214, 507, 531]
[20, 26214, 494, 485]
[20, 26214, 512, 530]
[20, 26214, 532, 467]
[20, 26214, 537, 483]
[20, 26214, 508, 508]
[20, 26214, 581, 539]
[20, 26214, 497, 546]
[20, 26214, 585, 505]
[20, 26214, 500, 458]
[20, 26214, 508, 523]
[20, 26214, 485, 528]
[20, 26214, 503, 507]
[20, 26214, 465, 504]
[20, 26214, 581, 495]
[20, 26214, 545, 544]
[20, 26214, 586, 471]
[20, 26214, 550, 554]
[20, 26214, 584, 447]
[20, 26214, 523, 565]
[20, 26214, 513, 496]
[20, 26214, 551, 498]
[20, 26214, 511, 565]
[20, 26214, 533, 500]
[20, 26214, 509, 541]
[20, 26214, 478, 481]
[20, 26214, 449, 501]
[20, 26214, 482, 505]
[20, 26214, 527, 523]
[20, 26214, 552, 555]
[20, 26214, 522, 511]
[20, 26214, 506, 469]
[20, 26214, 538, 513]
[20, 26214, 505, 553]
[20, 26214, 495, 541]
[20, 26214, 571, 573]
[20, 26214, 568, 490]
[20, 26214, 505, 548]
[20, 26214, 508, 517]
[20, 26214, 559, 495]
[20, 26214, 583, 499]
[20, 26214, 475, 492]
[20, 26214, 555, 473]
[20, 26214, 507, 556]
[20, 26214, 492, 545]
[20, 26214, 481, 502]
[20, 26214, 595, 495]
[20, 26214, 481, 589]
[20, 26214, 519, 517]
[20, 26214, 502, 498]
[25, 32768, 1142, 1277]
[25, 32768, 1282, 1148]
[25, 32768, 1169, 1260]
[25, 32768, 1224, 1202]
[25, 32768, 1215, 1186]
[25, 32768, 1102, 1218]
[25, 32768, 1159, 1256]
[25, 32768, 1213, 1157]
[25, 32768, 1214, 1177]
[25, 32768, 1149, 1132]
[25, 32768, 1083, 1188]
[25, 32768, 1186, 1179]
[25, 32768, 1309, 1189]
[25, 32768, 1235, 1215]
[25, 32768, 1215, 1162]
[25, 32768, 1129, 1313]
[25, 32768, 1244, 1227]
[25, 32768, 1185, 1300]
[25, 32768, 1213, 1257]
[25, 32768, 1142, 1226]
[25, 32768, 1207, 1206]
[25, 32768, 1282, 1247]
[25, 32768, 1324, 1154]
[25, 32768, 1201, 1288]
[25, 32768, 1199, 1180]
[25, 32768, 1251, 1157]
[25, 32768, 1166, 1215]
[25, 32768, 1188, 1169]
[25, 32768, 1222, 1122]
[25, 32768, 1220, 1191]
[25, 32768, 1083, 1315]
[25, 32768, 1218, 1189]
[25, 32768, 1188, 1134]
[25, 32768, 1196, 1176]
[25, 32768, 1162, 1219]
[25, 32768, 1141, 1129]
[25, 32768, 1172, 1206]
[25, 32768, 1335, 1148]
[25, 32768, 1150, 1157]
[25, 32768, 1120, 1186]
[25, 32768, 1161, 1299]
[25, 32768, 1269, 1230]
[25, 32768, 1183, 1283]
[25, 32768, 1183, 1250]
[25, 32768, 1174, 1105]
[25, 32768, 1243, 1222]
[25, 32768, 1186, 1188]
[25, 32768, 1201, 1167]
[25, 32768, 1188, 1204]
[25, 32768, 1213, 1191]
[25, 32768, 1200, 1215]
[25, 32768, 1147, 1148]
[25, 32768, 1182, 1215]
[25, 32768, 1211, 1187]
[25, 32768, 1236, 1163]
[25, 32768, 1235, 1182]
[25, 32768, 1276, 1189]
[25, 32768, 1164, 1213]
[25, 32768, 1207, 1224]
[25, 32768, 1238, 1079]
[25, 32768, 1190, 1152]
[25, 32768, 1232, 1152]
[25, 32768, 1178, 1193]
[25, 32768, 1149, 1131]
[25, 32768, 1274, 1172]
[25, 32768, 1185, 1161]
[25, 32768, 1320, 1120]
[25, 32768, 1253, 1282]
[25, 32768, 1309, 1155]
[25, 32768, 1184, 1206]
[25, 32768, 1187, 1165]
[25, 32768, 1159, 1266]
[25, 32768, 1132, 1207]
[25, 32768, 1195, 1121]
[25, 32768, 1199, 1272]
[25, 32768, 1147, 1140]
[25, 32768, 1186, 1200]
[25, 32768, 1057, 1203]
[25, 32768, 1235, 1198]
[25, 32768, 1237, 1265]
[25, 32768, 1198, 1155]
[25, 32768, 1103, 1126]
[25, 32768, 1167, 1229]
[25, 32768, 1227, 1236]
[25, 32768, 1174, 1247]
[25, 32768, 1227, 1253]
[25, 32768, 1282, 1132]
[25, 32768, 1217, 1227]
[25, 32768, 1202, 1199]
[25, 32768, 1262, 1181]
[25, 32768, 1292, 1175]
[25, 32768, 1115, 1121]
[25, 32768, 1195, 1047]
[25, 32768, 1184, 1204]
[25, 32768, 1165, 1200]
[25, 32768, 1201, 1169]
[25, 32768, 1297, 1188]
[25, 32768, 1078, 1250]
[25, 32768, 1164, 1189]
[25, 32768, 1160, 1109]
[30, 39321, 2262, 2429]
[30, 39321, 2327, 2355]
[30, 39321, 2240, 2296]
[30, 39321, 2337, 2386]
[30, 39321, 2258, 2229]
[30, 39321, 2122, 2273]
[30, 39321, 2221, 2416]
[30, 39321, 2229, 2288]
[30, 39321, 2299, 2186]
[30, 39321, 2165, 2236]
[30, 39321, 2115, 2188]
[30, 39321, 2255, 2321]
[30, 39321, 2328, 2242]
[30, 39321, 2287, 2353]
[30, 39321, 2166, 2314]
[30, 39321, 2259, 2424]
[30, 39321, 2426, 2263]
[30, 39321, 2172, 2300]
[30, 39321, 2295, 2323]
[30, 39321, 2197, 2370]
[30, 39321, 2242, 2265]
[30, 39321, 2378, 2285]
[30, 39321, 2429, 2234]
[30, 39321, 2272, 2367]
[30, 39321, 2384, 2303]
[30, 39321, 2362, 2217]
[30, 39321, 2226, 2188]
[30, 39321, 2323, 2214]
[30, 39321, 2248, 2126]
[30, 39321, 2264, 2288]
[30, 39321, 2191, 2409]
[30, 39321, 2252, 2361]
[30, 39321, 2225, 2275]
[30, 39321, 2186, 2364]
[30, 39321, 2248, 2225]
[30, 39321, 2228, 2162]
[30, 39321, 2363, 2248]
[30, 39321, 2317, 2305]
[30, 39321, 2233, 2211]
[30, 39321, 2167, 2229]
[30, 39321, 2186, 2396]
[30, 39321, 2432, 2308]
[30, 39321, 2183, 2296]
[30, 39321, 2254, 2281]
[30, 39321, 2281, 2159]
[30, 39321, 2409, 2334]
[30, 39321, 2235, 2226]
[30, 39321, 2270, 2186]
[30, 39321, 2246, 2342]
[30, 39321, 2258, 2222]
[30, 39321, 2203, 2309]
[30, 39321, 2128, 2282]
[30, 39321, 2318, 2314]
[30, 39321, 2297, 2309]
[30, 39321, 2301, 2235]
[30, 39321, 2264, 2243]
[30, 39321, 2355, 2232]
[30, 39321, 2200, 2256]
[30, 39321, 2280, 2205]
[30, 39321, 2316, 2178]
[30, 39321, 2264, 2219]
[30, 39321, 2344, 2331]
[30, 39321, 2197, 2266]
[30, 39321, 2245, 2201]
[30, 39321, 2415, 2108]
[30, 39321, 2322, 2238]
[30, 39321, 2430, 2078]
[30, 39321, 2324, 2366]
[30, 39321, 2294, 2182]
[30, 39321, 2179, 2283]
[30, 39321, 2193, 2221]
[30, 39321, 2268, 2350]
[30, 39321, 2231, 2279]
[30, 39321, 2260, 2201]
[30, 39321, 2195, 2261]
[30, 39321, 2194, 2148]
[30, 39321, 2264, 2294]
[30, 39321, 2176, 2299]
[30, 39321, 2296, 2341]
[30, 39321, 2246, 2278]
[30, 39321, 2314, 2253]
[30, 39321, 2160, 2180]
[30, 39321, 2287, 2255]
[30, 39321, 2317, 2246]
[30, 39321, 2242, 2272]
[30, 39321, 2290, 2289]
[30, 39321, 2452, 2262]
[30, 39321, 2240, 2293]
[30, 39321, 2358, 2321]
[30, 39321, 2366, 2188]
[30, 39321, 2418, 2195]
[30, 39321, 2207, 2233]
[30, 39321, 2281, 2195]
[30, 39321, 2278, 2194]
[30, 39321, 2298, 2320]
[30, 39321, 2296, 2269]
[30, 39321, 2440, 2325]
[30, 39321, 2193, 2255]
[30, 39321, 2274, 2231]
[30, 39321, 2312, 2154]
[35, 45875, 3831, 3864]
[35, 45875, 3864, 3856]
[35, 45875, 3751, 3910]
[35, 45875, 3900, 3982]
[35, 45875, 3764, 3807]
[35, 45875, 3685, 3881]
[35, 45875, 3807, 3925]
[35, 45875, 3738, 3861]
[35, 45875, 3785, 3766]
[35, 45875, 3740, 3748]
[35, 45875, 3542, 3760]
[35, 45875, 3795, 3793]
[35, 45875, 3920, 3810]
[35, 45875, 3858, 3841]
[35, 45875, 3730, 3785]
[35, 45875, 3749, 4002]
[35, 45875, 3958, 3772]
[35, 45875, 3749, 3833]
[35, 45875, 3892, 3893]
[35, 45875, 3733, 3848]
[35, 45875, 3776, 3766]
[35, 45875, 3838, 3868]
[35, 45875, 4018, 3670]
[35, 45875, 3741, 4032]
[35, 45875, 3816, 3832]
[35, 45875, 3943, 3754]
[35, 45875, 3864, 3713]
[35, 45875, 3866, 3794]
[35, 45875, 3800, 3640]
[35, 45875, 3904, 3780]
[35, 45875, 3738, 3928]
[35, 45875, 3818, 3761]
[35, 45875, 3678, 3796]
[35, 45875, 3717, 3936]
[35, 45875, 3843, 3773]
[35, 45875, 3764, 3736]
[35, 45875, 3841, 3806]
[35, 45875, 3852, 3817]
[35, 45875, 3849, 3797]
[35, 45875, 3677, 3758]
[35, 45875, 3727, 3971]
[35, 45875, 3992, 3830]
[35, 45875, 3759, 3733]
[35, 45875, 3896, 3819]
[35, 45875, 3767, 3675]
[35, 45875, 3868, 3909]
[35, 45875, 3718, 3849]
[35, 45875, 3799, 3737]
[35, 45875, 3794, 3884]
[35, 45875, 3745, 3758]
[35, 45875, 3651, 3806]
[35, 45875, 3663, 3839]
[35, 45875, 3892, 3839]
[35, 45875, 3763, 3846]
[35, 45875, 3907, 3857]
[35, 45875, 3872, 3728]
[35, 45875, 4007, 3758]
[35, 45875, 3698, 3749]
[35, 45875, 3763, 3710]
[35, 45875, 3910, 3619]
[35, 45875, 3812, 3756]
[35, 45875, 3905, 3800]
[35, 45875, 3709, 3825]
[35, 45875, 3758, 3719]
[35, 45875, 4097, 3601]
[35, 45875, 3848, 3714]
[35, 45875, 3995, 3531]
[35, 45875, 3749, 3940]
[35, 45875, 3840, 3808]
[35, 45875, 3641, 3811]
[35, 45875, 3779, 3803]
[35, 45875, 3749, 3937]
[35, 45875, 3778, 3837]
[35, 45875, 3800, 3646]
[35, 45875, 3658, 3863]
[35, 45875, 3704, 3755]
[35, 45875, 3769, 3841]
[35, 45875, 3650, 3835]
[35, 45875, 3874, 3808]
[35, 45875, 3827, 3763]
[35, 45875, 3885, 3631]
[35, 45875, 3673, 3674]
[35, 45875, 3795, 3785]
[35, 45875, 3920, 3710]
[35, 45875, 3809, 3772]
[35, 45875, 3913, 3746]
[35, 45875, 3919, 3733]
[35, 45875, 3799, 3829]
[35, 45875, 3904, 3840]
[35, 45875, 3843, 3666]
[35, 45875, 4015, 3636]
[35, 45875, 3688, 3826]
[35, 45875, 3852, 3742]
[35, 45875, 3780, 3804]
[35, 45875, 3908, 3841]
[35, 45875, 3846, 3827]
[35, 45875, 3937, 3815]
[35, 45875, 3668, 3819]
[35, 45875, 3699, 3798]
[35, 45875, 3896, 3682]
[40, 52428, 5827, 5987]
[40, 52428, 5800, 5908]
[40, 52428, 5641, 5888]
[40, 52428, 5878, 5985]
[40, 52428, 5732, 5792]
[40, 52428, 5621, 5995]
[40, 52428, 5772, 5774]
[40, 52428, 5751, 5934]
[40, 52428, 5664, 5727]
[40, 52428, 5709, 5673]
[40, 52428, 5658, 5813]
[40, 52428, 5709, 5823]
[40, 52428, 5987, 5638]
[40, 52428, 5824, 5842]
[40, 52428, 5836, 5785]
[40, 52428, 5698, 5859]
[40, 52428, 6033, 5832]
[40, 52428, 5758, 5927]
[40, 52428, 5655, 5833]
[40, 52428, 5645, 6038]
[40, 52428, 5771, 5855]
[40, 52428, 5967, 5842]
[40, 52428, 5988, 5609]
[40, 52428, 5726, 5951]
[40, 52428, 5793, 5867]
[40, 52428, 6000, 5740]
[40, 52428, 5911, 5792]
[40, 52428, 5896, 5789]
[40, 52428, 5703, 5781]
[40, 52428, 5855, 5795]
[40, 52428, 5738, 5991]
[40, 52428, 5767, 5811]
[40, 52428, 5745, 5850]
[40, 52428, 5637, 5898]
[40, 52428, 5825, 5671]
[40, 52428, 5843, 5682]
[40, 52428, 5924, 5789]
[40, 52428, 5827, 5806]
[40, 52428, 5961, 5745]
[40, 52428, 5821, 5734]
[40, 52428, 5739, 5953]
[40, 52428, 5880, 5915]
[40, 52428, 5813, 5826]
[40, 52428, 5981, 5810]
[40, 52428, 5819, 5748]
[40, 52428, 5880, 5856]
[40, 52428, 5755, 5879]
[40, 52428, 5711, 5770]
[40, 52428, 5776, 5877]
[40, 52428, 5746, 5777]
[40, 52428, 5690, 5977]
[40, 52428, 5700, 5839]
[40, 52428, 5931, 5818]
[40, 52428, 5802, 5899]
[40, 52428, 5784, 5836]
[40, 52428, 5873, 5746]
[40, 52428, 5956, 5666]
[40, 52428, 5788, 5788]
[40, 52428, 5854, 5666]
[40, 52428, 5990, 5622]
[40, 52428, 5837, 5694]
[40, 52428, 5996, 5814]
[40, 52428, 5803, 5818]
[40, 52428, 5684, 5608]
[40, 52428, 6024, 5597]
[40, 52428, 5891, 5747]
[40, 52428, 6131, 5529]
[40, 52428, 5828, 5894]
[40, 52428, 5796, 5748]
[40, 52428, 5625, 5858]
[40, 52428, 5671, 5854]
[40, 52428, 5900, 5845]
[40, 52428, 5848, 5777]
[40, 52428, 5838, 5729]
[40, 52428, 5638, 6008]
[40, 52428, 5717, 5718]
[40, 52428, 5738, 5969]
[40, 52428, 5630, 5873]
[40, 52428, 5867, 5814]
[40, 52428, 5872, 5632]
[40, 52428, 5925, 5683]
[40, 52428, 5658, 5699]
[40, 52428, 5831, 5797]
[40, 52428, 5857, 5680]
[40, 52428, 5853, 5707]
[40, 52428, 5836, 5695]
[40, 52428, 5911, 5715]
[40, 52428, 5808, 5830]
[40, 52428, 5999, 5840]
[40, 52428, 5852, 5665]
[40, 52428, 5951, 5554]
[40, 52428, 5846, 5812]
[40, 52428, 5868, 5803]
[40, 52428, 5861, 5698]
[40, 52428, 5790, 5923]
[40, 52428, 5757, 5900]
[40, 52428, 5940, 5787]
[40, 52428, 5799, 5874]
[40, 52428, 5651, 5885]
[40, 52428, 5840, 5624]
