[1, 1310, 209]
[1, 1310, 219]
[1, 1310, 218]
[1, 1310, 200]
[1, 1310, 224]
[1, 1310, 190]
[1, 1310, 221]
[1, 1310, 216]
[1, 1310, 195]
[1, 1310, 189]
[1, 1310, 197]
[1, 1310, 187]
[1, 1310, 232]
[1, 1310, 195]
[1, 1310, 193]
[1, 1310, 216]
[1, 1310, 185]
[1, 1310, 227]
[1, 1310, 226]
[1, 1310, 224]
[1, 1310, 199]
[1, 1310, 214]
[1, 1310, 188]
[1, 1310, 236]
[1, 1310, 230]
[1, 1310, 221]
[1, 1310, 208]
[1, 1310, 220]
[1, 1310, 235]
[1, 1310, 202]
[1, 1310, 206]
[1, 1310, 231]
[1, 1310, 216]
[1, 1310, 203]
[1, 1310, 214]
[1, 1310, 226]
[1, 1310, 216]
[1, 1310, 224]
[1, 1310, 197]
[1, 1310, 221]
[1, 1310, 212]
[1, 1310, 239]
[1, 1310, 194]
[1, 1310, 196]
[1, 1310, 177]
[1, 1310, 208]
[1, 1310, 205]
[1, 1310, 202]
[1, 1310, 226]
[1, 1310, 206]
[1, 1310, 240]
[1, 1310, 208]
[1, 1310, 215]
[1, 1310, 200]
[1, 1310, 210]
[1, 1310, 206]
[1, 1310, 218]
[1, 1310, 202]
[1, 1310, 197]
[1, 1310, 194]
[1, 1310, 218]
[1, 1310, 223]
[1, 1310, 226]
[1, 1310, 208]
[1, 1310, 189]
[1, 1310, 217]
[1, 1310, 197]
[1, 1310, 225]
[1, 1310, 193]
[1, 1310, 187]
[1, 1310, 245]
[1, 1310, 202]
[1, 1310, 195]
[1, 1310, 200]
[1, 1310, 210]
[1, 1310, 217]
[1, 1310, 233]
[1, 1310, 229]
[1, 1310, 237]
[1, 1310, 212]
[1, 1310, 221]
[1, 1310, 236]
[1, 1310, 171]
[1, 1310, 205]
[1, 1310, 222]
[1, 1310, 221]
[1, 1310, 234]
[1, 1310, 217]
[1, 1310, 225]
[1, 1310, 194]
[1, 1310, 220]
[1, 1310, 195]
[1, 1310, 216]
[1, 1310, 215]
[1, 1310, 220]
[1, 1310, 189]
[1, 1310, 202]
[1, 1310, 207]
[1, 1310, 197]
[1, 1310, 240]
[2, 2621, 663]
[2, 2621, 694]
[2, 2621, 674]
[2, 2621, 639]
[2, 2621, 678]
[2, 2621, 629]
[2, 2621, 660]
[2, 2621, 667]
[2, 2621, 666]
[2, 2621, 667]
[2, 2621, 668]
[2, 2621, 640]
[2, 2621, 687]
[2, 2621, 645]
[2, 2621, 633]
[2, 2621, 666]
[2, 2621, 648]
[2, 2621, 663]
[2, 2621, 611]
[2, 2621, 648]
[2, 2621, 620]
[2, 2621, 647]
[2, 2621, 607]
[2, 2621, 638]
[2, 2621, 664]
[2, 2621, 672]
[2, 2621, 638]
[2, 2621, 610]
[2, 2621, 691]
[2, 2621, 640]
[2, 2621, 652]
[2, 2621, 696]
[2, 2621, 684]
[2, 2621, 668]
[2, 2621, 629]
[2, 2621, 658]
[2, 2621, 638]
[2, 2621, 661]
[2, 2621, 626]
[2, 2621, 670]
[2, 2621, 687]
[2, 2621, 662]
[2, 2621, 622]
[2, 2621, 650]
[2, 2621, 626]
[2, 2621, 655]
[2, 2621, 636]
[2, 2621, 650]
[2, 2621, 642]
[2, 2621, 686]
[2, 2621, 707]
[2, 2621, 675]
[2, 2621, 696]
[2, 2621, 666]
[2, 2621, 655]
[2, 2621, 682]
[2, 2621, 721]
[2, 2621, 665]
[2, 2621, 618]
[2, 2621, 633]
[2, 2621, 646]
[2, 2621, 665]
[2, 2621, 674]
[2, 2621, 628]
[2, 2621, 633]
[2, 2621, 692]
[2, 2621, 663]
[2, 2621, 695]
[2, 2621, 637]
[2, 2621, 675]
[2, 2621, 667]
[2, 2621, 643]
[2, 2621, 645]
[2, 2621, 695]
[2, 2621, 613]
[2, 2621, 639]
[2, 2621, 678]
[2, 2621, 644]
[2, 2621, 712]
[2, 2621, 651]
[2, 2621, 703]
[2, 2621, 674]
[2, 2621, 648]
[2, 2621, 664]
[2, 2621, 689]
[2, 2621, 640]
[2, 2621, 690]
[2, 2621, 686]
[2, 2621, 691]
[2, 2621, 647]
[2, 2621, 702]
[2, 2621, 640]
[2, 2621, 639]
[2, 2621, 657]
[2, 2621, 651]
[2, 2621, 633]
[2, 2621, 664]
[2, 2621, 639]
[2, 2621, 650]
[2, 2621, 650]
[5, 6553, 3317]
[5, 6553, 3337]
[5, 6553, 3398]
[5, 6553, 3302]
[5, 6553, 3293]
[5, 6553, 3345]
[5, 6553, 3311]
[5, 6553, 3270]
[5, 6553, 3259]
[5, 6553, 3334]
[5, 6553, 3317]
[5, 6553, 3313]
[5, 6553, 3274]
[5, 6553, 3357]
[5, 6553, 3368]
[5, 6553, 3287]
[5, 6553, 3334]
[5, 6553, 3328]
[5, 6553, 3241]
[5, 6553, 3324]
[5, 6553, 3338]
[5, 6553, 3293]
[5, 6553, 3322]
[5, 6553, 3282]
[5, 6553, 3284]
[5, 6553, 3364]
[5, 6553, 3326]
[5, 6553, 3321]
[5, 6553, 3389]
[5, 6553, 3340]
[5, 6553, 3349]
[5, 6553, 3384]
[5, 6553, 3347]
[5, 6553, 3359]
[5, 6553, 3320]
[5, 6553, 3367]
[5, 6553, 3270]
[5, 6553, 3285]
[5, 6553, 3299]
[5, 6553, 3328]
[5, 6553, 3310]
[5, 6553, 3320]
[5, 6553, 3297]
[5, 6553, 3285]
[5, 6553, 3241]
[5, 6553, 3235]
[5, 6553, 3289]
[5, 6553, 3290]
[5, 6553, 3349]
[5, 6553, 3333]
[5, 6553, 3338]
[5, 6553, 3284]
[5, 6553, 3419]
[5, 6553, 3334]
[5, 6553, 3258]
[5, 6553, 3408]
[5, 6553, 3346]
[5, 6553, 3334]
[5, 6553, 3355]
[5, 6553, 3286]
[5, 6553, 3300]
[5, 6553, 3361]
[5, 6553, 3371]
[5, 6553, 3280]
[5, 6553, 3352]
[5, 6553, 3360]
[5, 6553, 3325]
[5, 6553, 3290]
[5, 6553, 3304]
[5, 6553, 3379]
[5, 6553, 3374]
[5, 6553, 3347]
[5, 6553, 3310]
[5, 6553, 3323]
[5, 6553, 3330]
[5, 6553, 3284]
[5, 6553, 3300]
[5, 6553, 3283]
[5, 6553, 3353]
[5, 6553, 3273]
[5, 6553, 3303]
[5, 6553, 3294]
[5, 6553, 3341]
[5, 6553, 3276]
[5, 6553, 3230]
[5, 6553, 3380]
[5, 6553, 3260]
[5, 6553, 3320]
[5, 6553, 3354]
[5, 6553, 3334]
[5, 6553, 3356]
[5, 6553, 3279]
[5, 6553, 3320]
[5, 6553, 3264]
[5, 6553, 3342]
[5, 6553, 3347]
[5, 6553, 3394]
[5, 6553, 3292]
[5, 6553, 3339]
[5, 6553, 3286]
[10, 13107, 10229]
[10, 13107, 10207]
[10, 13107, 10197]
[10, 13107, 10205]
[10, 13107, 10238]
[10, 13107, 10182]
[10, 13107, 10208]
[10, 13107, 10206]
[10, 13107, 10253]
[10, 13107, 10293]
[10, 13107, 10155]
[10, 13107, 10213]
[10, 13107, 10224]
[10, 13107, 10161]
[10, 13107, 10217]
[10, 13107, 10195]
[10, 13107, 10219]
[10, 13107, 10241]
[10, 13107, 10246]
[10, 13107, 10169]
[10, 13107, 10179]
[10, 13107, 10156]
[10, 13107, 10242]
[10, 13107, 10190]
[10, 13107, 10235]
[10, 13107, 10241]
[10, 13107, 10199]
[10, 13107, 10175]
[10, 13107, 10221]
[10, 13107, 10178]
[10, 13107, 10174]
[10, 13107, 10171]
[10, 13107, 10272]
[10, 13107, 10215]
[10, 13107, 10272]
[10, 13107, 10214]
[10, 13107, 10184]
[10, 13107, 10148]
[10, 13107, 10218]
[10, 13107, 10149]
[10, 13107, 10206]
[10, 13107, 10193]
[10, 13107, 10198]
[10, 13107, 10231]
[10, 13107, 10206]
[10, 13107, 10189]
[10, 13107, 10119]
[10, 13107, 10197]
[10, 13107, 10177]
[10, 13107, 10206]
[10, 13107, 10220]
[10, 13107, 10234]
[10, 13107, 10262]
[10, 13107, 10256]
[10, 13107, 10214]
[10, 13107, 10207]
[10, 13107, 10150]
[10, 13107, 10253]
[10, 13107, 10242]
[10, 13107, 10266]
[10, 13107, 10160]
[10, 13107, 10190]
[10, 13107, 10215]
[10, 13107, 10161]
[10, 13107, 10146]
[10, 13107, 10239]
[10, 13107, 10180]
[10, 13107, 10264]
[10, 13107, 10214]
[10, 13107, 10157]
[10, 13107, 10207]
[10, 13107, 10173]
[10, 13107, 10214]
[10, 13107, 10201]
[10, 13107, 10248]
[10, 13107, 10207]
[10, 13107, 10145]
[10, 13107, 10237]
[10, 13107, 10227]
[10, 13107, 10137]
[10, 13107, 10243]
[10, 13107, 10310]
[10, 13107, 10254]
[10, 13107, 10173]
[10, 13107, 10209]
[10, 13107, 10213]
[10, 13107, 10270]
[10, 13107, 10269]
[10, 13107, 10187]
[10, 13107, 10237]
[10, 13107, 10134]
[10, 13107, 10186]
[10, 13107, 10126]
[10, 13107, 10250]
[10, 13107, 10243]
[10, 13107, 10246]
[10, 13107, 10280]
[10, 13107, 10239]
[10, 13107, 10176]
[10, 13107, 10163]
[15, 19660, 17811]
[15, 19660, 17794]
[15, 19660, 17839]
[15, 19660, 17758]
[15, 19660, 17802]
[15, 19660, 17762]
[15, 19660, 17753]
[15, 19660, 17876]
[15, 19660, 17800]
[15, 19660, 17789]
[15, 19660, 17781]
[15, 19660, 17769]
[15, 19660, 17813]
[15, 19660, 17751]
[15, 19660, 17800]
[15, 19660, 17820]
[15, 19660, 17839]
[15, 19660, 17849]
[15, 19660, 17831]
[15, 19660, 17764]
[15, 19660, 17834]
[15, 19660, 17832]
[15, 19660, 17761]
[15, 19660, 17801]
[15, 19660, 17772]
[15, 19660, 17784]
[15, 19660, 17809]
[15, 19660, 17854]
[15, 19660, 17789]
[15, 19660, 17851]
[15, 19660, 17800]
[15, 19660, 17815]
[15, 19660, 17781]
[15, 19660, 17788]
[15, 19660, 17827]
[15, 19660, 17793]
[15, 19660, 17792]
[15, 19660, 17768]
[15, 19660, 17834]
[15, 19660, 17759]
[15, 19660, 17798]
[15, 19660, 17816]
[15, 19660, 17754]
[15, 19660, 17823]
[15, 19660, 17868]
[15, 19660, 17782]
[15, 19660, 17826]
[15, 19660, 17783]
[15, 19660, 17744]
[15, 19660, 17810]
[15, 19660, 17841]
[15, 19660, 17866]
[15, 19660, 17823]
[15, 19660, 17810]
[15, 19660, 17800]
[15, 19660, 17792]
[15, 19660, 17820]
[15, 19660, 17775]
[15, 19660, 17838]
[15, 19660, 17763]
[15, 19660, 17839]
[15, 19660, 17821]
[15, 19660, 17783]
[15, 19660, 17809]
[15, 19660, 17799]
[15, 19660, 17827]
[15, 19660, 17794]
[15, 19660, 17863]
[15, 19660, 17731]
[15, 19660, 17794]
[15, 19660, 17746]
[15, 19660, 17780]
[15, 19660, 17796]
[15, 19660, 17775]
[15, 19660, 17813]
[15, 19660, 17735]
[15, 19660, 17851]
[15, 19660, 17793]
[15, 19660, 17878]
[15, 19660, 17830]
[15, 19660, 17824]
[15, 19660, 17747]
[15, 19660, 17817]
[15, 19660, 17777]
[15, 19660, 17798]
[15, 19660, 17817]
[15, 19660, 17805]
[15, 19660, 17827]
[15, 19660, 17779]
[15, 19660, 17798]
[15, 19660, 17766]
[15, 19660, 17875]
[15, 19660, 17814]
[15, 19660, 17843]
[15, 19660, 17777]
[15, 19660, 17788]
[15, 19660, 17808]
[15, 19660, 17796]
[15, 19660, 17720]
[15, 19660, 17786]
[20, 26214, 25196]
[20, 26214, 25241]
[20, 26214, 25157]
[20, 26214, 25142]
[20, 26214, 25177]
[20, 26214, 25182]
[20, 26214, 25160]
[20, 26214, 25191]
[20, 26214, 25161]
[20, 26214, 25157]
[20, 26214, 25135]
[20, 26214, 25141]
[20, 26214, 25172]
[20, 26214, 25099]
[20, 26214, 25159]
[20, 26214, 25154]
[20, 26214, 25175]
[20, 26214, 25205]
[20, 26214, 25174]
[20, 26214, 25117]
[20, 26214, 25173]
[20, 26214, 25168]
[20, 26214, 25185]
[20, 26214, 25191]
[20, 26214, 25213]
[20, 26214, 25138]
[20, 26214, 25183]
[20, 26214, 25184]
[20, 26214, 25171]
[20, 26214, 25180]
[20, 26214, 25224]
[20, 26214, 25139]
[20, 26214, 25112]
[20, 26214, 25131]
[20, 26214, 25133]
[20, 26214, 25208]
[20, 26214, 25110]
[20, 26214, 25127]
[20, 26214, 25213]
[20, 26214, 25168]
[20, 26214, 25192]
[20, 26214, 25131]
[20, 26214, 25168]
[20, 26214, 25194]
[20, 26214, 25133]
[20, 26214, 25178]
[20, 26214, 25168]
[20, 26214, 25139]
[20, 26214, 25127]
[20, 26214, 25152]
[20, 26214, 25140]
[20, 26214, 25133]
[20, 26214, 25159]
[20, 26214, 25144]
[20, 26214, 25131]
[20, 26214, 25128]
[20, 26214, 25165]
[20, 26214, 25194]
[20, 26214, 25115]
[20, 26214, 25119]
[20, 26214, 25153]
[20, 26214, 25169]
[20, 26214, 25199]
[20, 26214, 25143]
[20, 26214, 25108]
[20, 26214, 25144]
[20, 26214, 25130]
[20, 26214, 25155]
[20, 26214, 25155]
[20, 26214, 25117]
[20, 26214, 25177]
[20, 26214, 25172]
[20, 26214, 25146]
[20, 26214, 25139]
[20, 26214, 25176]
[20, 26214, 25151]
[20, 26214, 25142]
[20, 26214, 25109]
[20, 26214, 25187]
[20, 26214, 25166]
[20, 26214, 25176]
[20, 26214, 25149]
[20, 26214, 25157]
[20, 26214, 25187]
[20, 26214, 25153]
[20, 26214, 25155]
[20, 26214, 25098]
[20, 26214, 25149]
[20, 26214, 25153]
[20, 26214, 25169]
[20, 26214, 25190]
[20, 26214, 25121]
[20, 26214, 25183]
[20, 26214, 25143]
[20, 26214, 25159]
[20, 26214, 25137]
[20, 26214, 25130]
[20, 26214, 25244]
[20, 26214, 25127]
[20, 26214, 25158]
[25, 32768, 32167]
[25, 32768, 32196]
[25, 32768, 32252]
[25, 32768, 32191]
[25, 32768, 32189]
[25, 32768, 32212]
[25, 32768, 32210]
[25, 32768, 32228]
[25, 32768, 32239]
[25, 32768, 32192]
[25, 32768, 32190]
[25, 32768, 32226]
[25, 32768, 32211]
[25, 32768, 32223]
[25, 32768, 32234]
[25, 32768, 32242]
[25, 32768, 32215]
[25, 32768, 32205]
[25, 32768, 32176]
[25, 32768, 32230]
[25, 32768, 32202]
[25, 32768, 32228]
[25, 32768, 32209]
[25, 32768, 32213]
[25, 32768, 32245]
[25, 32768, 32195]
[25, 32768, 32215]
[25, 32768, 32172]
[25, 32768, 32246]
[25, 32768, 32214]
[25, 32768, 32226]
[25, 32768, 32206]
[25, 32768, 32221]
[25, 32768, 32201]
[25, 32768, 32180]
[25, 32768, 32233]
[25, 32768, 32197]
[25, 32768, 32205]
[25, 32768, 32197]
[25, 32768, 32207]
[25, 32768, 32200]
[25, 32768, 32212]
[25, 32768, 32197]
[25, 32768, 32184]
[25, 32768, 32205]
[25, 32768, 32200]
[25, 32768, 32242]
[25, 32768, 32152]
[25, 32768, 32198]
[25, 32768, 32212]
[25, 32768, 32220]
[25, 32768, 32171]
[25, 32768, 32180]
[25, 32768, 32221]
[25, 32768, 32189]
[25, 32768, 32215]
[25, 32768, 32207]
[25, 32768, 32204]
[25, 32768, 32192]
[25, 32768, 32170]
[25, 32768, 32211]
[25, 32768, 32206]
[25, 32768, 32218]
[25, 32768, 32215]
[25, 32768, 32198]
[25, 32768, 32171]
[25, 32768, 32207]
[25, 32768, 32196]
[25, 32768, 32217]
[25, 32768, 32207]
[25, 32768, 32177]
[25, 32768, 32195]
[25, 32768, 32212]
[25, 32768, 32185]
[25, 32768, 32176]
[25, 32768, 32209]
[25, 32768, 32231]
[25, 32768, 32207]
[25, 32768, 32160]
[25, 32768, 32198]
[25, 32768, 32164]
[25, 32768, 32205]
[25, 32768, 32214]
[25, 32768, 32179]
[25, 32768, 32203]
[25, 32768, 32206]
[25, 32768, 32188]
[25, 32768, 32249]
[25, 32768, 32191]
[25, 32768, 32199]
[25, 32768, 32200]
[25, 32768, 32177]
[25, 32768, 32185]
[25, 32768, 32197]
[25, 32768, 32208]
[25, 32768, 32216]
[25, 32768, 32157]
[25, 32768, 32193]
[25, 32768, 32240]
[25, 32768, 32191]
[30, 39321, 39004]
[30, 39321, 39043]
[30, 39321, 39054]
[30, 39321, 39030]
[30, 39321, 39038]
[30, 39321, 38999]
[30, 39321, 39021]
[30, 39321, 39017]
[30, 39321, 39008]
[30, 39321, 39005]
[30, 39321, 38994]
[30, 39321, 39030]
[30, 39321, 39014]
[30, 39321, 39031]
[30, 39321, 39030]
[30, 39321, 39028]
[30, 39321, 39065]
[30, 39321, 39076]
[30, 39321, 38999]
[30, 39321, 39057]
[30, 39321, 39010]
[30, 39321, 39032]
[30, 39321, 39045]
[30, 39321, 39034]
[30, 39321, 39018]
[30, 39321, 39036]
[30, 39321, 39055]
[30, 39321, 39038]
[30, 39321, 39036]
[30, 39321, 39026]
[30, 39321, 39055]
[30, 39321, 39033]
[30, 39321, 39015]
[30, 39321, 39007]
[30, 39321, 39025]
[30, 39321, 39059]
[30, 39321, 39037]
[30, 39321, 39036]
[30, 39321, 39018]
[30, 39321, 39042]
[30, 39321, 39045]
[30, 39321, 39021]
[30, 39321, 39036]
[30, 39321, 39037]
[30, 39321, 39051]
[30, 39321, 39042]
[30, 39321, 39048]
[30, 39321, 39016]
[30, 39321, 39006]
[30, 39321, 39038]
[30, 39321, 39036]
[30, 39321, 39015]
[30, 39321, 39017]
[30, 39321, 39010]
[30, 39321, 38999]
[30, 39321, 39010]
[30, 39321, 39050]
[30, 39321, 39057]
[30, 39321, 39012]
[30, 39321, 39024]
[30, 39321, 39063]
[30, 39321, 39008]
[30, 39321, 39060]
[30, 39321, 39031]
[30, 39321, 39025]
[30, 39321, 38984]
[30, 39321, 39023]
[30, 39321, 39017]
[30, 39321, 39024]
[30, 39321, 39033]
[30, 39321, 39043]
[30, 39321, 39035]
[30, 39321, 39035]
[30, 39321, 39015]
[30, 39321, 39035]
[30, 39321, 39024]
[30, 39321, 39041]
[30, 39321, 39022]
[30, 39321, 39031]
[30, 39321, 39042]
[30, 39321, 38984]
[30, 39321, 39043]
[30, 39321, 39049]
[30, 39321, 39038]
[30, 39321, 39031]
[30, 39321, 39051]
[30, 39321, 39018]
[30, 39321, 39036]
[30, 39321, 39042]
[30, 39321, 39029]
[30, 39321, 39028]
[30, 39321, 39019]
[30, 39321, 39041]
[30, 39321, 39047]
[30, 39321, 39033]
[30, 39321, 39023]
[30, 39321, 39011]
[30, 39321, 39082]
[30, 39321, 39023]
[30, 39321, 39023]
[35, 45875, 45722]
[35, 45875, 45735]
[35, 45875, 45728]
[35, 45875, 45714]
[35, 45875, 45730]
[35, 45875, 45731]
[35, 45875, 45723]
[35, 45875, 45729]
[35, 45875, 45716]
[35, 45875, 45706]
[35, 45875, 45752]
[35, 45875, 45724]
[35, 45875, 45706]
[35, 45875, 45737]
[35, 45875, 45733]
[35, 45875, 45703]
[35, 45875, 45733]
[35, 45875, 45726]
[35, 45875, 45724]
[35, 45875, 45742]
[35, 45875, 45714]
[35, 45875, 45731]
[35, 45875, 45730]
[35, 45875, 45719]
[35, 45875, 45723]
[35, 45875, 45746]
[35, 45875, 45700]
[35, 45875, 45731]
[35, 45875, 45724]
[35, 45875, 45754]
[35, 45875, 45737]
[35, 45875, 45732]
[35, 45875, 45731]
[35, 45875, 45708]
[35, 45875, 45722]
[35, 45875, 45718]
[35, 45875, 45716]
[35, 45875, 45730]
[35, 45875, 45709]
[35, 45875, 45716]
[35, 45875, 45728]
[35, 45875, 45745]
[35, 45875, 45719]
[35, 45875, 45727]
[35, 45875, 45741]
[35, 45875, 45716]
[35, 45875, 45719]
[35, 45875, 45714]
[35, 45875, 45730]
[35, 45875, 45715]
[35, 45875, 45734]
[35, 45875, 45743]
[35, 45875, 45741]
[35, 45875, 45740]
[35, 45875, 45705]
[35, 45875, 45736]
[35, 45875, 45724]
[35, 45875, 45727]
[35, 45875, 45745]
[35, 45875, 45733]
[35, 45875, 45734]
[35, 45875, 45701]
[35, 45875, 45745]
[35, 45875, 45739]
[35, 45875, 45718]
[35, 45875, 45715]
[35, 45875, 45736]
[35, 45875, 45742]
[35, 45875, 45732]
[35, 45875, 45716]
[35, 45875, 45733]
[35, 45875, 45724]
[35, 45875, 45738]
[35, 45875, 45730]
[35, 45875, 45724]
[35, 45875, 45708]
[35, 45875, 45747]
[35, 45875, 45717]
[35, 45875, 45729]
[35, 45875, 45744]
[35, 45875, 45717]
[35, 45875, 45743]
[35, 45875, 45737]
[35, 45875, 45729]
[35, 45875, 45721]
[35, 45875, 45724]
[35, 45875, 45712]
[35, 45875, 45714]
[35, 45875, 45748]
[35, 45875, 45737]
[35, 45875, 45721]
[35, 45875, 45703]
[35, 45875, 45725]
[35, 45875, 45730]
[35, 45875, 45722]
[35, 45875, 45730]
[35, 45875, 45727]
[35, 45875, 45732]
[35, 45875, 45710]
[35, 45875, 45715]
[40, 52428, 52338]
[40, 52428, 52351]
[40, 52428, 52362]
[40, 52428, 52363]
[40, 52428, 52348]
[40, 52428, 52358]
[40, 52428, 52351]
[40, 52428, 52352]
[40, 52428, 52346]
[40, 52428, 52345]
[40, 52428, 52363]
[40, 52428, 52353]
[40, 52428, 52335]
[40, 52428, 52349]
[40, 52428, 52354]
[40, 52428, 52360]
[40, 52428, 52359]
[40, 52428, 52342]
[40, 52428, 52349]
[40, 52428, 52346]
[40, 52428, 52349]
[40, 52428, 52361]
[40, 52428, 52359]
[40, 52428, 52339]
[40, 52428, 52369]
[40, 52428, 52352]
[40, 52428, 52358]
[40, 52428, 52348]
[40, 52428, 52347]
[40, 52428, 52348]
[40, 52428, 52345]
[40, 52428, 52355]
[40, 52428, 52348]
[40, 52428, 52349]
[40, 52428, 52345]
[40, 52428, 52361]
[40, 52428, 52364]
[40, 52428, 52360]
[40, 52428, 52359]
[40, 52428, 52349]
[40, 52428, 52342]
[40, 52428, 52354]
[40, 52428, 52345]
[40, 52428, 52343]
[40, 52428, 52363]
[40, 52428, 52367]
[40, 52428, 52350]
[40, 52428, 52350]
[40, 52428, 52355]
[40, 52428, 52354]
[40, 52428, 52358]
[40, 52428, 52360]
[40, 52428, 52346]
[40, 52428, 52363]
[40, 52428, 52359]
[40, 52428, 52349]
[40, 52428, 52347]
[40, 52428, 52358]
[40, 52428, 52352]
[40, 52428, 52371]
[40, 52428, 52363]
[40, 52428, 52362]
[40, 52428, 52348]
[40, 52428, 52347]
[40, 52428, 52347]
[40, 52428, 52356]
[40, 52428, 52366]
[40, 52428, 52342]
[40, 52428, 52357]
[40, 52428, 52356]
[40, 52428, 52351]
[40, 52428, 52348]
[40, 52428, 52359]
[40, 52428, 52347]
[40, 52428, 52356]
[40, 52428, 52357]
[40, 52428, 52368]
[40, 52428, 52350]
[40, 52428, 52362]
[40, 52428, 52356]
[40, 52428, 52339]
[40, 52428, 52346]
[40, 52428, 52354]
[40, 52428, 52370]
[40, 52428, 52350]
[40, 52428, 52361]
[40, 52428, 52354]
[40, 52428, 52357]
[40, 52428, 52360]
[40, 52428, 52362]
[40, 52428, 52360]
[40, 52428, 52347]
[40, 52428, 52339]
[40, 52428, 52351]
[40, 52428, 52356]
[40, 52428, 52355]
[40, 52428, 52345]
[40, 52428, 52360]
[40, 52428, 52334]
[40, 52428, 52354]
