[1, 1310, 0]
[1, 1310, 0]
[1, 1310, 0]
[1, 1310, 0]
[1, 1310, 0]
[1, 1310, 0]
[1, 1310, 0]
[1, 1310, 0]
[1, 1310, 0]
[1, 1310, 0]
[1, 1310, 0]
[1, 1310, 0]
[1, 1310, 0]
[1, 1310, 0]
[1, 1310, 0]
[1, 1310, 0]
[1, 1310, 0]
[1, 1310, 0]
[1, 1310, 0]
[1, 1310, 0]
[1, 1310, 0]
[1, 1310, 0]
[1, 1310, 0]
[1, 1310, 0]
[1, 1310, 0]
[1, 1310, 0]
[1, 1310, 0]
[1, 1310, 0]
[1, 1310, 0]
[1, 1310, 0]
[1, 1310, 0]
[1, 1310, 0]
[1, 1310, 0]
[1, 1310, 0]
[1, 1310, 0]
[1, 1310, 0]
[1, 1310, 0]
[1, 1310, 0]
[1, 1310, 0]
[1, 1310, 0]
[1, 1310, 0]
[1, 1310, 0]
[1, 1310, 0]
[1, 1310, 0]
[1, 1310, 0]
[1, 1310, 0]
[1, 1310, 0]
[1, 1310, 0]
[1, 1310, 0]
[1, 1310, 0]
[1, 1310, 0]
[1, 1310, 0]
[1, 1310, 0]
[1, 1310, 0]
[1, 1310, 0]
[1, 1310, 0]
[1, 1310, 0]
[1, 1310, 0]
[1, 1310, 0]
[1, 1310, 0]
[1, 1310, 0]
[1, 1310, 0]
[1, 1310, 0]
[1, 1310, 0]
[1, 1310, 0]
[1, 1310, 0]
[1, 1310, 0]
[1, 1310, 0]
[1, 1310, 0]
[1, 1310, 0]
[1, 1310, 0]
[1, 1310, 0]
[1, 1310, 0]
[1, 1310, 0]
[1, 1310, 0]
[1, 1310, 0]
[1, 1310, 0]
[1, 1310, 0]
[1, 1310, 0]
[1, 1310, 0]
[1, 1310, 0]
[1, 1310, 0]
[1, 1310, 0]
[1, 1310, 0]
[1, 1310, 0]
[1, 1310, 0]
[1, 1310, 0]
[1, 1310, 0]
[1, 1310, 0]
[1, 1310, 0]
[1, 1310, 0]
[1, 1310, 0]
[1, 1310, 0]
[1, 1310, 0]
[1, 1310, 0]
[1, 1310, 0]
[1, 1310, 0]
[1, 1310, 0]
[1, 1310, 0]
[1, 1310, 0]
[2, 2621, 0]
[2, 2621, 0]
[2, 2621, 0]
[2, 2621, 0]
[2, 2621, 0]
[2, 2621, 0]
[2, 2621, 0]
[2, 2621, 0]
[2, 2621, 0]
[2, 2621, 0]
[2, 2621, 0]
[2, 2621, 0]
[2, 2621, 0]
[2, 2621, 0]
[2, 2621, 0]
[2, 2621, 0]
[2, 2621, 0]
[2, 2621, 0]
[2, 2621, 0]
[2, 2621, 0]
[2, 2621, 0]
[2, 2621, 0]
[2, 2621, 0]
[2, 2621, 0]
[2, 2621, 0]
[2, 2621, 0]
[2, 2621, 0]
[2, 2621, 0]
[2, 2621, 0]
[2, 2621, 0]
[2, 2621, 0]
[2, 2621, 0]
[2, 2621, 0]
[2, 2621, 0]
[2, 2621, 0]
[2, 2621, 0]
[2, 2621, 0]
[2, 2621, 0]
[2, 2621, 0]
[2, 2621, 0]
[2, 2621, 0]
[2, 2621, 0]
[2, 2621, 0]
[2, 2621, 0]
[2, 2621, 0]
[2, 2621, 0]
[2, 2621, 0]
[2, 2621, 0]
[2, 2621, 0]
[2, 2621, 0]
[2, 2621, 0]
[2, 2621, 0]
[2, 2621, 0]
[2, 2621, 0]
[2, 2621, 0]
[2, 2621, 0]
[2, 2621, 0]
[2, 2621, 0]
[2, 2621, 0]
[2, 2621, 0]
[2, 2621, 0]
[2, 2621, 0]
[2, 2621, 0]
[2, 2621, 0]
[2, 2621, 0]
[2, 2621, 0]
[2, 2621, 0]
[2, 2621, 0]
[2, 2621, 0]
[2, 2621, 0]
[2, 2621, 0]
[2, 2621, 0]
[2, 2621, 0]
[2, 2621, 0]
[2, 2621, 0]
[2, 2621, 0]
[2, 2621, 0]
[2, 2621, 0]
[2, 2621, 0]
[2, 2621, 0]
[2, 2621, 0]
[2, 2621, 0]
[2, 2621, 0]
[2, 2621, 0]
[2, 2621, 0]
[2, 2621, 0]
[2, 2621, 0]
[2, 2621, 2]
[2, 2621, 0]
[2, 2621, 0]
[2, 2621, 0]
[2, 2621, 0]
[2, 2621, 0]
[2, 2621, 0]
[2, 2621, 0]
[2, 2621, 0]
[2, 2621, 0]
[2, 2621, 0]
[2, 2621, 0]
[2, 2621, 0]
[5, 6553, 0]
[5, 6553, 5]
[5, 6553, 8]
[5, 6553, 1]
[5, 6553, 0]
[5, 6553, 2]
[5, 6553, 1]
[5, 6553, 2]
[5, 6553, 2]
[5, 6553, 1]
[5, 6553, 3]
[5, 6553, 5]
[5, 6553, 0]
[5, 6553, 2]
[5, 6553, 2]
[5, 6553, 0]
[5, 6553, 0]
[5, 6553, 3]
[5, 6553, 2]
[5, 6553, 0]
[5, 6553, 1]
[5, 6553, 2]
[5, 6553, 2]
[5, 6553, 0]
[5, 6553, 3]
[5, 6553, 1]
[5, 6553, 0]
[5, 6553, 1]
[5, 6553, 0]
[5, 6553, 7]
[5, 6553, 0]
[5, 6553, 0]
[5, 6553, 0]
[5, 6553, 0]
[5, 6553, 3]
[5, 6553, 0]
[5, 6553, 0]
[5, 6553, 2]
[5, 6553, 0]
[5, 6553, 7]
[5, 6553, 1]
[5, 6553, 0]
[5, 6553, 3]
[5, 6553, 2]
[5, 6553, 5]
[5, 6553, 3]
[5, 6553, 0]
[5, 6553, 1]
[5, 6553, 0]
[5, 6553, 3]
[5, 6553, 3]
[5, 6553, 2]
[5, 6553, 2]
[5, 6553, 0]
[5, 6553, 1]
[5, 6553, 4]
[5, 6553, 1]
[5, 6553, 1]
[5, 6553, 2]
[5, 6553, 3]
[5, 6553, 4]
[5, 6553, 0]
[5, 6553, 3]
[5, 6553, 1]
[5, 6553, 1]
[5, 6553, 3]
[5, 6553, 0]
[5, 6553, 1]
[5, 6553, 2]
[5, 6553, 3]
[5, 6553, 0]
[5, 6553, 4]
[5, 6553, 3]
[5, 6553, 2]
[5, 6553, 4]
[5, 6553, 5]
[5, 6553, 2]
[5, 6553, 1]
[5, 6553, 5]
[5, 6553, 0]
[5, 6553, 1]
[5, 6553, 1]
[5, 6553, 3]
[5, 6553, 0]
[5, 6553, 3]
[5, 6553, 3]
[5, 6553, 2]
[5, 6553, 5]
[5, 6553, 3]
[5, 6553, 1]
[5, 6553, 6]
[5, 6553, 3]
[5, 6553, 2]
[5, 6553, 3]
[5, 6553, 1]
[5, 6553, 3]
[5, 6553, 2]
[5, 6553, 1]
[5, 6553, 4]
[5, 6553, 4]
[10, 13107, 37]
[10, 13107, 15]
[10, 13107, 33]
[10, 13107, 25]
[10, 13107, 28]
[10, 13107, 31]
[10, 13107, 36]
[10, 13107, 33]
[10, 13107, 26]
[10, 13107, 44]
[10, 13107, 25]
[10, 13107, 34]
[10, 13107, 32]
[10, 13107, 40]
[10, 13107, 25]
[10, 13107, 34]
[10, 13107, 33]
[10, 13107, 38]
[10, 13107, 45]
[10, 13107, 33]
[10, 13107, 41]
[10, 13107, 12]
[10, 13107, 41]
[10, 13107, 40]
[10, 13107, 34]
[10, 13107, 22]
[10, 13107, 30]
[10, 13107, 18]
[10, 13107, 32]
[10, 13107, 45]
[10, 13107, 27]
[10, 13107, 26]
[10, 13107, 32]
[10, 13107, 33]
[10, 13107, 47]
[10, 13107, 23]
[10, 13107, 27]
[10, 13107, 30]
[10, 13107, 38]
[10, 13107, 34]
[10, 13107, 40]
[10, 13107, 41]
[10, 13107, 36]
[10, 13107, 28]
[10, 13107, 36]
[10, 13107, 22]
[10, 13107, 32]
[10, 13107, 38]
[10, 13107, 15]
[10, 13107, 36]
[10, 13107, 26]
[10, 13107, 26]
[10, 13107, 33]
[10, 13107, 25]
[10, 13107, 40]
[10, 13107, 40]
[10, 13107, 23]
[10, 13107, 33]
[10, 13107, 35]
[10, 13107, 32]
[10, 13107, 38]
[10, 13107, 25]
[10, 13107, 29]
[10, 13107, 36]
[10, 13107, 22]
[10, 13107, 26]
[10, 13107, 38]
[10, 13107, 35]
[10, 13107, 36]
[10, 13107, 33]
[10, 13107, 20]
[10, 13107, 15]
[10, 13107, 30]
[10, 13107, 25]
[10, 13107, 37]
[10, 13107, 32]
[10, 13107, 33]
[10, 13107, 22]
[10, 13107, 40]
[10, 13107, 33]
[10, 13107, 28]
[10, 13107, 27]
[10, 13107, 18]
[10, 13107, 47]
[10, 13107, 35]
[10, 13107, 19]
[10, 13107, 46]
[10, 13107, 36]
[10, 13107, 26]
[10, 13107, 30]
[10, 13107, 36]
[10, 13107, 31]
[10, 13107, 41]
[10, 13107, 53]
[10, 13107, 39]
[10, 13107, 40]
[10, 13107, 40]
[10, 13107, 30]
[10, 13107, 41]
[10, 13107, 65]
[15, 19660, 164]
[15, 19660, 105]
[15, 19660, 178]
[15, 19660, 161]
[15, 19660, 140]
[15, 19660, 194]
[15, 19660, 167]
[15, 19660, 179]
[15, 19660, 187]
[15, 19660, 167]
[15, 19660, 165]
[15, 19660, 174]
[15, 19660, 168]
[15, 19660, 183]
[15, 19660, 178]
[15, 19660, 155]
[15, 19660, 139]
[15, 19660, 193]
[15, 19660, 208]
[15, 19660, 180]
[15, 19660, 176]
[15, 19660, 141]
[15, 19660, 162]
[15, 19660, 167]
[15, 19660, 165]
[15, 19660, 147]
[15, 19660, 165]
[15, 19660, 183]
[15, 19660, 190]
[15, 19660, 159]
[15, 19660, 179]
[15, 19660, 160]
[15, 19660, 177]
[15, 19660, 133]
[15, 19660, 184]
[15, 19660, 171]
[15, 19660, 154]
[15, 19660, 155]
[15, 19660, 179]
[15, 19660, 197]
[15, 19660, 175]
[15, 19660, 168]
[15, 19660, 196]
[15, 19660, 169]
[15, 19660, 177]
[15, 19660, 159]
[15, 19660, 142]
[15, 19660, 176]
[15, 19660, 148]
[15, 19660, 177]
[15, 19660, 159]
[15, 19660, 164]
[15, 19660, 180]
[15, 19660, 140]
[15, 19660, 183]
[15, 19660, 186]
[15, 19660, 187]
[15, 19660, 178]
[15, 19660, 153]
[15, 19660, 154]
[15, 19660, 194]
[15, 19660, 194]
[15, 19660, 190]
[15, 19660, 158]
[15, 19660, 178]
[15, 19660, 173]
[15, 19660, 163]
[15, 19660, 170]
[15, 19660, 118]
[15, 19660, 174]
[15, 19660, 121]
[15, 19660, 153]
[15, 19660, 178]
[15, 19660, 185]
[15, 19660, 146]
[15, 19660, 183]
[15, 19660, 172]
[15, 19660, 158]
[15, 19660, 183]
[15, 19660, 153]
[15, 19660, 158]
[15, 19660, 170]
[15, 19660, 116]
[15, 19660, 182]
[15, 19660, 162]
[15, 19660, 134]
[15, 19660, 157]
[15, 19660, 192]
[15, 19660, 169]
[15, 19660, 157]
[15, 19660, 203]
[15, 19660, 167]
[15, 19660, 142]
[15, 19660, 180]
[15, 19660, 141]
[15, 19660, 155]
[15, 19660, 158]
[15, 19660, 209]
[15, 19660, 155]
[15, 19660, 183]
[20, 26214, 509]
[20, 26214, 414]
[20, 26214, 561]
[20, 26214, 510]
[20, 26214, 501]
[20, 26214, 497]
[20, 26214, 516]
[20, 26214, 521]
[20, 26214, 557]
[20, 26214, 519]
[20, 26214, 561]
[20, 26214, 533]
[20, 26214, 591]
[20, 26214, 562]
[20, 26214, 537]
[20, 26214, 486]
[20, 26214, 490]
[20, 26214, 531]
[20, 26214, 539]
[20, 26214, 544]
[20, 26214, 552]
[20, 26214, 526]
[20, 26214, 537]
[20, 26214, 500]
[20, 26214, 545]
[20, 26214, 539]
[20, 26214, 492]
[20, 26214, 537]
[20, 26214, 565]
[20, 26214, 509]
[20, 26214, 549]
[20, 26214, 513]
[20, 26214, 509]
[20, 26214, 491]
[20, 26214, 564]
[20, 26214, 501]
[20, 26214, 452]
[20, 26214, 504]
[20, 26214, 577]
[20, 26214, 541]
[20, 26214, 520]
[20, 26214, 490]
[20, 26214, 525]
[20, 26214, 513]
[20, 26214, 568]
[20, 26214, 501]
[20, 26214, 418]
[20, 26214, 559]
[20, 26214, 504]
[20, 26214, 507]
[20, 26214, 489]
[20, 26214, 521]
[20, 26214, 555]
[20, 26214, 480]
[20, 26214, 529]
[20, 26214, 561]
[20, 26214, 576]
[20, 26214, 580]
[20, 26214, 563]
[20, 26214, 528]
[20, 26214, 524]
[20, 26214, 599]
[20, 26214, 550]
[20, 26214, 513]
[20, 26214, 522]
[20, 26214, 494]
[20, 26214, 526]
[20, 26214, 508]
[20, 26214, 452]
[20, 26214, 540]
[20, 26214, 447]
[20, 26214, 485]
[20, 26214, 519]
[20, 26214, 538]
[20, 26214, 504]
[20, 26214, 565]
[20, 26214, 505]
[20, 26214, 505]
[20, 26214, 513]
[20, 26214, 497]
[20, 26214, 507]
[20, 26214, 558]
[20, 26214, 388]
[20, 26214, 545]
[20, 26214, 493]
[20, 26214, 474]
[20, 26214, 513]
[20, 26214, 513]
[20, 26214, 483]
[20, 26214, 517]
[20, 26214, 554]
[20, 26214, 537]
[20, 26214, 425]
[20, 26214, 495]
[20, 26214, 509]
[20, 26214, 503]
[20, 26214, 485]
[20, 26214, 543]
[20, 26214, 553]
[20, 26214, 501]
[25, 32768, 1194]
[25, 32768, 1154]
[25, 32768, 1156]
[25, 32768, 1249]
[25, 32768, 1170]
[25, 32768, 1157]
[25, 32768, 1148]
[25, 32768, 1181]
[25, 32768, 1296]
[25, 32768, 1184]
[25, 32768, 1208]
[25, 32768, 1164]
[25, 32768, 1229]
[25, 32768, 1219]
[25, 32768, 1225]
[25, 32768, 1277]
[25, 32768, 1171]
[25, 32768, 1199]
[25, 32768, 1222]
[25, 32768, 1193]
[25, 32768, 1261]
[25, 32768, 1193]
[25, 32768, 1215]
[25, 32768, 1226]
[25, 32768, 1232]
[25, 32768, 1156]
[25, 32768, 1107]
[25, 32768, 1187]
[25, 32768, 1192]
[25, 32768, 1125]
[25, 32768, 1211]
[25, 32768, 1242]
[25, 32768, 1196]
[25, 32768, 1108]
[25, 32768, 1226]
[25, 32768, 1217]
[25, 32768, 1153]
[25, 32768, 1179]
[25, 32768, 1175]
[25, 32768, 1169]
[25, 32768, 1259]
[25, 32768, 1134]
[25, 32768, 1203]
[25, 32768, 1202]
[25, 32768, 1283]
[25, 32768, 1231]
[25, 32768, 1150]
[25, 32768, 1202]
[25, 32768, 1235]
[25, 32768, 1189]
[25, 32768, 1148]
[25, 32768, 1263]
[25, 32768, 1226]
[25, 32768, 1152]
[25, 32768, 1205]
[25, 32768, 1282]
[25, 32768, 1230]
[25, 32768, 1256]
[25, 32768, 1189]
[25, 32768, 1208]
[25, 32768, 1149]
[25, 32768, 1298]
[25, 32768, 1241]
[25, 32768, 1203]
[25, 32768, 1216]
[25, 32768, 1175]
[25, 32768, 1313]
[25, 32768, 1179]
[25, 32768, 1141]
[25, 32768, 1184]
[25, 32768, 1148]
[25, 32768, 1150]
[25, 32768, 1149]
[25, 32768, 1168]
[25, 32768, 1187]
[25, 32768, 1206]
[25, 32768, 1179]
[25, 32768, 1204]
[25, 32768, 1199]
[25, 32768, 1174]
[25, 32768, 1156]
[25, 32768, 1253]
[25, 32768, 1046]
[25, 32768, 1265]
[25, 32768, 1127]
[25, 32768, 1099]
[25, 32768, 1129]
[25, 32768, 1248]
[25, 32768, 1135]
[25, 32768, 1162]
[25, 32768, 1166]
[25, 32768, 1216]
[25, 32768, 1115]
[25, 32768, 1166]
[25, 32768, 1191]
[25, 32768, 1149]
[25, 32768, 1114]
[25, 32768, 1245]
[25, 32768, 1250]
[25, 32768, 1205]
[30, 39321, 2390]
[30, 39321, 2249]
[30, 39321, 2224]
[30, 39321, 2321]
[30, 39321, 2236]
[30, 39321, 2173]
[30, 39321, 2225]
[30, 39321, 2213]
[30, 39321, 2353]
[30, 39321, 2211]
[30, 39321, 2379]
[30, 39321, 2219]
[30, 39321, 2367]
[30, 39321, 2357]
[30, 39321, 2194]
[30, 39321, 2300]
[30, 39321, 2311]
[30, 39321, 2240]
[30, 39321, 2313]
[30, 39321, 2232]
[30, 39321, 2352]
[30, 39321, 2323]
[30, 39321, 2295]
[30, 39321, 2355]
[30, 39321, 2294]
[30, 39321, 2201]
[30, 39321, 2200]
[30, 39321, 2249]
[30, 39321, 2257]
[30, 39321, 2213]
[30, 39321, 2257]
[30, 39321, 2333]
[30, 39321, 2213]
[30, 39321, 2105]
[30, 39321, 2258]
[30, 39321, 2220]
[30, 39321, 2302]
[30, 39321, 2271]
[30, 39321, 2241]
[30, 39321, 2254]
[30, 39321, 2370]
[30, 39321, 2244]
[30, 39321, 2281]
[30, 39321, 2310]
[30, 39321, 2294]
[30, 39321, 2307]
[30, 39321, 2169]
[30, 39321, 2316]
[30, 39321, 2312]
[30, 39321, 2347]
[30, 39321, 2248]
[30, 39321, 2343]
[30, 39321, 2349]
[30, 39321, 2232]
[30, 39321, 2288]
[30, 39321, 2450]
[30, 39321, 2333]
[30, 39321, 2378]
[30, 39321, 2243]
[30, 39321, 2289]
[30, 39321, 2267]
[30, 39321, 2375]
[30, 39321, 2348]
[30, 39321, 2211]
[30, 39321, 2268]
[30, 39321, 2205]
[30, 39321, 2410]
[30, 39321, 2261]
[30, 39321, 2197]
[30, 39321, 2306]
[30, 39321, 2207]
[30, 39321, 2288]
[30, 39321, 2168]
[30, 39321, 2102]
[30, 39321, 2282]
[30, 39321, 2233]
[30, 39321, 2275]
[30, 39321, 2302]
[30, 39321, 2278]
[30, 39321, 2151]
[30, 39321, 2264]
[30, 39321, 2266]
[30, 39321, 2151]
[30, 39321, 2307]
[30, 39321, 2237]
[30, 39321, 2118]
[30, 39321, 2140]
[30, 39321, 2309]
[30, 39321, 2226]
[30, 39321, 2138]
[30, 39321, 2285]
[30, 39321, 2304]
[30, 39321, 2186]
[30, 39321, 2286]
[30, 39321, 2364]
[30, 39321, 2273]
[30, 39321, 2158]
[30, 39321, 2293]
[30, 39321, 2278]
[30, 39321, 2321]
[35, 45875, 3884]
[35, 45875, 3825]
[35, 45875, 3696]
[35, 45875, 3810]
[35, 45875, 3901]
[35, 45875, 3765]
[35, 45875, 3757]
[35, 45875, 3808]
[35, 45875, 3926]
[35, 45875, 3711]
[35, 45875, 3854]
[35, 45875, 3771]
[35, 45875, 3994]
[35, 45875, 3873]
[35, 45875, 3833]
[35, 45875, 3934]
[35, 45875, 3858]
[35, 45875, 3717]
[35, 45875, 3945]
[35, 45875, 3664]
[35, 45875, 3837]
[35, 45875, 3792]
[35, 45875, 3800]
[35, 45875, 3900]
[35, 45875, 3810]
[35, 45875, 3663]
[35, 45875, 3785]
[35, 45875, 3725]
[35, 45875, 3754]
[35, 45875, 3851]
[35, 45875, 3686]
[35, 45875, 3936]
[35, 45875, 3824]
[35, 45875, 3555]
[35, 45875, 3769]
[35, 45875, 3730]
[35, 45875, 3749]
[35, 45875, 3846]
[35, 45875, 3834]
[35, 45875, 3768]
[35, 45875, 3823]
[35, 45875, 3758]
[35, 45875, 3857]
[35, 45875, 3839]
[35, 45875, 3735]
[35, 45875, 3780]
[35, 45875, 3668]
[35, 45875, 3820]
[35, 45875, 3890]
[35, 45875, 3783]
[35, 45875, 3771]
[35, 45875, 3876]
[35, 45875, 3914]
[35, 45875, 3802]
[35, 45875, 3793]
[35, 45875, 4091]
[35, 45875, 3973]
[35, 45875, 3917]
[35, 45875, 3800]
[35, 45875, 3820]
[35, 45875, 3791]
[35, 45875, 3852]
[35, 45875, 3841]
[35, 45875, 3746]
[35, 45875, 3877]
[35, 45875, 3675]
[35, 45875, 4017]
[35, 45875, 3857]
[35, 45875, 3811]
[35, 45875, 3681]
[35, 45875, 3667]
[35, 45875, 3703]
[35, 45875, 3679]
[35, 45875, 3682]
[35, 45875, 3791]
[35, 45875, 3752]
[35, 45875, 3790]
[35, 45875, 3805]
[35, 45875, 3881]
[35, 45875, 3646]
[35, 45875, 3874]
[35, 45875, 3905]
[35, 45875, 3555]
[35, 45875, 3901]
[35, 45875, 3700]
[35, 45875, 3630]
[35, 45875, 3664]
[35, 45875, 3883]
[35, 45875, 3697]
[35, 45875, 3695]
[35, 45875, 3790]
[35, 45875, 3779]
[35, 45875, 3767]
[35, 45875, 3790]
[35, 45875, 3803]
[35, 45875, 3775]
[35, 45875, 3812]
[35, 45875, 3848]
[35, 45875, 3814]
[35, 45875, 3787]
[40, 52428, 5974]
[40, 52428, 5769]
[40, 52428, 5581]
[40, 52428, 5786]
[40, 52428, 5917]
[40, 52428, 5728]
[40, 52428, 5649]
[40, 52428, 5862]
[40, 52428, 5867]
[40, 52428, 5654]
[40, 52428, 5911]
[40, 52428, 5629]
[40, 52428, 6095]
[40, 52428, 5927]
[40, 52428, 5866]
[40, 52428, 5950]
[40, 52428, 5852]
[40, 52428, 5722]
[40, 52428, 6016]
[40, 52428, 5582]
[40, 52428, 5949]
[40, 52428, 5892]
[40, 52428, 5798]
[40, 52428, 5829]
[40, 52428, 5825]
[40, 52428, 5664]
[40, 52428, 5712]
[40, 52428, 5782]
[40, 52428, 5716]
[40, 52428, 5836]
[40, 52428, 5727]
[40, 52428, 5915]
[40, 52428, 5732]
[40, 52428, 5615]
[40, 52428, 5843]
[40, 52428, 5596]
[40, 52428, 5755]
[40, 52428, 5818]
[40, 52428, 5812]
[40, 52428, 5708]
[40, 52428, 5764]
[40, 52428, 5678]
[40, 52428, 5791]
[40, 52428, 5869]
[40, 52428, 5710]
[40, 52428, 5808]
[40, 52428, 5778]
[40, 52428, 5699]
[40, 52428, 5942]
[40, 52428, 6052]
[40, 52428, 5814]
[40, 52428, 5807]
[40, 52428, 5822]
[40, 52428, 5853]
[40, 52428, 5729]
[40, 52428, 6047]
[40, 52428, 5845]
[40, 52428, 6002]
[40, 52428, 5728]
[40, 52428, 5871]
[40, 52428, 5801]
[40, 52428, 5779]
[40, 52428, 5647]
[40, 52428, 5798]
[40, 52428, 5739]
[40, 52428, 5621]
[40, 52428, 5956]
[40, 52428, 5926]
[40, 52428, 5821]
[40, 52428, 5578]
[40, 52428, 5645]
[40, 52428, 5829]
[40, 52428, 5728]
[40, 52428, 5804]
[40, 52428, 5791]
[40, 52428, 5678]
[40, 52428, 5654]
[40, 52428, 5733]
[40, 52428, 5979]
[40, 52428, 5643]
[40, 52428, 5934]
[40, 52428, 5856]
[40, 52428, 5550]
[40, 52428, 5901]
[40, 52428, 5687]
[40, 52428, 5635]
[40, 52428, 5610]
[40, 52428, 5774]
[40, 52428, 5679]
[40, 52428, 5661]
[40, 52428, 5774]
[40, 52428, 5746]
[40, 52428, 5698]
[40, 52428, 5805]
[40, 52428, 5803]
[40, 52428, 5764]
[40, 52428, 5749]
[40, 52428, 5818]
[40, 52428, 5773]
[40, 52428, 5824]
