[1, 1310, 14, 14, 12, 21, 7, 21, 12, 19, 17, 10, 11, 11, 18, 19, 12, 13]
[1, 1310, 14, 17, 19, 14, 18, 32, 12, 20, 11, 22, 13, 10, 19, 11, 13, 20]
[1, 1310, 18, 26, 17, 14, 23, 22, 22, 15, 17, 14, 16, 9, 14, 12, 27, 12]
[1, 1310, 14, 19, 16, 22, 15, 16, 21, 16, 23, 28, 15, 17, 14, 11, 13, 15]
[1, 1310, 23, 29, 17, 14, 23, 14, 13, 20, 28, 14, 19, 20, 18, 18, 9, 23]
[1, 1310, 19, 23, 15, 15, 17, 11, 12, 20, 11, 27, 14, 25, 18, 21, 11, 14]
[1, 1310, 21, 17, 18, 19, 10, 16, 14, 14, 12, 6, 17, 19, 20, 19, 27, 13]
[1, 1310, 16, 16, 32, 17, 15, 18, 25, 22, 13, 14, 19, 28, 23, 12, 14, 10]
[1, 1310, 14, 23, 8, 10, 21, 12, 18, 17, 20, 16, 13, 16, 20, 10, 16, 25]
[1, 1310, 14, 16, 16, 25, 26, 20, 22, 22, 21, 17, 22, 18, 19, 12, 16, 18]
[1, 1310, 13, 13, 14, 15, 23, 14, 18, 10, 17, 20, 18, 24, 15, 22, 21, 16]
[1, 1310, 22, 15, 19, 13, 24, 19, 15, 18, 11, 17, 19, 12, 24, 21, 21, 23]
[1, 1310, 7, 17, 17, 24, 23, 13, 14, 22, 16, 20, 20, 14, 20, 24, 12, 20]
[1, 1310, 18, 14, 23, 22, 20, 22, 23, 16, 13, 18, 24, 21, 17, 18, 14, 18]
[1, 1310, 18, 22, 19, 11, 21, 15, 14, 11, 17, 19, 12, 16, 10, 18, 17, 14]
[1, 1310, 8, 16, 16, 19, 19, 21, 22, 16, 18, 22, 18, 19, 13, 10, 12, 17]
[1, 1310, 18, 21, 16, 25, 20, 21, 23, 26, 15, 18, 11, 24, 23, 12, 9, 18]
[1, 1310, 20, 27, 29, 14, 15, 20, 20, 17, 11, 17, 18, 12, 21, 23, 18, 13]
[1, 1310, 22, 21, 6, 16, 18, 25, 21, 17, 15, 10, 15, 14, 18, 15, 16, 19]
[1, 1310, 18, 17, 14, 15, 17, 20, 12, 12, 13, 19, 19, 16, 18, 19, 22, 14]
[1, 1310, 22, 6, 22, 23, 19, 12, 24, 25, 10, 18, 12, 17, 14, 11, 20, 18]
[1, 1310, 17, 15, 18, 27, 10, 12, 19, 15, 18, 19, 26, 18, 21, 23, 16, 14]
[1, 1310, 19, 18, 29, 18, 21, 21, 19, 16, 21, 14, 16, 24, 19, 14, 20, 19]
[1, 1310, 11, 21, 21, 19, 18, 21, 6, 17, 8, 10, 12, 11, 18, 16, 23, 15]
[1, 1310, 20, 33, 12, 25, 19, 13, 19, 14, 19, 12, 19, 20, 7, 14, 20, 22]
[1, 1310, 14, 28, 11, 18, 23, 19, 27, 20, 13, 9, 11, 24, 17, 12, 23, 25]
[1, 1310, 10, 18, 20, 8, 16, 12, 20, 22, 20, 22, 15, 33, 24, 17, 6, 13]
[1, 1310, 19, 22, 8, 14, 21, 26, 19, 16, 12, 6, 17, 22, 13, 29, 20, 10]
[1, 1310, 21, 21, 19, 22, 14, 20, 13, 27, 13, 18, 20, 14, 15, 29, 19, 22]
[1, 1310, 28, 20, 13, 6, 18, 16, 21, 20, 19, 11, 21, 18, 22, 9, 16, 9]
[1, 1310, 22, 15, 20, 15, 16, 10, 32, 14, 17, 18, 20, 17, 21, 18, 17, 14]
[1, 1310, 14, 15, 6, 21, 16, 12, 24, 18, 14, 17, 17, 16, 17, 22, 23, 23]
[1, 1310, 20, 11, 22, 23, 14, 11, 16, 14, 13, 16, 18, 12, 19, 17, 12, 12]
[1, 1310, 18, 13, 19, 17, 33, 19, 22, 27, 12, 20, 18, 16, 14, 16, 16, 15]
[1, 1310, 22, 25, 28, 11, 27, 16, 24, 15, 20, 9, 23, 16, 17, 25, 14, 14]
[1, 1310, 22, 20, 11, 15, 18, 20, 15, 15, 19, 13, 23, 13, 21, 16, 19, 20]
[1, 1310, 23, 23, 18, 23, 11, 9, 22, 14, 30, 20, 20, 22, 21, 18, 16, 13]
[1, 1310, 24, 14, 19, 19, 15, 19, 18, 16, 22, 10, 17, 21, 23, 14, 12, 12]
[1, 1310, 17, 13, 17, 18, 18, 17, 23, 10, 20, 11, 13, 18, 23, 24, 30, 19]
[1, 1310, 15, 18, 23, 13, 14, 17, 14, 12, 24, 15, 19, 22, 18, 24, 19, 22]
[1, 1310, 33, 7, 19, 11, 21, 17, 13, 15, 24, 16, 25, 12, 23, 24, 10, 15]
[1, 1310, 8, 16, 21, 18, 14, 16, 18, 22, 10, 10, 25, 26, 21, 17, 15, 13]
[1, 1310, 10, 25, 12, 11, 16, 17, 20, 14, 15, 13, 20, 21, 16, 23, 27, 17]
[1, 1310, 15, 16, 17, 20, 13, 16, 18, 21, 18, 21, 19, 25, 19, 16, 16, 20]
[1, 1310, 14, 20, 16, 30, 15, 11, 15, 18, 33, 20, 14, 17, 15, 17, 18, 14]
[1, 1310, 20, 16, 18, 15, 28, 12, 17, 17, 27, 24, 19, 16, 13, 16, 25, 18]
[1, 1310, 15, 11, 18, 13, 16, 19, 22, 17, 15, 14, 20, 19, 25, 17, 18, 25]
[1, 1310, 18, 17, 22, 17, 12, 13, 12, 12, 20, 21, 20, 16, 12, 22, 23, 14]
[1, 1310, 20, 14, 13, 14, 11, 22, 20, 20, 17, 18, 17, 21, 13, 9, 6, 12]
[1, 1310, 15, 19, 21, 15, 14, 11, 19, 23, 19, 20, 21, 21, 28, 12, 26, 13]
[1, 1310, 15, 16, 17, 13, 15, 17, 29, 21, 17, 20, 22, 28, 12, 21, 11, 26]
[1, 1310, 12, 14, 23, 25, 11, 12, 24, 9, 16, 21, 23, 15, 15, 18, 15, 15]
[1, 1310, 18, 14, 22, 15, 22, 14, 23, 13, 12, 17, 12, 11, 18, 7, 13, 12]
[1, 1310, 18, 23, 7, 14, 24, 15, 21, 15, 22, 16, 28, 16, 20, 17, 14, 11]
[1, 1310, 23, 17, 12, 20, 22, 18, 16, 17, 21, 27, 9, 8, 13, 14, 13, 15]
[1, 1310, 14, 21, 18, 18, 17, 12, 15, 13, 13, 27, 16, 22, 12, 13, 24, 21]
[1, 1310, 19, 13, 14, 18, 19, 19, 17, 15, 10, 14, 24, 15, 16, 24, 19, 13]
[1, 1310, 12, 18, 11, 27, 16, 20, 10, 12, 19, 17, 25, 13, 18, 11, 13, 26]
[1, 1310, 20, 9, 11, 25, 21, 19, 13, 25, 20, 21, 19, 18, 19, 16, 17, 21]
[1, 1310, 19, 15, 15, 22, 14, 18, 17, 14, 17, 13, 26, 6, 8, 8, 25, 18]
[1, 1310, 17, 24, 11, 17, 22, 12, 23, 10, 20, 10, 13, 18, 19, 16, 19, 14]
[1, 1310, 17, 17, 15, 27, 12, 23, 16, 18, 11, 17, 19, 17, 25, 11, 24, 15]
[1, 1310, 15, 23, 18, 23, 11, 22, 14, 13, 30, 19, 25, 11, 11, 23, 20, 18]
[1, 1310, 17, 15, 19, 11, 14, 12, 26, 14, 20, 23, 21, 17, 18, 11, 14, 13]
[1, 1310, 12, 20, 14, 13, 20, 22, 20, 15, 33, 17, 26, 16, 14, 11, 21, 21]
[1, 1310, 16, 24, 15, 17, 16, 13, 17, 17, 9, 13, 22, 19, 18, 21, 22, 16]
[1, 1310, 9, 24, 14, 17, 20, 26, 18, 22, 17, 20, 16, 13, 14, 14, 10, 25]
[1, 1310, 10, 21, 13, 14, 16, 15, 15, 20, 8, 28, 19, 19, 22, 23, 24, 15]
[1, 1310, 13, 19, 10, 18, 16, 20, 13, 29, 13, 18, 19, 29, 15, 26, 14, 12]
[1, 1310, 11, 19, 10, 17, 30, 14, 19, 15, 30, 15, 17, 20, 23, 11, 24, 14]
[1, 1310, 17, 15, 17, 23, 24, 23, 15, 11, 18, 15, 17, 12, 17, 12, 14, 25]
[1, 1310, 17, 12, 15, 11, 15, 25, 10, 26, 17, 12, 13, 24, 20, 22, 14, 16]
[1, 1310, 23, 14, 23, 18, 20, 17, 12, 14, 26, 17, 8, 20, 7, 18, 19, 15]
[1, 1310, 11, 20, 15, 26, 15, 14, 19, 15, 18, 16, 32, 12, 12, 16, 21, 26]
[1, 1310, 16, 17, 20, 13, 16, 19, 14, 20, 30, 12, 11, 18, 13, 26, 23, 14]
[1, 1310, 14, 18, 13, 16, 13, 18, 21, 25, 20, 24, 26, 13, 18, 15, 11, 16]
[1, 1310, 17, 19, 21, 22, 17, 13, 20, 14, 13, 15, 17, 21, 17, 17, 24, 15]
[1, 1310, 27, 14, 17, 13, 11, 19, 16, 13, 10, 12, 27, 14, 17, 12, 16, 21]
[1, 1310, 19, 17, 11, 12, 10, 17, 24, 14, 17, 17, 18, 16, 20, 14, 18, 11]
[1, 1310, 20, 13, 17, 19, 19, 13, 15, 10, 12, 14, 20, 22, 25, 22, 15, 24]
[1, 1310, 16, 9, 18, 17, 16, 22, 18, 18, 20, 18, 24, 21, 8, 19, 25, 18]
[1, 1310, 13, 14, 16, 15, 28, 20, 15, 11, 25, 20, 20, 13, 12, 14, 20, 15]
[1, 1310, 22, 14, 18, 21, 13, 17, 20, 20, 18, 20, 14, 19, 25, 12, 21, 16]
[1, 1310, 17, 22, 17, 15, 17, 25, 21, 10, 19, 25, 19, 22, 19, 13, 28, 16]
[1, 1310, 28, 13, 12, 23, 16, 14, 13, 14, 13, 20, 15, 14, 20, 19, 24, 12]
[1, 1310, 16, 17, 23, 18, 21, 21, 14, 20, 15, 14, 12, 20, 16, 27, 27, 19]
[1, 1310, 17, 13, 22, 15, 14, 19, 23, 13, 17, 24, 14, 13, 15, 19, 17, 15]
[1, 1310, 25, 23, 15, 19, 14, 19, 5, 22, 17, 12, 24, 14, 16, 16, 16, 7]
[1, 1310, 11, 21, 28, 16, 21, 16, 22, 19, 21, 11, 19, 20, 21, 10, 13, 20]
[1, 1310, 19, 23, 16, 18, 13, 11, 22, 13, 25, 18, 22, 14, 22, 12, 20, 20]
[1, 1310, 15, 8, 19, 13, 18, 12, 14, 15, 25, 17, 25, 16, 18, 18, 26, 17]
[1, 1310, 28, 19, 17, 16, 14, 15, 13, 10, 11, 15, 15, 17, 19, 15, 20, 17]
[1, 1310, 19, 19, 13, 22, 20, 16, 25, 13, 8, 14, 22, 20, 30, 12, 11, 20]
[1, 1310, 16, 16, 15, 14, 18, 24, 28, 17, 21, 17, 18, 16, 21, 16, 21, 14]
[1, 1310, 23, 21, 19, 16, 14, 16, 18, 18, 15, 15, 13, 14, 18, 16, 19, 8]
[1, 1310, 19, 13, 9, 23, 21, 25, 14, 20, 18, 21, 12, 23, 22, 17, 20, 14]
[1, 1310, 11, 18, 15, 19, 16, 25, 14, 19, 21, 27, 16, 18, 12, 24, 16, 18]
[1, 1310, 17, 15, 16, 22, 21, 30, 7, 13, 12, 21, 14, 16, 10, 26, 18, 24]
[1, 1310, 25, 22, 25, 8, 18, 18, 25, 16, 15, 32, 12, 12, 16, 15, 18, 10]
[1, 1310, 21, 23, 17, 16, 14, 36, 10, 19, 20, 24, 10, 24, 17, 15, 16, 24]
[2, 2621, 47, 38, 36, 51, 39, 45, 43, 46, 52, 35, 41, 49, 60, 49, 49, 45]
[2, 2621, 41, 44, 42, 41, 45, 55, 40, 47, 36, 53, 29, 38, 31, 34, 51, 56]
[2, 2621, 40, 58, 44, 40, 47, 53, 49, 46, 45, 44, 44, 32, 45, 39, 76, 45]
[2, 2621, 40, 44, 50, 27, 44, 45, 45, 39, 45, 60, 40, 52, 37, 44, 44, 36]
[2, 2621, 62, 50, 39, 32, 49, 33, 40, 42, 55, 41, 42, 45, 39, 38, 35, 47]
[2, 2621, 54, 44, 34, 44, 42, 46, 35, 55, 39, 54, 39, 59, 46, 50, 38, 37]
[2, 2621, 62, 32, 48, 41, 44, 43, 49, 49, 36, 34, 46, 44, 45, 55, 47, 41]
[2, 2621, 42, 38, 67, 51, 50, 37, 45, 52, 52, 49, 52, 51, 45, 48, 37, 34]
[2, 2621, 43, 55, 39, 43, 39, 29, 59, 44, 45, 54, 48, 40, 44, 49, 34, 53]
[2, 2621, 37, 44, 28, 56, 51, 47, 47, 50, 50, 47, 49, 38, 35, 54, 37, 45]
[2, 2621, 38, 50, 37, 48, 48, 39, 44, 53, 48, 43, 39, 62, 35, 53, 50, 43]
[2, 2621, 44, 41, 44, 39, 41, 50, 34, 36, 42, 46, 44, 31, 56, 66, 42, 57]
[2, 2621, 41, 44, 47, 51, 63, 38, 39, 47, 33, 42, 48, 44, 62, 41, 43, 40]
[2, 2621, 48, 46, 56, 43, 37, 52, 61, 49, 36, 28, 57, 44, 42, 48, 40, 41]
[2, 2621, 43, 45, 50, 41, 51, 41, 43, 38, 40, 50, 49, 49, 35, 52, 45, 42]
[2, 2621, 35, 45, 46, 50, 56, 55, 42, 31, 40, 51, 50, 42, 45, 36, 31, 37]
[2, 2621, 40, 48, 50, 45, 48, 50, 45, 62, 34, 44, 42, 59, 53, 36, 43, 56]
[2, 2621, 49, 50, 48, 35, 44, 46, 54, 42, 46, 44, 46, 37, 51, 56, 46, 49]
[2, 2621, 47, 48, 31, 43, 56, 60, 57, 41, 47, 26, 46, 55, 40, 50, 47, 47]
[2, 2621, 39, 49, 29, 37, 39, 46, 45, 48, 47, 41, 47, 43, 29, 44, 49, 52]
[2, 2621, 48, 46, 58, 50, 59, 34, 36, 51, 36, 48, 39, 50, 47, 36, 46, 49]
[2, 2621, 32, 39, 45, 58, 43, 47, 52, 36, 32, 52, 65, 43, 46, 44, 37, 43]
[2, 2621, 50, 50, 47, 54, 56, 36, 39, 40, 54, 39, 52, 47, 47, 42, 46, 42]
[2, 2621, 42, 41, 46, 48, 39, 49, 29, 36, 39, 48, 36, 29, 46, 40, 54, 37]
[2, 2621, 51, 60, 36, 46, 44, 47, 46, 35, 51, 37, 43, 36, 49, 39, 40, 42]
[2, 2621, 29, 50, 34, 55, 60, 44, 55, 57, 41, 22, 24, 68, 58, 36, 53, 38]
[2, 2621, 51, 53, 45, 31, 43, 27, 45, 39, 62, 38, 41, 53, 48, 35, 28, 45]
[2, 2621, 51, 29, 37, 51, 61, 51, 37, 42, 38, 44, 38, 54, 38, 59, 48, 40]
[2, 2621, 42, 42, 48, 43, 38, 55, 33, 60, 30, 46, 49, 38, 38, 55, 45, 44]
[2, 2621, 55, 49, 52, 26, 60, 41, 55, 47, 60, 37, 50, 46, 63, 45, 39, 23]
[2, 2621, 66, 34, 43, 39, 42, 41, 63, 52, 42, 39, 58, 41, 43, 48, 43, 40]
[2, 2621, 40, 40, 39, 39, 36, 37, 51, 49, 38, 44, 49, 58, 46, 46, 48, 53]
[2, 2621, 59, 31, 48, 51, 32, 37, 47, 41, 42, 44, 42, 51, 52, 36, 31, 40]
[2, 2621, 54, 33, 42, 48, 68, 48, 44, 53, 26, 51, 52, 43, 51, 33, 39, 49]
[2, 2621, 41, 56, 67, 31, 58, 36, 49, 46, 53, 33, 52, 35, 46, 60, 41, 30]
[2, 2621, 48, 49, 41, 44, 48, 38, 37, 38, 58, 35, 51, 44, 46, 53, 53, 51]
[2, 2621, 52, 52, 33, 52, 32, 43, 46, 44, 50, 52, 52, 49, 51, 32, 40, 49]
[2, 2621, 50, 42, 46, 45, 55, 34, 45, 54, 36, 47, 48, 38, 52, 53, 37, 33]
[2, 2621, 50, 41, 47, 37, 31, 66, 60, 33, 57, 35, 37, 45, 55, 42, 57, 39]
[2, 2621, 41, 56, 49, 30, 52, 53, 33, 33, 44, 42, 37, 47, 58, 61, 35, 48]
[2, 2621, 70, 40, 47, 36, 56, 46, 42, 30, 56, 39, 47, 34, 58, 44, 33, 53]
[2, 2621, 28, 29, 43, 39, 34, 44, 42, 56, 33, 37, 68, 54, 56, 40, 42, 32]
[2, 2621, 31, 42, 46, 57, 36, 43, 49, 42, 44, 44, 51, 53, 35, 49, 63, 55]
[2, 2621, 45, 44, 53, 53, 42, 40, 45, 59, 45, 41, 53, 50, 40, 41, 36, 58]
[2, 2621, 41, 42, 43, 64, 40, 34, 32, 37, 54, 46, 49, 52, 40, 34, 46, 43]
[2, 2621, 48, 32, 59, 53, 47, 38, 41, 53, 56, 50, 57, 37, 36, 34, 53, 53]
[2, 2621, 45, 44, 44, 46, 36, 47, 41, 43, 43, 44, 46, 46, 63, 36, 46, 41]
[2, 2621, 37, 49, 41, 49, 29, 45, 33, 37, 57, 54, 48, 45, 35, 35, 53, 46]
[2, 2621, 45, 42, 46, 36, 40, 51, 61, 43, 48, 46, 44, 40, 42, 50, 33, 38]
[2, 2621, 37, 39, 53, 34, 35, 51, 43, 46, 46, 38, 60, 57, 63, 33, 55, 37]
[2, 2621, 55, 42, 37, 38, 52, 43, 63, 51, 51, 54, 61, 54, 36, 43, 30, 51]
[2, 2621, 44, 46, 48, 64, 40, 38, 51, 47, 46, 47, 54, 42, 40, 30, 31, 38]
[2, 2621, 55, 55, 53, 51, 49, 33, 46, 48, 31, 55, 38, 42, 42, 32, 31, 31]
[2, 2621, 54, 52, 46, 37, 55, 42, 50, 41, 50, 44, 50, 36, 51, 48, 45, 36]
[2, 2621, 49, 44, 34, 36, 56, 43, 41, 48, 47, 57, 35, 30, 36, 35, 37, 45]
[2, 2621, 40, 59, 46, 43, 41, 33, 29, 44, 38, 52, 46, 49, 44, 39, 54, 43]
[2, 2621, 41, 49, 44, 48, 37, 49, 42, 51, 35, 44, 51, 41, 33, 44, 50, 38]
[2, 2621, 38, 39, 37, 52, 49, 32, 39, 48, 46, 39, 54, 35, 58, 32, 37, 42]
[2, 2621, 51, 33, 33, 51, 39, 47, 35, 57, 43, 42, 48, 51, 33, 42, 42, 47]
[2, 2621, 57, 38, 43, 42, 32, 43, 47, 35, 44, 47, 64, 29, 32, 42, 59, 42]
[2, 2621, 70, 47, 36, 34, 53, 35, 56, 44, 48, 34, 31, 49, 51, 41, 49, 39]
[2, 2621, 59, 55, 55, 56, 39, 38, 39, 37, 38, 46, 47, 46, 42, 39, 48, 42]
[2, 2621, 41, 45, 39, 47, 38, 43, 34, 37, 49, 48, 52, 49, 49, 50, 50, 56]
[2, 2621, 39, 47, 46, 37, 42, 39, 64, 46, 45, 50, 41, 50, 50, 29, 42, 45]
[2, 2621, 41, 51, 33, 50, 48, 50, 47, 36, 56, 67, 59, 43, 31, 34, 46, 39]
[2, 2621, 33, 63, 35, 40, 38, 44, 50, 53, 36, 47, 42, 50, 54, 38, 49, 36]
[2, 2621, 37, 57, 38, 32, 50, 66, 53, 51, 53, 37, 48, 35, 38, 39, 34, 64]
[2, 2621, 41, 59, 46, 31, 49, 43, 43, 58, 38, 59, 42, 47, 51, 61, 45, 43]
[2, 2621, 43, 40, 47, 49, 39, 45, 42, 55, 47, 42, 43, 64, 46, 47, 36, 48]
[2, 2621, 27, 37, 41, 42, 60, 42, 54, 39, 65, 43, 50, 41, 40, 33, 48, 42]
[2, 2621, 35, 45, 47, 50, 45, 38, 38, 33, 41, 59, 42, 55, 52, 35, 32, 57]
[2, 2621, 34, 42, 52, 29, 38, 63, 40, 53, 36, 38, 34, 53, 42, 53, 40, 39]
[2, 2621, 42, 59, 49, 53, 43, 40, 46, 41, 52, 39, 32, 53, 32, 33, 50, 36]
[2, 2621, 35, 38, 38, 62, 52, 45, 47, 47, 43, 38, 63, 42, 35, 44, 48, 48]
[2, 2621, 45, 50, 53, 40, 47, 39, 37, 51, 56, 31, 27, 48, 38, 53, 60, 55]
[2, 2621, 29, 54, 43, 38, 32, 39, 54, 48, 47, 45, 68, 41, 38, 33, 56, 48]
[2, 2621, 42, 48, 54, 46, 54, 40, 53, 35, 30, 43, 49, 50, 48, 54, 61, 36]
[2, 2621, 59, 38, 42, 45, 37, 44, 43, 45, 37, 40, 49, 45, 39, 44, 27, 50]
[2, 2621, 58, 40, 33, 21, 37, 43, 47, 55, 43, 51, 57, 46, 63, 45, 43, 32]
[2, 2621, 45, 38, 41, 62, 50, 55, 42, 40, 32, 40, 42, 44, 57, 50, 31, 56]
[2, 2621, 56, 46, 46, 33, 46, 45, 43, 38, 42, 45, 53, 59, 32, 50, 36, 40]
[2, 2621, 44, 30, 38, 52, 47, 48, 33, 52, 72, 60, 41, 51, 35, 46, 51, 29]
[2, 2621, 46, 37, 54, 50, 31, 41, 43, 36, 47, 50, 52, 37, 53, 33, 53, 38]
[2, 2621, 37, 37, 43, 43, 41, 54, 36, 40, 51, 38, 43, 56, 46, 39, 67, 53]
[2, 2621, 54, 44, 40, 61, 37, 50, 37, 47, 39, 48, 37, 37, 44, 54, 52, 39]
[2, 2621, 47, 45, 48, 43, 47, 45, 30, 55, 37, 38, 42, 56, 41, 58, 56, 40]
[2, 2621, 51, 35, 49, 36, 38, 45, 43, 43, 44, 42, 47, 46, 48, 47, 57, 33]
[2, 2621, 51, 43, 41, 52, 42, 49, 44, 41, 47, 42, 56, 43, 40, 47, 42, 36]
[2, 2621, 47, 46, 60, 39, 43, 47, 52, 34, 48, 35, 44, 41, 60, 51, 43, 44]
[2, 2621, 60, 49, 49, 44, 43, 50, 50, 37, 46, 34, 43, 51, 53, 37, 52, 40]
[2, 2621, 43, 48, 57, 43, 38, 42, 31, 32, 62, 45, 44, 38, 48, 43, 50, 40]
[2, 2621, 58, 62, 42, 38, 48, 39, 42, 41, 50, 33, 37, 54, 44, 37, 45, 45]
[2, 2621, 50, 47, 39, 53, 50, 58, 56, 29, 30, 53, 46, 42, 60, 42, 34, 49]
[2, 2621, 45, 48, 43, 51, 54, 52, 54, 43, 47, 44, 53, 45, 39, 43, 51, 38]
[2, 2621, 38, 39, 40, 33, 30, 52, 48, 37, 49, 64, 33, 36, 47, 44, 47, 34]
[2, 2621, 40, 43, 34, 51, 41, 56, 46, 47, 55, 59, 37, 49, 45, 49, 60, 30]
[2, 2621, 39, 48, 47, 40, 35, 44, 45, 42, 43, 44, 25, 52, 33, 63, 34, 37]
[2, 2621, 39, 33, 46, 40, 54, 67, 31, 41, 45, 51, 47, 44, 31, 57, 55, 50]
[2, 2621, 57, 40, 46, 37, 42, 45, 48, 37, 45, 53, 43, 34, 39, 39, 44, 34]
[2, 2621, 41, 47, 37, 34, 44, 72, 38, 42, 56, 47, 40, 39, 56, 46, 40, 45]
[5, 6553, 147, 151, 158, 176, 150, 201, 188, 173, 201, 158, 185, 180, 209, 175, 182, 162]
[5, 6553, 181, 152, 178, 186, 205, 208, 170, 179, 175, 198, 162, 163, 147, 164, 175, 173]
[5, 6553, 159, 193, 177, 163, 173, 168, 170, 169, 180, 196, 174, 157, 154, 175, 184, 158]
[5, 6553, 166, 161, 185, 133, 207, 195, 192, 177, 171, 202, 184, 200, 146, 165, 175, 155]
[5, 6553, 210, 178, 180, 153, 171, 154, 154, 181, 168, 172, 180, 185, 169, 155, 161, 181]
[5, 6553, 177, 192, 150, 171, 159, 189, 172, 175, 158, 195, 153, 172, 189, 169, 168, 169]
[5, 6553, 211, 141, 184, 177, 171, 161, 181, 195, 175, 164, 171, 168, 173, 202, 178, 180]
[5, 6553, 174, 163, 186, 175, 171, 152, 168, 172, 171, 168, 167, 190, 185, 168, 168, 175]
[5, 6553, 161, 171, 189, 190, 159, 178, 215, 201, 180, 189, 204, 161, 163, 164, 180, 185]
[5, 6553, 146, 159, 191, 195, 200, 184, 181, 175, 179, 178, 192, 120, 164, 200, 164, 188]
[5, 6553, 158, 197, 160, 176, 181, 143, 188, 164, 190, 198, 159, 194, 142, 183, 185, 152]
[5, 6553, 160, 162, 153, 168, 183, 186, 181, 174, 184, 179, 180, 151, 185, 194, 174, 185]
[5, 6553, 173, 179, 144, 177, 187, 187, 173, 169, 153, 157, 208, 138, 194, 171, 136, 172]
[5, 6553, 166, 193, 190, 175, 194, 151, 202, 167, 159, 183, 222, 153, 172, 198, 171, 181]
[5, 6553, 185, 152, 182, 206, 200, 167, 202, 161, 155, 184, 199, 194, 167, 169, 190, 180]
[5, 6553, 200, 185, 177, 182, 186, 183, 191, 176, 178, 205, 173, 163, 162, 160, 160, 149]
[5, 6553, 179, 185, 163, 174, 164, 176, 191, 216, 160, 155, 167, 232, 196, 166, 171, 184]
[5, 6553, 172, 167, 192, 164, 179, 158, 199, 170, 176, 172, 161, 150, 174, 195, 153, 165]
[5, 6553, 210, 190, 161, 165, 187, 171, 177, 171, 176, 151, 185, 190, 177, 172, 174, 187]
[5, 6553, 198, 188, 155, 147, 166, 207, 186, 196, 178, 201, 186, 158, 140, 175, 168, 168]
[5, 6553, 169, 200, 183, 208, 176, 176, 159, 169, 160, 162, 168, 191, 188, 162, 185, 181]
[5, 6553, 152, 172, 168, 177, 160, 195, 159, 179, 153, 190, 191, 154, 183, 186, 176, 189]
[5, 6553, 174, 204, 184, 174, 158, 175, 150, 166, 168, 175, 138, 176, 188, 178, 192, 143]
[5, 6553, 186, 154, 182, 189, 172, 197, 157, 161, 173, 178, 176, 168, 168, 150, 206, 167]
[5, 6553, 185, 192, 169, 184, 177, 191, 172, 164, 182, 145, 177, 165, 159, 160, 157, 174]
[5, 6553, 180, 156, 204, 196, 176, 179, 191, 208, 182, 154, 144, 205, 162, 188, 169, 141]
[5, 6553, 162, 177, 202, 175, 180, 159, 171, 162, 195, 177, 145, 193, 187, 166, 148, 165]
[5, 6553, 182, 169, 146, 167, 193, 177, 180, 153, 188, 161, 181, 187, 180, 181, 164, 162]
[5, 6553, 194, 156, 188, 180, 170, 171, 162, 173, 163, 179, 195, 172, 176, 181, 170, 199]
[5, 6553, 198, 176, 157, 149, 183, 163, 173, 181, 183, 199, 191, 188, 201, 182, 139, 159]
[5, 6553, 205, 174, 180, 140, 144, 137, 191, 214, 172, 164, 204, 172, 186, 150, 184, 170]
[5, 6553, 169, 185, 175, 199, 167, 159, 202, 185, 192, 168, 167, 195, 190, 165, 157, 167]
[5, 6553, 206, 158, 191, 171, 179, 186, 223, 172, 159, 165, 185, 180, 182, 172, 170, 169]
[5, 6553, 180, 146, 169, 177, 189, 161, 179, 173, 146, 180, 196, 168, 167, 168, 173, 169]
[5, 6553, 171, 185, 188, 164, 199, 152, 197, 186, 194, 154, 167, 160, 217, 199, 137, 162]
[5, 6553, 158, 194, 174, 168, 173, 172, 174, 179, 208, 161, 176, 171, 213, 195, 169, 182]
[5, 6553, 179, 202, 154, 179, 143, 165, 209, 167, 195, 180, 209, 187, 179, 160, 170, 196]
[5, 6553, 161, 183, 169, 190, 189, 152, 182, 198, 174, 188, 168, 139, 176, 186, 184, 159]
[5, 6553, 177, 164, 181, 163, 170, 183, 186, 147, 189, 180, 167, 161, 199, 167, 197, 178]
[5, 6553, 182, 200, 171, 174, 182, 175, 137, 169, 186, 183, 156, 187, 205, 176, 162, 153]
[5, 6553, 192, 207, 183, 184, 206, 189, 171, 152, 169, 164, 190, 174, 185, 185, 145, 160]
[5, 6553, 179, 155, 168, 185, 164, 151, 142, 195, 175, 183, 214, 202, 205, 163, 162, 144]
[5, 6553, 182, 187, 165, 166, 192, 176, 165, 177, 207, 162, 182, 184, 196, 173, 173, 203]
[5, 6553, 172, 158, 201, 178, 181, 173, 157, 190, 181, 156, 182, 202, 174, 164, 159, 185]
[5, 6553, 166, 161, 143, 192, 144, 201, 171, 195, 183, 177, 190, 164, 191, 161, 175, 178]
[5, 6553, 185, 156, 178, 183, 211, 142, 192, 160, 182, 188, 204, 189, 158, 155, 201, 158]
[5, 6553, 195, 175, 175, 181, 193, 140, 178, 172, 155, 162, 174, 196, 200, 180, 192, 169]
[5, 6553, 187, 172, 169, 180, 146, 180, 150, 171, 210, 177, 186, 150, 157, 167, 171, 175]
[5, 6553, 173, 197, 183, 159, 155, 168, 201, 166, 194, 199, 187, 219, 165, 210, 168, 124]
[5, 6553, 186, 180, 165, 172, 170, 196, 208, 180, 178, 173, 181, 196, 194, 143, 179, 184]
[5, 6553, 180, 178, 172, 167, 189, 171, 198, 162, 174, 175, 191, 186, 192, 230, 148, 176]
[5, 6553, 177, 160, 208, 186, 142, 180, 216, 203, 191, 182, 194, 178, 195, 146, 165, 152]
[5, 6553, 180, 156, 167, 180, 174, 157, 189, 202, 164, 208, 176, 171, 164, 148, 189, 140]
[5, 6553, 185, 181, 181, 178, 191, 178, 199, 158, 197, 167, 199, 178, 177, 171, 170, 163]
[5, 6553, 191, 193, 166, 174, 181, 175, 180, 166, 168, 178, 163, 153, 161, 177, 178, 157]
[5, 6553, 148, 187, 151, 165, 186, 180, 119, 167, 155, 186, 186, 176, 153, 170, 198, 152]
[5, 6553, 182, 219, 155, 174, 189, 153, 165, 190, 183, 148, 192, 177, 162, 168, 178, 159]
[5, 6553, 146, 192, 182, 153, 163, 169, 172, 171, 184, 175, 168, 168, 182, 146, 158, 164]
[5, 6553, 164, 158, 174, 179, 181, 171, 169, 194, 186, 189, 189, 186, 167, 193, 149, 186]
[5, 6553, 185, 199, 174, 185, 150, 186, 177, 145, 175, 186, 188, 137, 151, 178, 174, 167]
[5, 6553, 180, 180, 178, 180, 175, 170, 165, 167, 194, 169, 196, 172, 184, 162, 174, 165]
[5, 6553, 179, 176, 205, 179, 181, 131, 160, 174, 147, 165, 155, 169, 159, 178, 159, 144]
[5, 6553, 193, 161, 161, 148, 163, 144, 160, 160, 211, 172, 164, 156, 194, 188, 202, 192]
[5, 6553, 161, 195, 152, 175, 188, 178, 177, 193, 171, 205, 165, 184, 173, 157, 169, 184]
[5, 6553, 159, 187, 172, 176, 185, 188, 194, 163, 192, 185, 200, 178, 142, 159, 174, 170]
[5, 6553, 170, 228, 168, 186, 155, 172, 188, 205, 165, 173, 188, 183, 174, 174, 178, 147]
[5, 6553, 144, 208, 175, 167, 193, 178, 214, 178, 178, 155, 187, 184, 186, 141, 171, 179]
[5, 6553, 159, 221, 178, 149, 168, 179, 162, 198, 191, 214, 146, 149, 195, 203, 199, 170]
[5, 6553, 184, 158, 206, 205, 174, 160, 173, 195, 170, 150, 146, 183, 167, 178, 161, 186]
[5, 6553, 162, 158, 155, 165, 214, 168, 208, 190, 189, 192, 150, 149, 159, 148, 156, 189]
[5, 6553, 181, 185, 167, 189, 176, 169, 157, 146, 163, 184, 180, 190, 186, 187, 143, 218]
[5, 6553, 174, 175, 178, 174, 159, 211, 158, 172, 184, 159, 167, 181, 191, 171, 165, 196]
[5, 6553, 153, 190, 189, 195, 185, 189, 193, 160, 174, 177, 165, 190, 183, 157, 170, 153]
[5, 6553, 158, 169, 158, 206, 176, 210, 197, 155, 189, 179, 183, 160, 129, 164, 173, 144]
[5, 6553, 164, 167, 205, 168, 165, 177, 167, 185, 201, 178, 150, 190, 203, 171, 182, 194]
[5, 6553, 143, 189, 180, 188, 128, 153, 200, 178, 183, 184, 216, 162, 172, 166, 167, 186]
[5, 6553, 150, 180, 192, 175, 183, 162, 199, 152, 123, 182, 190, 164, 177, 184, 173, 167]
[5, 6553, 194, 148, 155, 162, 179, 184, 157, 169, 165, 185, 172, 181, 167, 231, 153, 162]
[5, 6553, 191, 178, 173, 155, 180, 172, 152, 175, 205, 184, 173, 163, 198, 186, 172, 160]
[5, 6553, 170, 176, 159, 182, 195, 186, 163, 148, 141, 165, 189, 187, 181, 164, 144, 184]
[5, 6553, 184, 157, 158, 154, 163, 186, 186, 161, 190, 169, 191, 202, 176, 197, 169, 158]
[5, 6553, 161, 135, 153, 180, 165, 160, 182, 184, 214, 179, 174, 186, 168, 173, 190, 157]
[5, 6553, 155, 190, 198, 167, 155, 150, 188, 166, 193, 173, 182, 156, 150, 159, 166, 198]
[5, 6553, 161, 175, 188, 155, 167, 190, 178, 172, 184, 158, 167, 222, 165, 171, 210, 181]
[5, 6553, 172, 161, 183, 173, 165, 206, 159, 203, 157, 178, 162, 167, 180, 194, 165, 153]
[5, 6553, 191, 194, 175, 179, 185, 172, 153, 174, 176, 164, 182, 191, 174, 179, 167, 175]
[5, 6553, 198, 156, 178, 183, 189, 193, 145, 187, 165, 160, 191, 158, 188, 192, 200, 184]
[5, 6553, 170, 171, 173, 201, 153, 161, 181, 190, 176, 186, 172, 163, 179, 168, 174, 191]
[5, 6553, 177, 159, 162, 204, 163, 192, 218, 163, 176, 157, 155, 193, 196, 204, 177, 174]
[5, 6553, 178, 176, 167, 170, 153, 167, 201, 152, 201, 147, 167, 172, 184, 164, 165, 199]
[5, 6553, 177, 155, 183, 183, 177, 182, 138, 176, 187, 175, 171, 156, 196, 177, 177, 154]
[5, 6553, 163, 171, 194, 156, 195, 180, 171, 198, 184, 169, 171, 182, 168, 180, 153, 173]
[5, 6553, 169, 192, 181, 186, 166, 193, 203, 145, 143, 175, 199, 161, 195, 185, 163, 170]
[5, 6553, 149, 175, 167, 177, 185, 185, 191, 174, 166, 176, 178, 177, 161, 194, 191, 141]
[5, 6553, 170, 201, 175, 140, 163, 194, 197, 182, 194, 184, 145, 156, 216, 179, 166, 144]
[5, 6553, 138, 165, 176, 174, 172, 186, 164, 193, 201, 239, 148, 177, 198, 184, 204, 160]
[5, 6553, 160, 168, 191, 206, 191, 183, 174, 164, 192, 190, 168, 175, 152, 177, 150, 172]
[5, 6553, 193, 175, 190, 167, 175, 203, 167, 197, 191, 192, 139, 159, 168, 181, 196, 155]
[5, 6553, 170, 149, 170, 160, 160, 161, 204, 200, 158, 190, 195, 171, 198, 158, 208, 175]
[5, 6553, 169, 162, 140, 146, 158, 195, 157, 146, 186, 168, 180, 175, 213, 171, 177, 178]
[10, 13107, 476, 470, 501, 483, 460, 534, 528, 505, 536, 535, 509, 552, 516, 463, 512, 476]
[10, 13107, 500, 455, 510, 535, 528, 548, 470, 503, 516, 557, 455, 462, 445, 478, 538, 536]
[10, 13107, 500, 539, 561, 468, 526, 496, 468, 473, 521, 580, 456, 526, 519, 484, 511, 487]
[10, 13107, 536, 534, 525, 480, 498, 491, 530, 492, 495, 528, 503, 512, 475, 528, 497, 483]
[10, 13107, 537, 526, 539, 479, 522, 485, 451, 510, 474, 508, 558, 517, 485, 458, 481, 498]
[10, 13107, 502, 513, 497, 482, 474, 491, 469, 522, 506, 545, 508, 503, 515, 504, 510, 520]
[10, 13107, 530, 473, 501, 493, 534, 494, 509, 477, 514, 487, 548, 481, 516, 545, 528, 502]
[10, 13107, 473, 521, 487, 537, 505, 468, 452, 489, 532, 510, 507, 462, 530, 517, 521, 542]
[10, 13107, 509, 516, 517, 558, 454, 556, 537, 536, 502, 487, 559, 481, 449, 471, 511, 466]
[10, 13107, 514, 460, 494, 567, 498, 524, 522, 521, 544, 515, 502, 455, 524, 506, 487, 493]
[10, 13107, 440, 572, 529, 516, 498, 480, 497, 504, 510, 545, 477, 513, 456, 477, 516, 459]
[10, 13107, 553, 522, 439, 506, 499, 491, 518, 479, 509, 496, 515, 512, 507, 522, 563, 522]
[10, 13107, 516, 566, 477, 487, 498, 522, 478, 510, 500, 477, 548, 434, 547, 484, 454, 485]
[10, 13107, 511, 502, 562, 517, 494, 508, 510, 498, 483, 487, 577, 441, 520, 525, 512, 485]
[10, 13107, 512, 510, 527, 534, 550, 519, 500, 427, 476, 526, 529, 486, 463, 573, 510, 486]
[10, 13107, 535, 474, 503, 453, 545, 542, 494, 479, 513, 537, 552, 534, 487, 493, 505, 472]
[10, 13107, 490, 463, 491, 520, 473, 517, 523, 562, 497, 455, 487, 584, 472, 502, 469, 504]
[10, 13107, 515, 523, 518, 494, 475, 477, 551, 541, 488, 521, 497, 473, 508, 543, 466, 499]
[10, 13107, 557, 497, 463, 503, 541, 483, 477, 493, 490, 487, 505, 528, 544, 501, 460, 584]
[10, 13107, 525, 534, 493, 432, 466, 535, 489, 553, 563, 559, 488, 467, 500, 521, 526, 461]
[10, 13107, 490, 503, 482, 554, 487, 509, 497, 488, 501, 477, 503, 515, 559, 481, 495, 539]
[10, 13107, 476, 482, 446, 529, 495, 543, 506, 519, 480, 496, 495, 486, 501, 509, 546, 544]
[10, 13107, 489, 533, 509, 485, 469, 555, 488, 502, 476, 496, 437, 544, 542, 520, 563, 481]
[10, 13107, 470, 529, 551, 497, 522, 520, 506, 516, 473, 466, 518, 482, 516, 482, 541, 513]
[10, 13107, 487, 563, 459, 513, 502, 518, 486, 489, 490, 487, 517, 509, 504, 519, 502, 484]
[10, 13107, 474, 489, 541, 571, 515, 464, 505, 558, 521, 537, 476, 496, 500, 538, 494, 485]
[10, 13107, 514, 519, 556, 460, 498, 477, 514, 458, 534, 532, 485, 499, 524, 502, 461, 500]
[10, 13107, 523, 505, 482, 494, 511, 476, 499, 513, 490, 486, 493, 554, 519, 503, 511, 491]
[10, 13107, 525, 471, 515, 540, 494, 508, 471, 516, 474, 519, 527, 533, 515, 502, 475, 496]
[10, 13107, 509, 532, 518, 461, 533, 471, 486, 467, 501, 542, 495, 459, 514, 538, 469, 505]
[10, 13107, 555, 487, 491, 467, 464, 442, 538, 575, 462, 512, 561, 533, 471, 551, 501, 490]
[10, 13107, 504, 548, 493, 513, 526, 500, 514, 495, 520, 514, 530, 494, 461, 498, 499, 496]
[10, 13107, 548, 455, 532, 512, 533, 556, 568, 506, 442, 460, 505, 500, 506, 519, 524, 448]
[10, 13107, 509, 487, 477, 528, 551, 494, 505, 487, 494, 489, 550, 497, 493, 500, 501, 457]
[10, 13107, 525, 522, 531, 510, 475, 495, 521, 521, 506, 500, 471, 487, 550, 523, 464, 466]
[10, 13107, 511, 509, 496, 484, 476, 460, 519, 517, 511, 471, 491, 478, 570, 549, 498, 525]
[10, 13107, 520, 530, 480, 488, 458, 495, 590, 513, 495, 524, 521, 517, 508, 501, 486, 521]
[10, 13107, 519, 523, 485, 559, 511, 457, 517, 519, 490, 538, 504, 495, 507, 497, 533, 444]
[10, 13107, 535, 485, 519, 520, 503, 513, 503, 494, 497, 497, 493, 527, 534, 541, 528, 507]
[10, 13107, 510, 529, 500, 549, 470, 489, 495, 524, 484, 524, 447, 576, 568, 480, 443, 475]
[10, 13107, 508, 560, 494, 523, 519, 509, 499, 489, 489, 543, 544, 486, 539, 518, 500, 471]
[10, 13107, 517, 480, 528, 486, 486, 470, 462, 542, 515, 506, 567, 591, 542, 488, 468, 459]
[10, 13107, 499, 461, 494, 495, 506, 503, 477, 511, 569, 501, 529, 519, 520, 477, 500, 530]
[10, 13107, 471, 511, 523, 512, 513, 561, 419, 510, 532, 487, 486, 541, 527, 490, 489, 510]
[10, 13107, 506, 506, 506, 520, 464, 511, 472, 520, 471, 475, 559, 461, 517, 523, 478, 546]
[10, 13107, 510, 467, 495, 504, 535, 491, 525, 457, 546, 520, 543, 506, 477, 503, 506, 492]
[10, 13107, 533, 511, 514, 503, 515, 445, 494, 456, 474, 479, 508, 549, 539, 516, 514, 501]
[10, 13107, 528, 485, 507, 516, 452, 520, 473, 522, 595, 482, 529, 477, 462, 499, 515, 516]
[10, 13107, 501, 490, 508, 448, 456, 475, 523, 508, 578, 544, 488, 567, 552, 531, 513, 424]
[10, 13107, 530, 495, 496, 536, 510, 517, 529, 476, 488, 473, 469, 531, 550, 480, 518, 494]
[10, 13107, 550, 494, 505, 473, 504, 481, 502, 475, 498, 535, 544, 479, 523, 538, 514, 568]
[10, 13107, 519, 478, 509, 491, 467, 493, 547, 571, 512, 532, 521, 495, 546, 464, 486, 466]
[10, 13107, 539, 498, 481, 490, 524, 467, 544, 528, 492, 505, 524, 514, 475, 509, 516, 463]
[10, 13107, 500, 550, 530, 489, 515, 507, 536, 468, 551, 506, 494, 536, 511, 450, 507, 490]
[10, 13107, 496, 535, 513, 504, 533, 524, 543, 538, 493, 512, 533, 472, 465, 465, 520, 469]
[10, 13107, 479, 483, 502, 480, 530, 517, 462, 529, 531, 505, 519, 498, 446, 534, 543, 496]
[10, 13107, 502, 544, 474, 523, 527, 485, 496, 508, 519, 458, 527, 536, 490, 552, 526, 473]
[10, 13107, 492, 512, 487, 490, 498, 511, 519, 513, 471, 510, 518, 469, 501, 491, 521, 504]
[10, 13107, 521, 458, 518, 467, 524, 544, 534, 523, 525, 499, 496, 511, 470, 534, 493, 545]
[10, 13107, 540, 555, 468, 512, 500, 475, 516, 481, 554, 513, 511, 481, 466, 530, 497, 519]
[10, 13107, 515, 539, 490, 449, 494, 504, 490, 509, 508, 500, 563, 491, 511, 500, 494, 484]
[10, 13107, 492, 542, 524, 521, 510, 439, 473, 540, 500, 494, 559, 468, 507, 518, 506, 461]
[10, 13107, 531, 469, 448, 477, 473, 472, 487, 465, 532, 508, 486, 496, 546, 515, 569, 576]
[10, 13107, 478, 518, 469, 482, 541, 503, 532, 525, 478, 500, 491, 536, 487, 447, 517, 528]
[10, 13107, 495, 508, 519, 487, 471, 521, 501, 514, 517, 532, 554, 509, 471, 486, 499, 507]
[10, 13107, 516, 547, 463, 516, 522, 513, 553, 561, 487, 545, 511, 500, 457, 460, 483, 502]
[10, 13107, 446, 527, 463, 448, 516, 490, 541, 497, 526, 519, 507, 504, 496, 491, 528, 546]
[10, 13107, 498, 537, 486, 474, 498, 527, 497, 510, 515, 523, 516, 491, 537, 510, 506, 498]
[10, 13107, 539, 479, 546, 539, 535, 485, 494, 507, 466, 501, 461, 519, 457, 493, 481, 521]
[10, 13107, 496, 448, 491, 450, 540, 529, 570, 503, 549, 498, 418, 501, 513, 482, 495, 551]
[10, 13107, 522, 493, 482, 485, 526, 482, 522, 460, 494, 499, 523, 508, 514, 496, 480, 547]
[10, 13107, 547, 513, 513, 503, 490, 513, 445, 518, 476, 530, 471, 564, 503, 479, 484, 560]
[10, 13107, 504, 563, 505, 569, 540, 552, 493, 478, 515, 534, 478, 471, 508, 462, 526, 477]
[10, 13107, 464, 501, 489, 547, 518, 514, 560, 498, 547, 494, 556, 483, 445, 507, 540, 420]
[10, 13107, 469, 537, 543, 495, 464, 501, 475, 486, 547, 467, 485, 552, 519, 534, 538, 526]
[10, 13107, 430, 500, 491, 472, 498, 465, 565, 529, 508, 556, 529, 459, 538, 516, 486, 521]
[10, 13107, 509, 546, 526, 560, 520, 498, 500, 497, 441, 545, 439, 508, 491, 507, 500, 503]
[10, 13107, 507, 468, 483, 506, 501, 498, 507, 525, 501, 519, 450, 540, 517, 629, 479, 483]
[10, 13107, 519, 490, 499, 527, 513, 499, 483, 531, 569, 481, 509, 450, 521, 528, 476, 480]
[10, 13107, 477, 539, 543, 504, 546, 518, 478, 469, 490, 497, 536, 532, 498, 489, 473, 543]
[10, 13107, 490, 468, 486, 533, 470, 512, 507, 475, 510, 494, 493, 518, 527, 557, 551, 491]
[10, 13107, 506, 472, 456, 506, 534, 487, 491, 475, 540, 524, 518, 492, 503, 533, 495, 473]
[10, 13107, 475, 525, 531, 473, 464, 492, 556, 484, 525, 564, 450, 482, 454, 514, 471, 560]
[10, 13107, 472, 486, 570, 461, 502, 527, 491, 550, 510, 502, 520, 544, 476, 505, 531, 508]
[10, 13107, 498, 470, 545, 480, 458, 511, 476, 603, 488, 516, 519, 468, 501, 540, 509, 464]
[10, 13107, 531, 486, 506, 540, 522, 544, 468, 504, 517, 464, 508, 532, 495, 495, 502, 458]
[10, 13107, 557, 447, 462, 533, 551, 514, 472, 496, 506, 484, 466, 513, 446, 518, 582, 565]
[10, 13107, 506, 499, 499, 575, 486, 528, 501, 538, 490, 557, 524, 463, 488, 505, 502, 540]
[10, 13107, 509, 456, 468, 550, 510, 526, 528, 518, 488, 476, 501, 545, 522, 554, 479, 469]
[10, 13107, 561, 495, 508, 478, 466, 500, 581, 475, 548, 414, 486, 503, 524, 530, 507, 526]
[10, 13107, 493, 539, 493, 512, 502, 520, 494, 505, 526, 472, 508, 465, 518, 526, 498, 460]
[10, 13107, 517, 506, 552, 439, 513, 528, 473, 533, 498, 495, 522, 517, 517, 515, 485, 492]
[10, 13107, 517, 502, 507, 525, 505, 521, 530, 463, 477, 510, 521, 509, 537, 504, 437, 496]
[10, 13107, 455, 527, 507, 507, 547, 541, 517, 531, 503, 468, 488, 498, 448, 528, 529, 501]
[10, 13107, 483, 553, 483, 477, 502, 556, 568, 481, 530, 496, 440, 484, 555, 493, 464, 522]
[10, 13107, 467, 465, 486, 487, 516, 499, 518, 523, 507, 560, 510, 510, 506, 481, 564, 441]
[10, 13107, 484, 479, 508, 537, 534, 529, 517, 514, 479, 498, 468, 505, 515, 504, 488, 500]
[10, 13107, 503, 520, 519, 515, 497, 552, 529, 520, 512, 563, 432, 497, 484, 532, 500, 500]
[10, 13107, 493, 502, 502, 503, 470, 509, 541, 562, 488, 556, 502, 499, 468, 493, 511, 516]
[10, 13107, 527, 495, 424, 502, 486, 534, 486, 462, 498, 482, 490, 510, 554, 479, 566, 526]
[15, 19660, 908, 879, 918, 872, 840, 962, 938, 920, 965, 908, 896, 952, 907, 894, 885, 869]
[15, 19660, 899, 858, 912, 953, 971, 939, 900, 878, 946, 987, 838, 913, 842, 916, 944, 939]
[15, 19660, 905, 974, 951, 849, 887, 856, 896, 875, 956, 991, 861, 945, 937, 918, 936, 902]
[15, 19660, 918, 958, 895, 863, 899, 926, 939, 882, 900, 939, 886, 909, 896, 940, 880, 904]
[15, 19660, 992, 912, 957, 855, 966, 900, 873, 925, 848, 903, 968, 952, 885, 874, 877, 877]
[15, 19660, 903, 952, 895, 872, 872, 865, 908, 947, 926, 922, 908, 892, 895, 930, 917, 955]
[15, 19660, 929, 935, 912, 897, 902, 894, 953, 894, 906, 877, 980, 912, 915, 952, 931, 942]
[15, 19660, 852, 921, 926, 980, 903, 895, 880, 908, 915, 898, 893, 881, 940, 926, 949, 929]
[15, 19660, 918, 943, 909, 964, 894, 1017, 892, 924, 904, 903, 992, 888, 863, 842, 914, 857]
[15, 19660, 904, 818, 935, 969, 918, 936, 887, 919, 981, 955, 938, 816, 953, 893, 863, 863]
[15, 19660, 852, 998, 966, 929, 888, 901, 861, 936, 929, 912, 882, 910, 885, 884, 947, 856]
[15, 19660, 986, 920, 837, 924, 899, 898, 954, 867, 964, 884, 941, 941, 886, 924, 962, 893]
[15, 19660, 943, 1016, 903, 905, 897, 953, 873, 943, 890, 859, 994, 851, 893, 920, 888, 866]
[15, 19660, 917, 919, 942, 902, 928, 911, 908, 895, 905, 880, 943, 877, 946, 892, 935, 868]
[15, 19660, 887, 927, 912, 955, 982, 949, 883, 820, 893, 934, 917, 908, 876, 979, 939, 883]
[15, 19660, 950, 904, 919, 843, 913, 929, 942, 891, 937, 970, 976, 936, 884, 881, 901, 922]
[15, 19660, 869, 865, 885, 922, 853, 920, 919, 1015, 901, 842, 908, 1023, 913, 898, 840, 995]
[15, 19660, 921, 941, 917, 905, 846, 893, 959, 943, 882, 942, 946, 862, 876, 977, 886, 910]
[15, 19660, 968, 870, 907, 930, 980, 928, 884, 889, 903, 897, 893, 938, 930, 898, 853, 1021]
[15, 19660, 943, 938, 914, 847, 891, 940, 895, 963, 955, 955, 856, 920, 887, 929, 955, 846]
[15, 19660, 886, 924, 871, 955, 959, 882, 828, 896, 951, 904, 911, 908, 987, 894, 910, 964]
[15, 19660, 891, 907, 880, 933, 922, 916, 889, 943, 884, 909, 906, 906, 899, 927, 976, 925]
[15, 19660, 866, 923, 908, 930, 879, 956, 889, 950, 890, 876, 859, 973, 951, 937, 986, 900]
[15, 19660, 825, 964, 944, 946, 896, 900, 903, 932, 879, 863, 957, 870, 981, 913, 890, 907]
[15, 19660, 858, 993, 865, 928, 914, 926, 909, 870, 880, 887, 909, 907, 920, 936, 932, 911]
[15, 19660, 897, 875, 946, 975, 920, 805, 944, 913, 935, 945, 909, 893, 878, 965, 920, 930]
[15, 19660, 938, 957, 1007, 866, 886, 930, 923, 914, 941, 889, 920, 880, 892, 906, 886, 876]
[15, 19660, 915, 883, 889, 913, 928, 879, 910, 946, 901, 881, 874, 973, 904, 890, 962, 917]
[15, 19660, 950, 844, 940, 955, 890, 910, 935, 927, 899, 948, 914, 969, 928, 873, 922, 904]
[15, 19660, 929, 928, 918, 851, 934, 860, 861, 942, 890, 992, 873, 865, 920, 933, 893, 935]
[15, 19660, 990, 911, 887, 857, 850, 840, 946, 1032, 873, 930, 978, 927, 844, 965, 887, 893]
[15, 19660, 892, 896, 902, 920, 935, 920, 936, 931, 966, 900, 893, 918, 879, 944, 898, 829]
[15, 19660, 985, 865, 962, 919, 961, 978, 969, 903, 811, 866, 901, 908, 938, 942, 898, 850]
[15, 19660, 875, 941, 850, 953, 1011, 856, 914, 863, 928, 915, 1014, 919, 890, 917, 838, 920]
[15, 19660, 945, 902, 895, 904, 879, 940, 940, 934, 932, 917, 940, 921, 941, 900, 845, 875]
[15, 19660, 933, 908, 931, 895, 892, 878, 905, 925, 900, 906, 934, 846, 962, 955, 929, 926]
[15, 19660, 896, 924, 899, 879, 873, 912, 1042, 898, 934, 908, 904, 895, 888, 936, 845, 894]
[15, 19660, 945, 893, 845, 950, 910, 923, 937, 960, 890, 924, 899, 933, 913, 936, 894, 861]
[15, 19660, 933, 886, 925, 939, 849, 964, 866, 927, 930, 866, 891, 963, 920, 966, 925, 889]
[15, 19660, 895, 932, 881, 948, 839, 896, 931, 925, 905, 940, 878, 981, 933, 888, 872, 924]
[15, 19660, 979, 972, 871, 930, 912, 858, 918, 875, 863, 967, 956, 846, 961, 944, 918, 874]
[15, 19660, 943, 933, 904, 889, 903, 863, 884, 920, 911, 928, 1000, 991, 931, 926, 849, 856]
[15, 19660, 888, 902, 857, 879, 920, 883, 900, 939, 923, 897, 979, 930, 907, 846, 912, 987]
[15, 19660, 916, 925, 932, 851, 908, 1034, 864, 911, 908, 924, 885, 912, 918, 911, 902, 924]
[15, 19660, 933, 918, 961, 921, 860, 940, 866, 954, 900, 893, 998, 850, 895, 893, 874, 949]
[15, 19660, 943, 847, 893, 890, 918, 910, 940, 853, 946, 936, 911, 957, 904, 897, 914, 924]
[15, 19660, 920, 887, 923, 912, 926, 863, 872, 851, 860, 854, 945, 983, 937, 895, 935, 915]
[15, 19660, 926, 948, 913, 943, 889, 932, 858, 943, 975, 852, 919, 885, 864, 932, 930, 945]
[15, 19660, 873, 877, 905, 919, 841, 907, 934, 960, 964, 970, 889, 1009, 934, 929, 920, 798]
[15, 19660, 924, 899, 952, 928, 888, 947, 956, 882, 894, 862, 913, 941, 911, 886, 943, 895]
[15, 19660, 912, 869, 890, 870, 922, 877, 900, 923, 922, 952, 999, 868, 907, 968, 909, 983]
[15, 19660, 941, 852, 940, 907, 865, 917, 978, 943, 952, 921, 938, 936, 948, 862, 879, 858]
[15, 19660, 958, 930, 917, 900, 930, 871, 968, 955, 845, 920, 928, 890, 880, 908, 878, 897]
[15, 19660, 895, 943, 929, 888, 935, 920, 982, 854, 942, 945, 898, 887, 872, 889, 899, 948]
[15, 19660, 955, 925, 886, 882, 916, 924, 900, 926, 884, 897, 984, 893, 832, 900, 968, 911]
[15, 19660, 874, 910, 887, 867, 936, 926, 892, 968, 959, 909, 903, 941, 863, 954, 946, 890]
[15, 19660, 886, 927, 881, 980, 934, 940, 902, 947, 907, 866, 924, 944, 858, 955, 939, 886]
[15, 19660, 889, 881, 890, 914, 906, 949, 921, 865, 904, 932, 928, 877, 919, 900, 958, 899]
[15, 19660, 929, 863, 890, 900, 917, 973, 961, 902, 937, 904, 885, 909, 895, 949, 924, 955]
[15, 19660, 965, 882, 895, 919, 919, 895, 943, 842, 952, 899, 952, 934, 912, 952, 895, 924]
[15, 19660, 948, 956, 901, 884, 935, 1003, 883, 906, 917, 890, 946, 907, 881, 851, 893, 893]
[15, 19660, 906, 968, 914, 923, 910, 863, 854, 971, 863, 861, 976, 860, 878, 908, 881, 869]
[15, 19660, 931, 920, 869, 897, 860, 911, 930, 845, 911, 928, 879, 903, 917, 862, 999, 1005]
[15, 19660, 899, 959, 902, 845, 942, 874, 952, 899, 895, 915, 902, 935, 910, 839, 913, 941]
[15, 19660, 920, 896, 932, 942, 889, 919, 898, 919, 948, 925, 972, 883, 900, 882, 872, 967]
[15, 19660, 887, 939, 903, 954, 916, 927, 950, 922, 878, 954, 919, 922, 890, 850, 889, 902]
[15, 19660, 847, 994, 835, 889, 895, 918, 980, 944, 953, 901, 920, 909, 892, 914, 927, 995]
[15, 19660, 901, 966, 882, 905, 927, 927, 933, 921, 901, 904, 896, 868, 953, 927, 953, 934]
[15, 19660, 971, 898, 941, 976, 904, 904, 902, 942, 904, 894, 860, 903, 886, 891, 873, 946]
[15, 19660, 924, 842, 922, 856, 919, 935, 955, 907, 987, 950, 822, 880, 925, 948, 925, 971]
[15, 19660, 879, 898, 881, 881, 893, 888, 955, 854, 929, 964, 938, 911, 915, 926, 867, 962]
[15, 19660, 936, 920, 934, 910, 902, 936, 886, 876, 859, 972, 863, 976, 850, 885, 892, 980]
[15, 19660, 871, 961, 955, 973, 905, 942, 901, 928, 909, 955, 889, 897, 939, 896, 947, 864]
[15, 19660, 858, 920, 931, 972, 1003, 897, 915, 865, 936, 920, 977, 897, 831, 954, 983, 803]
[15, 19660, 877, 924, 943, 928, 929, 922, 910, 889, 958, 867, 884, 975, 917, 898, 946, 951]
[15, 19660, 842, 909, 891, 837, 876, 895, 1015, 945, 933, 979, 938, 890, 898, 965, 911, 910]
[15, 19660, 959, 968, 916, 959, 901, 883, 920, 922, 847, 922, 847, 876, 933, 895, 885, 905]
[15, 19660, 935, 865, 868, 917, 891, 924, 928, 904, 899, 914, 877, 980, 908, 1055, 897, 889]
[15, 19660, 947, 871, 937, 907, 957, 933, 913, 889, 975, 892, 928, 833, 892, 908, 951, 907]
[15, 19660, 897, 937, 967, 928, 931, 952, 903, 861, 919, 877, 965, 931, 865, 947, 850, 951]
[15, 19660, 880, 862, 911, 1010, 874, 880, 901, 898, 951, 890, 920, 904, 962, 995, 957, 904]
[15, 19660, 919, 881, 861, 914, 943, 865, 905, 888, 917, 998, 861, 928, 984, 947, 841, 899]
[15, 19660, 866, 926, 914, 912, 912, 928, 990, 934, 935, 989, 843, 836, 864, 910, 846, 982]
[15, 19660, 821, 927, 986, 864, 887, 946, 908, 914, 958, 964, 920, 969, 862, 901, 900, 870]
[15, 19660, 900, 865, 987, 866, 888, 958, 869, 1027, 922, 946, 910, 899, 883, 909, 944, 866]
[15, 19660, 957, 911, 897, 921, 949, 949, 878, 910, 886, 846, 936, 961, 892, 868, 904, 853]
[15, 19660, 985, 816, 873, 948, 931, 922, 890, 897, 908, 881, 883, 908, 860, 947, 996, 950]
[15, 19660, 935, 922, 931, 995, 871, 928, 940, 945, 922, 967, 969, 832, 843, 920, 890, 916]
[15, 19660, 937, 923, 905, 944, 896, 968, 945, 906, 930, 887, 905, 912, 907, 932, 896, 877]
[15, 19660, 917, 859, 929, 896, 898, 852, 950, 897, 971, 795, 893, 893, 942, 934, 924, 968]
[15, 19660, 895, 971, 894, 916, 966, 920, 928, 910, 954, 902, 914, 819, 932, 901, 908, 855]
[15, 19660, 929, 886, 985, 878, 957, 957, 874, 985, 938, 908, 919, 906, 912, 871, 916, 919]
[15, 19660, 950, 924, 882, 939, 925, 889, 952, 881, 904, 920, 917, 909, 953, 914, 842, 926]
[15, 19660, 838, 895, 926, 897, 947, 970, 948, 920, 926, 925, 911, 871, 855, 916, 954, 916]
[15, 19660, 915, 953, 892, 883, 895, 921, 977, 925, 917, 932, 848, 926, 979, 883, 891, 892]
[15, 19660, 849, 861, 894, 885, 930, 948, 943, 914, 942, 950, 924, 901, 942, 888, 968, 824]
[15, 19660, 905, 887, 899, 951, 950, 956, 906, 899, 912, 886, 882, 923, 944, 954, 853, 916]
[15, 19660, 924, 889, 943, 916, 934, 918, 955, 853, 941, 946, 862, 907, 889, 942, 909, 894]
[15, 19660, 898, 915, 942, 919, 919, 886, 930, 987, 908, 927, 879, 879, 839, 887, 973, 941]
[15, 19660, 965, 954, 814, 914, 852, 881, 901, 836, 881, 904, 914, 937, 975, 860, 994, 942]
[20, 26214, 1360, 1323, 1312, 1317, 1315, 1417, 1413, 1346, 1397, 1346, 1343, 1372, 1345, 1418, 1303, 1326]
[20, 26214, 1351, 1341, 1349, 1424, 1379, 1350, 1327, 1348, 1405, 1394, 1332, 1332, 1279, 1382, 1383, 1389]
[20, 26214, 1350, 1424, 1406, 1271, 1332, 1305, 1314, 1334, 1388, 1376, 1336, 1364, 1417, 1363, 1382, 1313]
[20, 26214, 1376, 1378, 1317, 1314, 1375, 1353, 1393, 1330, 1358, 1432, 1335, 1368, 1283, 1321, 1342, 1370]
[20, 26214, 1378, 1350, 1416, 1289, 1419, 1346, 1372, 1398, 1298, 1312, 1429, 1341, 1337, 1356, 1320, 1306]
[20, 26214, 1340, 1428, 1316, 1369, 1300, 1314, 1379, 1382, 1331, 1360, 1319, 1309, 1367, 1332, 1402, 1422]
[20, 26214, 1387, 1370, 1311, 1341, 1379, 1316, 1406, 1308, 1353, 1263, 1415, 1349, 1335, 1413, 1426, 1410]
[20, 26214, 1304, 1358, 1393, 1472, 1357, 1293, 1297, 1365, 1377, 1381, 1299, 1320, 1360, 1341, 1400, 1420]
[20, 26214, 1349, 1358, 1391, 1350, 1341, 1420, 1349, 1373, 1366, 1287, 1436, 1361, 1318, 1291, 1345, 1304]
[20, 26214, 1322, 1231, 1378, 1418, 1353, 1378, 1314, 1373, 1394, 1389, 1450, 1232, 1377, 1368, 1335, 1297]
[20, 26214, 1223, 1447, 1351, 1321, 1343, 1343, 1332, 1397, 1368, 1322, 1363, 1364, 1361, 1381, 1351, 1315]
[20, 26214, 1423, 1356, 1316, 1384, 1351, 1339, 1441, 1298, 1395, 1296, 1377, 1350, 1329, 1344, 1383, 1316]
[20, 26214, 1368, 1420, 1364, 1349, 1365, 1400, 1331, 1372, 1350, 1324, 1474, 1311, 1305, 1384, 1326, 1356]
[20, 26214, 1352, 1388, 1373, 1335, 1391, 1359, 1331, 1355, 1318, 1309, 1388, 1292, 1418, 1340, 1389, 1280]
[20, 26214, 1293, 1379, 1370, 1408, 1402, 1366, 1289, 1283, 1372, 1386, 1413, 1309, 1321, 1419, 1363, 1335]
[20, 26214, 1371, 1304, 1360, 1297, 1377, 1334, 1379, 1334, 1381, 1407, 1437, 1379, 1319, 1301, 1345, 1324]
[20, 26214, 1318, 1354, 1349, 1322, 1286, 1361, 1378, 1459, 1368, 1314, 1342, 1439, 1341, 1311, 1318, 1472]
[20, 26214, 1376, 1377, 1308, 1295, 1324, 1345, 1374, 1440, 1344, 1354, 1411, 1307, 1311, 1456, 1380, 1290]
[20, 26214, 1398, 1348, 1337, 1394, 1432, 1353, 1309, 1372, 1345, 1317, 1373, 1415, 1336, 1324, 1289, 1437]
[20, 26214, 1369, 1418, 1338, 1273, 1340, 1396, 1332, 1360, 1374, 1414, 1301, 1362, 1383, 1369, 1387, 1303]
[20, 26214, 1320, 1350, 1299, 1465, 1339, 1353, 1304, 1319, 1389, 1374, 1375, 1369, 1433, 1335, 1360, 1379]
[20, 26214, 1326, 1316, 1346, 1402, 1376, 1378, 1338, 1384, 1346, 1379, 1347, 1329, 1351, 1369, 1379, 1360]
[20, 26214, 1309, 1354, 1325, 1355, 1310, 1398, 1333, 1435, 1342, 1343, 1312, 1362, 1378, 1410, 1419, 1349]
[20, 26214, 1234, 1424, 1373, 1434, 1360, 1344, 1341, 1338, 1293, 1343, 1424, 1331, 1420, 1346, 1338, 1354]
[20, 26214, 1272, 1430, 1374, 1366, 1348, 1345, 1384, 1312, 1298, 1315, 1352, 1376, 1367, 1364, 1375, 1342]
[20, 26214, 1324, 1314, 1437, 1391, 1360, 1232, 1388, 1349, 1374, 1334, 1381, 1380, 1312, 1463, 1407, 1398]
[20, 26214, 1346, 1384, 1431, 1304, 1295, 1375, 1354, 1355, 1409, 1360, 1396, 1314, 1351, 1356, 1301, 1332]
[20, 26214, 1376, 1337, 1388, 1313, 1409, 1297, 1324, 1365, 1327, 1374, 1262, 1411, 1331, 1359, 1414, 1341]
[20, 26214, 1417, 1301, 1340, 1375, 1322, 1323, 1354, 1366, 1341, 1439, 1365, 1390, 1330, 1330, 1371, 1352]
[20, 26214, 1360, 1405, 1383, 1243, 1376, 1320, 1298, 1378, 1343, 1419, 1306, 1322, 1346, 1405, 1307, 1386]
[20, 26214, 1394, 1346, 1339, 1287, 1264, 1281, 1379, 1497, 1309, 1410, 1397, 1363, 1311, 1387, 1365, 1328]
[20, 26214, 1352, 1337, 1332, 1362, 1393, 1362, 1373, 1342, 1405, 1372, 1343, 1356, 1353, 1418, 1348, 1275]
[20, 26214, 1428, 1304, 1434, 1343, 1432, 1403, 1413, 1356, 1282, 1289, 1386, 1352, 1346, 1357, 1319, 1279]
[20, 26214, 1299, 1373, 1331, 1434, 1435, 1340, 1361, 1292, 1312, 1369, 1455, 1367, 1367, 1379, 1299, 1388]
[20, 26214, 1379, 1339, 1349, 1359, 1320, 1388, 1391, 1391, 1406, 1345, 1363, 1369, 1417, 1337, 1261, 1304]
[20, 26214, 1353, 1369, 1374, 1378, 1289, 1326, 1333, 1362, 1336, 1338, 1395, 1266, 1440, 1383, 1404, 1324]
[20, 26214, 1364, 1391, 1342, 1354, 1335, 1358, 1441, 1300, 1389, 1354, 1333, 1359, 1345, 1351, 1319, 1297]
[20, 26214, 1390, 1323, 1256, 1401, 1348, 1337, 1415, 1400, 1347, 1451, 1315, 1382, 1361, 1343, 1349, 1303]
[20, 26214, 1370, 1309, 1320, 1396, 1287, 1419, 1308, 1342, 1371, 1302, 1353, 1412, 1360, 1373, 1365, 1381]
[20, 26214, 1364, 1371, 1328, 1361, 1293, 1345, 1378, 1373, 1354, 1424, 1348, 1422, 1371, 1307, 1319, 1315]
[20, 26214, 1399, 1429, 1316, 1356, 1341, 1352, 1381, 1313, 1297, 1429, 1410, 1274, 1395, 1394, 1379, 1295]
[20, 26214, 1439, 1355, 1288, 1381, 1360, 1351, 1270, 1364, 1371, 1347, 1446, 1460, 1343, 1361, 1250, 1323]
[20, 26214, 1346, 1369, 1326, 1304, 1341, 1348, 1363, 1403, 1384, 1377, 1423, 1399, 1329, 1268, 1312, 1410]
[20, 26214, 1334, 1395, 1371, 1304, 1329, 1492, 1307, 1409, 1348, 1367, 1312, 1269, 1329, 1348, 1342, 1395]
[20, 26214, 1391, 1368, 1386, 1361, 1269, 1384, 1302, 1390, 1351, 1309, 1464, 1318, 1360, 1303, 1337, 1393]
[20, 26214, 1390, 1278, 1362, 1339, 1297, 1323, 1397, 1275, 1391, 1383, 1373, 1406, 1393, 1334, 1338, 1402]
[20, 26214, 1374, 1304, 1400, 1315, 1383, 1286, 1320, 1345, 1301, 1317, 1386, 1408, 1392, 1308, 1375, 1369]
[20, 26214, 1375, 1367, 1387, 1392, 1368, 1335, 1338, 1399, 1386, 1275, 1366, 1290, 1331, 1370, 1343, 1417]
[20, 26214, 1307, 1314, 1330, 1348, 1315, 1348, 1350, 1403, 1391, 1451, 1322, 1440, 1387, 1402, 1356, 1265]
[20, 26214, 1380, 1369, 1397, 1310, 1342, 1455, 1426, 1350, 1291, 1330, 1315, 1330, 1356, 1322, 1353, 1324]
[20, 26214, 1368, 1303, 1342, 1360, 1335, 1310, 1327, 1368, 1330, 1366, 1432, 1329, 1326, 1377, 1380, 1391]
[20, 26214, 1358, 1263, 1423, 1289, 1284, 1371, 1398, 1393, 1391, 1369, 1382, 1390, 1418, 1332, 1303, 1320]
[20, 26214, 1347, 1390, 1377, 1344, 1375, 1328, 1446, 1400, 1319, 1337, 1334, 1363, 1305, 1336, 1319, 1345]
[20, 26214, 1344, 1328, 1364, 1324, 1388, 1341, 1452, 1311, 1397, 1398, 1372, 1308, 1260, 1375, 1317, 1426]
[20, 26214, 1387, 1362, 1331, 1335, 1392, 1371, 1297, 1399, 1350, 1330, 1451, 1315, 1258, 1353, 1378, 1396]
[20, 26214, 1320, 1307, 1309, 1312, 1384, 1349, 1329, 1405, 1404, 1343, 1345, 1425, 1315, 1365, 1421, 1336]
[20, 26214, 1371, 1325, 1318, 1412, 1372, 1344, 1341, 1404, 1327, 1256, 1361, 1372, 1353, 1396, 1429, 1366]
[20, 26214, 1388, 1353, 1318, 1380, 1343, 1397, 1321, 1356, 1322, 1356, 1354, 1321, 1350, 1385, 1434, 1339]
[20, 26214, 1395, 1342, 1320, 1336, 1324, 1401, 1428, 1385, 1388, 1358, 1321, 1336, 1311, 1372, 1381, 1393]
[20, 26214, 1394, 1321, 1366, 1387, 1390, 1308, 1357, 1260, 1428, 1309, 1384, 1384, 1364, 1381, 1327, 1352]
[20, 26214, 1373, 1359, 1379, 1312, 1399, 1463, 1325, 1353, 1338, 1342, 1405, 1324, 1289, 1328, 1366, 1311]
[20, 26214, 1357, 1415, 1343, 1357, 1344, 1319, 1286, 1440, 1353, 1245, 1400, 1354, 1345, 1358, 1351, 1337]
[20, 26214, 1383, 1395, 1302, 1336, 1298, 1402, 1372, 1298, 1358, 1372, 1297, 1326, 1330, 1356, 1445, 1425]
[20, 26214, 1326, 1434, 1369, 1267, 1374, 1315, 1393, 1302, 1312, 1381, 1431, 1390, 1303, 1261, 1363, 1429]
[20, 26214, 1308, 1354, 1393, 1427, 1334, 1375, 1355, 1339, 1401, 1330, 1400, 1321, 1324, 1325, 1303, 1420]
[20, 26214, 1352, 1389, 1355, 1404, 1362, 1375, 1404, 1388, 1294, 1421, 1323, 1319, 1308, 1322, 1342, 1323]
[20, 26214, 1308, 1438, 1283, 1294, 1321, 1423, 1415, 1358, 1413, 1327, 1358, 1300, 1297, 1378, 1363, 1454]
[20, 26214, 1393, 1396, 1338, 1312, 1367, 1343, 1354, 1362, 1324, 1335, 1340, 1398, 1354, 1345, 1382, 1402]
[20, 26214, 1421, 1353, 1422, 1403, 1336, 1295, 1366, 1382, 1322, 1303, 1273, 1363, 1340, 1350, 1265, 1447]
[20, 26214, 1369, 1281, 1361, 1291, 1420, 1350, 1367, 1380, 1406, 1410, 1314, 1308, 1336, 1382, 1363, 1425]
[20, 26214, 1354, 1344, 1320, 1351, 1350, 1303, 1384, 1322, 1344, 1418, 1372, 1354, 1355, 1357, 1314, 1394]
[20, 26214, 1411, 1351, 1379, 1349, 1327, 1391, 1324, 1327, 1343, 1385, 1307, 1433, 1305, 1319, 1330, 1445]
[20, 26214, 1301, 1396, 1415, 1428, 1337, 1384, 1355, 1371, 1333, 1421, 1340, 1329, 1358, 1361, 1373, 1333]
[20, 26214, 1288, 1356, 1393, 1420, 1426, 1346, 1359, 1329, 1343, 1356, 1409, 1328, 1278, 1391, 1406, 1233]
[20, 26214, 1279, 1357, 1379, 1326, 1351, 1408, 1394, 1321, 1379, 1276, 1363, 1405, 1393, 1334, 1385, 1392]
[20, 26214, 1268, 1348, 1333, 1289, 1302, 1325, 1506, 1358, 1378, 1447, 1365, 1351, 1340, 1363, 1357, 1386]
[20, 26214, 1453, 1407, 1380, 1432, 1320, 1285, 1360, 1350, 1357, 1363, 1299, 1297, 1402, 1296, 1346, 1350]
[20, 26214, 1412, 1320, 1300, 1395, 1311, 1365, 1383, 1333, 1319, 1384, 1284, 1397, 1346, 1516, 1362, 1312]
[20, 26214, 1388, 1291, 1364, 1328, 1383, 1369, 1333, 1322, 1427, 1381, 1421, 1298, 1365, 1364, 1396, 1328]
[20, 26214, 1310, 1372, 1403, 1398, 1356, 1408, 1387, 1293, 1393, 1299, 1396, 1375, 1251, 1417, 1324, 1351]
[20, 26214, 1396, 1333, 1311, 1408, 1309, 1364, 1352, 1325, 1395, 1322, 1341, 1360, 1370, 1400, 1378, 1369]
[20, 26214, 1361, 1321, 1333, 1376, 1398, 1330, 1356, 1293, 1412, 1473, 1287, 1380, 1394, 1415, 1235, 1354]
[20, 26214, 1350, 1327, 1338, 1400, 1370, 1337, 1434, 1335, 1365, 1434, 1293, 1267, 1326, 1336, 1334, 1401]
[20, 26214, 1239, 1374, 1477, 1337, 1325, 1366, 1363, 1345, 1381, 1446, 1393, 1394, 1320, 1336, 1283, 1289]
[20, 26214, 1352, 1321, 1427, 1303, 1365, 1416, 1355, 1439, 1295, 1402, 1362, 1319, 1339, 1363, 1342, 1329]
[20, 26214, 1386, 1348, 1347, 1319, 1335, 1405, 1331, 1325, 1351, 1248, 1406, 1403, 1350, 1360, 1381, 1271]
[20, 26214, 1404, 1255, 1309, 1407, 1378, 1368, 1307, 1330, 1327, 1355, 1382, 1333, 1301, 1383, 1404, 1383]
[20, 26214, 1383, 1349, 1389, 1449, 1332, 1359, 1343, 1350, 1361, 1406, 1416, 1257, 1258, 1359, 1311, 1367]
[20, 26214, 1420, 1382, 1278, 1382, 1359, 1429, 1398, 1321, 1348, 1335, 1361, 1337, 1373, 1379, 1334, 1315]
[20, 26214, 1351, 1304, 1435, 1351, 1341, 1256, 1392, 1350, 1393, 1232, 1310, 1317, 1376, 1406, 1386, 1424]
[20, 26214, 1304, 1437, 1348, 1347, 1478, 1315, 1372, 1340, 1429, 1363, 1386, 1287, 1378, 1332, 1306, 1300]
[20, 26214, 1390, 1303, 1423, 1331, 1429, 1361, 1316, 1378, 1377, 1317, 1389, 1412, 1368, 1286, 1389, 1348]
[20, 26214, 1401, 1393, 1354, 1374, 1385, 1303, 1379, 1338, 1329, 1394, 1370, 1308, 1456, 1380, 1233, 1339]
[20, 26214, 1273, 1303, 1395, 1303, 1369, 1449, 1365, 1400, 1363, 1388, 1344, 1299, 1250, 1351, 1436, 1401]
[20, 26214, 1348, 1401, 1342, 1314, 1316, 1326, 1452, 1308, 1395, 1336, 1325, 1362, 1453, 1331, 1354, 1322]
[20, 26214, 1317, 1316, 1363, 1347, 1370, 1390, 1364, 1372, 1451, 1406, 1353, 1363, 1400, 1304, 1345, 1242]
[20, 26214, 1350, 1265, 1315, 1373, 1409, 1403, 1395, 1408, 1396, 1334, 1298, 1363, 1380, 1382, 1306, 1360]
[20, 26214, 1401, 1332, 1397, 1331, 1385, 1371, 1414, 1286, 1395, 1379, 1274, 1337, 1339, 1365, 1338, 1359]
[20, 26214, 1343, 1350, 1366, 1330, 1386, 1360, 1392, 1434, 1365, 1380, 1367, 1338, 1229, 1320, 1402, 1359]
[20, 26214, 1371, 1354, 1281, 1346, 1267, 1353, 1310, 1333, 1327, 1353, 1386, 1372, 1430, 1338, 1448, 1399]
[25, 32768, 1782, 1737, 1763, 1785, 1781, 1892, 1863, 1796, 1810, 1815, 1856, 1837, 1803, 1908, 1785, 1777]
[25, 32768, 1812, 1785, 1825, 1868, 1844, 1780, 1803, 1871, 1897, 1834, 1768, 1783, 1735, 1881, 1772, 1810]
[25, 32768, 1847, 1875, 1902, 1795, 1779, 1764, 1771, 1793, 1861, 1867, 1806, 1804, 1812, 1837, 1834, 1721]
[25, 32768, 1830, 1804, 1756, 1751, 1860, 1806, 1834, 1754, 1785, 1943, 1841, 1820, 1699, 1766, 1774, 1834]
[25, 32768, 1854, 1803, 1834, 1677, 1844, 1818, 1799, 1867, 1788, 1737, 1858, 1794, 1822, 1825, 1774, 1784]
[25, 32768, 1753, 1853, 1803, 1775, 1802, 1740, 1872, 1871, 1825, 1774, 1789, 1817, 1811, 1776, 1853, 1887]
[25, 32768, 1871, 1831, 1835, 1754, 1803, 1804, 1847, 1740, 1779, 1735, 1930, 1755, 1776, 1844, 1857, 1863]
[25, 32768, 1688, 1845, 1868, 1933, 1776, 1735, 1729, 1828, 1805, 1824, 1800, 1765, 1802, 1828, 1865, 1895]
[25, 32768, 1792, 1809, 1890, 1788, 1826, 1882, 1811, 1841, 1829, 1719, 1894, 1785, 1762, 1719, 1790, 1759]
[25, 32768, 1789, 1681, 1844, 1946, 1816, 1809, 1775, 1776, 1826, 1818, 1932, 1730, 1840, 1804, 1806, 1775]
[25, 32768, 1678, 1901, 1843, 1817, 1802, 1802, 1788, 1832, 1826, 1784, 1804, 1765, 1816, 1831, 1816, 1778]
[25, 32768, 1916, 1797, 1775, 1837, 1809, 1793, 1927, 1778, 1877, 1752, 1811, 1771, 1768, 1801, 1801, 1727]
[25, 32768, 1829, 1909, 1797, 1820, 1831, 1823, 1808, 1778, 1807, 1779, 1943, 1764, 1765, 1861, 1709, 1778]
[25, 32768, 1831, 1826, 1857, 1805, 1820, 1838, 1789, 1813, 1733, 1789, 1826, 1731, 1900, 1813, 1863, 1728]
[25, 32768, 1760, 1807, 1805, 1882, 1855, 1780, 1748, 1754, 1818, 1873, 1856, 1774, 1831, 1848, 1837, 1800]
[25, 32768, 1799, 1789, 1770, 1726, 1849, 1814, 1869, 1787, 1852, 1883, 1894, 1805, 1790, 1770, 1783, 1777]
[25, 32768, 1759, 1807, 1799, 1781, 1775, 1787, 1807, 1926, 1829, 1773, 1820, 1900, 1801, 1734, 1752, 1912]
[25, 32768, 1843, 1828, 1769, 1724, 1739, 1855, 1870, 1869, 1812, 1788, 1879, 1746, 1768, 1883, 1788, 1747]
[25, 32768, 1827, 1805, 1793, 1823, 1898, 1797, 1800, 1792, 1811, 1759, 1863, 1855, 1775, 1825, 1758, 1838]
[25, 32768, 1854, 1903, 1793, 1729, 1798, 1861, 1765, 1781, 1815, 1853, 1780, 1839, 1874, 1832, 1807, 1743]
[25, 32768, 1810, 1781, 1762, 1929, 1805, 1799, 1720, 1761, 1833, 1817, 1870, 1786, 1869, 1813, 1827, 1804]
[25, 32768, 1778, 1783, 1819, 1856, 1832, 1837, 1851, 1822, 1756, 1821, 1848, 1801, 1797, 1779, 1822, 1819]
[25, 32768, 1738, 1843, 1732, 1824, 1726, 1821, 1753, 1920, 1835, 1845, 1751, 1836, 1824, 1838, 1896, 1810]
[25, 32768, 1727, 1838, 1816, 1867, 1838, 1785, 1766, 1796, 1753, 1816, 1859, 1795, 1875, 1785, 1778, 1803]
[25, 32768, 1698, 1854, 1815, 1849, 1819, 1799, 1809, 1785, 1808, 1766, 1813, 1815, 1858, 1837, 1832, 1777]
[25, 32768, 1776, 1774, 1887, 1828, 1819, 1689, 1849, 1847, 1854, 1772, 1888, 1774, 1763, 1886, 1869, 1846]
[25, 32768, 1793, 1869, 1855, 1768, 1771, 1785, 1863, 1829, 1870, 1772, 1841, 1811, 1842, 1788, 1745, 1758]
[25, 32768, 1829, 1830, 1847, 1794, 1841, 1744, 1748, 1899, 1760, 1864, 1706, 1900, 1780, 1777, 1868, 1786]
[25, 32768, 1868, 1747, 1794, 1835, 1737, 1815, 1789, 1853, 1792, 1899, 1861, 1848, 1754, 1795, 1817, 1801]
[25, 32768, 1791, 1844, 1868, 1705, 1854, 1823, 1706, 1834, 1804, 1899, 1780, 1788, 1764, 1839, 1739, 1877]
[25, 32768, 1850, 1823, 1800, 1765, 1722, 1701, 1852, 1959, 1728, 1859, 1874, 1784, 1830, 1854, 1827, 1752]
[25, 32768, 1843, 1825, 1787, 1790, 1826, 1785, 1816, 1838, 1887, 1808, 1839, 1820, 1801, 1853, 1780, 1700]
[25, 32768, 1914, 1751, 1865, 1759, 1875, 1854, 1847, 1824, 1729, 1729, 1850, 1824, 1788, 1815, 1792, 1781]
[25, 32768, 1741, 1854, 1777, 1933, 1876, 1751, 1807, 1734, 1749, 1810, 1965, 1795, 1832, 1814, 1729, 1847]
[25, 32768, 1842, 1785, 1780, 1772, 1810, 1828, 1810, 1827, 1864, 1804, 1820, 1853, 1883, 1794, 1696, 1742]
[25, 32768, 1755, 1824, 1838, 1842, 1737, 1767, 1758, 1868, 1823, 1784, 1858, 1760, 1903, 1836, 1872, 1776]
[25, 32768, 1804, 1867, 1759, 1835, 1815, 1810, 1919, 1752, 1835, 1834, 1789, 1753, 1845, 1784, 1769, 1748]
[25, 32768, 1867, 1734, 1726, 1881, 1793, 1760, 1833, 1848, 1810, 1909, 1788, 1819, 1870, 1822, 1791, 1762]
[25, 32768, 1839, 1776, 1738, 1858, 1747, 1883, 1733, 1799, 1819, 1778, 1849, 1870, 1822, 1832, 1783, 1849]
[25, 32768, 1830, 1831, 1743, 1872, 1743, 1802, 1824, 1773, 1791, 1898, 1826, 1862, 1827, 1811, 1752, 1741]
[25, 32768, 1873, 1852, 1772, 1843, 1792, 1776, 1861, 1759, 1744, 1880, 1862, 1731, 1849, 1885, 1873, 1727]
[25, 32768, 1920, 1815, 1761, 1858, 1759, 1757, 1785, 1847, 1853, 1793, 1896, 1867, 1769, 1814, 1748, 1784]
[25, 32768, 1822, 1824, 1761, 1724, 1782, 1847, 1807, 1835, 1819, 1808, 1879, 1872, 1776, 1753, 1787, 1872]
[25, 32768, 1747, 1837, 1845, 1798, 1806, 2005, 1788, 1849, 1802, 1819, 1768, 1695, 1809, 1834, 1738, 1821]
[25, 32768, 1844, 1828, 1809, 1831, 1729, 1840, 1720, 1839, 1798, 1784, 1911, 1739, 1829, 1774, 1801, 1850]
[25, 32768, 1852, 1703, 1805, 1818, 1741, 1814, 1853, 1714, 1850, 1784, 1859, 1879, 1846, 1815, 1817, 1861]
[25, 32768, 1835, 1744, 1834, 1803, 1840, 1726, 1727, 1836, 1792, 1730, 1864, 1852, 1851, 1746, 1866, 1860]
[25, 32768, 1820, 1865, 1820, 1844, 1811, 1839, 1809, 1849, 1825, 1703, 1808, 1748, 1819, 1820, 1809, 1862]
[25, 32768, 1759, 1769, 1783, 1784, 1781, 1806, 1822, 1843, 1845, 1886, 1763, 1894, 1827, 1866, 1803, 1747]
[25, 32768, 1856, 1817, 1856, 1792, 1822, 1903, 1906, 1761, 1732, 1843, 1765, 1830, 1768, 1785, 1770, 1747]
[25, 32768, 1843, 1756, 1796, 1808, 1780, 1780, 1828, 1830, 1775, 1854, 1930, 1781, 1755, 1813, 1816, 1812]
[25, 32768, 1793, 1704, 1858, 1772, 1780, 1848, 1865, 1851, 1804, 1862, 1841, 1846, 1882, 1805, 1723, 1786]
[25, 32768, 1807, 1837, 1829, 1801, 1832, 1829, 1918, 1812, 1757, 1766, 1796, 1806, 1756, 1777, 1762, 1829]
[25, 32768, 1779, 1772, 1810, 1738, 1815, 1770, 1926, 1783, 1852, 1840, 1839, 1792, 1741, 1853, 1781, 1848]
[25, 32768, 1906, 1804, 1783, 1788, 1793, 1836, 1794, 1853, 1781, 1791, 1892, 1790, 1706, 1762, 1850, 1846]
[25, 32768, 1747, 1728, 1804, 1753, 1850, 1794, 1813, 1879, 1885, 1795, 1794, 1901, 1778, 1828, 1889, 1770]
[25, 32768, 1799, 1810, 1787, 1896, 1837, 1822, 1788, 1875, 1772, 1697, 1802, 1833, 1798, 1871, 1875, 1779]
[25, 32768, 1810, 1826, 1776, 1833, 1785, 1835, 1792, 1806, 1814, 1809, 1830, 1772, 1827, 1833, 1908, 1756]
[25, 32768, 1868, 1847, 1856, 1823, 1786, 1850, 1867, 1820, 1817, 1810, 1760, 1801, 1763, 1817, 1806, 1846]
[25, 32768, 1895, 1748, 1783, 1815, 1813, 1773, 1825, 1692, 1902, 1773, 1847, 1875, 1801, 1821, 1771, 1844]
[25, 32768, 1834, 1807, 1841, 1808, 1872, 1921, 1770, 1817, 1750, 1764, 1841, 1773, 1765, 1793, 1871, 1798]
[25, 32768, 1778, 1912, 1808, 1834, 1756, 1757, 1806, 1890, 1830, 1719, 1876, 1802, 1806, 1762, 1825, 1781]
[25, 32768, 1910, 1829, 1814, 1800, 1722, 1840, 1863, 1764, 1845, 1824, 1748, 1775, 1791, 1853, 1903, 1827]
[25, 32768, 1833, 1868, 1822, 1687, 1840, 1798, 1847, 1779, 1782, 1808, 1882, 1826, 1738, 1727, 1814, 1944]
[25, 32768, 1722, 1825, 1855, 1912, 1788, 1813, 1825, 1805, 1865, 1782, 1867, 1748, 1755, 1792, 1762, 1877]
[25, 32768, 1840, 1817, 1799, 1896, 1804, 1838, 1832, 1900, 1754, 1878, 1747, 1789, 1743, 1770, 1795, 1761]
[25, 32768, 1742, 1870, 1745, 1749, 1797, 1905, 1846, 1792, 1858, 1765, 1787, 1731, 1792, 1870, 1791, 1897]
[25, 32768, 1878, 1828, 1784, 1762, 1801, 1796, 1804, 1832, 1786, 1777, 1817, 1863, 1807, 1791, 1821, 1863]
[25, 32768, 1915, 1852, 1811, 1840, 1808, 1713, 1805, 1862, 1760, 1737, 1755, 1843, 1736, 1768, 1767, 1935]
[25, 32768, 1848, 1788, 1816, 1740, 1878, 1783, 1844, 1807, 1873, 1897, 1761, 1710, 1791, 1848, 1785, 1898]
[25, 32768, 1767, 1797, 1781, 1854, 1810, 1721, 1861, 1755, 1811, 1873, 1816, 1805, 1819, 1811, 1769, 1849]
[25, 32768, 1873, 1779, 1837, 1808, 1760, 1821, 1769, 1779, 1753, 1859, 1770, 1876, 1770, 1804, 1772, 1916]
[25, 32768, 1715, 1810, 1904, 1913, 1835, 1867, 1783, 1890, 1761, 1904, 1792, 1743, 1812, 1801, 1842, 1769]
[25, 32768, 1767, 1807, 1872, 1895, 1917, 1785, 1779, 1747, 1819, 1797, 1877, 1731, 1703, 1843, 1839, 1749]
[25, 32768, 1761, 1772, 1819, 1776, 1788, 1885, 1853, 1773, 1832, 1674, 1837, 1916, 1832, 1816, 1841, 1818]
[25, 32768, 1714, 1799, 1812, 1718, 1754, 1764, 1938, 1803, 1858, 1928, 1820, 1746, 1808, 1849, 1811, 1854]
[25, 32768, 1908, 1891, 1874, 1909, 1770, 1736, 1755, 1781, 1796, 1848, 1784, 1757, 1857, 1772, 1800, 1782]
[25, 32768, 1834, 1796, 1790, 1842, 1710, 1823, 1817, 1761, 1764, 1839, 1754, 1814, 1793, 2013, 1827, 1720]
[25, 32768, 1833, 1732, 1776, 1787, 1846, 1799, 1792, 1775, 1870, 1829, 1854, 1775, 1808, 1853, 1864, 1758]
[25, 32768, 1773, 1834, 1876, 1840, 1818, 1874, 1815, 1751, 1819, 1770, 1847, 1842, 1694, 1848, 1803, 1788]
[25, 32768, 1903, 1802, 1770, 1794, 1781, 1842, 1824, 1748, 1816, 1804, 1798, 1790, 1839, 1833, 1850, 1812]
[25, 32768, 1810, 1783, 1795, 1811, 1878, 1845, 1807, 1734, 1877, 1967, 1749, 1829, 1852, 1830, 1663, 1812]
[25, 32768, 1793, 1795, 1782, 1894, 1810, 1834, 1896, 1797, 1845, 1883, 1751, 1715, 1758, 1804, 1798, 1829]
[25, 32768, 1707, 1794, 1957, 1776, 1777, 1786, 1881, 1778, 1878, 1885, 1871, 1808, 1796, 1793, 1689, 1742]
[25, 32768, 1778, 1760, 1854, 1716, 1834, 1847, 1838, 1932, 1832, 1837, 1851, 1777, 1787, 1809, 1826, 1812]
[25, 32768, 1799, 1829, 1802, 1792, 1819, 1857, 1783, 1800, 1835, 1727, 1872, 1862, 1790, 1827, 1811, 1711]
[25, 32768, 1857, 1688, 1764, 1888, 1864, 1836, 1754, 1776, 1782, 1791, 1854, 1824, 1757, 1856, 1873, 1810]
[25, 32768, 1846, 1817, 1806, 1868, 1794, 1793, 1784, 1818, 1781, 1899, 1854, 1698, 1772, 1830, 1747, 1865]
[25, 32768, 1890, 1874, 1762, 1838, 1814, 1905, 1849, 1825, 1762, 1778, 1800, 1803, 1842, 1806, 1783, 1738]
[25, 32768, 1827, 1789, 1935, 1794, 1822, 1675, 1849, 1799, 1824, 1699, 1718, 1777, 1815, 1932, 1805, 1915]
[25, 32768, 1775, 1892, 1775, 1770, 1945, 1777, 1890, 1801, 1905, 1811, 1825, 1727, 1822, 1803, 1769, 1724]
[25, 32768, 1841, 1773, 1879, 1804, 1871, 1793, 1802, 1794, 1832, 1745, 1826, 1872, 1822, 1773, 1802, 1828]
[25, 32768, 1887, 1822, 1853, 1821, 1833, 1776, 1897, 1787, 1778, 1800, 1782, 1774, 1901, 1856, 1716, 1757]
[25, 32768, 1705, 1775, 1876, 1785, 1814, 1890, 1810, 1842, 1759, 1852, 1774, 1787, 1773, 1830, 1859, 1853]
[25, 32768, 1784, 1856, 1815, 1765, 1787, 1791, 1871, 1764, 1868, 1813, 1774, 1817, 1894, 1788, 1791, 1775]
[25, 32768, 1779, 1776, 1792, 1831, 1822, 1830, 1842, 1854, 1881, 1828, 1832, 1798, 1867, 1772, 1825, 1647]
[25, 32768, 1807, 1702, 1755, 1868, 1863, 1845, 1833, 1846, 1834, 1816, 1776, 1792, 1831, 1809, 1741, 1825]
[25, 32768, 1857, 1774, 1845, 1786, 1839, 1818, 1829, 1731, 1864, 1847, 1764, 1810, 1843, 1768, 1797, 1782]
[25, 32768, 1791, 1836, 1824, 1783, 1785, 1851, 1848, 1894, 1832, 1855, 1783, 1782, 1661, 1767, 1895, 1800]
[25, 32768, 1806, 1806, 1742, 1813, 1678, 1790, 1770, 1799, 1787, 1801, 1840, 1874, 1938, 1851, 1906, 1817]
[30, 39321, 2272, 2230, 2225, 2254, 2226, 2379, 2298, 2202, 2264, 2295, 2348, 2274, 2253, 2321, 2215, 2235]
[30, 39321, 2272, 2199, 2285, 2337, 2268, 2226, 2270, 2352, 2353, 2289, 2182, 2274, 2211, 2322, 2209, 2304]
[30, 39321, 2295, 2311, 2356, 2258, 2236, 2198, 2236, 2294, 2339, 2346, 2230, 2261, 2249, 2277, 2244, 2167]
[30, 39321, 2293, 2258, 2223, 2184, 2352, 2286, 2277, 2192, 2299, 2352, 2278, 2235, 2175, 2266, 2225, 2303]
[30, 39321, 2346, 2271, 2290, 2132, 2292, 2283, 2247, 2301, 2244, 2222, 2355, 2232, 2289, 2326, 2246, 2227]
[30, 39321, 2231, 2297, 2271, 2231, 2221, 2241, 2312, 2303, 2270, 2258, 2276, 2276, 2268, 2221, 2286, 2361]
[30, 39321, 2323, 2261, 2286, 2243, 2267, 2244, 2301, 2207, 2236, 2149, 2407, 2211, 2244, 2270, 2315, 2346]
[30, 39321, 2166, 2338, 2305, 2360, 2240, 2216, 2168, 2284, 2279, 2293, 2253, 2209, 2256, 2273, 2315, 2370]
[30, 39321, 2252, 2273, 2298, 2271, 2311, 2303, 2268, 2300, 2268, 2190, 2370, 2264, 2178, 2195, 2290, 2241]
[30, 39321, 2232, 2159, 2290, 2427, 2226, 2267, 2212, 2174, 2282, 2307, 2372, 2213, 2340, 2287, 2248, 2211]
[30, 39321, 2116, 2360, 2307, 2282, 2253, 2290, 2246, 2276, 2284, 2207, 2250, 2270, 2276, 2270, 2241, 2264]
[30, 39321, 2377, 2229, 2199, 2302, 2266, 2267, 2363, 2278, 2354, 2205, 2279, 2218, 2264, 2233, 2222, 2169]
[30, 39321, 2285, 2353, 2238, 2253, 2276, 2295, 2282, 2226, 2288, 2249, 2391, 2225, 2231, 2315, 2145, 2249]
[30, 39321, 2246, 2284, 2321, 2245, 2281, 2285, 2221, 2270, 2193, 2270, 2293, 2186, 2338, 2282, 2319, 2175]
[30, 39321, 2267, 2269, 2225, 2323, 2311, 2256, 2216, 2200, 2270, 2335, 2292, 2233, 2303, 2314, 2299, 2235]
[30, 39321, 2219, 2197, 2227, 2216, 2363, 2236, 2341, 2257, 2313, 2325, 2394, 2276, 2251, 2206, 2236, 2188]
[30, 39321, 2189, 2266, 2267, 2240, 2254, 2271, 2191, 2372, 2279, 2205, 2272, 2361, 2271, 2236, 2208, 2352]
[30, 39321, 2310, 2235, 2213, 2182, 2190, 2340, 2324, 2295, 2255, 2305, 2312, 2181, 2224, 2376, 2251, 2197]
[30, 39321, 2303, 2222, 2267, 2292, 2354, 2218, 2238, 2265, 2230, 2200, 2333, 2377, 2227, 2298, 2222, 2299]
[30, 39321, 2322, 2327, 2221, 2196, 2291, 2279, 2223, 2262, 2303, 2282, 2238, 2302, 2307, 2258, 2328, 2197]
[30, 39321, 2284, 2200, 2205, 2405, 2264, 2261, 2185, 2208, 2307, 2265, 2310, 2245, 2345, 2243, 2268, 2264]
[30, 39321, 2231, 2251, 2278, 2303, 2289, 2302, 2295, 2252, 2218, 2288, 2315, 2253, 2246, 2272, 2277, 2264]
[30, 39321, 2171, 2306, 2194, 2301, 2175, 2286, 2198, 2380, 2271, 2329, 2179, 2276, 2238, 2281, 2351, 2309]
[30, 39321, 2214, 2293, 2318, 2316, 2261, 2240, 2243, 2261, 2223, 2276, 2306, 2250, 2311, 2230, 2223, 2281]
[30, 39321, 2146, 2317, 2306, 2316, 2272, 2214, 2243, 2262, 2273, 2202, 2310, 2259, 2318, 2297, 2266, 2224]
[30, 39321, 2189, 2212, 2379, 2292, 2222, 2179, 2293, 2318, 2283, 2220, 2339, 2210, 2230, 2312, 2333, 2322]
[30, 39321, 2243, 2345, 2348, 2231, 2231, 2239, 2292, 2279, 2299, 2243, 2284, 2287, 2317, 2255, 2171, 2194]
[30, 39321, 2324, 2291, 2324, 2270, 2262, 2222, 2134, 2310, 2247, 2344, 2124, 2344, 2249, 2246, 2320, 2261]
[30, 39321, 2311, 2217, 2283, 2299, 2191, 2256, 2228, 2333, 2266, 2333, 2285, 2292, 2210, 2226, 2268, 2251]
[30, 39321, 2294, 2304, 2297, 2167, 2302, 2291, 2168, 2285, 2216, 2357, 2219, 2254, 2211, 2299, 2207, 2375]
[30, 39321, 2331, 2280, 2262, 2213, 2164, 2123, 2323, 2442, 2176, 2308, 2346, 2203, 2290, 2322, 2294, 2198]
[30, 39321, 2311, 2271, 2201, 2246, 2296, 2202, 2293, 2293, 2315, 2271, 2295, 2282, 2265, 2321, 2226, 2163]
[30, 39321, 2377, 2195, 2304, 2203, 2259, 2310, 2314, 2310, 2166, 2189, 2335, 2267, 2263, 2258, 2251, 2167]
[30, 39321, 2183, 2236, 2224, 2428, 2356, 2199, 2286, 2203, 2214, 2276, 2416, 2277, 2270, 2249, 2183, 2311]
[30, 39321, 2266, 2228, 2237, 2212, 2250, 2262, 2273, 2330, 2299, 2241, 2303, 2365, 2338, 2238, 2165, 2196]
[30, 39321, 2220, 2287, 2347, 2304, 2188, 2254, 2244, 2316, 2274, 2228, 2280, 2219, 2353, 2279, 2308, 2211]
[30, 39321, 2267, 2339, 2247, 2291, 2256, 2227, 2356, 2210, 2311, 2282, 2231, 2248, 2287, 2263, 2217, 2210]
[30, 39321, 2296, 2160, 2164, 2349, 2270, 2223, 2303, 2286, 2295, 2332, 2249, 2264, 2367, 2249, 2224, 2276]
[30, 39321, 2253, 2196, 2214, 2339, 2174, 2307, 2173, 2283, 2269, 2256, 2286, 2367, 2244, 2326, 2215, 2325]
[30, 39321, 2264, 2312, 2202, 2338, 2149, 2255, 2272, 2208, 2289, 2306, 2330, 2333, 2300, 2250, 2217, 2207]
[30, 39321, 2318, 2291, 2205, 2308, 2252, 2241, 2313, 2228, 2214, 2351, 2363, 2177, 2289, 2306, 2326, 2169]
[30, 39321, 2365, 2295, 2219, 2289, 2223, 2271, 2202, 2249, 2278, 2287, 2337, 2300, 2231, 2254, 2232, 2253]
[30, 39321, 2300, 2278, 2236, 2187, 2208, 2285, 2260, 2269, 2289, 2285, 2360, 2340, 2169, 2206, 2254, 2313]
[30, 39321, 2238, 2327, 2284, 2277, 2277, 2456, 2233, 2282, 2262, 2290, 2222, 2170, 2278, 2235, 2202, 2250]
[30, 39321, 2292, 2292, 2264, 2284, 2204, 2346, 2183, 2243, 2264, 2227, 2334, 2159, 2282, 2223, 2313, 2287]
[30, 39321, 2303, 2142, 2259, 2296, 2214, 2250, 2306, 2179, 2311, 2246, 2291, 2333, 2288, 2284, 2300, 2329]
[30, 39321, 2319, 2212, 2277, 2226, 2317, 2221, 2141, 2305, 2241, 2197, 2313, 2350, 2266, 2177, 2328, 2325]
[30, 39321, 2293, 2296, 2330, 2308, 2273, 2336, 2246, 2303, 2298, 2182, 2254, 2148, 2258, 2245, 2229, 2311]
[30, 39321, 2249, 2249, 2248, 2228, 2263, 2325, 2292, 2232, 2271, 2300, 2236, 2383, 2294, 2309, 2215, 2199]
[30, 39321, 2274, 2272, 2339, 2244, 2262, 2369, 2372, 2227, 2181, 2326, 2190, 2301, 2273, 2255, 2194, 2198]
[30, 39321, 2308, 2189, 2229, 2287, 2224, 2233, 2283, 2290, 2233, 2318, 2379, 2254, 2236, 2236, 2261, 2287]
[30, 39321, 2238, 2174, 2351, 2224, 2248, 2317, 2303, 2335, 2251, 2290, 2285, 2322, 2392, 2252, 2122, 2265]
[30, 39321, 2294, 2295, 2268, 2282, 2296, 2302, 2376, 2287, 2220, 2218, 2200, 2257, 2212, 2246, 2186, 2310]
[30, 39321, 2247, 2224, 2219, 2183, 2275, 2211, 2397, 2296, 2280, 2292, 2267, 2256, 2180, 2319, 2270, 2335]
[30, 39321, 2348, 2296, 2265, 2227, 2279, 2276, 2278, 2333, 2207, 2257, 2352, 2251, 2167, 2204, 2280, 2271]
[30, 39321, 2197, 2172, 2257, 2175, 2334, 2267, 2292, 2349, 2362, 2282, 2246, 2328, 2232, 2245, 2352, 2197]
[30, 39321, 2189, 2242, 2234, 2369, 2299, 2260, 2236, 2343, 2204, 2150, 2254, 2307, 2245, 2330, 2366, 2244]
[30, 39321, 2262, 2317, 2252, 2281, 2259, 2273, 2250, 2263, 2265, 2237, 2332, 2217, 2263, 2308, 2317, 2208]
[30, 39321, 2321, 2310, 2298, 2285, 2215, 2271, 2314, 2286, 2267, 2260, 2205, 2246, 2241, 2247, 2226, 2331]
[30, 39321, 2298, 2213, 2237, 2229, 2281, 2230, 2279, 2181, 2374, 2268, 2324, 2314, 2237, 2277, 2235, 2304]
[30, 39321, 2249, 2262, 2293, 2236, 2350, 2371, 2240, 2246, 2184, 2187, 2299, 2217, 2237, 2282, 2311, 2280]
[30, 39321, 2287, 2389, 2285, 2290, 2217, 2170, 2253, 2328, 2280, 2184, 2338, 2255, 2248, 2226, 2311, 2217]
[30, 39321, 2366, 2302, 2224, 2251, 2154, 2287, 2339, 2226, 2286, 2266, 2190, 2237, 2252, 2336, 2379, 2279]
[30, 39321, 2301, 2360, 2268, 2193, 2270, 2272, 2266, 2283, 2232, 2265, 2298, 2280, 2249, 2181, 2272, 2368]
[30, 39321, 2137, 2238, 2291, 2352, 2249, 2299, 2318, 2247, 2348, 2206, 2330, 2251, 2191, 2278, 2201, 2366]
[30, 39321, 2282, 2267, 2269, 2307, 2211, 2284, 2298, 2365, 2252, 2373, 2165, 2247, 2225, 2211, 2240, 2267]
[30, 39321, 2175, 2320, 2168, 2223, 2239, 2360, 2331, 2244, 2351, 2229, 2261, 2172, 2257, 2327, 2245, 2348]
[30, 39321, 2316, 2323, 2257, 2219, 2267, 2244, 2265, 2294, 2230, 2209, 2266, 2295, 2260, 2234, 2268, 2291]
[30, 39321, 2384, 2331, 2256, 2337, 2273, 2187, 2233, 2316, 2242, 2220, 2194, 2241, 2196, 2210, 2239, 2385]
[30, 39321, 2332, 2221, 2230, 2189, 2345, 2267, 2254, 2262, 2377, 2345, 2243, 2138, 2249, 2316, 2215, 2357]
[30, 39321, 2212, 2282, 2235, 2334, 2238, 2164, 2322, 2195, 2328, 2366, 2255, 2245, 2301, 2249, 2235, 2282]
[30, 39321, 2332, 2240, 2307, 2258, 2214, 2280, 2210, 2275, 2204, 2314, 2229, 2296, 2259, 2244, 2214, 2366]
[30, 39321, 2145, 2260, 2340, 2315, 2272, 2377, 2223, 2362, 2230, 2316, 2222, 2223, 2262, 2275, 2309, 2233]
[30, 39321, 2256, 2306, 2331, 2335, 2329, 2259, 2247, 2163, 2293, 2271, 2356, 2175, 2144, 2292, 2287, 2208]
[30, 39321, 2217, 2245, 2294, 2195, 2264, 2324, 2242, 2233, 2285, 2110, 2305, 2384, 2324, 2281, 2304, 2257]
[30, 39321, 2188, 2243, 2307, 2209, 2239, 2215, 2432, 2229, 2309, 2390, 2268, 2183, 2249, 2302, 2253, 2280]
[30, 39321, 2360, 2353, 2304, 2342, 2186, 2169, 2209, 2222, 2227, 2307, 2282, 2237, 2343, 2231, 2250, 2254]
[30, 39321, 2267, 2250, 2231, 2341, 2168, 2267, 2284, 2223, 2219, 2284, 2230, 2298, 2202, 2490, 2308, 2165]
[30, 39321, 2270, 2166, 2296, 2169, 2338, 2303, 2227, 2232, 2334, 2282, 2296, 2218, 2290, 2312, 2308, 2194]
[30, 39321, 2234, 2312, 2357, 2269, 2270, 2334, 2275, 2156, 2260, 2194, 2336, 2280, 2208, 2329, 2222, 2272]
[30, 39321, 2369, 2253, 2277, 2228, 2244, 2286, 2277, 2214, 2261, 2324, 2251, 2235, 2281, 2253, 2274, 2249]
[30, 39321, 2226, 2237, 2262, 2264, 2319, 2313, 2243, 2159, 2306, 2439, 2221, 2280, 2295, 2308, 2152, 2261]
[30, 39321, 2251, 2235, 2220, 2395, 2238, 2250, 2372, 2243, 2301, 2334, 2226, 2191, 2202, 2293, 2256, 2278]
[30, 39321, 2176, 2275, 2409, 2262, 2212, 2196, 2356, 2277, 2346, 2352, 2266, 2250, 2213, 2272, 2111, 2227]
[30, 39321, 2160, 2206, 2306, 2198, 2240, 2306, 2272, 2393, 2320, 2247, 2340, 2288, 2215, 2311, 2259, 2258]
[30, 39321, 2252, 2274, 2257, 2267, 2296, 2321, 2178, 2291, 2343, 2184, 2303, 2303, 2267, 2331, 2290, 2148]
[30, 39321, 2351, 2095, 2219, 2316, 2325, 2289, 2174, 2232, 2258, 2277, 2281, 2289, 2227, 2368, 2306, 2264]
[30, 39321, 2291, 2340, 2226, 2325, 2272, 2235, 2268, 2274, 2197, 2321, 2315, 2143, 2204, 2267, 2244, 2364]
[30, 39321, 2390, 2361, 2191, 2300, 2231, 2350, 2305, 2296, 2224, 2222, 2259, 2266, 2302, 2249, 2235, 2152]
[30, 39321, 2296, 2229, 2386, 2250, 2278, 2115, 2313, 2262, 2342, 2142, 2189, 2265, 2299, 2369, 2221, 2326]
[30, 39321, 2247, 2298, 2229, 2262, 2407, 2256, 2392, 2223, 2410, 2264, 2269, 2195, 2276, 2237, 2178, 2179]
[30, 39321, 2284, 2218, 2302, 2274, 2303, 2227, 2272, 2254, 2330, 2168, 2269, 2320, 2313, 2232, 2240, 2277]
[30, 39321, 2373, 2276, 2272, 2293, 2270, 2244, 2372, 2265, 2183, 2248, 2272, 2225, 2331, 2293, 2153, 2216]
[30, 39321, 2161, 2246, 2375, 2235, 2292, 2353, 2281, 2268, 2183, 2277, 2231, 2252, 2204, 2241, 2306, 2337]
[30, 39321, 2266, 2292, 2239, 2205, 2214, 2240, 2331, 2203, 2358, 2276, 2211, 2284, 2354, 2258, 2233, 2232]
[30, 39321, 2201, 2235, 2238, 2267, 2278, 2292, 2290, 2308, 2335, 2304, 2275, 2236, 2362, 2289, 2266, 2118]
[30, 39321, 2286, 2149, 2226, 2324, 2351, 2293, 2268, 2301, 2298, 2283, 2215, 2244, 2260, 2243, 2178, 2312]
[30, 39321, 2317, 2235, 2281, 2264, 2295, 2297, 2315, 2183, 2320, 2299, 2225, 2237, 2309, 2241, 2195, 2239]
[30, 39321, 2264, 2257, 2293, 2264, 2231, 2277, 2309, 2367, 2283, 2296, 2255, 2215, 2158, 2237, 2369, 2255]
[30, 39321, 2200, 2307, 2218, 2239, 2164, 2206, 2210, 2233, 2229, 2286, 2317, 2320, 2440, 2286, 2356, 2290]
[35, 45875, 2766, 2680, 2653, 2726, 2720, 2852, 2744, 2648, 2709, 2727, 2821, 2713, 2678, 2736, 2662, 2682]
[35, 45875, 2736, 2640, 2726, 2776, 2698, 2694, 2805, 2774, 2794, 2744, 2636, 2729, 2639, 2773, 2656, 2722]
[35, 45875, 2761, 2786, 2779, 2688, 2685, 2693, 2686, 2713, 2749, 2791, 2695, 2724, 2700, 2744, 2684, 2641]
[35, 45875, 2755, 2671, 2656, 2599, 2867, 2723, 2697, 2659, 2777, 2783, 2719, 2688, 2633, 2742, 2679, 2776]
[35, 45875, 2801, 2758, 2734, 2584, 2719, 2724, 2671, 2733, 2697, 2680, 2821, 2681, 2758, 2752, 2697, 2693]
[35, 45875, 2696, 2745, 2720, 2658, 2659, 2699, 2779, 2758, 2715, 2710, 2716, 2734, 2717, 2680, 2753, 2823]
[35, 45875, 2743, 2718, 2734, 2732, 2713, 2706, 2749, 2653, 2692, 2578, 2840, 2672, 2705, 2731, 2739, 2838]
[35, 45875, 2653, 2758, 2778, 2787, 2694, 2725, 2634, 2757, 2727, 2715, 2695, 2682, 2732, 2659, 2752, 2800]
[35, 45875, 2679, 2715, 2773, 2727, 2732, 2778, 2702, 2725, 2732, 2610, 2853, 2743, 2637, 2679, 2746, 2662]
[35, 45875, 2678, 2659, 2748, 2887, 2678, 2739, 2649, 2637, 2733, 2773, 2829, 2670, 2771, 2719, 2677, 2657]
[35, 45875, 2627, 2830, 2765, 2723, 2681, 2696, 2712, 2689, 2756, 2701, 2690, 2732, 2775, 2696, 2674, 2747]
[35, 45875, 2811, 2676, 2696, 2765, 2731, 2723, 2807, 2739, 2842, 2612, 2755, 2638, 2686, 2678, 2694, 2633]
[35, 45875, 2746, 2747, 2674, 2723, 2766, 2738, 2737, 2699, 2700, 2689, 2832, 2682, 2680, 2752, 2656, 2673]
[35, 45875, 2704, 2741, 2771, 2686, 2744, 2724, 2687, 2696, 2642, 2726, 2752, 2666, 2786, 2726, 2784, 2643]
[35, 45875, 2691, 2710, 2725, 2789, 2742, 2739, 2655, 2645, 2734, 2814, 2736, 2676, 2733, 2773, 2719, 2695]
[35, 45875, 2687, 2659, 2716, 2654, 2800, 2688, 2806, 2715, 2728, 2778, 2866, 2720, 2667, 2652, 2696, 2633]
[35, 45875, 2626, 2699, 2715, 2693, 2704, 2761, 2625, 2821, 2741, 2687, 2727, 2868, 2707, 2696, 2621, 2753]
[35, 45875, 2739, 2684, 2703, 2692, 2639, 2804, 2765, 2719, 2659, 2760, 2764, 2645, 2680, 2834, 2713, 2696]
[35, 45875, 2763, 2645, 2746, 2725, 2843, 2682, 2699, 2698, 2689, 2655, 2784, 2806, 2691, 2729, 2665, 2716]
[35, 45875, 2800, 2750, 2645, 2664, 2745, 2731, 2634, 2687, 2738, 2732, 2693, 2737, 2743, 2732, 2795, 2645]
[35, 45875, 2759, 2645, 2647, 2829, 2735, 2713, 2618, 2673, 2765, 2715, 2747, 2706, 2789, 2714, 2706, 2699]
[35, 45875, 2672, 2702, 2701, 2758, 2740, 2779, 2762, 2664, 2670, 2717, 2785, 2713, 2672, 2728, 2711, 2742]
[35, 45875, 2594, 2756, 2659, 2777, 2671, 2785, 2641, 2806, 2684, 2758, 2653, 2725, 2660, 2731, 2794, 2788]
[35, 45875, 2654, 2775, 2756, 2798, 2757, 2638, 2750, 2714, 2642, 2728, 2796, 2681, 2755, 2668, 2695, 2674]
[35, 45875, 2575, 2776, 2704, 2776, 2715, 2663, 2674, 2714, 2740, 2655, 2758, 2708, 2800, 2759, 2726, 2716]
[35, 45875, 2651, 2677, 2823, 2754, 2663, 2654, 2744, 2757, 2717, 2669, 2795, 2679, 2699, 2772, 2738, 2749]
[35, 45875, 2698, 2793, 2815, 2647, 2687, 2716, 2750, 2750, 2781, 2711, 2723, 2739, 2724, 2697, 2584, 2661]
[35, 45875, 2760, 2744, 2772, 2725, 2708, 2664, 2648, 2761, 2725, 2784, 2530, 2776, 2728, 2708, 2731, 2688]
[35, 45875, 2762, 2671, 2742, 2731, 2652, 2707, 2668, 2767, 2707, 2830, 2772, 2739, 2656, 2662, 2735, 2702]
[35, 45875, 2763, 2764, 2746, 2632, 2792, 2693, 2625, 2712, 2641, 2801, 2678, 2713, 2664, 2740, 2702, 2815]
[35, 45875, 2744, 2746, 2750, 2662, 2614, 2562, 2749, 2858, 2675, 2759, 2760, 2688, 2735, 2797, 2782, 2653]
[35, 45875, 2771, 2701, 2640, 2708, 2723, 2638, 2719, 2770, 2813, 2698, 2734, 2724, 2733, 2782, 2695, 2612]
[35, 45875, 2835, 2611, 2760, 2635, 2684, 2756, 2778, 2776, 2648, 2678, 2807, 2710, 2683, 2721, 2690, 2639]
[35, 45875, 2612, 2713, 2692, 2862, 2810, 2692, 2702, 2683, 2691, 2743, 2851, 2751, 2689, 2679, 2631, 2774]
[35, 45875, 2737, 2689, 2721, 2631, 2703, 2724, 2710, 2778, 2761, 2722, 2735, 2819, 2776, 2676, 2569, 2666]
[35, 45875, 2654, 2733, 2809, 2757, 2621, 2749, 2670, 2770, 2707, 2637, 2736, 2705, 2781, 2725, 2729, 2696]
[35, 45875, 2711, 2783, 2713, 2712, 2678, 2678, 2787, 2653, 2767, 2772, 2665, 2724, 2737, 2739, 2705, 2627]
[35, 45875, 2702, 2591, 2616, 2778, 2708, 2705, 2785, 2719, 2766, 2788, 2659, 2748, 2786, 2705, 2687, 2715]
[35, 45875, 2702, 2649, 2678, 2740, 2655, 2708, 2627, 2747, 2710, 2693, 2771, 2860, 2693, 2763, 2688, 2771]
[35, 45875, 2730, 2764, 2619, 2785, 2613, 2744, 2680, 2672, 2744, 2751, 2741, 2799, 2771, 2737, 2687, 2676]
[35, 45875, 2772, 2715, 2698, 2731, 2690, 2681, 2765, 2670, 2647, 2777, 2844, 2646, 2733, 2818, 2763, 2603]
[35, 45875, 2872, 2766, 2661, 2703, 2689, 2716, 2621, 2708, 2731, 2744, 2812, 2735, 2706, 2696, 2649, 2715]
[35, 45875, 2798, 2740, 2668, 2597, 2687, 2689, 2727, 2745, 2730, 2750, 2833, 2785, 2572, 2665, 2699, 2759]
[35, 45875, 2687, 2745, 2739, 2736, 2736, 2921, 2722, 2766, 2706, 2716, 2658, 2657, 2742, 2717, 2631, 2685]
[35, 45875, 2737, 2753, 2695, 2739, 2661, 2782, 2583, 2672, 2723, 2692, 2802, 2664, 2709, 2679, 2798, 2803]
[35, 45875, 2805, 2576, 2769, 2735, 2616, 2692, 2741, 2633, 2760, 2715, 2718, 2771, 2722, 2721, 2757, 2761]
[35, 45875, 2764, 2650, 2724, 2658, 2737, 2697, 2643, 2792, 2690, 2629, 2787, 2791, 2735, 2620, 2795, 2757]
[35, 45875, 2746, 2829, 2786, 2752, 2719, 2765, 2717, 2719, 2782, 2615, 2692, 2606, 2715, 2686, 2681, 2711]
[35, 45875, 2687, 2724, 2707, 2686, 2730, 2763, 2774, 2656, 2715, 2737, 2664, 2808, 2752, 2761, 2648, 2632]
[35, 45875, 2736, 2687, 2793, 2693, 2658, 2822, 2849, 2665, 2609, 2780, 2693, 2735, 2741, 2740, 2666, 2644]
[35, 45875, 2735, 2640, 2704, 2748, 2706, 2684, 2747, 2755, 2707, 2783, 2806, 2704, 2656, 2678, 2722, 2727]
[35, 45875, 2701, 2613, 2816, 2678, 2665, 2772, 2773, 2792, 2687, 2746, 2708, 2801, 2815, 2762, 2570, 2660]
[35, 45875, 2776, 2771, 2766, 2759, 2782, 2744, 2804, 2709, 2656, 2671, 2601, 2738, 2614, 2689, 2643, 2778]
[35, 45875, 2717, 2699, 2736, 2627, 2731, 2642, 2835, 2731, 2732, 2738, 2715, 2698, 2650, 2797, 2696, 2730]
[35, 45875, 2794, 2744, 2680, 2711, 2763, 2693, 2741, 2798, 2682, 2698, 2806, 2727, 2589, 2643, 2703, 2743]
[35, 45875, 2669, 2625, 2662, 2624, 2730, 2746, 2780, 2785, 2809, 2717, 2716, 2798, 2664, 2721, 2812, 2656]
[35, 45875, 2659, 2656, 2664, 2881, 2762, 2687, 2704, 2774, 2609, 2632, 2717, 2787, 2699, 2773, 2804, 2717]
[35, 45875, 2709, 2738, 2678, 2722, 2695, 2720, 2676, 2686, 2733, 2704, 2783, 2700, 2715, 2794, 2765, 2682]
[35, 45875, 2742, 2751, 2735, 2750, 2640, 2722, 2802, 2710, 2719, 2680, 2681, 2690, 2725, 2699, 2659, 2765]
[35, 45875, 2752, 2667, 2697, 2699, 2720, 2673, 2708, 2683, 2835, 2694, 2766, 2750, 2714, 2733, 2698, 2719]
[35, 45875, 2719, 2666, 2770, 2666, 2828, 2812, 2689, 2679, 2617, 2643, 2812, 2637, 2707, 2720, 2751, 2752]
[35, 45875, 2702, 2819, 2779, 2769, 2636, 2602, 2740, 2771, 2735, 2649, 2756, 2724, 2690, 2659, 2814, 2710]
[35, 45875, 2791, 2752, 2706, 2701, 2593, 2733, 2785, 2697, 2722, 2748, 2643, 2700, 2677, 2781, 2809, 2747]
[35, 45875, 2740, 2803, 2731, 2668, 2713, 2716, 2683, 2738, 2675, 2683, 2748, 2744, 2713, 2664, 2702, 2818]
[35, 45875, 2604, 2694, 2727, 2784, 2716, 2746, 2777, 2731, 2776, 2627, 2749, 2677, 2678, 2738, 2668, 2812]
[35, 45875, 2721, 2679, 2721, 2774, 2641, 2689, 2771, 2810, 2748, 2845, 2624, 2712, 2686, 2658, 2676, 2720]
[35, 45875, 2618, 2771, 2618, 2655, 2671, 2800, 2782, 2698, 2825, 2676, 2685, 2645, 2705, 2804, 2677, 2790]
[35, 45875, 2768, 2781, 2721, 2720, 2729, 2631, 2735, 2741, 2671, 2653, 2744, 2748, 2733, 2660, 2771, 2733]
[35, 45875, 2821, 2792, 2710, 2764, 2739, 2659, 2672, 2800, 2681, 2683, 2712, 2645, 2622, 2635, 2686, 2883]
[35, 45875, 2808, 2653, 2703, 2618, 2750, 2735, 2654, 2706, 2842, 2780, 2698, 2575, 2692, 2791, 2688, 2856]
[35, 45875, 2667, 2738, 2709, 2785, 2684, 2603, 2761, 2627, 2750, 2804, 2673, 2709, 2744, 2712, 2686, 2790]
[35, 45875, 2804, 2671, 2733, 2724, 2687, 2709, 2642, 2730, 2689, 2752, 2688, 2734, 2754, 2709, 2673, 2832]
[35, 45875, 2591, 2729, 2815, 2768, 2749, 2855, 2630, 2839, 2680, 2756, 2636, 2657, 2716, 2740, 2727, 2661]
[35, 45875, 2724, 2748, 2738, 2786, 2796, 2720, 2709, 2636, 2710, 2720, 2819, 2598, 2612, 2742, 2726, 2683]
[35, 45875, 2689, 2752, 2738, 2664, 2721, 2796, 2655, 2663, 2723, 2540, 2721, 2813, 2776, 2735, 2792, 2695]
[35, 45875, 2693, 2716, 2754, 2656, 2705, 2653, 2833, 2733, 2759, 2827, 2736, 2611, 2695, 2712, 2699, 2757]
[35, 45875, 2815, 2821, 2734, 2782, 2676, 2605, 2661, 2663, 2720, 2784, 2730, 2698, 2808, 2631, 2663, 2725]
[35, 45875, 2705, 2717, 2683, 2803, 2641, 2681, 2740, 2714, 2673, 2729, 2725, 2745, 2624, 2883, 2760, 2664]
[35, 45875, 2726, 2611, 2731, 2612, 2791, 2751, 2679, 2669, 2808, 2741, 2710, 2704, 2776, 2748, 2788, 2622]
[35, 45875, 2670, 2773, 2779, 2724, 2658, 2787, 2656, 2623, 2743, 2660, 2777, 2711, 2695, 2761, 2684, 2747]
[35, 45875, 2812, 2693, 2744, 2646, 2692, 2730, 2712, 2651, 2726, 2770, 2693, 2733, 2732, 2731, 2725, 2680]
[35, 45875, 2704, 2694, 2706, 2676, 2751, 2754, 2664, 2615, 2742, 2915, 2675, 2676, 2740, 2787, 2622, 2729]
[35, 45875, 2724, 2662, 2682, 2871, 2701, 2692, 2806, 2680, 2781, 2786, 2658, 2673, 2649, 2734, 2710, 2701]
[35, 45875, 2623, 2729, 2829, 2764, 2707, 2666, 2798, 2729, 2788, 2809, 2663, 2701, 2682, 2684, 2622, 2671]
[35, 45875, 2591, 2703, 2739, 2646, 2754, 2740, 2686, 2814, 2786, 2689, 2760, 2750, 2645, 2747, 2749, 2745]
[35, 45875, 2689, 2692, 2730, 2714, 2740, 2779, 2631, 2743, 2797, 2636, 2749, 2744, 2700, 2779, 2777, 2596]
[35, 45875, 2779, 2556, 2699, 2816, 2803, 2770, 2629, 2663, 2680, 2721, 2759, 2756, 2712, 2794, 2699, 2690]
[35, 45875, 2772, 2762, 2700, 2790, 2674, 2690, 2741, 2766, 2672, 2766, 2778, 2584, 2623, 2737, 2670, 2811]
[35, 45875, 2816, 2834, 2671, 2746, 2636, 2795, 2741, 2734, 2704, 2687, 2691, 2733, 2770, 2708, 2685, 2569]
[35, 45875, 2752, 2688, 2850, 2690, 2720, 2544, 2777, 2737, 2810, 2621, 2603, 2729, 2717, 2819, 2682, 2778]
[35, 45875, 2676, 2725, 2658, 2723, 2916, 2720, 2849, 2652, 2847, 2702, 2727, 2652, 2739, 2700, 2630, 2625]
[35, 45875, 2722, 2666, 2750, 2713, 2765, 2707, 2721, 2698, 2771, 2583, 2735, 2785, 2775, 2675, 2688, 2740]
[35, 45875, 2864, 2740, 2732, 2747, 2712, 2669, 2807, 2674, 2629, 2703, 2758, 2650, 2794, 2747, 2629, 2673]
[35, 45875, 2643, 2663, 2819, 2741, 2728, 2809, 2733, 2711, 2624, 2728, 2652, 2678, 2697, 2713, 2795, 2752]
[35, 45875, 2735, 2715, 2682, 2660, 2706, 2666, 2801, 2668, 2809, 2725, 2693, 2728, 2776, 2692, 2666, 2726]
[35, 45875, 2605, 2681, 2733, 2723, 2711, 2728, 2760, 2762, 2789, 2776, 2711, 2685, 2793, 2728, 2710, 2583]
[35, 45875, 2788, 2574, 2699, 2724, 2803, 2718, 2726, 2747, 2756, 2711, 2678, 2715, 2726, 2702, 2636, 2760]
[35, 45875, 2773, 2695, 2714, 2704, 2772, 2749, 2736, 2653, 2773, 2746, 2674, 2724, 2727, 2721, 2665, 2674]
[35, 45875, 2703, 2696, 2732, 2754, 2695, 2694, 2762, 2854, 2738, 2715, 2727, 2652, 2641, 2664, 2785, 2696]
[35, 45875, 2628, 2763, 2634, 2723, 2622, 2696, 2647, 2709, 2663, 2739, 2783, 2750, 2877, 2767, 2751, 2765]
[40, 52428, 3187, 3148, 3094, 3189, 3169, 3335, 3224, 3113, 3138, 3144, 3199, 3130, 3099, 3213, 3137, 3137]
[40, 52428, 3151, 3066, 3213, 3230, 3177, 3145, 3279, 3185, 3267, 3186, 3075, 3160, 3082, 3240, 3082, 3116]
[40, 52428, 3207, 3214, 3209, 3111, 3121, 3125, 3145, 3174, 3181, 3176, 3172, 3169, 3168, 3176, 3155, 3090]
[40, 52428, 3199, 3092, 3094, 3029, 3323, 3182, 3141, 3134, 3210, 3232, 3167, 3145, 3091, 3177, 3127, 3233]
[40, 52428, 3243, 3208, 3194, 2999, 3155, 3157, 3160, 3191, 3109, 3156, 3323, 3112, 3191, 3134, 3156, 3121]
[40, 52428, 3156, 3213, 3143, 3062, 3086, 3134, 3208, 3212, 3187, 3197, 3189, 3158, 3135, 3114, 3195, 3247]
[40, 52428, 3207, 3172, 3182, 3147, 3137, 3123, 3228, 3137, 3120, 2996, 3268, 3109, 3146, 3171, 3216, 3255]
[40, 52428, 3073, 3194, 3226, 3226, 3123, 3167, 3072, 3157, 3205, 3161, 3144, 3151, 3180, 3122, 3156, 3273]
[40, 52428, 3137, 3159, 3231, 3162, 3143, 3237, 3153, 3160, 3182, 3057, 3278, 3168, 3078, 3136, 3217, 3094]
[40, 52428, 3109, 3111, 3178, 3318, 3138, 3200, 3107, 3059, 3205, 3247, 3260, 3123, 3226, 3173, 3071, 3102]
[40, 52428, 3115, 3261, 3205, 3156, 3134, 3154, 3114, 3133, 3225, 3160, 3119, 3161, 3217, 3100, 3153, 3185]
[40, 52428, 3239, 3131, 3159, 3213, 3168, 3166, 3214, 3180, 3307, 3049, 3189, 3108, 3127, 3116, 3131, 3113]
[40, 52428, 3177, 3215, 3127, 3189, 3202, 3188, 3159, 3145, 3146, 3142, 3262, 3134, 3164, 3172, 3125, 3064]
[40, 52428, 3123, 3212, 3211, 3132, 3161, 3164, 3105, 3187, 3068, 3175, 3186, 3172, 3236, 3166, 3239, 3067]
[40, 52428, 3201, 3161, 3179, 3204, 3153, 3217, 3125, 3046, 3158, 3301, 3131, 3103, 3207, 3214, 3178, 3104]
[40, 52428, 3126, 3097, 3172, 3085, 3256, 3114, 3281, 3142, 3170, 3258, 3323, 3132, 3117, 3095, 3123, 3080]
[40, 52428, 3039, 3142, 3172, 3118, 3187, 3217, 3032, 3300, 3175, 3156, 3168, 3351, 3139, 3125, 3086, 3207]
[40, 52428, 3180, 3140, 3116, 3161, 3076, 3276, 3189, 3154, 3109, 3199, 3129, 3090, 3124, 3273, 3175, 3147]
[40, 52428, 3230, 3082, 3196, 3132, 3273, 3127, 3126, 3185, 3112, 3099, 3252, 3221, 3163, 3142, 3115, 3149]
[40, 52428, 3215, 3205, 3085, 3087, 3162, 3192, 3061, 3183, 3171, 3184, 3153, 3199, 3175, 3124, 3269, 3120]
[40, 52428, 3205, 3095, 3108, 3249, 3173, 3181, 3107, 3180, 3230, 3128, 3164, 3127, 3246, 3167, 3144, 3124]
[40, 52428, 3155, 3138, 3105, 3184, 3161, 3259, 3185, 3122, 3097, 3156, 3254, 3124, 3148, 3168, 3159, 3216]
[40, 52428, 3041, 3192, 3107, 3218, 3092, 3260, 3066, 3301, 3114, 3196, 3091, 3201, 3114, 3163, 3231, 3233]
[40, 52428, 3086, 3227, 3190, 3232, 3228, 3065, 3182, 3162, 3086, 3228, 3237, 3115, 3189, 3105, 3105, 3157]
[40, 52428, 3018, 3266, 3093, 3240, 3160, 3150, 3146, 3140, 3169, 3115, 3202, 3109, 3251, 3198, 3200, 3131]
[40, 52428, 3114, 3115, 3228, 3182, 3125, 3111, 3222, 3162, 3161, 3121, 3239, 3115, 3125, 3202, 3215, 3188]
[40, 52428, 3124, 3241, 3246, 3104, 3094, 3145, 3182, 3245, 3275, 3133, 3145, 3207, 3137, 3124, 3034, 3130]
[40, 52428, 3186, 3187, 3239, 3172, 3183, 3122, 3060, 3243, 3205, 3242, 2944, 3219, 3160, 3130, 3168, 3128]
[40, 52428, 3212, 3135, 3186, 3162, 3099, 3125, 3099, 3190, 3136, 3248, 3217, 3197, 3094, 3120, 3211, 3152]
[40, 52428, 3166, 3193, 3231, 3082, 3246, 3150, 3046, 3110, 3086, 3246, 3142, 3174, 3096, 3231, 3145, 3254]
[40, 52428, 3226, 3186, 3172, 3102, 3042, 2982, 3204, 3313, 3130, 3175, 3210, 3113, 3185, 3276, 3228, 3106]
[40, 52428, 3211, 3180, 3097, 3148, 3156, 3054, 3180, 3216, 3262, 3162, 3178, 3166, 3154, 3227, 3170, 3023]
[40, 52428, 3282, 3077, 3210, 3056, 3106, 3162, 3249, 3211, 3119, 3160, 3259, 3179, 3111, 3134, 3105, 3094]
[40, 52428, 3061, 3160, 3134, 3313, 3247, 3126, 3140, 3099, 3166, 3140, 3277, 3159, 3128, 3140, 3093, 3239]
[40, 52428, 3164, 3126, 3186, 3071, 3118, 3158, 3143, 3225, 3187, 3195, 3203, 3271, 3225, 3110, 3031, 3146]
[40, 52428, 3143, 3198, 3257, 3193, 3064, 3184, 3144, 3204, 3148, 3070, 3181, 3133, 3224, 3165, 3168, 3162]
[40, 52428, 3118, 3241, 3140, 3150, 3128, 3086, 3232, 3140, 3190, 3230, 3115, 3158, 3185, 3220, 3155, 3077]
[40, 52428, 3166, 3022, 3084, 3225, 3135, 3153, 3245, 3177, 3200, 3236, 3090, 3197, 3204, 3182, 3117, 3165]
[40, 52428, 3153, 3121, 3124, 3184, 3069, 3141, 3066, 3187, 3131, 3156, 3232, 3308, 3150, 3188, 3145, 3202]
[40, 52428, 3174, 3200, 3081, 3264, 3043, 3186, 3118, 3084, 3166, 3179, 3147, 3270, 3225, 3210, 3120, 3143]
[40, 52428, 3214, 3141, 3136, 3190, 3145, 3127, 3197, 3174, 3074, 3220, 3249, 3073, 3169, 3294, 3179, 3080]
[40, 52428, 3337, 3229, 3093, 3137, 3137, 3207, 3053, 3148, 3164, 3183, 3231, 3146, 3159, 3162, 3064, 3172]
[40, 52428, 3244, 3211, 3094, 3100, 3114, 3107, 3135, 3160, 3166, 3196, 3259, 3235, 3043, 3120, 3142, 3262]
[40, 52428, 3095, 3195, 3193, 3209, 3191, 3369, 3188, 3219, 3156, 3142, 3093, 3094, 3156, 3193, 3089, 3126]
[40, 52428, 3178, 3208, 3136, 3180, 3124, 3230, 3017, 3136, 3135, 3121, 3242, 3112, 3158, 3147, 3261, 3254]
[40, 52428, 3263, 3006, 3226, 3166, 3032, 3173, 3171, 3082, 3206, 3156, 3168, 3223, 3191, 3209, 3187, 3163]
[40, 52428, 3169, 3102, 3152, 3126, 3181, 3133, 3067, 3260, 3108, 3090, 3231, 3243, 3166, 3120, 3242, 3226]
[40, 52428, 3186, 3255, 3210, 3206, 3174, 3176, 3151, 3183, 3227, 3094, 3136, 3027, 3147, 3137, 3112, 3175]
[40, 52428, 3120, 3158, 3142, 3137, 3200, 3229, 3226, 3084, 3180, 3190, 3132, 3204, 3203, 3206, 3120, 3072]
[40, 52428, 3172, 3127, 3291, 3117, 3080, 3256, 3271, 3100, 3091, 3233, 3142, 3222, 3174, 3142, 3112, 3070]
[40, 52428, 3211, 3070, 3136, 3185, 3136, 3118, 3186, 3248, 3157, 3186, 3253, 3140, 3126, 3108, 3161, 3143]
[40, 52428, 3157, 3092, 3236, 3160, 3115, 3220, 3188, 3237, 3122, 3151, 3129, 3252, 3255, 3223, 3002, 3103]
[40, 52428, 3205, 3184, 3245, 3207, 3226, 3179, 3231, 3145, 3081, 3130, 3077, 3176, 3108, 3110, 3107, 3207]
[40, 52428, 3175, 3163, 3158, 3081, 3158, 3077, 3296, 3174, 3178, 3179, 3180, 3123, 3116, 3266, 3142, 3136]
[40, 52428, 3224, 3137, 3149, 3163, 3207, 3129, 3204, 3256, 3155, 3157, 3244, 3148, 3047, 3087, 3150, 3204]
[40, 52428, 3123, 3046, 3118, 3083, 3177, 3199, 3222, 3201, 3219, 3174, 3185, 3243, 3106, 3172, 3201, 3126]
[40, 52428, 3107, 3113, 3116, 3385, 3216, 3133, 3131, 3203, 3032, 3064, 3144, 3200, 3116, 3229, 3253, 3139]
[40, 52428, 3161, 3191, 3115, 3157, 3159, 3122, 3140, 3127, 3153, 3158, 3266, 3165, 3131, 3244, 3208, 3133]
[40, 52428, 3160, 3185, 3185, 3238, 3073, 3136, 3220, 3137, 3168, 3140, 3128, 3147, 3192, 3162, 3105, 3208]
[40, 52428, 3217, 3109, 3124, 3171, 3118, 3098, 3132, 3168, 3261, 3146, 3242, 3223, 3161, 3196, 3105, 3134]
[40, 52428, 3144, 3143, 3208, 3134, 3255, 3242, 3120, 3096, 3082, 3080, 3245, 3079, 3132, 3151, 3257, 3180]
[40, 52428, 3142, 3291, 3189, 3230, 3089, 3032, 3169, 3237, 3156, 3123, 3193, 3144, 3102, 3104, 3227, 3166]
[40, 52428, 3189, 3171, 3153, 3168, 3038, 3182, 3246, 3146, 3132, 3173, 3085, 3167, 3175, 3203, 3260, 3181]
[40, 52428, 3168, 3254, 3169, 3120, 3171, 3140, 3111, 3177, 3126, 3130, 3180, 3197, 3200, 3110, 3134, 3250]
[40, 52428, 3096, 3141, 3144, 3194, 3159, 3177, 3214, 3166, 3186, 3132, 3204, 3118, 3099, 3222, 3114, 3248]
[40, 52428, 3193, 3153, 3179, 3222, 3080, 3117, 3213, 3261, 3150, 3299, 3063, 3137, 3147, 3122, 3095, 3165]
[40, 52428, 3059, 3224, 3067, 3078, 3135, 3258, 3199, 3160, 3268, 3138, 3107, 3074, 3146, 3237, 3147, 3241]
[40, 52428, 3190, 3204, 3148, 3141, 3170, 3083, 3170, 3225, 3121, 3153, 3173, 3206, 3174, 3101, 3203, 3171]
[40, 52428, 3246, 3221, 3120, 3204, 3206, 3077, 3145, 3251, 3145, 3143, 3143, 3121, 3101, 3066, 3133, 3316]
[40, 52428, 3271, 3085, 3154, 3033, 3162, 3174, 3129, 3180, 3297, 3191, 3132, 3039, 3156, 3231, 3113, 3281]
[40, 52428, 3071, 3187, 3125, 3259, 3160, 3037, 3197, 3048, 3198, 3294, 3140, 3176, 3169, 3136, 3188, 3252]
[40, 52428, 3282, 3144, 3205, 3181, 3094, 3146, 3128, 3128, 3130, 3165, 3138, 3179, 3160, 3132, 3133, 3249]
[40, 52428, 3012, 3173, 3285, 3214, 3182, 3290, 3072, 3290, 3124, 3199, 3086, 3062, 3159, 3209, 3201, 3087]
[40, 52428, 3167, 3163, 3222, 3226, 3242, 3163, 3153, 3086, 3180, 3181, 3244, 3043, 3062, 3157, 3200, 3117]
[40, 52428, 3120, 3219, 3169, 3153, 3189, 3248, 3090, 3112, 3138, 2955, 3176, 3259, 3210, 3166, 3221, 3160]
[40, 52428, 3130, 3148, 3147, 3086, 3150, 3099, 3290, 3187, 3199, 3277, 3177, 3089, 3164, 3153, 3155, 3160]
[40, 52428, 3225, 3289, 3187, 3243, 3102, 3034, 3091, 3127, 3153, 3235, 3199, 3147, 3225, 3099, 3078, 3183]
[40, 52428, 3176, 3149, 3107, 3274, 3113, 3097, 3168, 3147, 3128, 3177, 3130, 3198, 3075, 3294, 3223, 3108]
[40, 52428, 3178, 3092, 3157, 3032, 3209, 3206, 3135, 3075, 3232, 3165, 3186, 3155, 3227, 3159, 3253, 3100]
[40, 52428, 3099, 3223, 3242, 3176, 3073, 3218, 3132, 3075, 3217, 3092, 3238, 3153, 3122, 3203, 3117, 3180]
[40, 52428, 3273, 3108, 3227, 3128, 3166, 3153, 3119, 3121, 3162, 3224, 3108, 3157, 3154, 3206, 3139, 3118]
[40, 52428, 3137, 3138, 3120, 3145, 3208, 3180, 3116, 3090, 3215, 3351, 3111, 3119, 3199, 3228, 3058, 3173]
[40, 52428, 3136, 3113, 3112, 3311, 3150, 3155, 3236, 3173, 3233, 3216, 3086, 3081, 3139, 3211, 3115, 3145]
[40, 52428, 3092, 3201, 3274, 3217, 3153, 3084, 3249, 3151, 3248, 3241, 3105, 3127, 3128, 3129, 3056, 3119]
[40, 52428, 3017, 3163, 3166, 3086, 3189, 3157, 3126, 3241, 3218, 3142, 3243, 3177, 3091, 3205, 3181, 3222]
[40, 52428, 3177, 3145, 3195, 3182, 3151, 3234, 3099, 3237, 3215, 3065, 3199, 3182, 3138, 3180, 3233, 3006]
[40, 52428, 3194, 3014, 3137, 3259, 3246, 3259, 3063, 3097, 3139, 3162, 3204, 3207, 3148, 3240, 3135, 3153]
[40, 52428, 3224, 3185, 3104, 3244, 3096, 3138, 3202, 3204, 3128, 3209, 3244, 3030, 3067, 3191, 3111, 3229]
[40, 52428, 3252, 3270, 3109, 3212, 3104, 3204, 3164, 3216, 3145, 3146, 3132, 3161, 3173, 3183, 3147, 3021]
[40, 52428, 3210, 3130, 3303, 3145, 3187, 3012, 3177, 3187, 3229, 3068, 3122, 3112, 3117, 3266, 3136, 3248]
[40, 52428, 3134, 3118, 3133, 3169, 3309, 3175, 3263, 3095, 3273, 3138, 3181, 3102, 3191, 3156, 3074, 3084]
[40, 52428, 3155, 3116, 3199, 3168, 3230, 3167, 3186, 3102, 3189, 3022, 3217, 3189, 3236, 3081, 3155, 3194]
[40, 52428, 3318, 3212, 3198, 3147, 3146, 3091, 3221, 3093, 3069, 3135, 3238, 3100, 3292, 3205, 3049, 3125]
[40, 52428, 3083, 3126, 3306, 3165, 3153, 3278, 3179, 3160, 3076, 3151, 3105, 3115, 3162, 3134, 3204, 3189]
[40, 52428, 3143, 3134, 3147, 3063, 3174, 3106, 3283, 3156, 3198, 3147, 3121, 3187, 3244, 3144, 3123, 3192]
[40, 52428, 3048, 3106, 3175, 3135, 3171, 3172, 3189, 3229, 3206, 3224, 3166, 3117, 3278, 3146, 3171, 3003]
[40, 52428, 3258, 3011, 3114, 3160, 3269, 3193, 3137, 3181, 3164, 3173, 3110, 3196, 3159, 3174, 3059, 3224]
[40, 52428, 3253, 3137, 3140, 3172, 3208, 3197, 3187, 3102, 3217, 3175, 3107, 3194, 3174, 3158, 3107, 3119]
[40, 52428, 3126, 3156, 3172, 3203, 3168, 3144, 3185, 3290, 3158, 3135, 3176, 3096, 3059, 3130, 3250, 3171]
[40, 52428, 3070, 3200, 3063, 3150, 3077, 3134, 3112, 3148, 3145, 3180, 3216, 3201, 3339, 3222, 3199, 3210]
