[1, 1310, 44, 31, 43, 27, 17, 37, 31, 27]
[1, 1310, 39, 38, 18, 35, 32, 29, 33, 35]
[1, 1310, 31, 32, 34, 40, 46, 26, 36, 32]
[1, 1310, 32, 32, 30, 33, 34, 32, 23, 42]
[1, 1310, 28, 38, 40, 30, 27, 34, 41, 42]
[1, 1310, 29, 34, 43, 25, 37, 33, 37, 32]
[1, 1310, 21, 42, 36, 38, 38, 50, 41, 37]
[1, 1310, 35, 30, 26, 36, 27, 38, 27, 41]
[1, 1310, 42, 39, 46, 36, 37, 35, 23, 30]
[1, 1310, 35, 28, 18, 28, 44, 36, 35, 35]
[1, 1310, 37, 53, 38, 42, 28, 22, 35, 41]
[1, 1310, 30, 34, 37, 37, 30, 36, 31, 40]
[1, 1310, 38, 33, 33, 36, 30, 35, 30, 40]
[1, 1310, 35, 45, 26, 29, 37, 32, 37, 36]
[1, 1310, 38, 34, 30, 31, 35, 34, 39, 41]
[1, 1310, 40, 36, 32, 32, 27, 42, 41, 53]
[1, 1310, 30, 23, 29, 46, 25, 32, 34, 44]
[1, 1310, 42, 35, 39, 40, 28, 31, 31, 28]
[1, 1310, 35, 35, 40, 30, 42, 45, 36, 49]
[1, 1310, 20, 38, 34, 38, 32, 41, 41, 44]
[1, 1310, 43, 29, 37, 37, 24, 24, 34, 36]
[1, 1310, 31, 43, 40, 28, 32, 38, 41, 38]
[1, 1310, 36, 42, 35, 44, 29, 36, 32, 41]
[1, 1310, 49, 43, 25, 31, 35, 43, 46, 24]
[1, 1310, 49, 26, 32, 40, 25, 34, 41, 30]
[1, 1310, 33, 35, 37, 22, 34, 44, 34, 24]
[1, 1310, 41, 39, 33, 40, 29, 40, 38, 32]
[1, 1310, 30, 37, 33, 28, 40, 36, 46, 25]
[1, 1310, 26, 29, 37, 51, 36, 31, 33, 33]
[1, 1310, 27, 39, 37, 58, 38, 37, 29, 32]
[1, 1310, 19, 38, 27, 38, 43, 37, 32, 38]
[1, 1310, 39, 34, 24, 32, 30, 52, 34, 36]
[1, 1310, 31, 54, 42, 38, 27, 33, 36, 31]
[1, 1310, 30, 35, 34, 44, 46, 35, 47, 27]
[1, 1310, 28, 45, 31, 40, 36, 37, 36, 42]
[1, 1310, 27, 22, 27, 47, 28, 44, 40, 28]
[1, 1310, 32, 40, 40, 30, 31, 32, 34, 38]
[1, 1310, 26, 22, 44, 23, 25, 51, 38, 32]
[1, 1310, 34, 18, 33, 36, 38, 35, 31, 38]
[1, 1310, 27, 36, 36, 24, 35, 46, 35, 27]
[1, 1310, 34, 34, 32, 43, 30, 28, 33, 35]
[1, 1310, 29, 40, 39, 52, 31, 37, 23, 27]
[1, 1310, 35, 48, 24, 31, 35, 31, 40, 41]
[1, 1310, 49, 26, 43, 49, 38, 31, 35, 31]
[1, 1310, 38, 31, 38, 22, 27, 26, 43, 29]
[1, 1310, 27, 25, 45, 36, 37, 26, 26, 31]
[1, 1310, 35, 32, 37, 40, 33, 42, 36, 32]
[1, 1310, 37, 41, 40, 34, 31, 31, 35, 34]
[1, 1310, 36, 27, 21, 27, 34, 35, 34, 38]
[1, 1310, 39, 20, 40, 33, 39, 43, 33, 29]
[1, 1310, 28, 37, 50, 31, 46, 24, 33, 34]
[1, 1310, 37, 46, 34, 34, 39, 36, 26, 42]
[1, 1310, 32, 34, 42, 49, 36, 45, 36, 32]
[1, 1310, 26, 44, 39, 30, 28, 45, 33, 34]
[1, 1310, 43, 30, 41, 36, 27, 40, 28, 29]
[1, 1310, 28, 36, 39, 39, 38, 40, 29, 35]
[1, 1310, 22, 41, 42, 47, 23, 27, 36, 43]
[1, 1310, 26, 32, 41, 36, 42, 33, 50, 24]
[1, 1310, 29, 42, 39, 36, 30, 39, 37, 37]
[1, 1310, 30, 39, 27, 45, 33, 32, 33, 43]
[1, 1310, 36, 25, 35, 40, 30, 40, 28, 36]
[1, 1310, 45, 23, 44, 44, 25, 31, 31, 38]
[1, 1310, 27, 42, 28, 41, 42, 38, 36, 29]
[1, 1310, 34, 27, 29, 38, 41, 41, 32, 25]
[1, 1310, 46, 29, 19, 26, 35, 23, 32, 33]
[1, 1310, 35, 35, 20, 36, 48, 40, 27, 23]
[1, 1310, 29, 45, 31, 32, 42, 23, 38, 30]
[1, 1310, 34, 32, 43, 41, 41, 37, 38, 28]
[1, 1310, 43, 38, 39, 33, 38, 33, 34, 46]
[1, 1310, 41, 46, 28, 39, 36, 31, 35, 33]
[1, 1310, 31, 33, 32, 28, 30, 39, 35, 49]
[1, 1310, 27, 20, 45, 27, 31, 26, 30, 40]
[1, 1310, 37, 31, 39, 39, 37, 42, 47, 34]
[1, 1310, 47, 38, 30, 26, 40, 38, 33, 33]
[1, 1310, 40, 29, 37, 41, 42, 39, 27, 38]
[1, 1310, 34, 33, 36, 32, 36, 28, 24, 43]
[1, 1310, 31, 31, 32, 23, 41, 23, 39, 31]
[1, 1310, 35, 32, 33, 37, 36, 39, 24, 48]
[1, 1310, 30, 32, 38, 44, 33, 40, 42, 19]
[1, 1310, 37, 29, 29, 38, 41, 34, 29, 40]
[1, 1310, 40, 33, 25, 33, 33, 48, 31, 33]
[1, 1310, 42, 39, 37, 28, 42, 46, 25, 34]
[1, 1310, 26, 40, 38, 24, 30, 41, 34, 47]
[1, 1310, 38, 44, 27, 30, 29, 25, 33, 27]
[1, 1310, 32, 29, 34, 33, 25, 38, 27, 37]
[1, 1310, 32, 24, 43, 31, 31, 33, 37, 31]
[1, 1310, 28, 46, 24, 39, 30, 32, 28, 36]
[1, 1310, 37, 31, 49, 37, 48, 43, 46, 25]
[1, 1310, 41, 40, 32, 33, 31, 36, 27, 40]
[1, 1310, 47, 32, 34, 32, 30, 31, 27, 36]
[1, 1310, 27, 35, 48, 29, 34, 42, 34, 38]
[1, 1310, 33, 30, 28, 39, 37, 26, 45, 33]
[1, 1310, 53, 36, 31, 41, 41, 37, 41, 38]
[1, 1310, 35, 33, 38, 32, 40, 40, 40, 31]
[1, 1310, 33, 42, 38, 33, 32, 44, 27, 43]
[1, 1310, 23, 30, 27, 30, 50, 20, 31, 38]
[1, 1310, 38, 31, 34, 30, 36, 36, 27, 27]
[1, 1310, 44, 26, 37, 27, 33, 33, 43, 29]
[1, 1310, 36, 37, 39, 35, 39, 37, 34, 22]
[1, 1310, 33, 38, 39, 26, 36, 41, 31, 34]
[2, 2621, 104, 98, 95, 86, 57, 88, 101, 76]
[2, 2621, 89, 107, 72, 101, 102, 94, 73, 98]
[2, 2621, 88, 78, 93, 93, 95, 83, 72, 77]
[2, 2621, 92, 91, 69, 82, 86, 72, 73, 99]
[2, 2621, 78, 95, 96, 100, 93, 106, 106, 98]
[2, 2621, 84, 85, 98, 92, 112, 91, 103, 86]
[2, 2621, 79, 89, 75, 89, 107, 90, 79, 105]
[2, 2621, 79, 76, 68, 92, 81, 117, 70, 87]
[2, 2621, 83, 94, 100, 89, 99, 89, 75, 92]
[2, 2621, 82, 63, 70, 75, 112, 102, 87, 91]
[2, 2621, 78, 104, 85, 85, 75, 78, 80, 86]
[2, 2621, 89, 71, 87, 109, 82, 94, 79, 88]
[2, 2621, 84, 80, 85, 107, 79, 82, 86, 91]
[2, 2621, 86, 110, 69, 94, 92, 82, 84, 80]
[2, 2621, 103, 89, 91, 86, 81, 82, 101, 82]
[2, 2621, 99, 70, 84, 94, 70, 91, 92, 128]
[2, 2621, 93, 85, 93, 107, 74, 91, 82, 92]
[2, 2621, 95, 85, 100, 86, 77, 80, 88, 80]
[2, 2621, 88, 89, 98, 82, 94, 105, 99, 102]
[2, 2621, 79, 86, 86, 107, 90, 95, 102, 93]
[2, 2621, 102, 82, 76, 83, 70, 68, 90, 90]
[2, 2621, 102, 92, 92, 87, 84, 93, 94, 84]
[2, 2621, 88, 91, 99, 99, 94, 99, 88, 87]
[2, 2621, 105, 97, 76, 91, 78, 84, 79, 85]
[2, 2621, 85, 90, 82, 94, 93, 87, 101, 69]
[2, 2621, 88, 81, 97, 68, 71, 100, 94, 91]
[2, 2621, 84, 86, 77, 90, 81, 91, 78, 108]
[2, 2621, 96, 91, 94, 80, 81, 107, 104, 90]
[2, 2621, 90, 86, 85, 92, 100, 72, 90, 79]
[2, 2621, 75, 87, 91, 102, 90, 108, 94, 88]
[2, 2621, 77, 93, 76, 95, 99, 95, 81, 102]
[2, 2621, 86, 113, 85, 101, 86, 106, 97, 76]
[2, 2621, 84, 108, 99, 81, 97, 91, 83, 90]
[2, 2621, 75, 89, 79, 87, 98, 93, 90, 99]
[2, 2621, 70, 108, 90, 101, 109, 92, 95, 88]
[2, 2621, 73, 78, 62, 99, 93, 92, 105, 88]
[2, 2621, 86, 103, 101, 90, 86, 77, 87, 95]
[2, 2621, 74, 82, 104, 69, 87, 111, 86, 78]
[2, 2621, 73, 64, 113, 86, 98, 90, 98, 101]
[2, 2621, 94, 83, 102, 73, 107, 107, 98, 79]
[2, 2621, 80, 79, 91, 105, 78, 106, 78, 92]
[2, 2621, 77, 92, 100, 100, 68, 86, 79, 79]
[2, 2621, 80, 94, 87, 96, 78, 67, 103, 93]
[2, 2621, 109, 73, 111, 102, 87, 72, 90, 82]
[2, 2621, 100, 97, 73, 83, 80, 82, 101, 77]
[2, 2621, 75, 69, 102, 97, 90, 87, 83, 98]
[2, 2621, 88, 87, 89, 93, 80, 99, 90, 87]
[2, 2621, 84, 108, 86, 83, 100, 93, 94, 88]
[2, 2621, 95, 84, 75, 73, 100, 90, 91, 94]
[2, 2621, 105, 83, 104, 103, 106, 75, 86, 83]
[2, 2621, 90, 86, 116, 85, 104, 71, 83, 81]
[2, 2621, 101, 96, 95, 89, 97, 74, 92, 96]
[2, 2621, 76, 85, 90, 97, 93, 99, 91, 74]
[2, 2621, 78, 114, 94, 74, 78, 101, 98, 100]
[2, 2621, 106, 103, 106, 82, 68, 106, 81, 101]
[2, 2621, 84, 89, 82, 90, 108, 85, 75, 79]
[2, 2621, 94, 92, 97, 107, 87, 75, 106, 111]
[2, 2621, 82, 60, 103, 92, 88, 90, 101, 94]
[2, 2621, 82, 100, 99, 92, 87, 85, 97, 94]
[2, 2621, 89, 103, 97, 89, 102, 87, 85, 84]
[2, 2621, 91, 70, 77, 94, 79, 89, 77, 102]
[2, 2621, 91, 84, 97, 107, 69, 74, 85, 90]
[2, 2621, 64, 82, 76, 97, 103, 97, 82, 72]
[2, 2621, 82, 87, 82, 100, 90, 104, 89, 77]
[2, 2621, 102, 80, 67, 94, 105, 71, 106, 86]
[2, 2621, 92, 90, 82, 103, 78, 99, 75, 87]
[2, 2621, 66, 114, 105, 82, 80, 59, 87, 69]
[2, 2621, 76, 94, 112, 97, 84, 96, 88, 85]
[2, 2621, 84, 102, 79, 94, 86, 71, 99, 100]
[2, 2621, 94, 101, 76, 78, 87, 87, 84, 91]
[2, 2621, 75, 84, 81, 88, 89, 94, 82, 107]
[2, 2621, 79, 69, 98, 90, 79, 72, 73, 99]
[2, 2621, 104, 85, 102, 94, 104, 76, 111, 97]
[2, 2621, 126, 89, 82, 71, 102, 92, 93, 75]
[2, 2621, 91, 73, 96, 97, 104, 85, 91, 85]
[2, 2621, 67, 100, 107, 86, 89, 84, 62, 98]
[2, 2621, 78, 81, 84, 80, 99, 78, 74, 98]
[2, 2621, 82, 93, 66, 105, 108, 91, 72, 111]
[2, 2621, 67, 88, 101, 111, 72, 96, 94, 74]
[2, 2621, 107, 90, 74, 80, 97, 83, 85, 84]
[2, 2621, 100, 99, 76, 96, 79, 109, 72, 98]
[2, 2621, 97, 93, 101, 70, 98, 86, 71, 94]
[2, 2621, 71, 108, 106, 81, 89, 111, 89, 78]
[2, 2621, 85, 113, 71, 80, 76, 74, 88, 76]
[2, 2621, 103, 87, 78, 86, 77, 84, 102, 90]
[2, 2621, 91, 67, 96, 90, 75, 92, 84, 97]
[2, 2621, 76, 121, 76, 81, 74, 93, 79, 106]
[2, 2621, 92, 99, 102, 79, 102, 96, 88, 70]
[2, 2621, 112, 102, 82, 90, 101, 82, 68, 96]
[2, 2621, 95, 87, 95, 89, 77, 75, 98, 95]
[2, 2621, 81, 77, 109, 78, 90, 99, 97, 94]
[2, 2621, 76, 99, 93, 109, 82, 88, 101, 104]
[2, 2621, 120, 83, 71, 92, 102, 96, 83, 80]
[2, 2621, 82, 96, 87, 84, 102, 94, 104, 90]
[2, 2621, 97, 90, 92, 88, 85, 111, 79, 115]
[2, 2621, 79, 90, 89, 79, 107, 76, 80, 103]
[2, 2621, 99, 66, 93, 85, 85, 91, 66, 83]
[2, 2621, 94, 77, 99, 91, 95, 97, 81, 81]
[2, 2621, 100, 84, 80, 86, 100, 89, 91, 105]
[2, 2621, 78, 90, 104, 78, 81, 95, 103, 94]
[5, 6553, 377, 376, 360, 390, 289, 374, 359, 345]
[5, 6553, 353, 368, 324, 364, 361, 352, 314, 359]
[5, 6553, 356, 337, 336, 371, 372, 325, 318, 328]
[5, 6553, 351, 345, 328, 356, 365, 350, 331, 339]
[5, 6553, 345, 343, 344, 346, 376, 327, 355, 378]
[5, 6553, 377, 364, 356, 389, 366, 345, 344, 339]
[5, 6553, 336, 374, 355, 328, 367, 347, 337, 383]
[5, 6553, 348, 322, 357, 350, 373, 382, 300, 364]
[5, 6553, 341, 377, 343, 369, 375, 385, 273, 359]
[5, 6553, 359, 339, 322, 318, 350, 342, 364, 345]
[5, 6553, 383, 393, 302, 348, 334, 358, 324, 319]
[5, 6553, 352, 316, 356, 415, 309, 405, 354, 379]
[5, 6553, 361, 311, 356, 391, 347, 333, 349, 343]
[5, 6553, 410, 367, 353, 352, 383, 321, 332, 346]
[5, 6553, 355, 398, 350, 369, 355, 355, 316, 346]
[5, 6553, 365, 325, 358, 360, 313, 376, 347, 417]
[5, 6553, 345, 371, 322, 400, 349, 328, 347, 380]
[5, 6553, 340, 346, 363, 361, 367, 348, 326, 313]
[5, 6553, 347, 332, 377, 365, 332, 408, 354, 352]
[5, 6553, 322, 332, 330, 367, 364, 314, 378, 331]
[5, 6553, 378, 333, 327, 360, 347, 327, 371, 339]
[5, 6553, 357, 339, 331, 356, 353, 359, 357, 328]
[5, 6553, 305, 370, 384, 342, 339, 353, 342, 332]
[5, 6553, 349, 376, 366, 354, 313, 372, 373, 324]
[5, 6553, 340, 337, 330, 343, 352, 345, 405, 303]
[5, 6553, 362, 333, 350, 314, 341, 373, 374, 371]
[5, 6553, 372, 332, 369, 351, 351, 340, 370, 347]
[5, 6553, 326, 384, 338, 364, 330, 376, 357, 363]
[5, 6553, 382, 331, 347, 400, 369, 328, 314, 353]
[5, 6553, 298, 396, 371, 344, 306, 380, 321, 365]
[5, 6553, 310, 384, 302, 350, 336, 356, 393, 384]
[5, 6553, 383, 388, 332, 379, 362, 371, 325, 304]
[5, 6553, 338, 401, 347, 372, 355, 375, 354, 330]
[5, 6553, 316, 359, 329, 345, 368, 356, 330, 336]
[5, 6553, 313, 381, 347, 338, 386, 346, 360, 355]
[5, 6553, 326, 356, 325, 392, 352, 345, 345, 334]
[5, 6553, 361, 355, 382, 336, 357, 323, 328, 349]
[5, 6553, 355, 356, 366, 316, 339, 398, 373, 320]
[5, 6553, 321, 325, 404, 354, 382, 362, 363, 366]
[5, 6553, 378, 339, 377, 319, 381, 343, 344, 326]
[5, 6553, 299, 311, 361, 401, 332, 327, 347, 359]
[5, 6553, 345, 374, 369, 371, 344, 318, 352, 307]
[5, 6553, 357, 345, 359, 346, 320, 308, 390, 358]
[5, 6553, 374, 330, 374, 343, 358, 367, 353, 354]
[5, 6553, 356, 363, 325, 366, 350, 332, 351, 350]
[5, 6553, 335, 362, 399, 355, 364, 353, 354, 334]
[5, 6553, 322, 326, 362, 366, 310, 366, 393, 352]
[5, 6553, 308, 393, 330, 355, 348, 351, 359, 373]
[5, 6553, 381, 345, 335, 332, 349, 351, 335, 335]
[5, 6553, 342, 354, 374, 415, 349, 335, 355, 359]
[5, 6553, 364, 349, 385, 312, 420, 345, 334, 332]
[5, 6553, 424, 347, 368, 374, 372, 301, 372, 339]
[5, 6553, 339, 323, 312, 341, 326, 335, 351, 356]
[5, 6553, 376, 366, 364, 352, 374, 373, 340, 361]
[5, 6553, 332, 380, 372, 323, 331, 346, 327, 349]
[5, 6553, 335, 319, 355, 405, 361, 352, 350, 311]
[5, 6553, 358, 334, 351, 410, 357, 341, 386, 368]
[5, 6553, 353, 319, 348, 356, 359, 370, 376, 351]
[5, 6553, 324, 367, 348, 354, 335, 341, 348, 356]
[5, 6553, 341, 383, 345, 331, 363, 327, 337, 335]
[5, 6553, 343, 299, 329, 348, 342, 351, 345, 397]
[5, 6553, 334, 331, 339, 341, 319, 308, 366, 344]
[5, 6553, 313, 358, 339, 377, 376, 338, 362, 316]
[5, 6553, 331, 356, 358, 369, 334, 376, 348, 351]
[5, 6553, 352, 327, 330, 359, 401, 297, 389, 409]
[5, 6553, 377, 357, 350, 378, 329, 369, 318, 349]
[5, 6553, 293, 403, 371, 345, 360, 327, 326, 305]
[5, 6553, 308, 397, 386, 364, 385, 335, 338, 337]
[5, 6553, 412, 362, 349, 376, 355, 340, 344, 343]
[5, 6553, 350, 389, 339, 306, 324, 360, 339, 356]
[5, 6553, 373, 356, 361, 327, 348, 321, 304, 378]
[5, 6553, 344, 312, 387, 339, 357, 352, 359, 337]
[5, 6553, 369, 365, 346, 376, 368, 284, 371, 358]
[5, 6553, 385, 366, 326, 321, 351, 378, 355, 298]
[5, 6553, 342, 367, 334, 378, 371, 393, 353, 345]
[5, 6553, 309, 337, 364, 350, 361, 378, 320, 368]
[5, 6553, 318, 349, 344, 359, 359, 331, 336, 385]
[5, 6553, 346, 346, 308, 372, 384, 357, 343, 339]
[5, 6553, 356, 363, 376, 380, 340, 365, 318, 337]
[5, 6553, 375, 351, 357, 357, 356, 339, 351, 358]
[5, 6553, 365, 359, 330, 343, 335, 391, 351, 362]
[5, 6553, 342, 368, 358, 314, 385, 373, 335, 319]
[5, 6553, 340, 370, 367, 364, 375, 355, 347, 320]
[5, 6553, 337, 390, 304, 361, 325, 326, 363, 357]
[5, 6553, 380, 356, 320, 323, 357, 352, 373, 356]
[5, 6553, 361, 330, 370, 349, 304, 373, 362, 422]
[5, 6553, 376, 390, 311, 333, 306, 337, 317, 357]
[5, 6553, 388, 337, 376, 344, 353, 391, 358, 305]
[5, 6553, 344, 361, 373, 367, 355, 335, 300, 351]
[5, 6553, 348, 383, 352, 316, 360, 321, 365, 350]
[5, 6553, 388, 337, 339, 348, 383, 357, 367, 336]
[5, 6553, 354, 319, 382, 349, 316, 340, 352, 374]
[5, 6553, 385, 313, 310, 361, 345, 318, 350, 353]
[5, 6553, 355, 368, 350, 337, 381, 346, 347, 345]
[5, 6553, 343, 363, 353, 340, 330, 326, 334, 407]
[5, 6553, 344, 383, 361, 389, 412, 286, 329, 356]
[5, 6553, 356, 364, 323, 352, 329, 383, 301, 353]
[5, 6553, 358, 334, 367, 384, 371, 315, 377, 337]
[5, 6553, 356, 333, 333, 320, 371, 398, 359, 377]
[5, 6553, 366, 342, 342, 341, 358, 339, 371, 398]
[10, 13107, 1067, 1035, 1010, 991, 923, 1057, 992, 994]
[10, 13107, 1026, 1025, 1003, 1019, 1055, 1015, 894, 1024]
[10, 13107, 1027, 1007, 989, 1044, 1027, 1043, 994, 1019]
[10, 13107, 994, 965, 971, 1032, 988, 1061, 1019, 1049]
[10, 13107, 993, 1009, 941, 1006, 1084, 985, 1060, 1016]
[10, 13107, 1038, 966, 1044, 1030, 983, 963, 1024, 1032]
[10, 13107, 1022, 1066, 999, 929, 1086, 1015, 975, 998]
[10, 13107, 1038, 949, 978, 997, 1024, 1059, 921, 1048]
[10, 13107, 1035, 1074, 1013, 985, 1015, 989, 917, 993]
[10, 13107, 1056, 1011, 944, 1037, 1005, 1000, 1010, 1019]
[10, 13107, 1010, 1038, 971, 1019, 972, 1073, 1023, 957]
[10, 13107, 1026, 945, 1045, 1000, 976, 1074, 1015, 968]
[10, 13107, 1064, 958, 970, 1000, 1029, 949, 1031, 974]
[10, 13107, 1083, 1078, 992, 1011, 1064, 936, 980, 1045]
[10, 13107, 1004, 1067, 1042, 963, 999, 1056, 959, 1041]
[10, 13107, 1008, 966, 1063, 1002, 957, 1068, 1090, 1070]
[10, 13107, 1032, 995, 956, 1055, 993, 983, 1043, 1106]
[10, 13107, 1044, 969, 1061, 1000, 1036, 1029, 1013, 944]
[10, 13107, 1037, 1017, 1054, 1004, 955, 1089, 916, 993]
[10, 13107, 997, 1006, 993, 995, 1025, 1000, 1050, 924]
[10, 13107, 1039, 946, 987, 1070, 987, 1019, 1030, 952]
[10, 13107, 1070, 1040, 965, 990, 1031, 993, 1006, 1006]
[10, 13107, 951, 1084, 1054, 1014, 1023, 1027, 1021, 956]
[10, 13107, 1010, 1105, 995, 952, 992, 1059, 1061, 913]
[10, 13107, 1035, 993, 974, 955, 1040, 1019, 1086, 1007]
[10, 13107, 1081, 1062, 1014, 996, 1003, 964, 1001, 1018]
[10, 13107, 1035, 967, 1038, 1007, 1064, 971, 1012, 982]
[10, 13107, 1021, 973, 1004, 1010, 963, 1075, 1046, 991]
[10, 13107, 1033, 987, 1051, 1039, 1049, 979, 960, 969]
[10, 13107, 922, 1086, 1068, 955, 1014, 1022, 915, 1066]
[10, 13107, 967, 1057, 977, 1005, 956, 983, 1082, 1088]
[10, 13107, 1061, 1072, 960, 1062, 996, 1064, 944, 972]
[10, 13107, 936, 1096, 997, 1016, 1024, 1032, 966, 1023]
[10, 13107, 980, 981, 970, 1030, 1042, 1008, 1019, 1039]
[10, 13107, 985, 1033, 1011, 968, 1007, 1060, 1022, 1061]
[10, 13107, 1024, 1018, 987, 1016, 1008, 996, 1014, 1009]
[10, 13107, 975, 1087, 1062, 1032, 968, 992, 987, 1053]
[10, 13107, 1044, 1016, 999, 969, 1039, 1065, 1056, 985]
[10, 13107, 995, 980, 1115, 1002, 1036, 1017, 1049, 952]
[10, 13107, 994, 947, 1073, 993, 1030, 1015, 1008, 1007]
[10, 13107, 961, 970, 1009, 1047, 1016, 968, 1025, 1075]
[10, 13107, 1006, 1053, 1000, 1030, 991, 999, 1055, 1003]
[10, 13107, 1012, 986, 1049, 998, 952, 988, 1010, 1040]
[10, 13107, 1015, 961, 1031, 1033, 946, 1014, 1103, 987]
[10, 13107, 1028, 1019, 1012, 1032, 1046, 953, 1023, 1004]
[10, 13107, 1063, 986, 1099, 999, 1008, 969, 1018, 976]
[10, 13107, 920, 941, 1033, 1040, 988, 1043, 1065, 1002]
[10, 13107, 956, 1039, 991, 1019, 1074, 1034, 986, 1029]
[10, 13107, 1068, 992, 935, 977, 1007, 1002, 1017, 1052]
[10, 13107, 1008, 1007, 1080, 1033, 986, 995, 975, 962]
[10, 13107, 1007, 1006, 1051, 942, 1019, 989, 995, 1054]
[10, 13107, 1153, 995, 1074, 1041, 993, 962, 1033, 968]
[10, 13107, 984, 1018, 982, 976, 1043, 991, 1033, 1047]
[10, 13107, 1014, 1024, 944, 1045, 1037, 1045, 986, 1016]
[10, 13107, 988, 1047, 992, 1029, 1001, 1031, 1065, 1017]
[10, 13107, 983, 995, 982, 1052, 1056, 985, 1015, 978]
[10, 13107, 977, 1002, 1056, 1108, 1060, 961, 1033, 988]
[10, 13107, 1049, 1019, 1004, 1017, 999, 1016, 1009, 1033]
[10, 13107, 1007, 997, 1075, 977, 1028, 984, 1026, 971]
[10, 13107, 1010, 999, 1002, 1018, 1071, 1017, 943, 980]
[10, 13107, 1015, 971, 977, 1057, 988, 1034, 943, 1047]
[10, 13107, 945, 1042, 980, 1037, 952, 1007, 1045, 1030]
[10, 13107, 959, 1057, 1024, 1047, 973, 1026, 1010, 1000]
[10, 13107, 965, 1026, 1040, 972, 977, 1027, 1010, 1073]
[10, 13107, 985, 948, 1046, 1041, 1100, 948, 1016, 1020]
[10, 13107, 1032, 1013, 976, 1027, 1000, 1057, 984, 940]
[10, 13107, 924, 1080, 1044, 1008, 1035, 1010, 1025, 977]
[10, 13107, 975, 1065, 1107, 1076, 1022, 998, 980, 1017]
[10, 13107, 1062, 1011, 961, 1147, 1000, 979, 1017, 982]
[10, 13107, 991, 1040, 1065, 973, 992, 1011, 1010, 1013]
[10, 13107, 1044, 996, 1034, 993, 988, 955, 891, 1059]
[10, 13107, 1042, 1013, 1024, 976, 1016, 1007, 986, 995]
[10, 13107, 1049, 1086, 964, 972, 1031, 922, 1090, 1020]
[10, 13107, 1102, 1085, 973, 983, 994, 1077, 1001, 948]
[10, 13107, 1062, 1014, 1002, 1063, 1029, 1049, 948, 939]
[10, 13107, 989, 993, 976, 968, 1054, 1012, 981, 1102]
[10, 13107, 931, 1021, 989, 964, 1027, 980, 1045, 1055]
[10, 13107, 1063, 1043, 966, 1029, 999, 982, 998, 1019]
[10, 13107, 998, 1059, 1001, 1022, 1042, 1025, 988, 981]
[10, 13107, 1091, 1002, 974, 1005, 983, 995, 998, 1046]
[10, 13107, 987, 962, 958, 973, 1007, 1025, 1095, 1022]
[10, 13107, 1019, 1001, 1048, 983, 1055, 1068, 1001, 916]
[10, 13107, 1065, 986, 989, 1023, 1013, 996, 1039, 1001]
[10, 13107, 988, 1068, 985, 1047, 979, 912, 1092, 1017]
[10, 13107, 1015, 992, 976, 960, 1046, 1024, 1041, 1015]
[10, 13107, 956, 1035, 1064, 968, 989, 1027, 983, 1044]
[10, 13107, 1046, 1076, 987, 1005, 954, 998, 980, 999]
[10, 13107, 1082, 1010, 1048, 993, 998, 1050, 1009, 977]
[10, 13107, 981, 1032, 1090, 1046, 986, 1003, 971, 1051]
[10, 13107, 998, 997, 1021, 1054, 982, 1031, 1045, 1047]
[10, 13107, 1022, 982, 1006, 954, 1102, 987, 1027, 988]
[10, 13107, 1019, 956, 1065, 1021, 976, 948, 990, 995]
[10, 13107, 976, 1010, 1036, 1035, 1039, 928, 1002, 1003]
[10, 13107, 1002, 1008, 958, 966, 1051, 1034, 1008, 1021]
[10, 13107, 956, 1055, 1028, 1053, 1009, 978, 971, 1124]
[10, 13107, 1011, 1019, 1047, 1067, 1041, 930, 985, 1050]
[10, 13107, 984, 1024, 963, 1039, 1020, 1054, 971, 1032]
[10, 13107, 1014, 999, 1069, 1027, 981, 996, 1020, 1026]
[10, 13107, 971, 1021, 1006, 957, 994, 1066, 1035, 1057]
[10, 13107, 1081, 990, 1022, 1017, 1007, 1016, 977, 1010]
[15, 19660, 1882, 1791, 1835, 1757, 1754, 1852, 1814, 1815]
[15, 19660, 1897, 1901, 1773, 1819, 1891, 1822, 1737, 1803]
[15, 19660, 1819, 1913, 1780, 1772, 1821, 1869, 1835, 1872]
[15, 19660, 1797, 1843, 1785, 1889, 1827, 1901, 1785, 1899]
[15, 19660, 1804, 1838, 1759, 1811, 1865, 1809, 1871, 1918]
[15, 19660, 1782, 1813, 1857, 1891, 1807, 1782, 1835, 1816]
[15, 19660, 1877, 1911, 1814, 1738, 1930, 1809, 1762, 1818]
[15, 19660, 1869, 1762, 1761, 1789, 1823, 1903, 1798, 1899]
[15, 19660, 1823, 1915, 1828, 1787, 1853, 1880, 1672, 1831]
[15, 19660, 1831, 1803, 1786, 1865, 1808, 1803, 1798, 1824]
[15, 19660, 1810, 1905, 1768, 1805, 1870, 1830, 1780, 1799]
[15, 19660, 1798, 1734, 1917, 1818, 1794, 1890, 1842, 1757]
[15, 19660, 1817, 1746, 1791, 1890, 1902, 1729, 1808, 1797]
[15, 19660, 1893, 1855, 1795, 1811, 1901, 1736, 1752, 1939]
[15, 19660, 1903, 1869, 1847, 1706, 1787, 1875, 1768, 1788]
[15, 19660, 1763, 1774, 1919, 1776, 1758, 1887, 1893, 1858]
[15, 19660, 1796, 1826, 1834, 1815, 1785, 1815, 1826, 1892]
[15, 19660, 1861, 1763, 1873, 1822, 1819, 1839, 1822, 1770]
[15, 19660, 1823, 1831, 1842, 1790, 1752, 1924, 1746, 1833]
[15, 19660, 1810, 1835, 1799, 1782, 1862, 1831, 1896, 1781]
[15, 19660, 1841, 1794, 1858, 1887, 1865, 1792, 1809, 1758]
[15, 19660, 1924, 1795, 1805, 1815, 1896, 1803, 1804, 1815]
[15, 19660, 1761, 1899, 1886, 1840, 1834, 1816, 1789, 1787]
[15, 19660, 1816, 1871, 1839, 1792, 1882, 1883, 1899, 1682]
[15, 19660, 1843, 1810, 1757, 1830, 1816, 1862, 1915, 1808]
[15, 19660, 1877, 1856, 1862, 1786, 1842, 1796, 1781, 1829]
[15, 19660, 1837, 1737, 1929, 1804, 1883, 1751, 1803, 1871]
[15, 19660, 1838, 1762, 1830, 1821, 1813, 1906, 1835, 1817]
[15, 19660, 1802, 1762, 1826, 1825, 1800, 1826, 1861, 1792]
[15, 19660, 1752, 1892, 1899, 1725, 1840, 1856, 1755, 1910]
[15, 19660, 1751, 1913, 1745, 1811, 1822, 1779, 1884, 1967]
[15, 19660, 1957, 1833, 1708, 1901, 1783, 1894, 1760, 1842]
[15, 19660, 1674, 1867, 1815, 1861, 1846, 1854, 1714, 1948]
[15, 19660, 1780, 1821, 1781, 1882, 1886, 1864, 1832, 1814]
[15, 19660, 1786, 1826, 1832, 1775, 1825, 1819, 1891, 1896]
[15, 19660, 1892, 1753, 1786, 1828, 1819, 1819, 1809, 1895]
[15, 19660, 1755, 1937, 1872, 1839, 1724, 1810, 1801, 1879]
[15, 19660, 1816, 1783, 1814, 1802, 1862, 1933, 1895, 1769]
[15, 19660, 1778, 1837, 1926, 1746, 1822, 1836, 1831, 1798]
[15, 19660, 1800, 1780, 1881, 1834, 1829, 1872, 1758, 1834]
[15, 19660, 1734, 1728, 1836, 1864, 1844, 1812, 1854, 1909]
[15, 19660, 1797, 1851, 1801, 1808, 1850, 1812, 1874, 1849]
[15, 19660, 1819, 1827, 1896, 1840, 1726, 1807, 1786, 1858]
[15, 19660, 1803, 1713, 1781, 1847, 1784, 1840, 1922, 1791]
[15, 19660, 1846, 1829, 1873, 1827, 1873, 1756, 1889, 1843]
[15, 19660, 1824, 1771, 1976, 1842, 1800, 1768, 1896, 1776]
[15, 19660, 1738, 1781, 1860, 1893, 1785, 1850, 1893, 1830]
[15, 19660, 1716, 1832, 1904, 1838, 1899, 1785, 1774, 1881]
[15, 19660, 1869, 1867, 1727, 1774, 1817, 1788, 1802, 1911]
[15, 19660, 1815, 1839, 1906, 1850, 1775, 1847, 1819, 1791]
[15, 19660, 1917, 1774, 1846, 1727, 1756, 1841, 1875, 1896]
[15, 19660, 1951, 1818, 1865, 1810, 1779, 1744, 1862, 1790]
[15, 19660, 1869, 1784, 1796, 1838, 1843, 1769, 1890, 1885]
[15, 19660, 1867, 1860, 1746, 1862, 1799, 1855, 1798, 1842]
[15, 19660, 1743, 1877, 1810, 1836, 1830, 1818, 1884, 1818]
[15, 19660, 1848, 1808, 1768, 1865, 1877, 1813, 1819, 1775]
[15, 19660, 1834, 1789, 1835, 1939, 1804, 1834, 1808, 1800]
[15, 19660, 1869, 1878, 1803, 1825, 1790, 1783, 1843, 1832]
[15, 19660, 1763, 1795, 1906, 1774, 1835, 1816, 1805, 1781]
[15, 19660, 1802, 1889, 1826, 1837, 1914, 1836, 1800, 1741]
[15, 19660, 1836, 1829, 1805, 1839, 1838, 1883, 1778, 1781]
[15, 19660, 1727, 1835, 1796, 1830, 1811, 1845, 1876, 1835]
[15, 19660, 1799, 1859, 1835, 1777, 1814, 1837, 1905, 1809]
[15, 19660, 1835, 1923, 1865, 1769, 1817, 1858, 1892, 1859]
[15, 19660, 1784, 1726, 1935, 1839, 1887, 1787, 1817, 1897]
[15, 19660, 1857, 1830, 1790, 1841, 1813, 1909, 1799, 1767]
[15, 19660, 1709, 1870, 1912, 1822, 1888, 1819, 1880, 1779]
[15, 19660, 1760, 1879, 1886, 1848, 1845, 1839, 1778, 1849]
[15, 19660, 1889, 1807, 1752, 1943, 1831, 1803, 1865, 1806]
[15, 19660, 1730, 1852, 1848, 1817, 1861, 1813, 1816, 1822]
[15, 19660, 1922, 1805, 1887, 1829, 1796, 1774, 1638, 1866]
[15, 19660, 1895, 1785, 1815, 1752, 1846, 1884, 1845, 1857]
[15, 19660, 1839, 1913, 1759, 1784, 1834, 1721, 1936, 1834]
[15, 19660, 1908, 1890, 1793, 1778, 1837, 1845, 1851, 1763]
[15, 19660, 1876, 1824, 1785, 1864, 1834, 1935, 1805, 1686]
[15, 19660, 1782, 1878, 1788, 1814, 1869, 1878, 1796, 1910]
[15, 19660, 1764, 1813, 1767, 1814, 1806, 1801, 1845, 1872]
[15, 19660, 1850, 1806, 1718, 1879, 1823, 1819, 1858, 1854]
[15, 19660, 1820, 1860, 1801, 1867, 1855, 1882, 1792, 1822]
[15, 19660, 1842, 1772, 1860, 1839, 1811, 1765, 1794, 1844]
[15, 19660, 1840, 1740, 1804, 1783, 1832, 1849, 1909, 1819]
[15, 19660, 1806, 1763, 1837, 1889, 1809, 1863, 1804, 1790]
[15, 19660, 1886, 1824, 1851, 1827, 1807, 1760, 1831, 1784]
[15, 19660, 1811, 1910, 1807, 1896, 1721, 1705, 1873, 1865]
[15, 19660, 1864, 1775, 1807, 1782, 1836, 1823, 1839, 1841]
[15, 19660, 1812, 1884, 1864, 1823, 1791, 1796, 1763, 1894]
[15, 19660, 1884, 1946, 1778, 1829, 1782, 1815, 1721, 1818]
[15, 19660, 1876, 1834, 1877, 1789, 1805, 1860, 1841, 1779]
[15, 19660, 1741, 1853, 1900, 1938, 1796, 1859, 1729, 1843]
[15, 19660, 1744, 1825, 1832, 1917, 1862, 1872, 1800, 1839]
[15, 19660, 1836, 1791, 1810, 1812, 1918, 1785, 1873, 1810]
[15, 19660, 1829, 1843, 1829, 1833, 1794, 1755, 1815, 1796]
[15, 19660, 1790, 1872, 1777, 1836, 1834, 1791, 1816, 1818]
[15, 19660, 1776, 1860, 1850, 1751, 1851, 1888, 1810, 1795]
[15, 19660, 1776, 1920, 1783, 1845, 1869, 1783, 1745, 1882]
[15, 19660, 1816, 1809, 1928, 1874, 1847, 1706, 1865, 1906]
[15, 19660, 1837, 1797, 1775, 1929, 1839, 1835, 1771, 1862]
[15, 19660, 1807, 1790, 1846, 1922, 1855, 1812, 1844, 1817]
[15, 19660, 1741, 1830, 1837, 1784, 1766, 1867, 1827, 1896]
[15, 19660, 1862, 1789, 1828, 1865, 1788, 1765, 1831, 1898]
[20, 26214, 2747, 2671, 2706, 2676, 2701, 2742, 2698, 2713]
[20, 26214, 2705, 2781, 2710, 2676, 2781, 2779, 2638, 2651]
[20, 26214, 2680, 2804, 2682, 2620, 2690, 2744, 2713, 2774]
[20, 26214, 2626, 2762, 2651, 2798, 2762, 2741, 2703, 2772]
[20, 26214, 2714, 2729, 2653, 2683, 2712, 2778, 2706, 2763]
[20, 26214, 2629, 2764, 2687, 2772, 2725, 2673, 2717, 2712]
[20, 26214, 2750, 2767, 2677, 2681, 2858, 2695, 2590, 2688]
[20, 26214, 2745, 2687, 2606, 2661, 2698, 2772, 2701, 2803]
[20, 26214, 2764, 2822, 2665, 2693, 2769, 2754, 2599, 2645]
[20, 26214, 2712, 2699, 2700, 2728, 2724, 2689, 2734, 2706]
[20, 26214, 2719, 2796, 2637, 2719, 2744, 2674, 2703, 2623]
[20, 26214, 2681, 2672, 2773, 2720, 2666, 2776, 2749, 2649]
[20, 26214, 2665, 2679, 2754, 2807, 2782, 2597, 2683, 2687]
[20, 26214, 2765, 2658, 2725, 2713, 2840, 2545, 2650, 2794]
[20, 26214, 2818, 2749, 2730, 2652, 2601, 2791, 2648, 2721]
[20, 26214, 2617, 2630, 2873, 2709, 2640, 2733, 2834, 2719]
[20, 26214, 2646, 2696, 2706, 2757, 2729, 2744, 2692, 2732]
[20, 26214, 2797, 2627, 2758, 2663, 2741, 2700, 2752, 2660]
[20, 26214, 2691, 2766, 2764, 2679, 2683, 2758, 2607, 2712]
[20, 26214, 2711, 2725, 2713, 2696, 2731, 2735, 2759, 2612]
[20, 26214, 2786, 2644, 2766, 2753, 2723, 2649, 2673, 2656]
[20, 26214, 2852, 2647, 2693, 2711, 2716, 2743, 2671, 2680]
[20, 26214, 2670, 2824, 2724, 2722, 2711, 2706, 2662, 2651]
[20, 26214, 2695, 2780, 2717, 2691, 2728, 2772, 2791, 2566]
[20, 26214, 2761, 2646, 2586, 2722, 2714, 2777, 2843, 2681]
[20, 26214, 2781, 2755, 2697, 2663, 2737, 2724, 2654, 2730]
[20, 26214, 2765, 2613, 2763, 2714, 2793, 2683, 2679, 2735]
[20, 26214, 2706, 2686, 2740, 2704, 2683, 2762, 2720, 2632]
[20, 26214, 2662, 2634, 2739, 2644, 2659, 2718, 2796, 2738]
[20, 26214, 2697, 2725, 2824, 2598, 2686, 2775, 2614, 2813]
[20, 26214, 2582, 2821, 2639, 2678, 2751, 2670, 2703, 2858]
[20, 26214, 2861, 2730, 2592, 2763, 2696, 2814, 2661, 2710]
[20, 26214, 2578, 2730, 2707, 2743, 2736, 2747, 2660, 2822]
[20, 26214, 2691, 2652, 2719, 2796, 2773, 2750, 2608, 2716]
[20, 26214, 2714, 2672, 2701, 2637, 2669, 2686, 2782, 2790]
[20, 26214, 2752, 2641, 2679, 2758, 2656, 2696, 2689, 2812]
[20, 26214, 2606, 2865, 2793, 2711, 2635, 2762, 2665, 2705]
[20, 26214, 2711, 2678, 2653, 2696, 2778, 2794, 2797, 2671]
[20, 26214, 2789, 2739, 2809, 2625, 2634, 2734, 2731, 2626]
[20, 26214, 2671, 2721, 2728, 2703, 2785, 2788, 2665, 2699]
[20, 26214, 2632, 2626, 2748, 2781, 2764, 2634, 2720, 2787]
[20, 26214, 2633, 2695, 2660, 2726, 2797, 2704, 2780, 2751]
[20, 26214, 2660, 2749, 2781, 2692, 2671, 2699, 2701, 2743]
[20, 26214, 2702, 2609, 2635, 2703, 2702, 2740, 2848, 2661]
[20, 26214, 2691, 2663, 2689, 2771, 2710, 2711, 2774, 2743]
[20, 26214, 2675, 2631, 2829, 2782, 2738, 2624, 2740, 2625]
[20, 26214, 2677, 2732, 2692, 2773, 2687, 2741, 2765, 2710]
[20, 26214, 2575, 2682, 2781, 2711, 2839, 2703, 2612, 2750]
[20, 26214, 2790, 2790, 2622, 2696, 2684, 2670, 2645, 2844]
[20, 26214, 2708, 2679, 2818, 2751, 2652, 2761, 2649, 2710]
[20, 26214, 2803, 2615, 2790, 2664, 2602, 2749, 2764, 2765]
[20, 26214, 2835, 2713, 2745, 2671, 2605, 2605, 2759, 2718]
[20, 26214, 2769, 2694, 2698, 2706, 2702, 2621, 2728, 2844]
[20, 26214, 2744, 2712, 2673, 2758, 2680, 2704, 2690, 2736]
[20, 26214, 2616, 2760, 2620, 2775, 2713, 2712, 2747, 2700]
[20, 26214, 2763, 2689, 2682, 2788, 2773, 2711, 2700, 2634]
[20, 26214, 2747, 2642, 2732, 2842, 2731, 2659, 2687, 2659]
[20, 26214, 2707, 2759, 2664, 2784, 2695, 2719, 2739, 2698]
[20, 26214, 2703, 2704, 2786, 2704, 2744, 2685, 2683, 2637]
[20, 26214, 2684, 2765, 2735, 2718, 2809, 2677, 2784, 2602]
[20, 26214, 2752, 2765, 2725, 2713, 2683, 2772, 2660, 2607]
[20, 26214, 2565, 2799, 2709, 2691, 2676, 2720, 2781, 2737]
[20, 26214, 2690, 2754, 2657, 2729, 2720, 2655, 2795, 2726]
[20, 26214, 2721, 2727, 2735, 2665, 2723, 2725, 2779, 2759]
[20, 26214, 2707, 2661, 2816, 2662, 2761, 2591, 2678, 2856]
[20, 26214, 2706, 2695, 2705, 2753, 2687, 2781, 2638, 2683]
[20, 26214, 2640, 2757, 2772, 2697, 2787, 2674, 2798, 2709]
[20, 26214, 2625, 2771, 2772, 2787, 2690, 2709, 2641, 2708]
[20, 26214, 2775, 2706, 2558, 2812, 2721, 2715, 2809, 2649]
[20, 26214, 2572, 2765, 2680, 2656, 2720, 2759, 2728, 2737]
[20, 26214, 2822, 2761, 2743, 2713, 2713, 2638, 2534, 2749]
[20, 26214, 2782, 2651, 2679, 2651, 2743, 2791, 2718, 2754]
[20, 26214, 2733, 2748, 2641, 2718, 2720, 2641, 2800, 2727]
[20, 26214, 2863, 2735, 2654, 2703, 2630, 2686, 2723, 2702]
[20, 26214, 2777, 2665, 2683, 2782, 2735, 2827, 2697, 2537]
[20, 26214, 2641, 2744, 2634, 2732, 2790, 2733, 2730, 2786]
[20, 26214, 2610, 2714, 2697, 2737, 2693, 2654, 2772, 2729]
[20, 26214, 2691, 2741, 2665, 2810, 2697, 2685, 2765, 2720]
[20, 26214, 2754, 2775, 2620, 2730, 2719, 2752, 2700, 2684]
[20, 26214, 2714, 2709, 2752, 2685, 2676, 2605, 2710, 2751]
[20, 26214, 2768, 2623, 2700, 2665, 2715, 2741, 2810, 2694]
[20, 26214, 2760, 2648, 2740, 2753, 2723, 2710, 2701, 2669]
[20, 26214, 2735, 2690, 2739, 2681, 2716, 2672, 2705, 2694]
[20, 26214, 2651, 2811, 2687, 2800, 2597, 2597, 2800, 2761]
[20, 26214, 2759, 2659, 2663, 2659, 2748, 2726, 2714, 2706]
[20, 26214, 2766, 2742, 2826, 2690, 2631, 2645, 2633, 2809]
[20, 26214, 2817, 2830, 2730, 2722, 2615, 2742, 2578, 2708]
[20, 26214, 2794, 2674, 2785, 2667, 2598, 2797, 2705, 2647]
[20, 26214, 2583, 2670, 2795, 2782, 2720, 2754, 2617, 2814]
[20, 26214, 2669, 2634, 2750, 2744, 2734, 2798, 2641, 2695]
[20, 26214, 2619, 2686, 2692, 2688, 2817, 2712, 2785, 2709]
[20, 26214, 2649, 2730, 2714, 2749, 2705, 2687, 2675, 2689]
[20, 26214, 2636, 2782, 2653, 2690, 2766, 2656, 2695, 2737]
[20, 26214, 2693, 2753, 2711, 2636, 2741, 2744, 2730, 2707]
[20, 26214, 2646, 2845, 2644, 2725, 2767, 2665, 2693, 2736]
[20, 26214, 2729, 2733, 2811, 2739, 2723, 2548, 2813, 2738]
[20, 26214, 2693, 2731, 2675, 2787, 2738, 2729, 2653, 2721]
[20, 26214, 2658, 2704, 2691, 2802, 2677, 2693, 2775, 2730]
[20, 26214, 2632, 2756, 2720, 2685, 2597, 2748, 2698, 2767]
[20, 26214, 2789, 2754, 2670, 2701, 2596, 2713, 2729, 2759]
[25, 32768, 3662, 3563, 3599, 3585, 3646, 3666, 3639, 3604]
[25, 32768, 3590, 3648, 3576, 3624, 3723, 3654, 3505, 3645]
[25, 32768, 3573, 3719, 3542, 3554, 3588, 3668, 3592, 3726]
[25, 32768, 3547, 3698, 3530, 3677, 3691, 3650, 3578, 3692]
[25, 32768, 3563, 3647, 3554, 3655, 3618, 3675, 3657, 3681]
[25, 32768, 3548, 3649, 3608, 3648, 3645, 3546, 3693, 3616]
[25, 32768, 3608, 3658, 3598, 3592, 3783, 3624, 3527, 3597]
[25, 32768, 3740, 3626, 3484, 3553, 3569, 3686, 3631, 3665]
[25, 32768, 3685, 3798, 3554, 3600, 3648, 3706, 3455, 3531]
[25, 32768, 3606, 3571, 3648, 3650, 3620, 3605, 3656, 3633]
[25, 32768, 3617, 3667, 3536, 3617, 3696, 3600, 3625, 3517]
[25, 32768, 3560, 3608, 3770, 3624, 3577, 3637, 3667, 3587]
[25, 32768, 3563, 3605, 3706, 3738, 3654, 3516, 3627, 3553]
[25, 32768, 3691, 3511, 3670, 3644, 3731, 3476, 3583, 3713]
[25, 32768, 3744, 3640, 3665, 3555, 3474, 3713, 3531, 3651]
[25, 32768, 3498, 3500, 3779, 3697, 3584, 3591, 3735, 3577]
[25, 32768, 3551, 3655, 3599, 3636, 3612, 3651, 3589, 3642]
[25, 32768, 3740, 3533, 3692, 3559, 3584, 3656, 3660, 3564]
[25, 32768, 3564, 3679, 3672, 3635, 3654, 3637, 3523, 3650]
[25, 32768, 3592, 3622, 3666, 3562, 3643, 3603, 3708, 3545]
[25, 32768, 3660, 3608, 3616, 3695, 3625, 3482, 3634, 3611]
[25, 32768, 3798, 3565, 3570, 3614, 3638, 3686, 3573, 3547]
[25, 32768, 3541, 3724, 3652, 3638, 3604, 3616, 3573, 3574]
[25, 32768, 3564, 3696, 3621, 3595, 3618, 3647, 3730, 3541]
[25, 32768, 3670, 3558, 3552, 3613, 3707, 3676, 3768, 3560]
[25, 32768, 3752, 3674, 3594, 3583, 3636, 3569, 3489, 3661]
[25, 32768, 3671, 3521, 3721, 3613, 3698, 3573, 3584, 3625]
[25, 32768, 3532, 3643, 3627, 3631, 3657, 3710, 3645, 3545]
[25, 32768, 3593, 3513, 3655, 3605, 3586, 3670, 3676, 3602]
[25, 32768, 3598, 3629, 3721, 3484, 3575, 3675, 3517, 3769]
[25, 32768, 3532, 3727, 3564, 3530, 3611, 3582, 3641, 3820]
[25, 32768, 3766, 3574, 3487, 3684, 3616, 3740, 3601, 3554]
[25, 32768, 3514, 3628, 3637, 3622, 3645, 3664, 3565, 3714]
[25, 32768, 3610, 3584, 3624, 3742, 3719, 3623, 3497, 3627]
[25, 32768, 3611, 3609, 3597, 3532, 3627, 3640, 3650, 3705]
[25, 32768, 3673, 3532, 3585, 3673, 3502, 3667, 3670, 3666]
[25, 32768, 3485, 3779, 3716, 3629, 3507, 3664, 3614, 3612]
[25, 32768, 3636, 3587, 3574, 3598, 3666, 3693, 3683, 3543]
[25, 32768, 3675, 3649, 3690, 3543, 3602, 3631, 3658, 3560]
[25, 32768, 3583, 3604, 3692, 3616, 3698, 3629, 3604, 3619]
[25, 32768, 3529, 3593, 3671, 3663, 3652, 3539, 3659, 3686]
[25, 32768, 3540, 3628, 3534, 3646, 3653, 3644, 3688, 3664]
[25, 32768, 3492, 3646, 3712, 3611, 3593, 3579, 3625, 3676]
[25, 32768, 3631, 3519, 3600, 3637, 3578, 3651, 3749, 3567]
[25, 32768, 3533, 3590, 3628, 3689, 3638, 3608, 3655, 3665]
[25, 32768, 3596, 3526, 3727, 3733, 3622, 3549, 3672, 3524]
[25, 32768, 3658, 3616, 3549, 3690, 3560, 3661, 3664, 3642]
[25, 32768, 3508, 3559, 3652, 3637, 3775, 3634, 3475, 3667]
[25, 32768, 3687, 3687, 3575, 3639, 3556, 3584, 3589, 3717]
[25, 32768, 3590, 3568, 3737, 3629, 3574, 3699, 3571, 3645]
[25, 32768, 3752, 3526, 3667, 3498, 3560, 3635, 3680, 3732]
[25, 32768, 3742, 3595, 3674, 3574, 3552, 3487, 3641, 3641]
[25, 32768, 3683, 3584, 3612, 3605, 3584, 3546, 3657, 3740]
[25, 32768, 3685, 3654, 3565, 3650, 3591, 3590, 3632, 3643]
[25, 32768, 3475, 3610, 3555, 3753, 3659, 3625, 3702, 3553]
[25, 32768, 3647, 3599, 3600, 3642, 3744, 3581, 3602, 3511]
[25, 32768, 3639, 3517, 3574, 3831, 3638, 3618, 3587, 3566]
[25, 32768, 3641, 3699, 3525, 3697, 3580, 3621, 3665, 3574]
[25, 32768, 3609, 3631, 3716, 3604, 3682, 3650, 3604, 3524]
[25, 32768, 3585, 3687, 3575, 3620, 3713, 3610, 3765, 3502]
[25, 32768, 3749, 3686, 3584, 3640, 3611, 3675, 3502, 3510]
[25, 32768, 3460, 3704, 3613, 3538, 3643, 3601, 3743, 3668]
[25, 32768, 3632, 3661, 3638, 3575, 3635, 3532, 3677, 3623]
[25, 32768, 3597, 3646, 3657, 3542, 3583, 3635, 3700, 3678]
[25, 32768, 3585, 3497, 3704, 3553, 3700, 3538, 3668, 3769]
[25, 32768, 3547, 3582, 3609, 3664, 3645, 3699, 3580, 3623]
[25, 32768, 3504, 3687, 3719, 3617, 3687, 3550, 3705, 3630]
[25, 32768, 3560, 3716, 3659, 3748, 3607, 3562, 3545, 3591]
[25, 32768, 3640, 3625, 3441, 3739, 3655, 3598, 3713, 3547]
[25, 32768, 3446, 3736, 3611, 3568, 3658, 3637, 3609, 3688]
[25, 32768, 3720, 3633, 3673, 3611, 3683, 3599, 3470, 3675]
[25, 32768, 3644, 3589, 3639, 3552, 3658, 3713, 3623, 3604]
[25, 32768, 3636, 3627, 3536, 3655, 3643, 3557, 3721, 3659]
[25, 32768, 3756, 3633, 3590, 3649, 3554, 3556, 3630, 3658]
[25, 32768, 3706, 3544, 3631, 3670, 3675, 3744, 3583, 3383]
[25, 32768, 3528, 3645, 3532, 3638, 3741, 3684, 3602, 3667]
[25, 32768, 3561, 3611, 3608, 3626, 3580, 3528, 3685, 3669]
[25, 32768, 3600, 3661, 3590, 3711, 3600, 3590, 3639, 3662]
[25, 32768, 3621, 3642, 3630, 3644, 3633, 3643, 3632, 3588]
[25, 32768, 3627, 3663, 3660, 3592, 3587, 3486, 3668, 3667]
[25, 32768, 3673, 3509, 3652, 3531, 3642, 3651, 3758, 3549]
[25, 32768, 3668, 3568, 3677, 3665, 3614, 3598, 3623, 3630]
[25, 32768, 3649, 3622, 3614, 3610, 3588, 3621, 3669, 3596]
[25, 32768, 3568, 3713, 3591, 3707, 3530, 3500, 3699, 3684]
[25, 32768, 3714, 3524, 3591, 3607, 3706, 3588, 3656, 3603]
[25, 32768, 3702, 3703, 3742, 3647, 3521, 3535, 3482, 3671]
[25, 32768, 3658, 3729, 3637, 3603, 3531, 3674, 3545, 3636]
[25, 32768, 3672, 3613, 3616, 3566, 3497, 3795, 3667, 3531]
[25, 32768, 3496, 3623, 3651, 3737, 3589, 3663, 3509, 3751]
[25, 32768, 3589, 3560, 3666, 3614, 3583, 3683, 3598, 3630]
[25, 32768, 3502, 3560, 3543, 3653, 3703, 3675, 3757, 3657]
[25, 32768, 3575, 3616, 3645, 3693, 3685, 3598, 3626, 3562]
[25, 32768, 3525, 3726, 3526, 3592, 3643, 3596, 3638, 3652]
[25, 32768, 3653, 3675, 3593, 3511, 3633, 3699, 3652, 3570]
[25, 32768, 3589, 3745, 3574, 3621, 3660, 3587, 3678, 3595]
[25, 32768, 3650, 3630, 3658, 3633, 3632, 3437, 3701, 3688]
[25, 32768, 3687, 3693, 3596, 3654, 3642, 3646, 3513, 3591]
[25, 32768, 3533, 3594, 3605, 3709, 3662, 3612, 3753, 3600]
[25, 32768, 3505, 3618, 3705, 3618, 3522, 3662, 3638, 3649]
[25, 32768, 3742, 3652, 3560, 3526, 3558, 3583, 3669, 3690]
[30, 39321, 4559, 4480, 4451, 4494, 4569, 4618, 4475, 4578]
[30, 39321, 4497, 4558, 4462, 4536, 4701, 4573, 4379, 4564]
[30, 39321, 4528, 4666, 4466, 4425, 4457, 4560, 4518, 4639]
[30, 39321, 4507, 4617, 4471, 4572, 4548, 4510, 4506, 4584]
[30, 39321, 4422, 4565, 4488, 4609, 4521, 4579, 4577, 4563]
[30, 39321, 4465, 4683, 4453, 4572, 4516, 4406, 4650, 4508]
[30, 39321, 4531, 4519, 4518, 4539, 4709, 4502, 4469, 4486]
[30, 39321, 4612, 4485, 4462, 4454, 4531, 4576, 4553, 4561]
[30, 39321, 4660, 4753, 4491, 4457, 4496, 4622, 4379, 4461]
[30, 39321, 4493, 4496, 4599, 4577, 4570, 4529, 4536, 4543]
[30, 39321, 4533, 4597, 4461, 4523, 4632, 4543, 4488, 4413]
[30, 39321, 4457, 4536, 4664, 4521, 4481, 4554, 4589, 4552]
[30, 39321, 4446, 4526, 4623, 4722, 4599, 4413, 4455, 4514]
[30, 39321, 4622, 4422, 4579, 4596, 4639, 4394, 4453, 4625]
[30, 39321, 4592, 4537, 4651, 4447, 4348, 4635, 4501, 4520]
[30, 39321, 4363, 4421, 4713, 4647, 4463, 4505, 4607, 4511]
[30, 39321, 4500, 4565, 4496, 4523, 4492, 4610, 4519, 4540]
[30, 39321, 4612, 4459, 4586, 4438, 4553, 4579, 4550, 4499]
[30, 39321, 4472, 4564, 4645, 4566, 4594, 4546, 4410, 4548]
[30, 39321, 4541, 4524, 4583, 4437, 4561, 4525, 4605, 4473]
[30, 39321, 4594, 4528, 4530, 4521, 4558, 4391, 4541, 4543]
[30, 39321, 4731, 4531, 4522, 4479, 4520, 4577, 4491, 4429]
[30, 39321, 4471, 4599, 4567, 4543, 4508, 4586, 4520, 4490]
[30, 39321, 4457, 4615, 4590, 4469, 4502, 4583, 4606, 4483]
[30, 39321, 4618, 4439, 4466, 4488, 4614, 4569, 4657, 4413]
[30, 39321, 4613, 4602, 4519, 4550, 4592, 4464, 4380, 4570]
[30, 39321, 4600, 4445, 4667, 4523, 4590, 4438, 4535, 4513]
[30, 39321, 4491, 4528, 4562, 4561, 4578, 4548, 4547, 4525]
[30, 39321, 4499, 4448, 4587, 4543, 4519, 4585, 4609, 4476]
[30, 39321, 4500, 4523, 4586, 4443, 4500, 4549, 4442, 4681]
[30, 39321, 4434, 4654, 4421, 4383, 4576, 4521, 4605, 4717]
[30, 39321, 4668, 4516, 4356, 4648, 4556, 4635, 4505, 4452]
[30, 39321, 4389, 4528, 4555, 4509, 4554, 4522, 4539, 4629]
[30, 39321, 4542, 4461, 4518, 4607, 4651, 4557, 4351, 4606]
[30, 39321, 4494, 4498, 4525, 4406, 4563, 4603, 4557, 4551]
[30, 39321, 4575, 4456, 4499, 4593, 4389, 4593, 4605, 4591]
[30, 39321, 4338, 4680, 4628, 4593, 4406, 4618, 4532, 4543]
[30, 39321, 4537, 4529, 4495, 4454, 4531, 4614, 4651, 4481]
[30, 39321, 4580, 4616, 4637, 4430, 4515, 4557, 4560, 4438]
[30, 39321, 4425, 4474, 4611, 4542, 4644, 4543, 4510, 4522]
[30, 39321, 4469, 4529, 4582, 4586, 4515, 4448, 4589, 4611]
[30, 39321, 4477, 4519, 4473, 4579, 4543, 4600, 4554, 4582]
[30, 39321, 4369, 4531, 4665, 4530, 4501, 4504, 4557, 4572]
[30, 39321, 4577, 4398, 4539, 4568, 4487, 4533, 4723, 4479]
[30, 39321, 4474, 4524, 4560, 4540, 4525, 4526, 4550, 4565]
[30, 39321, 4518, 4447, 4584, 4686, 4533, 4486, 4543, 4483]
[30, 39321, 4610, 4545, 4458, 4557, 4471, 4583, 4591, 4512]
[30, 39321, 4439, 4499, 4518, 4572, 4641, 4605, 4413, 4570]
[30, 39321, 4563, 4621, 4477, 4543, 4522, 4471, 4505, 4573]
[30, 39321, 4467, 4507, 4634, 4527, 4464, 4613, 4458, 4607]
[30, 39321, 4653, 4494, 4583, 4376, 4443, 4608, 4553, 4614]
[30, 39321, 4634, 4524, 4535, 4486, 4513, 4363, 4616, 4563]
[30, 39321, 4614, 4460, 4521, 4522, 4483, 4475, 4571, 4634]
[30, 39321, 4539, 4609, 4502, 4592, 4519, 4511, 4549, 4565]
[30, 39321, 4340, 4502, 4464, 4711, 4517, 4619, 4621, 4490]
[30, 39321, 4511, 4545, 4495, 4553, 4646, 4509, 4543, 4411]
[30, 39321, 4597, 4404, 4476, 4720, 4588, 4585, 4457, 4430]
[30, 39321, 4494, 4557, 4415, 4672, 4520, 4561, 4545, 4480]
[30, 39321, 4513, 4558, 4651, 4533, 4555, 4543, 4521, 4428]
[30, 39321, 4487, 4610, 4558, 4512, 4672, 4500, 4601, 4408]
[30, 39321, 4603, 4622, 4520, 4605, 4543, 4605, 4412, 4456]
[30, 39321, 4415, 4596, 4563, 4422, 4560, 4477, 4658, 4591]
[30, 39321, 4629, 4635, 4546, 4494, 4481, 4411, 4560, 4530]
[30, 39321, 4477, 4509, 4530, 4470, 4528, 4564, 4609, 4570]
[30, 39321, 4485, 4443, 4577, 4469, 4653, 4389, 4652, 4634]
[30, 39321, 4462, 4476, 4539, 4616, 4560, 4624, 4483, 4521]
[30, 39321, 4425, 4595, 4629, 4551, 4583, 4447, 4641, 4472]
[30, 39321, 4505, 4592, 4550, 4671, 4579, 4457, 4440, 4508]
[30, 39321, 4561, 4612, 4319, 4653, 4586, 4500, 4583, 4468]
[30, 39321, 4365, 4685, 4500, 4494, 4610, 4493, 4518, 4614]
[30, 39321, 4635, 4538, 4650, 4510, 4559, 4455, 4378, 4619]
[30, 39321, 4576, 4457, 4554, 4469, 4621, 4609, 4494, 4490]
[30, 39321, 4552, 4593, 4487, 4560, 4574, 4415, 4624, 4544]
[30, 39321, 4640, 4512, 4537, 4569, 4507, 4430, 4536, 4597]
[30, 39321, 4582, 4461, 4493, 4647, 4581, 4718, 4413, 4279]
[30, 39321, 4416, 4585, 4414, 4535, 4637, 4579, 4490, 4563]
[30, 39321, 4451, 4505, 4549, 4559, 4475, 4437, 4616, 4622]
[30, 39321, 4567, 4526, 4470, 4654, 4457, 4481, 4526, 4626]
[30, 39321, 4540, 4573, 4458, 4514, 4564, 4565, 4551, 4523]
[30, 39321, 4500, 4555, 4598, 4523, 4558, 4437, 4578, 4522]
[30, 39321, 4593, 4423, 4606, 4459, 4489, 4621, 4637, 4448]
[30, 39321, 4603, 4473, 4544, 4614, 4513, 4456, 4566, 4522]
[30, 39321, 4595, 4533, 4561, 4467, 4484, 4541, 4584, 4522]
[30, 39321, 4470, 4654, 4516, 4588, 4435, 4440, 4613, 4564]
[30, 39321, 4610, 4445, 4519, 4539, 4657, 4479, 4505, 4520]
[30, 39321, 4603, 4647, 4663, 4550, 4474, 4407, 4413, 4574]
[30, 39321, 4562, 4686, 4585, 4539, 4492, 4524, 4404, 4506]
[30, 39321, 4538, 4579, 4511, 4488, 4380, 4692, 4611, 4453]
[30, 39321, 4403, 4559, 4502, 4619, 4594, 4534, 4409, 4675]
[30, 39321, 4465, 4492, 4536, 4485, 4547, 4573, 4535, 4552]
[30, 39321, 4421, 4498, 4412, 4562, 4685, 4538, 4669, 4534]
[30, 39321, 4439, 4524, 4496, 4625, 4617, 4568, 4497, 4508]
[30, 39321, 4461, 4585, 4474, 4572, 4507, 4472, 4607, 4570]
[30, 39321, 4564, 4605, 4531, 4400, 4584, 4612, 4578, 4459]
[30, 39321, 4514, 4635, 4516, 4558, 4546, 4487, 4570, 4502]
[30, 39321, 4597, 4552, 4491, 4520, 4565, 4319, 4590, 4613]
[30, 39321, 4571, 4635, 4464, 4568, 4530, 4571, 4431, 4515]
[30, 39321, 4501, 4476, 4514, 4624, 4563, 4531, 4646, 4488]
[30, 39321, 4420, 4571, 4600, 4543, 4369, 4569, 4533, 4620]
[30, 39321, 4626, 4593, 4459, 4418, 4507, 4524, 4526, 4614]
[35, 45875, 5455, 5411, 5340, 5422, 5495, 5485, 5382, 5523]
[35, 45875, 5400, 5478, 5374, 5430, 5594, 5464, 5293, 5478]
[35, 45875, 5449, 5574, 5341, 5346, 5307, 5457, 5443, 5537]
[35, 45875, 5389, 5539, 5342, 5433, 5448, 5465, 5420, 5497]
[35, 45875, 5330, 5483, 5344, 5530, 5449, 5513, 5457, 5430]
[35, 45875, 5391, 5555, 5327, 5465, 5412, 5320, 5562, 5435]
[35, 45875, 5429, 5421, 5415, 5421, 5586, 5457, 5337, 5409]
[35, 45875, 5517, 5369, 5347, 5321, 5428, 5515, 5455, 5513]
[35, 45875, 5508, 5649, 5382, 5342, 5433, 5483, 5270, 5404]
[35, 45875, 5381, 5334, 5520, 5472, 5473, 5411, 5452, 5464]
[35, 45875, 5449, 5434, 5354, 5483, 5549, 5431, 5410, 5327]
[35, 45875, 5386, 5425, 5571, 5404, 5395, 5422, 5483, 5467]
[35, 45875, 5334, 5436, 5512, 5598, 5523, 5312, 5380, 5407]
[35, 45875, 5599, 5337, 5498, 5511, 5517, 5255, 5337, 5496]
[35, 45875, 5449, 5417, 5553, 5412, 5277, 5553, 5386, 5421]
[35, 45875, 5277, 5359, 5587, 5552, 5350, 5408, 5541, 5440]
[35, 45875, 5396, 5453, 5389, 5392, 5434, 5523, 5373, 5473]
[35, 45875, 5476, 5351, 5469, 5342, 5466, 5516, 5468, 5395]
[35, 45875, 5386, 5482, 5597, 5434, 5464, 5471, 5306, 5460]
[35, 45875, 5485, 5330, 5541, 5380, 5438, 5429, 5555, 5303]
[35, 45875, 5574, 5372, 5394, 5442, 5474, 5253, 5426, 5449]
[35, 45875, 5644, 5420, 5403, 5368, 5451, 5445, 5417, 5347]
[35, 45875, 5346, 5533, 5510, 5445, 5326, 5489, 5392, 5423]
[35, 45875, 5323, 5547, 5472, 5397, 5398, 5466, 5512, 5367]
[35, 45875, 5492, 5303, 5385, 5443, 5502, 5508, 5554, 5283]
[35, 45875, 5506, 5521, 5394, 5454, 5481, 5378, 5321, 5439]
[35, 45875, 5455, 5344, 5603, 5389, 5466, 5352, 5432, 5465]
[35, 45875, 5364, 5430, 5441, 5455, 5496, 5499, 5431, 5432]
[35, 45875, 5328, 5340, 5519, 5468, 5434, 5514, 5546, 5386]
[35, 45875, 5410, 5443, 5510, 5331, 5409, 5446, 5356, 5563]
[35, 45875, 5313, 5589, 5270, 5305, 5478, 5409, 5531, 5680]
[35, 45875, 5614, 5376, 5293, 5558, 5441, 5516, 5377, 5359]
[35, 45875, 5319, 5483, 5459, 5385, 5464, 5452, 5388, 5520]
[35, 45875, 5424, 5382, 5399, 5522, 5550, 5449, 5283, 5492]
[35, 45875, 5396, 5427, 5386, 5311, 5459, 5507, 5490, 5476]
[35, 45875, 5464, 5359, 5369, 5535, 5295, 5521, 5539, 5474]
[35, 45875, 5244, 5646, 5546, 5478, 5316, 5466, 5440, 5422]
[35, 45875, 5440, 5438, 5381, 5322, 5446, 5546, 5530, 5393]
[35, 45875, 5523, 5494, 5531, 5295, 5393, 5528, 5414, 5376]
[35, 45875, 5357, 5365, 5479, 5458, 5570, 5405, 5379, 5469]
[35, 45875, 5324, 5464, 5471, 5473, 5406, 5326, 5500, 5553]
[35, 45875, 5330, 5451, 5369, 5461, 5479, 5486, 5470, 5488]
[35, 45875, 5226, 5490, 5648, 5473, 5394, 5338, 5423, 5461]
[35, 45875, 5421, 5277, 5475, 5482, 5405, 5433, 5653, 5364]
[35, 45875, 5377, 5440, 5466, 5405, 5387, 5490, 5459, 5455]
[35, 45875, 5454, 5359, 5528, 5564, 5415, 5358, 5440, 5382]
[35, 45875, 5486, 5443, 5389, 5468, 5423, 5460, 5495, 5359]
[35, 45875, 5349, 5432, 5389, 5486, 5494, 5415, 5356, 5497]
[35, 45875, 5466, 5479, 5335, 5451, 5498, 5382, 5385, 5496]
[35, 45875, 5294, 5356, 5456, 5493, 5430, 5553, 5404, 5443]
[35, 45875, 5553, 5379, 5479, 5311, 5350, 5474, 5470, 5507]
[35, 45875, 5498, 5419, 5465, 5397, 5479, 5219, 5500, 5500]
[35, 45875, 5452, 5406, 5468, 5400, 5428, 5358, 5477, 5510]
[35, 45875, 5438, 5501, 5436, 5440, 5420, 5416, 5451, 5461]
[35, 45875, 5261, 5394, 5304, 5579, 5437, 5556, 5482, 5396]
[35, 45875, 5438, 5445, 5438, 5430, 5593, 5374, 5463, 5267]
[35, 45875, 5446, 5309, 5385, 5603, 5502, 5503, 5363, 5359]
[35, 45875, 5429, 5447, 5280, 5527, 5410, 5469, 5478, 5385]
[35, 45875, 5392, 5466, 5520, 5450, 5453, 5463, 5452, 5343]
[35, 45875, 5386, 5465, 5503, 5390, 5505, 5424, 5582, 5289]
[35, 45875, 5495, 5539, 5420, 5477, 5480, 5508, 5341, 5332]
[35, 45875, 5276, 5512, 5487, 5337, 5480, 5370, 5560, 5484]
[35, 45875, 5530, 5522, 5434, 5422, 5384, 5339, 5472, 5439]
[35, 45875, 5379, 5431, 5434, 5415, 5405, 5446, 5542, 5461]
[35, 45875, 5395, 5324, 5494, 5338, 5560, 5294, 5584, 5558]
[35, 45875, 5378, 5408, 5397, 5508, 5495, 5540, 5344, 5397]
[35, 45875, 5268, 5517, 5510, 5435, 5506, 5376, 5547, 5361]
[35, 45875, 5418, 5466, 5452, 5540, 5510, 5349, 5327, 5412]
[35, 45875, 5442, 5533, 5184, 5604, 5415, 5431, 5462, 5386]
[35, 45875, 5272, 5588, 5412, 5424, 5519, 5451, 5378, 5499]
[35, 45875, 5510, 5443, 5531, 5453, 5508, 5374, 5229, 5476]
[35, 45875, 5473, 5391, 5449, 5387, 5486, 5486, 5381, 5404]
[35, 45875, 5490, 5472, 5356, 5408, 5508, 5276, 5548, 5440]
[35, 45875, 5568, 5392, 5466, 5407, 5410, 5353, 5460, 5479]
[35, 45875, 5476, 5390, 5304, 5578, 5506, 5632, 5346, 5181]
[35, 45875, 5339, 5525, 5317, 5411, 5550, 5527, 5328, 5475]
[35, 45875, 5427, 5400, 5431, 5510, 5384, 5318, 5535, 5486]
[35, 45875, 5444, 5425, 5378, 5616, 5366, 5367, 5428, 5484]
[35, 45875, 5475, 5498, 5302, 5382, 5518, 5421, 5518, 5437]
[35, 45875, 5379, 5469, 5485, 5452, 5439, 5290, 5524, 5369]
[35, 45875, 5509, 5359, 5504, 5324, 5375, 5551, 5493, 5372]
[35, 45875, 5511, 5334, 5437, 5491, 5421, 5345, 5500, 5468]
[35, 45875, 5570, 5437, 5458, 5350, 5315, 5432, 5479, 5466]
[35, 45875, 5405, 5559, 5439, 5471, 5362, 5370, 5485, 5472]
[35, 45875, 5521, 5371, 5411, 5474, 5546, 5396, 5373, 5418]
[35, 45875, 5511, 5586, 5503, 5486, 5389, 5298, 5303, 5463]
[35, 45875, 5418, 5615, 5506, 5465, 5363, 5427, 5307, 5407]
[35, 45875, 5463, 5523, 5400, 5417, 5316, 5520, 5481, 5345]
[35, 45875, 5299, 5475, 5391, 5503, 5522, 5456, 5285, 5558]
[35, 45875, 5363, 5403, 5400, 5442, 5525, 5479, 5393, 5434]
[35, 45875, 5352, 5417, 5433, 5435, 5536, 5379, 5576, 5425]
[35, 45875, 5377, 5379, 5377, 5486, 5521, 5516, 5390, 5451]
[35, 45875, 5395, 5560, 5423, 5461, 5358, 5315, 5529, 5443]
[35, 45875, 5404, 5541, 5414, 5318, 5455, 5549, 5473, 5360]
[35, 45875, 5446, 5476, 5434, 5449, 5489, 5355, 5481, 5394]
[35, 45875, 5509, 5465, 5418, 5401, 5395, 5244, 5464, 5541]
[35, 45875, 5484, 5529, 5351, 5469, 5406, 5468, 5355, 5404]
[35, 45875, 5440, 5355, 5440, 5516, 5403, 5423, 5591, 5352]
[35, 45875, 5297, 5512, 5566, 5425, 5211, 5462, 5427, 5552]
[35, 45875, 5473, 5495, 5360, 5343, 5417, 5463, 5400, 5530]
[40, 52428, 6364, 6312, 6146, 6314, 6399, 6335, 6320, 6456]
[40, 52428, 6283, 6371, 6243, 6294, 6535, 6367, 6150, 6372]
[40, 52428, 6274, 6447, 6264, 6240, 6185, 6418, 6305, 6424]
[40, 52428, 6225, 6450, 6193, 6277, 6347, 6372, 6335, 6400]
[40, 52428, 6234, 6311, 6270, 6444, 6333, 6392, 6351, 6307]
[40, 52428, 6231, 6425, 6199, 6363, 6346, 6193, 6457, 6376]
[40, 52428, 6390, 6294, 6258, 6260, 6427, 6362, 6234, 6316]
[40, 52428, 6419, 6252, 6249, 6204, 6343, 6401, 6365, 6347]
[40, 52428, 6356, 6568, 6299, 6256, 6308, 6344, 6130, 6341]
[40, 52428, 6356, 6254, 6311, 6344, 6311, 6351, 6302, 6403]
[40, 52428, 6311, 6317, 6288, 6378, 6448, 6364, 6289, 6179]
[40, 52428, 6229, 6302, 6448, 6281, 6327, 6322, 6365, 6362]
[40, 52428, 6183, 6323, 6458, 6434, 6420, 6176, 6302, 6302]
[40, 52428, 6450, 6202, 6404, 6394, 6338, 6138, 6283, 6412]
[40, 52428, 6354, 6277, 6443, 6310, 6185, 6410, 6237, 6342]
[40, 52428, 6141, 6217, 6485, 6446, 6268, 6313, 6422, 6338]
[40, 52428, 6241, 6298, 6269, 6288, 6375, 6379, 6293, 6378]
[40, 52428, 6377, 6196, 6412, 6266, 6299, 6373, 6388, 6312]
[40, 52428, 6296, 6342, 6472, 6286, 6328, 6446, 6165, 6365]
[40, 52428, 6380, 6259, 6404, 6312, 6271, 6332, 6448, 6167]
[40, 52428, 6500, 6274, 6262, 6349, 6334, 6106, 6338, 6353]
[40, 52428, 6493, 6311, 6302, 6259, 6336, 6343, 6338, 6228]
[40, 52428, 6215, 6453, 6415, 6298, 6209, 6364, 6315, 6348]
[40, 52428, 6211, 6472, 6373, 6224, 6318, 6358, 6385, 6225]
[40, 52428, 6402, 6202, 6263, 6350, 6339, 6364, 6445, 6221]
[40, 52428, 6410, 6394, 6235, 6336, 6359, 6293, 6201, 6371]
[40, 52428, 6349, 6229, 6526, 6300, 6324, 6190, 6321, 6363]
[40, 52428, 6231, 6261, 6378, 6317, 6447, 6404, 6331, 6287]
[40, 52428, 6207, 6240, 6381, 6328, 6332, 6429, 6454, 6277]
[40, 52428, 6290, 6381, 6359, 6239, 6288, 6322, 6252, 6438]
[40, 52428, 6195, 6539, 6071, 6193, 6354, 6301, 6393, 6554]
[40, 52428, 6522, 6234, 6151, 6464, 6317, 6378, 6277, 6258]
[40, 52428, 6221, 6353, 6337, 6271, 6327, 6322, 6310, 6437]
[40, 52428, 6316, 6323, 6260, 6403, 6388, 6347, 6158, 6431]
[40, 52428, 6300, 6303, 6246, 6247, 6333, 6422, 6418, 6350]
[40, 52428, 6312, 6250, 6290, 6378, 6173, 6448, 6421, 6406]
[40, 52428, 6156, 6526, 6403, 6308, 6231, 6390, 6385, 6258]
[40, 52428, 6339, 6338, 6283, 6181, 6350, 6425, 6427, 6299]
[40, 52428, 6345, 6353, 6434, 6203, 6276, 6391, 6303, 6300]
[40, 52428, 6308, 6226, 6373, 6353, 6455, 6318, 6173, 6382]
[40, 52428, 6153, 6409, 6358, 6372, 6282, 6219, 6401, 6419]
[40, 52428, 6217, 6366, 6259, 6333, 6417, 6337, 6354, 6374]
[40, 52428, 6142, 6386, 6498, 6402, 6318, 6223, 6282, 6322]
[40, 52428, 6316, 6172, 6345, 6374, 6335, 6285, 6532, 6273]
[40, 52428, 6245, 6403, 6422, 6294, 6255, 6361, 6279, 6310]
[40, 52428, 6278, 6219, 6441, 6425, 6321, 6310, 6338, 6278]
[40, 52428, 6343, 6394, 6230, 6355, 6330, 6363, 6379, 6231]
[40, 52428, 6277, 6317, 6317, 6329, 6346, 6325, 6236, 6421]
[40, 52428, 6339, 6345, 6188, 6384, 6349, 6324, 6325, 6330]
[40, 52428, 6174, 6312, 6307, 6351, 6359, 6479, 6247, 6349]
[40, 52428, 6478, 6243, 6368, 6180, 6208, 6336, 6382, 6436]
[40, 52428, 6378, 6283, 6336, 6348, 6351, 6109, 6381, 6403]
[40, 52428, 6366, 6282, 6366, 6245, 6327, 6254, 6381, 6413]
[40, 52428, 6379, 6427, 6285, 6296, 6280, 6284, 6350, 6318]
[40, 52428, 6240, 6288, 6228, 6381, 6314, 6513, 6335, 6289]
[40, 52428, 6330, 6283, 6348, 6345, 6471, 6284, 6381, 6181]
[40, 52428, 6316, 6208, 6231, 6501, 6436, 6382, 6299, 6266]
[40, 52428, 6331, 6349, 6148, 6450, 6253, 6391, 6370, 6278]
[40, 52428, 6273, 6357, 6406, 6362, 6321, 6380, 6337, 6226]
[40, 52428, 6209, 6348, 6393, 6331, 6319, 6379, 6521, 6161]
[40, 52428, 6397, 6421, 6344, 6371, 6325, 6401, 6236, 6188]
[40, 52428, 6163, 6449, 6302, 6245, 6356, 6286, 6450, 6352]
[40, 52428, 6462, 6369, 6301, 6294, 6299, 6222, 6373, 6296]
[40, 52428, 6220, 6345, 6378, 6274, 6356, 6394, 6356, 6323]
[40, 52428, 6296, 6214, 6416, 6248, 6393, 6198, 6480, 6381]
[40, 52428, 6265, 6251, 6326, 6411, 6376, 6407, 6232, 6280]
[40, 52428, 6149, 6376, 6422, 6303, 6452, 6252, 6439, 6213]
[40, 52428, 6263, 6408, 6340, 6387, 6403, 6273, 6204, 6302]
[40, 52428, 6348, 6395, 6092, 6507, 6290, 6309, 6316, 6295]
[40, 52428, 6172, 6419, 6302, 6352, 6407, 6369, 6253, 6378]
[40, 52428, 6346, 6371, 6423, 6358, 6420, 6317, 6092, 6310]
[40, 52428, 6399, 6270, 6315, 6300, 6353, 6394, 6216, 6339]
[40, 52428, 6379, 6386, 6313, 6274, 6375, 6157, 6376, 6332]
[40, 52428, 6473, 6283, 6310, 6314, 6254, 6291, 6350, 6355]
[40, 52428, 6371, 6267, 6252, 6473, 6396, 6509, 6224, 6046]
[40, 52428, 6222, 6396, 6214, 6345, 6382, 6429, 6221, 6355]
[40, 52428, 6312, 6299, 6361, 6385, 6222, 6224, 6382, 6378]
[40, 52428, 6327, 6314, 6297, 6444, 6230, 6232, 6368, 6371]
[40, 52428, 6317, 6357, 6156, 6284, 6442, 6293, 6385, 6355]
[40, 52428, 6246, 6384, 6388, 6359, 6338, 6200, 6395, 6224]
[40, 52428, 6419, 6190, 6466, 6196, 6287, 6446, 6396, 6258]
[40, 52428, 6425, 6228, 6319, 6381, 6320, 6225, 6365, 6337]
[40, 52428, 6423, 6305, 6377, 6229, 6235, 6308, 6414, 6336]
[40, 52428, 6288, 6403, 6341, 6383, 6273, 6233, 6370, 6372]
[40, 52428, 6436, 6286, 6258, 6355, 6407, 6316, 6256, 6288]
[40, 52428, 6352, 6412, 6402, 6353, 6374, 6159, 6191, 6422]
[40, 52428, 6327, 6462, 6391, 6320, 6295, 6310, 6199, 6299]
[40, 52428, 6385, 6390, 6336, 6300, 6169, 6430, 6316, 6241]
[40, 52428, 6211, 6380, 6272, 6397, 6349, 6403, 6210, 6375]
[40, 52428, 6262, 6308, 6293, 6360, 6419, 6351, 6275, 6299]
[40, 52428, 6244, 6342, 6306, 6290, 6458, 6287, 6447, 6252]
[40, 52428, 6282, 6266, 6269, 6368, 6428, 6363, 6251, 6346]
[40, 52428, 6289, 6445, 6381, 6295, 6273, 6223, 6381, 6319]
[40, 52428, 6302, 6379, 6303, 6211, 6314, 6475, 6385, 6198]
[40, 52428, 6331, 6371, 6317, 6344, 6384, 6227, 6416, 6223]
[40, 52428, 6391, 6353, 6250, 6260, 6313, 6220, 6355, 6419]
[40, 52428, 6347, 6440, 6204, 6337, 6349, 6432, 6199, 6280]
[40, 52428, 6362, 6301, 6278, 6370, 6301, 6315, 6487, 6196]
[40, 52428, 6219, 6350, 6440, 6349, 6120, 6351, 6363, 6379]
[40, 52428, 6335, 6369, 6267, 6208, 6284, 6353, 6326, 6457]
