[1, 1310, 7]
[1, 1310, 14]
[1, 1310, 12]
[1, 1310, 10]
[1, 1310, 10]
[1, 1310, 8]
[1, 1310, 5]
[1, 1310, 7]
[1, 1310, 5]
[1, 1310, 6]
[1, 1310, 10]
[1, 1310, 8]
[1, 1310, 8]
[1, 1310, 8]
[1, 1310, 9]
[1, 1310, 16]
[1, 1310, 9]
[1, 1310, 8]
[1, 1310, 10]
[1, 1310, 6]
[1, 1310, 28]
[1, 1310, 6]
[1, 1310, 6]
[1, 1310, 10]
[1, 1310, 3]
[1, 1310, 7]
[1, 1310, 12]
[1, 1310, 7]
[1, 1310, 7]
[1, 1310, 11]
[1, 1310, 6]
[1, 1310, 10]
[1, 1310, 11]
[1, 1310, 8]
[1, 1310, 9]
[1, 1310, 12]
[1, 1310, 13]
[1, 1310, 17]
[1, 1310, 6]
[1, 1310, 5]
[1, 1310, 8]
[1, 1310, 12]
[1, 1310, 4]
[1, 1310, 16]
[1, 1310, 13]
[1, 1310, 9]
[1, 1310, 15]
[1, 1310, 11]
[1, 1310, 12]
[1, 1310, 10]
[1, 1310, 9]
[1, 1310, 13]
[1, 1310, 10]
[1, 1310, 7]
[1, 1310, 7]
[1, 1310, 5]
[1, 1310, 13]
[1, 1310, 9]
[1, 1310, 14]
[1, 1310, 6]
[1, 1310, 10]
[1, 1310, 18]
[1, 1310, 7]
[1, 1310, 8]
[1, 1310, 1]
[1, 1310, 13]
[1, 1310, 6]
[1, 1310, 10]
[1, 1310, 7]
[1, 1310, 8]
[1, 1310, 9]
[1, 1310, 9]
[1, 1310, 2]
[1, 1310, 20]
[1, 1310, 9]
[1, 1310, 9]
[1, 1310, 7]
[1, 1310, 9]
[1, 1310, 12]
[1, 1310, 6]
[1, 1310, 9]
[1, 1310, 7]
[1, 1310, 11]
[1, 1310, 12]
[1, 1310, 6]
[1, 1310, 9]
[1, 1310, 8]
[1, 1310, 10]
[1, 1310, 14]
[1, 1310, 8]
[1, 1310, 10]
[1, 1310, 14]
[1, 1310, 12]
[1, 1310, 7]
[1, 1310, 8]
[1, 1310, 13]
[1, 1310, 5]
[1, 1310, 7]
[1, 1310, 10]
[1, 1310, 3]
[2, 2621, 35]
[2, 2621, 34]
[2, 2621, 35]
[2, 2621, 35]
[2, 2621, 29]
[2, 2621, 43]
[2, 2621, 25]
[2, 2621, 29]
[2, 2621, 29]
[2, 2621, 38]
[2, 2621, 33]
[2, 2621, 28]
[2, 2621, 24]
[2, 2621, 26]
[2, 2621, 30]
[2, 2621, 49]
[2, 2621, 42]
[2, 2621, 35]
[2, 2621, 38]
[2, 2621, 28]
[2, 2621, 50]
[2, 2621, 35]
[2, 2621, 26]
[2, 2621, 43]
[2, 2621, 31]
[2, 2621, 40]
[2, 2621, 30]
[2, 2621, 27]
[2, 2621, 42]
[2, 2621, 35]
[2, 2621, 32]
[2, 2621, 26]
[2, 2621, 33]
[2, 2621, 30]
[2, 2621, 25]
[2, 2621, 42]
[2, 2621, 44]
[2, 2621, 44]
[2, 2621, 27]
[2, 2621, 36]
[2, 2621, 28]
[2, 2621, 52]
[2, 2621, 35]
[2, 2621, 38]
[2, 2621, 29]
[2, 2621, 36]
[2, 2621, 40]
[2, 2621, 38]
[2, 2621, 32]
[2, 2621, 35]
[2, 2621, 26]
[2, 2621, 36]
[2, 2621, 39]
[2, 2621, 33]
[2, 2621, 19]
[2, 2621, 37]
[2, 2621, 42]
[2, 2621, 28]
[2, 2621, 38]
[2, 2621, 40]
[2, 2621, 26]
[2, 2621, 39]
[2, 2621, 28]
[2, 2621, 26]
[2, 2621, 25]
[2, 2621, 43]
[2, 2621, 34]
[2, 2621, 27]
[2, 2621, 27]
[2, 2621, 33]
[2, 2621, 37]
[2, 2621, 30]
[2, 2621, 40]
[2, 2621, 40]
[2, 2621, 27]
[2, 2621, 38]
[2, 2621, 34]
[2, 2621, 27]
[2, 2621, 41]
[2, 2621, 34]
[2, 2621, 42]
[2, 2621, 36]
[2, 2621, 30]
[2, 2621, 25]
[2, 2621, 34]
[2, 2621, 37]
[2, 2621, 41]
[2, 2621, 34]
[2, 2621, 47]
[2, 2621, 28]
[2, 2621, 31]
[2, 2621, 28]
[2, 2621, 39]
[2, 2621, 25]
[2, 2621, 42]
[2, 2621, 30]
[2, 2621, 22]
[2, 2621, 25]
[2, 2621, 33]
[2, 2621, 26]
[5, 6553, 261]
[5, 6553, 217]
[5, 6553, 259]
[5, 6553, 232]
[5, 6553, 227]
[5, 6553, 211]
[5, 6553, 225]
[5, 6553, 246]
[5, 6553, 222]
[5, 6553, 241]
[5, 6553, 241]
[5, 6553, 218]
[5, 6553, 202]
[5, 6553, 228]
[5, 6553, 252]
[5, 6553, 252]
[5, 6553, 255]
[5, 6553, 194]
[5, 6553, 271]
[5, 6553, 249]
[5, 6553, 275]
[5, 6553, 227]
[5, 6553, 237]
[5, 6553, 264]
[5, 6553, 262]
[5, 6553, 258]
[5, 6553, 235]
[5, 6553, 253]
[5, 6553, 239]
[5, 6553, 271]
[5, 6553, 240]
[5, 6553, 220]
[5, 6553, 245]
[5, 6553, 254]
[5, 6553, 216]
[5, 6553, 210]
[5, 6553, 250]
[5, 6553, 250]
[5, 6553, 269]
[5, 6553, 222]
[5, 6553, 251]
[5, 6553, 263]
[5, 6553, 255]
[5, 6553, 231]
[5, 6553, 253]
[5, 6553, 246]
[5, 6553, 236]
[5, 6553, 271]
[5, 6553, 227]
[5, 6553, 247]
[5, 6553, 237]
[5, 6553, 241]
[5, 6553, 281]
[5, 6553, 232]
[5, 6553, 236]
[5, 6553, 226]
[5, 6553, 269]
[5, 6553, 224]
[5, 6553, 271]
[5, 6553, 250]
[5, 6553, 250]
[5, 6553, 218]
[5, 6553, 212]
[5, 6553, 273]
[5, 6553, 190]
[5, 6553, 249]
[5, 6553, 220]
[5, 6553, 223]
[5, 6553, 239]
[5, 6553, 222]
[5, 6553, 280]
[5, 6553, 223]
[5, 6553, 265]
[5, 6553, 244]
[5, 6553, 245]
[5, 6553, 222]
[5, 6553, 255]
[5, 6553, 231]
[5, 6553, 265]
[5, 6553, 213]
[5, 6553, 226]
[5, 6553, 249]
[5, 6553, 249]
[5, 6553, 212]
[5, 6553, 208]
[5, 6553, 241]
[5, 6553, 243]
[5, 6553, 233]
[5, 6553, 243]
[5, 6553, 250]
[5, 6553, 260]
[5, 6553, 249]
[5, 6553, 217]
[5, 6553, 222]
[5, 6553, 243]
[5, 6553, 249]
[5, 6553, 211]
[5, 6553, 262]
[5, 6553, 247]
[5, 6553, 241]
[10, 13107, 1185]
[10, 13107, 1132]
[10, 13107, 1084]
[10, 13107, 1162]
[10, 13107, 1068]
[10, 13107, 1052]
[10, 13107, 1112]
[10, 13107, 1118]
[10, 13107, 1131]
[10, 13107, 1088]
[10, 13107, 1130]
[10, 13107, 1053]
[10, 13107, 1106]
[10, 13107, 1120]
[10, 13107, 1142]
[10, 13107, 1162]
[10, 13107, 1133]
[10, 13107, 1130]
[10, 13107, 1168]
[10, 13107, 1091]
[10, 13107, 1147]
[10, 13107, 1083]
[10, 13107, 1111]
[10, 13107, 1146]
[10, 13107, 1138]
[10, 13107, 1130]
[10, 13107, 1163]
[10, 13107, 1079]
[10, 13107, 1130]
[10, 13107, 1130]
[10, 13107, 1144]
[10, 13107, 1085]
[10, 13107, 1133]
[10, 13107, 1148]
[10, 13107, 1198]
[10, 13107, 1127]
[10, 13107, 1036]
[10, 13107, 1129]
[10, 13107, 1211]
[10, 13107, 1097]
[10, 13107, 1163]
[10, 13107, 1146]
[10, 13107, 1093]
[10, 13107, 1147]
[10, 13107, 1157]
[10, 13107, 1084]
[10, 13107, 1034]
[10, 13107, 1142]
[10, 13107, 1083]
[10, 13107, 1122]
[10, 13107, 1141]
[10, 13107, 1187]
[10, 13107, 1185]
[10, 13107, 1124]
[10, 13107, 1138]
[10, 13107, 1140]
[10, 13107, 1099]
[10, 13107, 1075]
[10, 13107, 1208]
[10, 13107, 1106]
[10, 13107, 1142]
[10, 13107, 1114]
[10, 13107, 1088]
[10, 13107, 1147]
[10, 13107, 1121]
[10, 13107, 1144]
[10, 13107, 1068]
[10, 13107, 1100]
[10, 13107, 1131]
[10, 13107, 1148]
[10, 13107, 1153]
[10, 13107, 1091]
[10, 13107, 1075]
[10, 13107, 1154]
[10, 13107, 1063]
[10, 13107, 1122]
[10, 13107, 1116]
[10, 13107, 1153]
[10, 13107, 1084]
[10, 13107, 1117]
[10, 13107, 1148]
[10, 13107, 1192]
[10, 13107, 1126]
[10, 13107, 1112]
[10, 13107, 1074]
[10, 13107, 1143]
[10, 13107, 1127]
[10, 13107, 1133]
[10, 13107, 1148]
[10, 13107, 1166]
[10, 13107, 1179]
[10, 13107, 1110]
[10, 13107, 1135]
[10, 13107, 1122]
[10, 13107, 1114]
[10, 13107, 1178]
[10, 13107, 1096]
[10, 13107, 1158]
[10, 13107, 1071]
[10, 13107, 1156]
[15, 19660, 2794]
[15, 19660, 2864]
[15, 19660, 2732]
[15, 19660, 2828]
[15, 19660, 2766]
[15, 19660, 2694]
[15, 19660, 2832]
[15, 19660, 2800]
[15, 19660, 2785]
[15, 19660, 2894]
[15, 19660, 2737]
[15, 19660, 2718]
[15, 19660, 2892]
[15, 19660, 2898]
[15, 19660, 2868]
[15, 19660, 2883]
[15, 19660, 2781]
[15, 19660, 2864]
[15, 19660, 2887]
[15, 19660, 2735]
[15, 19660, 2810]
[15, 19660, 2730]
[15, 19660, 2837]
[15, 19660, 2744]
[15, 19660, 2800]
[15, 19660, 2777]
[15, 19660, 2907]
[15, 19660, 2793]
[15, 19660, 2766]
[15, 19660, 2710]
[15, 19660, 2776]
[15, 19660, 2747]
[15, 19660, 2727]
[15, 19660, 2827]
[15, 19660, 2814]
[15, 19660, 2721]
[15, 19660, 2745]
[15, 19660, 2812]
[15, 19660, 2975]
[15, 19660, 2789]
[15, 19660, 2761]
[15, 19660, 2733]
[15, 19660, 2827]
[15, 19660, 2870]
[15, 19660, 2803]
[15, 19660, 2747]
[15, 19660, 2759]
[15, 19660, 2796]
[15, 19660, 2716]
[15, 19660, 2711]
[15, 19660, 2799]
[15, 19660, 2832]
[15, 19660, 2801]
[15, 19660, 2716]
[15, 19660, 2714]
[15, 19660, 2768]
[15, 19660, 2711]
[15, 19660, 2757]
[15, 19660, 2862]
[15, 19660, 2736]
[15, 19660, 2781]
[15, 19660, 2812]
[15, 19660, 2767]
[15, 19660, 2859]
[15, 19660, 2744]
[15, 19660, 2943]
[15, 19660, 2758]
[15, 19660, 2760]
[15, 19660, 2820]
[15, 19660, 2817]
[15, 19660, 2777]
[15, 19660, 2831]
[15, 19660, 2753]
[15, 19660, 2796]
[15, 19660, 2715]
[15, 19660, 2855]
[15, 19660, 2804]
[15, 19660, 2788]
[15, 19660, 2766]
[15, 19660, 2778]
[15, 19660, 2848]
[15, 19660, 2830]
[15, 19660, 2747]
[15, 19660, 2769]
[15, 19660, 2734]
[15, 19660, 2829]
[15, 19660, 2706]
[15, 19660, 2792]
[15, 19660, 2789]
[15, 19660, 2785]
[15, 19660, 2887]
[15, 19660, 2773]
[15, 19660, 2914]
[15, 19660, 2885]
[15, 19660, 2832]
[15, 19660, 2828]
[15, 19660, 2794]
[15, 19660, 2843]
[15, 19660, 2657]
[15, 19660, 2796]
[20, 26214, 5195]
[20, 26214, 5178]
[20, 26214, 5172]
[20, 26214, 5284]
[20, 26214, 5095]
[20, 26214, 5095]
[20, 26214, 5128]
[20, 26214, 5036]
[20, 26214, 5151]
[20, 26214, 5210]
[20, 26214, 5104]
[20, 26214, 4972]
[20, 26214, 5346]
[20, 26214, 5217]
[20, 26214, 5378]
[20, 26214, 5216]
[20, 26214, 5172]
[20, 26214, 5207]
[20, 26214, 5208]
[20, 26214, 4940]
[20, 26214, 5141]
[20, 26214, 5104]
[20, 26214, 5220]
[20, 26214, 5139]
[20, 26214, 5125]
[20, 26214, 5110]
[20, 26214, 5290]
[20, 26214, 5143]
[20, 26214, 5151]
[20, 26214, 5094]
[20, 26214, 5097]
[20, 26214, 5051]
[20, 26214, 5138]
[20, 26214, 5216]
[20, 26214, 5159]
[20, 26214, 5000]
[20, 26214, 5127]
[20, 26214, 5142]
[20, 26214, 5476]
[20, 26214, 5102]
[20, 26214, 5108]
[20, 26214, 4983]
[20, 26214, 5253]
[20, 26214, 5291]
[20, 26214, 5168]
[20, 26214, 5069]
[20, 26214, 5061]
[20, 26214, 5193]
[20, 26214, 5078]
[20, 26214, 5116]
[20, 26214, 5133]
[20, 26214, 5057]
[20, 26214, 5199]
[20, 26214, 5134]
[20, 26214, 5162]
[20, 26214, 5197]
[20, 26214, 5092]
[20, 26214, 5105]
[20, 26214, 5099]
[20, 26214, 5157]
[20, 26214, 5135]
[20, 26214, 5165]
[20, 26214, 5151]
[20, 26214, 5189]
[20, 26214, 5100]
[20, 26214, 5217]
[20, 26214, 5195]
[20, 26214, 5051]
[20, 26214, 5119]
[20, 26214, 5162]
[20, 26214, 5164]
[20, 26214, 5262]
[20, 26214, 5142]
[20, 26214, 5214]
[20, 26214, 5169]
[20, 26214, 5249]
[20, 26214, 5063]
[20, 26214, 5150]
[20, 26214, 5099]
[20, 26214, 5146]
[20, 26214, 5271]
[20, 26214, 5077]
[20, 26214, 5116]
[20, 26214, 5165]
[20, 26214, 5054]
[20, 26214, 5193]
[20, 26214, 5000]
[20, 26214, 5141]
[20, 26214, 5242]
[20, 26214, 5192]
[20, 26214, 5207]
[20, 26214, 5113]
[20, 26214, 5309]
[20, 26214, 5362]
[20, 26214, 5261]
[20, 26214, 5248]
[20, 26214, 5174]
[20, 26214, 5278]
[20, 26214, 4943]
[20, 26214, 5177]
[25, 32768, 8121]
[25, 32768, 8206]
[25, 32768, 8017]
[25, 32768, 8292]
[25, 32768, 8025]
[25, 32768, 7986]
[25, 32768, 8012]
[25, 32768, 7931]
[25, 32768, 8032]
[25, 32768, 8155]
[25, 32768, 8106]
[25, 32768, 7846]
[25, 32768, 8287]
[25, 32768, 8137]
[25, 32768, 8398]
[25, 32768, 8119]
[25, 32768, 8126]
[25, 32768, 8091]
[25, 32768, 8179]
[25, 32768, 7811]
[25, 32768, 8081]
[25, 32768, 8091]
[25, 32768, 8177]
[25, 32768, 7942]
[25, 32768, 8140]
[25, 32768, 7980]
[25, 32768, 8240]
[25, 32768, 8109]
[25, 32768, 8085]
[25, 32768, 7940]
[25, 32768, 8094]
[25, 32768, 8060]
[25, 32768, 8012]
[25, 32768, 8131]
[25, 32768, 8046]
[25, 32768, 7881]
[25, 32768, 8266]
[25, 32768, 8096]
[25, 32768, 8409]
[25, 32768, 8026]
[25, 32768, 8022]
[25, 32768, 7908]
[25, 32768, 8155]
[25, 32768, 8356]
[25, 32768, 8113]
[25, 32768, 7896]
[25, 32768, 8062]
[25, 32768, 8073]
[25, 32768, 8004]
[25, 32768, 8051]
[25, 32768, 8075]
[25, 32768, 8066]
[25, 32768, 8128]
[25, 32768, 8106]
[25, 32768, 8126]
[25, 32768, 8069]
[25, 32768, 8099]
[25, 32768, 7979]
[25, 32768, 7964]
[25, 32768, 8064]
[25, 32768, 7993]
[25, 32768, 7963]
[25, 32768, 8019]
[25, 32768, 7997]
[25, 32768, 8040]
[25, 32768, 8119]
[25, 32768, 8061]
[25, 32768, 7972]
[25, 32768, 7904]
[25, 32768, 8088]
[25, 32768, 8041]
[25, 32768, 8173]
[25, 32768, 7976]
[25, 32768, 8155]
[25, 32768, 8228]
[25, 32768, 8152]
[25, 32768, 8043]
[25, 32768, 8114]
[25, 32768, 7957]
[25, 32768, 8054]
[25, 32768, 8186]
[25, 32768, 7907]
[25, 32768, 8087]
[25, 32768, 8211]
[25, 32768, 8017]
[25, 32768, 8032]
[25, 32768, 7776]
[25, 32768, 8206]
[25, 32768, 8112]
[25, 32768, 7994]
[25, 32768, 8124]
[25, 32768, 7967]
[25, 32768, 8217]
[25, 32768, 8350]
[25, 32768, 8175]
[25, 32768, 8202]
[25, 32768, 8121]
[25, 32768, 8168]
[25, 32768, 7907]
[25, 32768, 8132]
[30, 39321, 11446]
[30, 39321, 11563]
[30, 39321, 11292]
[30, 39321, 11670]
[30, 39321, 11335]
[30, 39321, 11310]
[30, 39321, 11412]
[30, 39321, 11299]
[30, 39321, 11329]
[30, 39321, 11448]
[30, 39321, 11339]
[30, 39321, 11256]
[30, 39321, 11548]
[30, 39321, 11409]
[30, 39321, 11613]
[30, 39321, 11324]
[30, 39321, 11503]
[30, 39321, 11351]
[30, 39321, 11476]
[30, 39321, 11195]
[30, 39321, 11489]
[30, 39321, 11455]
[30, 39321, 11456]
[30, 39321, 11302]
[30, 39321, 11477]
[30, 39321, 11433]
[30, 39321, 11605]
[30, 39321, 11438]
[30, 39321, 11525]
[30, 39321, 11269]
[30, 39321, 11460]
[30, 39321, 11398]
[30, 39321, 11468]
[30, 39321, 11455]
[30, 39321, 11339]
[30, 39321, 11107]
[30, 39321, 11618]
[30, 39321, 11416]
[30, 39321, 11751]
[30, 39321, 11510]
[30, 39321, 11438]
[30, 39321, 11288]
[30, 39321, 11387]
[30, 39321, 11683]
[30, 39321, 11656]
[30, 39321, 11254]
[30, 39321, 11352]
[30, 39321, 11457]
[30, 39321, 11520]
[30, 39321, 11410]
[30, 39321, 11350]
[30, 39321, 11285]
[30, 39321, 11407]
[30, 39321, 11459]
[30, 39321, 11458]
[30, 39321, 11331]
[30, 39321, 11365]
[30, 39321, 11325]
[30, 39321, 11300]
[30, 39321, 11326]
[30, 39321, 11209]
[30, 39321, 11328]
[30, 39321, 11362]
[30, 39321, 11318]
[30, 39321, 11389]
[30, 39321, 11387]
[30, 39321, 11338]
[30, 39321, 11368]
[30, 39321, 11248]
[30, 39321, 11418]
[30, 39321, 11442]
[30, 39321, 11516]
[30, 39321, 11312]
[30, 39321, 11349]
[30, 39321, 11486]
[30, 39321, 11482]
[30, 39321, 11328]
[30, 39321, 11365]
[30, 39321, 11219]
[30, 39321, 11480]
[30, 39321, 11605]
[30, 39321, 11282]
[30, 39321, 11534]
[30, 39321, 11696]
[30, 39321, 11408]
[30, 39321, 11409]
[30, 39321, 11129]
[30, 39321, 11549]
[30, 39321, 11539]
[30, 39321, 11252]
[30, 39321, 11559]
[30, 39321, 11376]
[30, 39321, 11557]
[30, 39321, 11639]
[30, 39321, 11542]
[30, 39321, 11568]
[30, 39321, 11383]
[30, 39321, 11551]
[30, 39321, 11221]
[30, 39321, 11416]
[35, 45875, 14946]
[35, 45875, 15108]
[35, 45875, 15033]
[35, 45875, 15254]
[35, 45875, 14995]
[35, 45875, 14905]
[35, 45875, 14994]
[35, 45875, 14894]
[35, 45875, 14962]
[35, 45875, 15061]
[35, 45875, 15044]
[35, 45875, 14762]
[35, 45875, 15102]
[35, 45875, 15078]
[35, 45875, 15330]
[35, 45875, 14991]
[35, 45875, 14885]
[35, 45875, 15053]
[35, 45875, 14987]
[35, 45875, 14752]
[35, 45875, 14967]
[35, 45875, 15121]
[35, 45875, 15071]
[35, 45875, 14813]
[35, 45875, 15086]
[35, 45875, 15087]
[35, 45875, 15250]
[35, 45875, 15063]
[35, 45875, 15128]
[35, 45875, 14924]
[35, 45875, 15093]
[35, 45875, 15051]
[35, 45875, 15216]
[35, 45875, 14865]
[35, 45875, 14918]
[35, 45875, 14781]
[35, 45875, 15292]
[35, 45875, 15118]
[35, 45875, 15403]
[35, 45875, 15078]
[35, 45875, 15031]
[35, 45875, 14916]
[35, 45875, 15040]
[35, 45875, 15311]
[35, 45875, 15077]
[35, 45875, 14827]
[35, 45875, 15036]
[35, 45875, 15156]
[35, 45875, 15176]
[35, 45875, 15115]
[35, 45875, 15028]
[35, 45875, 14918]
[35, 45875, 15097]
[35, 45875, 15088]
[35, 45875, 15170]
[35, 45875, 15093]
[35, 45875, 15003]
[35, 45875, 14937]
[35, 45875, 15051]
[35, 45875, 15005]
[35, 45875, 14885]
[35, 45875, 14993]
[35, 45875, 14986]
[35, 45875, 14910]
[35, 45875, 14930]
[35, 45875, 14926]
[35, 45875, 14801]
[35, 45875, 14997]
[35, 45875, 14900]
[35, 45875, 15003]
[35, 45875, 15260]
[35, 45875, 15131]
[35, 45875, 14925]
[35, 45875, 14980]
[35, 45875, 15032]
[35, 45875, 15202]
[35, 45875, 14932]
[35, 45875, 14945]
[35, 45875, 14914]
[35, 45875, 15132]
[35, 45875, 15227]
[35, 45875, 14883]
[35, 45875, 15074]
[35, 45875, 15306]
[35, 45875, 14974]
[35, 45875, 14976]
[35, 45875, 14736]
[35, 45875, 15154]
[35, 45875, 15255]
[35, 45875, 14938]
[35, 45875, 15138]
[35, 45875, 14904]
[35, 45875, 15099]
[35, 45875, 15289]
[35, 45875, 15215]
[35, 45875, 15242]
[35, 45875, 14933]
[35, 45875, 15084]
[35, 45875, 14876]
[35, 45875, 14938]
[40, 52428, 18875]
[40, 52428, 18840]
[40, 52428, 18808]
[40, 52428, 18993]
[40, 52428, 18918]
[40, 52428, 18667]
[40, 52428, 18837]
[40, 52428, 18548]
[40, 52428, 18931]
[40, 52428, 18955]
[40, 52428, 18800]
[40, 52428, 18602]
[40, 52428, 18869]
[40, 52428, 18922]
[40, 52428, 19082]
[40, 52428, 18693]
[40, 52428, 18762]
[40, 52428, 18747]
[40, 52428, 18852]
[40, 52428, 18583]
[40, 52428, 18747]
[40, 52428, 19056]
[40, 52428, 18958]
[40, 52428, 18578]
[40, 52428, 18761]
[40, 52428, 18814]
[40, 52428, 19044]
[40, 52428, 18985]
[40, 52428, 19009]
[40, 52428, 18774]
[40, 52428, 19063]
[40, 52428, 18813]
[40, 52428, 18851]
[40, 52428, 18751]
[40, 52428, 18757]
[40, 52428, 18650]
[40, 52428, 18956]
[40, 52428, 18962]
[40, 52428, 19264]
[40, 52428, 18725]
[40, 52428, 18826]
[40, 52428, 18633]
[40, 52428, 18826]
[40, 52428, 19212]
[40, 52428, 18839]
[40, 52428, 18557]
[40, 52428, 18876]
[40, 52428, 19052]
[40, 52428, 18880]
[40, 52428, 18902]
[40, 52428, 18790]
[40, 52428, 18635]
[40, 52428, 18886]
[40, 52428, 18763]
[40, 52428, 18854]
[40, 52428, 18889]
[40, 52428, 18950]
[40, 52428, 18646]
[40, 52428, 18838]
[40, 52428, 18804]
[40, 52428, 18797]
[40, 52428, 18828]
[40, 52428, 18825]
[40, 52428, 18629]
[40, 52428, 18646]
[40, 52428, 18790]
[40, 52428, 18621]
[40, 52428, 18906]
[40, 52428, 18727]
[40, 52428, 18842]
[40, 52428, 19000]
[40, 52428, 18926]
[40, 52428, 18704]
[40, 52428, 18788]
[40, 52428, 18806]
[40, 52428, 18908]
[40, 52428, 18712]
[40, 52428, 18802]
[40, 52428, 18715]
[40, 52428, 18994]
[40, 52428, 18923]
[40, 52428, 18757]
[40, 52428, 18984]
[40, 52428, 19213]
[40, 52428, 18994]
[40, 52428, 18852]
[40, 52428, 18456]
[40, 52428, 18860]
[40, 52428, 19103]
[40, 52428, 18676]
[40, 52428, 18945]
[40, 52428, 18685]
[40, 52428, 18851]
[40, 52428, 19013]
[40, 52428, 18892]
[40, 52428, 18972]
[40, 52428, 18789]
[40, 52428, 19028]
[40, 52428, 18786]
[40, 52428, 18661]
