[1, 1310, 0, 0]
[1, 1310, 0, 0]
[1, 1310, 0, 0]
[1, 1310, 0, 0]
[1, 1310, 0, 0]
[1, 1310, 0, 0]
[1, 1310, 0, 0]
[1, 1310, 0, 0]
[1, 1310, 0, 0]
[1, 1310, 0, 0]
[1, 1310, 0, 0]
[1, 1310, 0, 0]
[1, 1310, 0, 0]
[1, 1310, 0, 0]
[1, 1310, 1, 0]
[1, 1310, 0, 0]
[1, 1310, 0, 0]
[1, 1310, 0, 0]
[1, 1310, 0, 0]
[1, 1310, 0, 0]
[1, 1310, 0, 0]
[1, 1310, 1, 0]
[1, 1310, 0, 0]
[1, 1310, 0, 0]
[1, 1310, 0, 0]
[1, 1310, 0, 0]
[1, 1310, 0, 0]
[1, 1310, 0, 0]
[1, 1310, 0, 0]
[1, 1310, 0, 0]
[1, 1310, 0, 0]
[1, 1310, 0, 0]
[1, 1310, 0, 0]
[1, 1310, 0, 0]
[1, 1310, 0, 0]
[1, 1310, 0, 0]
[1, 1310, 0, 0]
[1, 1310, 0, 0]
[1, 1310, 0, 0]
[1, 1310, 0, 0]
[1, 1310, 0, 0]
[1, 1310, 0, 0]
[1, 1310, 0, 0]
[1, 1310, 0, 0]
[1, 1310, 0, 0]
[1, 1310, 1, 0]
[1, 1310, 0, 0]
[1, 1310, 0, 0]
[1, 1310, 0, 0]
[1, 1310, 0, 0]
[1, 1310, 0, 0]
[1, 1310, 0, 0]
[1, 1310, 0, 0]
[1, 1310, 0, 0]
[1, 1310, 0, 0]
[1, 1310, 0, 0]
[1, 1310, 0, 0]
[1, 1310, 0, 0]
[1, 1310, 0, 0]
[1, 1310, 0, 0]
[1, 1310, 0, 0]
[1, 1310, 0, 0]
[1, 1310, 0, 0]
[1, 1310, 0, 0]
[1, 1310, 0, 0]
[1, 1310, 2, 0]
[1, 1310, 0, 0]
[1, 1310, 0, 0]
[1, 1310, 0, 0]
[1, 1310, 0, 0]
[1, 1310, 0, 0]
[1, 1310, 0, 0]
[1, 1310, 0, 0]
[1, 1310, 0, 0]
[1, 1310, 0, 0]
[1, 1310, 0, 0]
[1, 1310, 0, 0]
[1, 1310, 0, 0]
[1, 1310, 0, 0]
[1, 1310, 0, 0]
[1, 1310, 0, 0]
[1, 1310, 0, 0]
[1, 1310, 0, 0]
[1, 1310, 0, 0]
[1, 1310, 0, 0]
[1, 1310, 0, 0]
[1, 1310, 0, 0]
[1, 1310, 0, 0]
[1, 1310, 0, 0]
[1, 1310, 0, 0]
[1, 1310, 0, 0]
[1, 1310, 0, 0]
[1, 1310, 0, 0]
[1, 1310, 0, 0]
[1, 1310, 0, 0]
[1, 1310, 0, 0]
[1, 1310, 0, 0]
[1, 1310, 0, 0]
[1, 1310, 0, 0]
[1, 1310, 0, 0]
[2, 2621, 0, 0]
[2, 2621, 0, 0]
[2, 2621, 0, 0]
[2, 2621, 0, 0]
[2, 2621, 0, 0]
[2, 2621, 0, 0]
[2, 2621, 0, 0]
[2, 2621, 0, 0]
[2, 2621, 0, 0]
[2, 2621, 0, 0]
[2, 2621, 0, 0]
[2, 2621, 0, 0]
[2, 2621, 0, 0]
[2, 2621, 0, 0]
[2, 2621, 1, 0]
[2, 2621, 0, 0]
[2, 2621, 0, 0]
[2, 2621, 0, 0]
[2, 2621, 0, 0]
[2, 2621, 0, 0]
[2, 2621, 0, 0]
[2, 2621, 0, 0]
[2, 2621, 0, 1]
[2, 2621, 0, 3]
[2, 2621, 0, 0]
[2, 2621, 0, 0]
[2, 2621, 0, 1]
[2, 2621, 0, 0]
[2, 2621, 0, 0]
[2, 2621, 0, 0]
[2, 2621, 0, 0]
[2, 2621, 0, 0]
[2, 2621, 0, 0]
[2, 2621, 0, 0]
[2, 2621, 0, 0]
[2, 2621, 0, 0]
[2, 2621, 0, 0]
[2, 2621, 0, 0]
[2, 2621, 0, 0]
[2, 2621, 0, 0]
[2, 2621, 0, 0]
[2, 2621, 0, 0]
[2, 2621, 0, 0]
[2, 2621, 0, 0]
[2, 2621, 0, 0]
[2, 2621, 3, 0]
[2, 2621, 0, 0]
[2, 2621, 0, 0]
[2, 2621, 0, 1]
[2, 2621, 0, 0]
[2, 2621, 0, 0]
[2, 2621, 0, 0]
[2, 2621, 0, 0]
[2, 2621, 0, 0]
[2, 2621, 0, 0]
[2, 2621, 0, 0]
[2, 2621, 0, 0]
[2, 2621, 0, 0]
[2, 2621, 0, 0]
[2, 2621, 0, 0]
[2, 2621, 0, 0]
[2, 2621, 0, 0]
[2, 2621, 0, 0]
[2, 2621, 0, 0]
[2, 2621, 0, 0]
[2, 2621, 3, 0]
[2, 2621, 0, 0]
[2, 2621, 0, 0]
[2, 2621, 0, 0]
[2, 2621, 0, 0]
[2, 2621, 0, 0]
[2, 2621, 0, 2]
[2, 2621, 0, 0]
[2, 2621, 0, 0]
[2, 2621, 0, 0]
[2, 2621, 0, 0]
[2, 2621, 0, 0]
[2, 2621, 0, 0]
[2, 2621, 0, 1]
[2, 2621, 0, 0]
[2, 2621, 0, 0]
[2, 2621, 0, 0]
[2, 2621, 0, 0]
[2, 2621, 0, 0]
[2, 2621, 0, 0]
[2, 2621, 0, 0]
[2, 2621, 0, 0]
[2, 2621, 2, 0]
[2, 2621, 0, 0]
[2, 2621, 0, 0]
[2, 2621, 0, 0]
[2, 2621, 1, 0]
[2, 2621, 0, 1]
[2, 2621, 0, 0]
[2, 2621, 0, 0]
[2, 2621, 0, 0]
[2, 2621, 0, 0]
[2, 2621, 0, 0]
[2, 2621, 1, 0]
[2, 2621, 0, 0]
[5, 6553, 6, 4]
[5, 6553, 0, 7]
[5, 6553, 2, 4]
[5, 6553, 1, 5]
[5, 6553, 2, 3]
[5, 6553, 2, 6]
[5, 6553, 9, 6]
[5, 6553, 4, 0]
[5, 6553, 1, 5]
[5, 6553, 3, 7]
[5, 6553, 4, 1]
[5, 6553, 3, 8]
[5, 6553, 1, 3]
[5, 6553, 7, 1]
[5, 6553, 4, 0]
[5, 6553, 2, 4]
[5, 6553, 1, 1]
[5, 6553, 4, 4]
[5, 6553, 2, 2]
[5, 6553, 4, 5]
[5, 6553, 3, 3]
[5, 6553, 9, 12]
[5, 6553, 0, 3]
[5, 6553, 0, 6]
[5, 6553, 1, 2]
[5, 6553, 3, 1]
[5, 6553, 1, 5]
[5, 6553, 3, 7]
[5, 6553, 4, 1]
[5, 6553, 3, 2]
[5, 6553, 2, 0]
[5, 6553, 1, 4]
[5, 6553, 3, 3]
[5, 6553, 5, 4]
[5, 6553, 1, 2]
[5, 6553, 1, 6]
[5, 6553, 4, 0]
[5, 6553, 6, 5]
[5, 6553, 0, 3]
[5, 6553, 0, 1]
[5, 6553, 3, 7]
[5, 6553, 5, 0]
[5, 6553, 2, 5]
[5, 6553, 3, 3]
[5, 6553, 0, 1]
[5, 6553, 3, 8]
[5, 6553, 2, 6]
[5, 6553, 7, 0]
[5, 6553, 4, 3]
[5, 6553, 0, 3]
[5, 6553, 1, 0]
[5, 6553, 0, 0]
[5, 6553, 1, 3]
[5, 6553, 2, 1]
[5, 6553, 1, 6]
[5, 6553, 2, 8]
[5, 6553, 0, 2]
[5, 6553, 3, 4]
[5, 6553, 2, 4]
[5, 6553, 4, 3]
[5, 6553, 2, 2]
[5, 6553, 5, 5]
[5, 6553, 5, 1]
[5, 6553, 3, 5]
[5, 6553, 0, 12]
[5, 6553, 10, 1]
[5, 6553, 0, 1]
[5, 6553, 4, 3]
[5, 6553, 3, 0]
[5, 6553, 0, 1]
[5, 6553, 2, 1]
[5, 6553, 2, 2]
[5, 6553, 7, 1]
[5, 6553, 3, 5]
[5, 6553, 2, 5]
[5, 6553, 0, 3]
[5, 6553, 2, 7]
[5, 6553, 6, 2]
[5, 6553, 7, 4]
[5, 6553, 2, 16]
[5, 6553, 2, 1]
[5, 6553, 2, 2]
[5, 6553, 6, 0]
[5, 6553, 5, 4]
[5, 6553, 6, 9]
[5, 6553, 1, 2]
[5, 6553, 3, 5]
[5, 6553, 2, 4]
[5, 6553, 1, 2]
[5, 6553, 4, 0]
[5, 6553, 0, 2]
[5, 6553, 2, 7]
[5, 6553, 5, 2]
[5, 6553, 0, 8]
[5, 6553, 4, 0]
[5, 6553, 3, 1]
[5, 6553, 3, 3]
[5, 6553, 1, 3]
[5, 6553, 2, 2]
[5, 6553, 0, 3]
[10, 13107, 40, 40]
[10, 13107, 43, 27]
[10, 13107, 35, 41]
[10, 13107, 32, 51]
[10, 13107, 48, 62]
[10, 13107, 40, 35]
[10, 13107, 42, 67]
[10, 13107, 39, 27]
[10, 13107, 35, 37]
[10, 13107, 46, 51]
[10, 13107, 50, 53]
[10, 13107, 49, 48]
[10, 13107, 41, 27]
[10, 13107, 35, 67]
[10, 13107, 42, 40]
[10, 13107, 30, 58]
[10, 13107, 43, 39]
[10, 13107, 49, 73]
[10, 13107, 34, 41]
[10, 13107, 49, 56]
[10, 13107, 48, 32]
[10, 13107, 51, 36]
[10, 13107, 33, 45]
[10, 13107, 27, 46]
[10, 13107, 55, 45]
[10, 13107, 43, 44]
[10, 13107, 34, 62]
[10, 13107, 44, 48]
[10, 13107, 40, 57]
[10, 13107, 43, 39]
[10, 13107, 24, 48]
[10, 13107, 45, 47]
[10, 13107, 49, 27]
[10, 13107, 38, 58]
[10, 13107, 31, 57]
[10, 13107, 34, 48]
[10, 13107, 51, 46]
[10, 13107, 37, 46]
[10, 13107, 56, 32]
[10, 13107, 40, 72]
[10, 13107, 38, 68]
[10, 13107, 55, 39]
[10, 13107, 39, 40]
[10, 13107, 44, 31]
[10, 13107, 28, 46]
[10, 13107, 51, 66]
[10, 13107, 41, 44]
[10, 13107, 35, 27]
[10, 13107, 39, 42]
[10, 13107, 28, 34]
[10, 13107, 24, 29]
[10, 13107, 40, 37]
[10, 13107, 53, 48]
[10, 13107, 45, 27]
[10, 13107, 41, 48]
[10, 13107, 27, 39]
[10, 13107, 50, 45]
[10, 13107, 52, 56]
[10, 13107, 64, 51]
[10, 13107, 44, 43]
[10, 13107, 48, 35]
[10, 13107, 31, 60]
[10, 13107, 46, 37]
[10, 13107, 44, 46]
[10, 13107, 49, 60]
[10, 13107, 48, 54]
[10, 13107, 63, 45]
[10, 13107, 33, 52]
[10, 13107, 48, 36]
[10, 13107, 48, 51]
[10, 13107, 38, 46]
[10, 13107, 48, 31]
[10, 13107, 38, 36]
[10, 13107, 54, 36]
[10, 13107, 43, 49]
[10, 13107, 30, 40]
[10, 13107, 16, 36]
[10, 13107, 55, 52]
[10, 13107, 53, 54]
[10, 13107, 45, 62]
[10, 13107, 48, 34]
[10, 13107, 33, 36]
[10, 13107, 45, 55]
[10, 13107, 40, 42]
[10, 13107, 42, 51]
[10, 13107, 36, 40]
[10, 13107, 37, 41]
[10, 13107, 43, 49]
[10, 13107, 33, 34]
[10, 13107, 40, 23]
[10, 13107, 53, 46]
[10, 13107, 51, 57]
[10, 13107, 66, 42]
[10, 13107, 46, 59]
[10, 13107, 24, 35]
[10, 13107, 26, 23]
[10, 13107, 31, 39]
[10, 13107, 41, 42]
[10, 13107, 43, 52]
[10, 13107, 31, 56]
[15, 19660, 217, 221]
[15, 19660, 204, 201]
[15, 19660, 209, 221]
[15, 19660, 216, 188]
[15, 19660, 210, 224]
[15, 19660, 159, 180]
[15, 19660, 219, 234]
[15, 19660, 188, 187]
[15, 19660, 162, 198]
[15, 19660, 214, 186]
[15, 19660, 202, 202]
[15, 19660, 217, 188]
[15, 19660, 207, 180]
[15, 19660, 229, 252]
[15, 19660, 191, 221]
[15, 19660, 202, 266]
[15, 19660, 233, 228]
[15, 19660, 212, 220]
[15, 19660, 196, 214]
[15, 19660, 225, 205]
[15, 19660, 199, 223]
[15, 19660, 208, 196]
[15, 19660, 199, 175]
[15, 19660, 185, 196]
[15, 19660, 224, 202]
[15, 19660, 187, 189]
[15, 19660, 192, 216]
[15, 19660, 211, 232]
[15, 19660, 181, 177]
[15, 19660, 186, 208]
[15, 19660, 187, 214]
[15, 19660, 233, 203]
[15, 19660, 213, 183]
[15, 19660, 179, 223]
[15, 19660, 156, 239]
[15, 19660, 191, 211]
[15, 19660, 228, 229]
[15, 19660, 240, 236]
[15, 19660, 196, 189]
[15, 19660, 194, 233]
[15, 19660, 187, 224]
[15, 19660, 242, 169]
[15, 19660, 185, 214]
[15, 19660, 227, 200]
[15, 19660, 196, 154]
[15, 19660, 243, 221]
[15, 19660, 204, 193]
[15, 19660, 190, 202]
[15, 19660, 181, 202]
[15, 19660, 219, 203]
[15, 19660, 164, 195]
[15, 19660, 179, 184]
[15, 19660, 206, 201]
[15, 19660, 204, 184]
[15, 19660, 202, 204]
[15, 19660, 179, 201]
[15, 19660, 201, 207]
[15, 19660, 205, 226]
[15, 19660, 236, 215]
[15, 19660, 195, 179]
[15, 19660, 190, 191]
[15, 19660, 176, 254]
[15, 19660, 204, 220]
[15, 19660, 175, 192]
[15, 19660, 238, 182]
[15, 19660, 188, 210]
[15, 19660, 237, 199]
[15, 19660, 235, 210]
[15, 19660, 251, 148]
[15, 19660, 213, 242]
[15, 19660, 197, 191]
[15, 19660, 212, 183]
[15, 19660, 213, 206]
[15, 19660, 182, 187]
[15, 19660, 192, 209]
[15, 19660, 187, 190]
[15, 19660, 145, 171]
[15, 19660, 172, 221]
[15, 19660, 211, 200]
[15, 19660, 208, 246]
[15, 19660, 229, 192]
[15, 19660, 208, 184]
[15, 19660, 194, 212]
[15, 19660, 198, 260]
[15, 19660, 164, 196]
[15, 19660, 210, 252]
[15, 19660, 201, 218]
[15, 19660, 207, 226]
[15, 19660, 196, 191]
[15, 19660, 217, 174]
[15, 19660, 210, 205]
[15, 19660, 178, 188]
[15, 19660, 213, 199]
[15, 19660, 188, 245]
[15, 19660, 184, 201]
[15, 19660, 165, 159]
[15, 19660, 215, 174]
[15, 19660, 154, 246]
[15, 19660, 201, 235]
[15, 19660, 188, 219]
[20, 26214, 629, 616]
[20, 26214, 637, 586]
[20, 26214, 591, 630]
[20, 26214, 608, 585]
[20, 26214, 581, 566]
[20, 26214, 538, 588]
[20, 26214, 601, 670]
[20, 26214, 545, 549]
[20, 26214, 583, 602]
[20, 26214, 612, 606]
[20, 26214, 536, 614]
[20, 26214, 624, 597]
[20, 26214, 619, 566]
[20, 26214, 581, 611]
[20, 26214, 549, 603]
[20, 26214, 567, 696]
[20, 26214, 623, 610]
[20, 26214, 547, 637]
[20, 26214, 591, 643]
[20, 26214, 605, 615]
[20, 26214, 582, 604]
[20, 26214, 624, 575]
[20, 26214, 605, 550]
[20, 26214, 600, 664]
[20, 26214, 609, 524]
[20, 26214, 645, 563]
[20, 26214, 577, 583]
[20, 26214, 586, 609]
[20, 26214, 593, 531]
[20, 26214, 632, 623]
[20, 26214, 553, 657]
[20, 26214, 597, 601]
[20, 26214, 595, 512]
[20, 26214, 602, 588]
[20, 26214, 581, 623]
[20, 26214, 578, 570]
[20, 26214, 611, 632]
[20, 26214, 647, 642]
[20, 26214, 584, 534]
[20, 26214, 564, 597]
[20, 26214, 560, 614]
[20, 26214, 645, 580]
[20, 26214, 586, 641]
[20, 26214, 604, 610]
[20, 26214, 608, 549]
[20, 26214, 632, 616]
[20, 26214, 538, 616]
[20, 26214, 623, 522]
[20, 26214, 535, 576]
[20, 26214, 604, 582]
[20, 26214, 545, 604]
[20, 26214, 540, 555]
[20, 26214, 569, 588]
[20, 26214, 611, 596]
[20, 26214, 615, 559]
[20, 26214, 550, 579]
[20, 26214, 639, 608]
[20, 26214, 579, 634]
[20, 26214, 666, 588]
[20, 26214, 561, 567]
[20, 26214, 544, 571]
[20, 26214, 560, 590]
[20, 26214, 577, 585]
[20, 26214, 539, 596]
[20, 26214, 679, 559]
[20, 26214, 618, 605]
[20, 26214, 640, 556]
[20, 26214, 634, 631]
[20, 26214, 671, 520]
[20, 26214, 586, 613]
[20, 26214, 597, 585]
[20, 26214, 605, 577]
[20, 26214, 586, 612]
[20, 26214, 623, 570]
[20, 26214, 580, 610]
[20, 26214, 563, 576]
[20, 26214, 521, 562]
[20, 26214, 539, 575]
[20, 26214, 585, 594]
[20, 26214, 618, 627]
[20, 26214, 617, 541]
[20, 26214, 591, 527]
[20, 26214, 623, 608]
[20, 26214, 604, 656]
[20, 26214, 584, 617]
[20, 26214, 642, 622]
[20, 26214, 638, 574]
[20, 26214, 615, 618]
[20, 26214, 602, 623]
[20, 26214, 618, 563]
[20, 26214, 654, 581]
[20, 26214, 573, 574]
[20, 26214, 599, 553]
[20, 26214, 576, 623]
[20, 26214, 597, 603]
[20, 26214, 542, 592]
[20, 26214, 675, 600]
[20, 26214, 538, 660]
[20, 26214, 586, 591]
[20, 26214, 597, 563]
[25, 32768, 1256, 1374]
[25, 32768, 1398, 1290]
[25, 32768, 1306, 1362]
[25, 32768, 1365, 1361]
[25, 32768, 1269, 1301]
[25, 32768, 1203, 1332]
[25, 32768, 1283, 1365]
[25, 32768, 1275, 1269]
[25, 32768, 1331, 1324]
[25, 32768, 1309, 1274]
[25, 32768, 1244, 1315]
[25, 32768, 1286, 1300]
[25, 32768, 1472, 1264]
[25, 32768, 1332, 1379]
[25, 32768, 1299, 1270]
[25, 32768, 1332, 1446]
[25, 32768, 1384, 1304]
[25, 32768, 1284, 1370]
[25, 32768, 1351, 1416]
[25, 32768, 1264, 1399]
[25, 32768, 1289, 1296]
[25, 32768, 1417, 1369]
[25, 32768, 1425, 1246]
[25, 32768, 1355, 1420]
[25, 32768, 1333, 1313]
[25, 32768, 1390, 1261]
[25, 32768, 1309, 1279]
[25, 32768, 1364, 1299]
[25, 32768, 1314, 1259]
[25, 32768, 1358, 1323]
[25, 32768, 1216, 1391]
[25, 32768, 1292, 1337]
[25, 32768, 1244, 1219]
[25, 32768, 1311, 1296]
[25, 32768, 1281, 1353]
[25, 32768, 1257, 1279]
[25, 32768, 1323, 1364]
[25, 32768, 1439, 1322]
[25, 32768, 1234, 1290]
[25, 32768, 1221, 1312]
[25, 32768, 1282, 1394]
[25, 32768, 1372, 1365]
[25, 32768, 1260, 1383]
[25, 32768, 1343, 1354]
[25, 32768, 1285, 1219]
[25, 32768, 1377, 1324]
[25, 32768, 1325, 1297]
[25, 32768, 1309, 1329]
[25, 32768, 1302, 1325]
[25, 32768, 1318, 1265]
[25, 32768, 1310, 1339]
[25, 32768, 1170, 1246]
[25, 32768, 1261, 1306]
[25, 32768, 1326, 1326]
[25, 32768, 1337, 1274]
[25, 32768, 1317, 1293]
[25, 32768, 1366, 1359]
[25, 32768, 1247, 1362]
[25, 32768, 1298, 1314]
[25, 32768, 1379, 1245]
[25, 32768, 1299, 1249]
[25, 32768, 1353, 1289]
[25, 32768, 1264, 1343]
[25, 32768, 1283, 1290]
[25, 32768, 1416, 1283]
[25, 32768, 1301, 1328]
[25, 32768, 1392, 1226]
[25, 32768, 1373, 1380]
[25, 32768, 1402, 1282]
[25, 32768, 1332, 1305]
[25, 32768, 1272, 1288]
[25, 32768, 1310, 1397]
[25, 32768, 1281, 1351]
[25, 32768, 1308, 1255]
[25, 32768, 1311, 1400]
[25, 32768, 1231, 1220]
[25, 32768, 1309, 1314]
[25, 32768, 1214, 1324]
[25, 32768, 1329, 1267]
[25, 32768, 1341, 1394]
[25, 32768, 1360, 1284]
[25, 32768, 1234, 1258]
[25, 32768, 1303, 1376]
[25, 32768, 1365, 1350]
[25, 32768, 1278, 1362]
[25, 32768, 1354, 1333]
[25, 32768, 1378, 1282]
[25, 32768, 1345, 1371]
[25, 32768, 1335, 1310]
[25, 32768, 1332, 1250]
[25, 32768, 1429, 1294]
[25, 32768, 1255, 1296]
[25, 32768, 1297, 1211]
[25, 32768, 1276, 1288]
[25, 32768, 1317, 1321]
[25, 32768, 1330, 1290]
[25, 32768, 1447, 1300]
[25, 32768, 1219, 1373]
[25, 32768, 1275, 1337]
[25, 32768, 1287, 1228]
[30, 39321, 2471, 2573]
[30, 39321, 2488, 2465]
[30, 39321, 2408, 2427]
[30, 39321, 2549, 2561]
[30, 39321, 2408, 2410]
[30, 39321, 2277, 2473]
[30, 39321, 2355, 2542]
[30, 39321, 2437, 2412]
[30, 39321, 2480, 2391]
[30, 39321, 2348, 2478]
[30, 39321, 2325, 2413]
[30, 39321, 2393, 2489]
[30, 39321, 2564, 2409]
[30, 39321, 2498, 2518]
[30, 39321, 2369, 2442]
[30, 39321, 2438, 2617]
[30, 39321, 2629, 2475]
[30, 39321, 2393, 2471]
[30, 39321, 2468, 2562]
[30, 39321, 2393, 2508]
[30, 39321, 2462, 2455]
[30, 39321, 2595, 2466]
[30, 39321, 2586, 2425]
[30, 39321, 2481, 2558]
[30, 39321, 2542, 2466]
[30, 39321, 2468, 2458]
[30, 39321, 2392, 2396]
[30, 39321, 2524, 2488]
[30, 39321, 2404, 2349]
[30, 39321, 2503, 2528]
[30, 39321, 2325, 2639]
[30, 39321, 2498, 2534]
[30, 39321, 2389, 2434]
[30, 39321, 2410, 2570]
[30, 39321, 2433, 2452]
[30, 39321, 2375, 2366]
[30, 39321, 2518, 2454]
[30, 39321, 2438, 2482]
[30, 39321, 2339, 2402]
[30, 39321, 2332, 2481]
[30, 39321, 2339, 2517]
[30, 39321, 2659, 2462]
[30, 39321, 2384, 2522]
[30, 39321, 2448, 2489]
[30, 39321, 2494, 2363]
[30, 39321, 2584, 2505]
[30, 39321, 2426, 2392]
[30, 39321, 2424, 2381]
[30, 39321, 2445, 2499]
[30, 39321, 2471, 2363]
[30, 39321, 2378, 2513]
[30, 39321, 2371, 2402]
[30, 39321, 2481, 2472]
[30, 39321, 2445, 2451]
[30, 39321, 2452, 2478]
[30, 39321, 2424, 2413]
[30, 39321, 2537, 2402]
[30, 39321, 2397, 2431]
[30, 39321, 2428, 2404]
[30, 39321, 2506, 2274]
[30, 39321, 2464, 2388]
[30, 39321, 2558, 2439]
[30, 39321, 2425, 2455]
[30, 39321, 2386, 2453]
[30, 39321, 2582, 2335]
[30, 39321, 2505, 2497]
[30, 39321, 2619, 2255]
[30, 39321, 2543, 2465]
[30, 39321, 2509, 2349]
[30, 39321, 2391, 2498]
[30, 39321, 2378, 2429]
[30, 39321, 2407, 2538]
[30, 39321, 2406, 2441]
[30, 39321, 2437, 2402]
[30, 39321, 2401, 2469]
[30, 39321, 2372, 2372]
[30, 39321, 2436, 2475]
[30, 39321, 2378, 2501]
[30, 39321, 2448, 2445]
[30, 39321, 2447, 2390]
[30, 39321, 2490, 2460]
[30, 39321, 2361, 2342]
[30, 39321, 2483, 2497]
[30, 39321, 2522, 2432]
[30, 39321, 2410, 2483]
[30, 39321, 2499, 2468]
[30, 39321, 2571, 2467]
[30, 39321, 2470, 2487]
[30, 39321, 2566, 2461]
[30, 39321, 2582, 2348]
[30, 39321, 2618, 2368]
[30, 39321, 2420, 2440]
[30, 39321, 2448, 2423]
[30, 39321, 2475, 2414]
[30, 39321, 2512, 2442]
[30, 39321, 2420, 2526]
[30, 39321, 2677, 2498]
[30, 39321, 2361, 2461]
[30, 39321, 2460, 2465]
[30, 39321, 2549, 2350]
[35, 45875, 4038, 4146]
[35, 45875, 4013, 4042]
[35, 45875, 3932, 4122]
[35, 45875, 4175, 4174]
[35, 45875, 3996, 4072]
[35, 45875, 3965, 4100]
[35, 45875, 4060, 4140]
[35, 45875, 4041, 4073]
[35, 45875, 3962, 4040]
[35, 45875, 4046, 3936]
[35, 45875, 3858, 4035]
[35, 45875, 4038, 4077]
[35, 45875, 4150, 4021]
[35, 45875, 4098, 4191]
[35, 45875, 3966, 4045]
[35, 45875, 3924, 4167]
[35, 45875, 4262, 4084]
[35, 45875, 4031, 4059]
[35, 45875, 4114, 4085]
[35, 45875, 4022, 4067]
[35, 45875, 4046, 4024]
[35, 45875, 4182, 4140]
[35, 45875, 4293, 3858]
[35, 45875, 3948, 4238]
[35, 45875, 4163, 4029]
[35, 45875, 4151, 4002]
[35, 45875, 4048, 3987]
[35, 45875, 4056, 4006]
[35, 45875, 3966, 3976]
[35, 45875, 4114, 4007]
[35, 45875, 3907, 4128]
[35, 45875, 4029, 4004]
[35, 45875, 3973, 4010]
[35, 45875, 3933, 4131]
[35, 45875, 4143, 3986]
[35, 45875, 4023, 3952]
[35, 45875, 4133, 4149]
[35, 45875, 4110, 3996]
[35, 45875, 3989, 4007]
[35, 45875, 3998, 3972]
[35, 45875, 3966, 4136]
[35, 45875, 4317, 4064]
[35, 45875, 4069, 3964]
[35, 45875, 4051, 4023]
[35, 45875, 3983, 3984]
[35, 45875, 4127, 4083]
[35, 45875, 4001, 4119]
[35, 45875, 3960, 3997]
[35, 45875, 4060, 4141]
[35, 45875, 4015, 3929]
[35, 45875, 3954, 4083]
[35, 45875, 3906, 3990]
[35, 45875, 4110, 4060]
[35, 45875, 4042, 4116]
[35, 45875, 4088, 4077]
[35, 45875, 4038, 4024]
[35, 45875, 4165, 3986]
[35, 45875, 3910, 4079]
[35, 45875, 4008, 3947]
[35, 45875, 4170, 3864]
[35, 45875, 4037, 3963]
[35, 45875, 4185, 4066]
[35, 45875, 3958, 4010]
[35, 45875, 3970, 4013]
[35, 45875, 4297, 3843]
[35, 45875, 4127, 3913]
[35, 45875, 4305, 3772]
[35, 45875, 3977, 4171]
[35, 45875, 4074, 4021]
[35, 45875, 4057, 4036]
[35, 45875, 4019, 3959]
[35, 45875, 3999, 4155]
[35, 45875, 4016, 4023]
[35, 45875, 4071, 3876]
[35, 45875, 3941, 4151]
[35, 45875, 3992, 3958]
[35, 45875, 4029, 4172]
[35, 45875, 3956, 4069]
[35, 45875, 4087, 4110]
[35, 45875, 4070, 4012]
[35, 45875, 4144, 3922]
[35, 45875, 3939, 3914]
[35, 45875, 4065, 4103]
[35, 45875, 4117, 3938]
[35, 45875, 4051, 3905]
[35, 45875, 4210, 4029]
[35, 45875, 4173, 4074]
[35, 45875, 4066, 3990]
[35, 45875, 4193, 4107]
[35, 45875, 4118, 3973]
[35, 45875, 4222, 3908]
[35, 45875, 4029, 4013]
[35, 45875, 4062, 4004]
[35, 45875, 4000, 3993]
[35, 45875, 4093, 4085]
[35, 45875, 4082, 4048]
[35, 45875, 4200, 4007]
[35, 45875, 3909, 4115]
[35, 45875, 3952, 4076]
[35, 45875, 4060, 3869]
[40, 52428, 6105, 6213]
[40, 52428, 6096, 6121]
[40, 52428, 5874, 6090]
[40, 52428, 6055, 6304]
[40, 52428, 6006, 6133]
[40, 52428, 5911, 6297]
[40, 52428, 6063, 6139]
[40, 52428, 6068, 6225]
[40, 52428, 6054, 6009]
[40, 52428, 6053, 5993]
[40, 52428, 5963, 6104]
[40, 52428, 6015, 6116]
[40, 52428, 6343, 5918]
[40, 52428, 6173, 6116]
[40, 52428, 6097, 6113]
[40, 52428, 6051, 6239]
[40, 52428, 6314, 6087]
[40, 52428, 6080, 6250]
[40, 52428, 5977, 6191]
[40, 52428, 5959, 6278]
[40, 52428, 6022, 6113]
[40, 52428, 6277, 6107]
[40, 52428, 6360, 5890]
[40, 52428, 5900, 6310]
[40, 52428, 6071, 6137]
[40, 52428, 6302, 5985]
[40, 52428, 6194, 5956]
[40, 52428, 6177, 6084]
[40, 52428, 6075, 6076]
[40, 52428, 6163, 6052]
[40, 52428, 5986, 6185]
[40, 52428, 6047, 6113]
[40, 52428, 6028, 6053]
[40, 52428, 5919, 6254]
[40, 52428, 6137, 6036]
[40, 52428, 6166, 5908]
[40, 52428, 6251, 6058]
[40, 52428, 6181, 6047]
[40, 52428, 6222, 6060]
[40, 52428, 6059, 6115]
[40, 52428, 5985, 6246]
[40, 52428, 6205, 6092]
[40, 52428, 6151, 6104]
[40, 52428, 6282, 5903]
[40, 52428, 6054, 6051]
[40, 52428, 6287, 6114]
[40, 52428, 6008, 6124]
[40, 52428, 5932, 6082]
[40, 52428, 6157, 6167]
[40, 52428, 6104, 6055]
[40, 52428, 6047, 6307]
[40, 52428, 5971, 6113]
[40, 52428, 6172, 6080]
[40, 52428, 6080, 6218]
[40, 52428, 6119, 6072]
[40, 52428, 6173, 6059]
[40, 52428, 6236, 5990]
[40, 52428, 6008, 6117]
[40, 52428, 6155, 5917]
[40, 52428, 6219, 5903]
[40, 52428, 6115, 6008]
[40, 52428, 6310, 6109]
[40, 52428, 6033, 6051]
[40, 52428, 5911, 5984]
[40, 52428, 6274, 5934]
[40, 52428, 6196, 6077]
[40, 52428, 6366, 5734]
[40, 52428, 6106, 6208]
[40, 52428, 5995, 5985]
[40, 52428, 6121, 6197]
[40, 52428, 6043, 6016]
[40, 52428, 6084, 6168]
[40, 52428, 6134, 6024]
[40, 52428, 6080, 5963]
[40, 52428, 5960, 6243]
[40, 52428, 6054, 5984]
[40, 52428, 6112, 6330]
[40, 52428, 6051, 6212]
[40, 52428, 6175, 6096]
[40, 52428, 6123, 6051]
[40, 52428, 6325, 6021]
[40, 52428, 5956, 5949]
[40, 52428, 6112, 6179]
[40, 52428, 6198, 5930]
[40, 52428, 6187, 6073]
[40, 52428, 6173, 6006]
[40, 52428, 6217, 6081]
[40, 52428, 6050, 6168]
[40, 52428, 6162, 6131]
[40, 52428, 6223, 5907]
[40, 52428, 6218, 5933]
[40, 52428, 6080, 6137]
[40, 52428, 6116, 6082]
[40, 52428, 6177, 6056]
[40, 52428, 6034, 6204]
[40, 52428, 6050, 6216]
[40, 52428, 6174, 6065]
[40, 52428, 6052, 6155]
[40, 52428, 5977, 6167]
[40, 52428, 6141, 5888]
