[1, 1310, 3]
[1, 1310, 7]
[1, 1310, 5]
[1, 1310, 4]
[1, 1310, 7]
[1, 1310, 6]
[1, 1310, 1]
[1, 1310, 4]
[1, 1310, 4]
[1, 1310, 1]
[1, 1310, 7]
[1, 1310, 7]
[1, 1310, 1]
[1, 1310, 2]
[1, 1310, 5]
[1, 1310, 10]
[1, 1310, 1]
[1, 1310, 4]
[1, 1310, 7]
[1, 1310, 1]
[1, 1310, 17]
[1, 1310, 4]
[1, 1310, 2]
[1, 1310, 0]
[1, 1310, 2]
[1, 1310, 2]
[1, 1310, 7]
[1, 1310, 3]
[1, 1310, 3]
[1, 1310, 5]
[1, 1310, 6]
[1, 1310, 4]
[1, 1310, 5]
[1, 1310, 2]
[1, 1310, 3]
[1, 1310, 7]
[1, 1310, 2]
[1, 1310, 8]
[1, 1310, 3]
[1, 1310, 3]
[1, 1310, 0]
[1, 1310, 6]
[1, 1310, 2]
[1, 1310, 7]
[1, 1310, 7]
[1, 1310, 6]
[1, 1310, 11]
[1, 1310, 6]
[1, 1310, 4]
[1, 1310, 4]
[1, 1310, 4]
[1, 1310, 4]
[1, 1310, 1]
[1, 1310, 2]
[1, 1310, 9]
[1, 1310, 1]
[1, 1310, 1]
[1, 1310, 6]
[1, 1310, 6]
[1, 1310, 5]
[1, 1310, 4]
[1, 1310, 6]
[1, 1310, 1]
[1, 1310, 4]
[1, 1310, 2]
[1, 1310, 9]
[1, 1310, 2]
[1, 1310, 6]
[1, 1310, 2]
[1, 1310, 3]
[1, 1310, 3]
[1, 1310, 2]
[1, 1310, 2]
[1, 1310, 11]
[1, 1310, 1]
[1, 1310, 3]
[1, 1310, 2]
[1, 1310, 2]
[1, 1310, 3]
[1, 1310, 4]
[1, 1310, 7]
[1, 1310, 1]
[1, 1310, 5]
[1, 1310, 10]
[1, 1310, 2]
[1, 1310, 3]
[1, 1310, 4]
[1, 1310, 3]
[1, 1310, 7]
[1, 1310, 2]
[1, 1310, 4]
[1, 1310, 7]
[1, 1310, 8]
[1, 1310, 2]
[1, 1310, 3]
[1, 1310, 7]
[1, 1310, 1]
[1, 1310, 4]
[1, 1310, 7]
[1, 1310, 0]
[2, 2621, 24]
[2, 2621, 28]
[2, 2621, 22]
[2, 2621, 23]
[2, 2621, 17]
[2, 2621, 25]
[2, 2621, 8]
[2, 2621, 17]
[2, 2621, 24]
[2, 2621, 18]
[2, 2621, 16]
[2, 2621, 15]
[2, 2621, 11]
[2, 2621, 15]
[2, 2621, 14]
[2, 2621, 36]
[2, 2621, 29]
[2, 2621, 20]
[2, 2621, 23]
[2, 2621, 17]
[2, 2621, 26]
[2, 2621, 14]
[2, 2621, 17]
[2, 2621, 22]
[2, 2621, 11]
[2, 2621, 28]
[2, 2621, 18]
[2, 2621, 15]
[2, 2621, 14]
[2, 2621, 22]
[2, 2621, 20]
[2, 2621, 14]
[2, 2621, 27]
[2, 2621, 14]
[2, 2621, 19]
[2, 2621, 25]
[2, 2621, 26]
[2, 2621, 28]
[2, 2621, 15]
[2, 2621, 18]
[2, 2621, 12]
[2, 2621, 31]
[2, 2621, 15]
[2, 2621, 31]
[2, 2621, 18]
[2, 2621, 27]
[2, 2621, 20]
[2, 2621, 28]
[2, 2621, 15]
[2, 2621, 22]
[2, 2621, 15]
[2, 2621, 20]
[2, 2621, 23]
[2, 2621, 16]
[2, 2621, 13]
[2, 2621, 15]
[2, 2621, 19]
[2, 2621, 15]
[2, 2621, 21]
[2, 2621, 26]
[2, 2621, 22]
[2, 2621, 23]
[2, 2621, 9]
[2, 2621, 20]
[2, 2621, 10]
[2, 2621, 18]
[2, 2621, 22]
[2, 2621, 23]
[2, 2621, 13]
[2, 2621, 25]
[2, 2621, 28]
[2, 2621, 26]
[2, 2621, 23]
[2, 2621, 16]
[2, 2621, 18]
[2, 2621, 22]
[2, 2621, 21]
[2, 2621, 18]
[2, 2621, 21]
[2, 2621, 17]
[2, 2621, 21]
[2, 2621, 21]
[2, 2621, 13]
[2, 2621, 11]
[2, 2621, 17]
[2, 2621, 15]
[2, 2621, 29]
[2, 2621, 23]
[2, 2621, 29]
[2, 2621, 16]
[2, 2621, 24]
[2, 2621, 16]
[2, 2621, 24]
[2, 2621, 9]
[2, 2621, 24]
[2, 2621, 13]
[2, 2621, 15]
[2, 2621, 16]
[2, 2621, 23]
[2, 2621, 17]
[5, 6553, 204]
[5, 6553, 183]
[5, 6553, 196]
[5, 6553, 172]
[5, 6553, 192]
[5, 6553, 182]
[5, 6553, 160]
[5, 6553, 193]
[5, 6553, 169]
[5, 6553, 178]
[5, 6553, 175]
[5, 6553, 188]
[5, 6553, 154]
[5, 6553, 178]
[5, 6553, 194]
[5, 6553, 212]
[5, 6553, 212]
[5, 6553, 161]
[5, 6553, 222]
[5, 6553, 189]
[5, 6553, 209]
[5, 6553, 168]
[5, 6553, 195]
[5, 6553, 223]
[5, 6553, 195]
[5, 6553, 219]
[5, 6553, 177]
[5, 6553, 200]
[5, 6553, 177]
[5, 6553, 202]
[5, 6553, 198]
[5, 6553, 169]
[5, 6553, 201]
[5, 6553, 194]
[5, 6553, 162]
[5, 6553, 164]
[5, 6553, 186]
[5, 6553, 179]
[5, 6553, 215]
[5, 6553, 176]
[5, 6553, 202]
[5, 6553, 198]
[5, 6553, 193]
[5, 6553, 198]
[5, 6553, 191]
[5, 6553, 192]
[5, 6553, 175]
[5, 6553, 213]
[5, 6553, 169]
[5, 6553, 187]
[5, 6553, 168]
[5, 6553, 183]
[5, 6553, 226]
[5, 6553, 176]
[5, 6553, 187]
[5, 6553, 182]
[5, 6553, 195]
[5, 6553, 183]
[5, 6553, 187]
[5, 6553, 209]
[5, 6553, 185]
[5, 6553, 168]
[5, 6553, 154]
[5, 6553, 194]
[5, 6553, 139]
[5, 6553, 180]
[5, 6553, 167]
[5, 6553, 174]
[5, 6553, 194]
[5, 6553, 181]
[5, 6553, 210]
[5, 6553, 168]
[5, 6553, 204]
[5, 6553, 173]
[5, 6553, 162]
[5, 6553, 177]
[5, 6553, 190]
[5, 6553, 166]
[5, 6553, 194]
[5, 6553, 166]
[5, 6553, 165]
[5, 6553, 197]
[5, 6553, 194]
[5, 6553, 177]
[5, 6553, 168]
[5, 6553, 165]
[5, 6553, 198]
[5, 6553, 179]
[5, 6553, 183]
[5, 6553, 196]
[5, 6553, 211]
[5, 6553, 189]
[5, 6553, 178]
[5, 6553, 163]
[5, 6553, 190]
[5, 6553, 190]
[5, 6553, 171]
[5, 6553, 199]
[5, 6553, 185]
[5, 6553, 196]
[10, 13107, 1060]
[10, 13107, 1007]
[10, 13107, 943]
[10, 13107, 1031]
[10, 13107, 970]
[10, 13107, 915]
[10, 13107, 997]
[10, 13107, 1014]
[10, 13107, 1001]
[10, 13107, 966]
[10, 13107, 972]
[10, 13107, 914]
[10, 13107, 980]
[10, 13107, 952]
[10, 13107, 992]
[10, 13107, 1008]
[10, 13107, 1020]
[10, 13107, 993]
[10, 13107, 1051]
[10, 13107, 956]
[10, 13107, 1011]
[10, 13107, 999]
[10, 13107, 966]
[10, 13107, 1026]
[10, 13107, 1022]
[10, 13107, 993]
[10, 13107, 1036]
[10, 13107, 957]
[10, 13107, 968]
[10, 13107, 975]
[10, 13107, 996]
[10, 13107, 986]
[10, 13107, 1000]
[10, 13107, 1010]
[10, 13107, 1064]
[10, 13107, 965]
[10, 13107, 907]
[10, 13107, 979]
[10, 13107, 1067]
[10, 13107, 983]
[10, 13107, 1010]
[10, 13107, 1008]
[10, 13107, 973]
[10, 13107, 993]
[10, 13107, 1034]
[10, 13107, 964]
[10, 13107, 942]
[10, 13107, 1005]
[10, 13107, 955]
[10, 13107, 1011]
[10, 13107, 1001]
[10, 13107, 1029]
[10, 13107, 1044]
[10, 13107, 998]
[10, 13107, 976]
[10, 13107, 1011]
[10, 13107, 958]
[10, 13107, 926]
[10, 13107, 1038]
[10, 13107, 975]
[10, 13107, 1008]
[10, 13107, 985]
[10, 13107, 947]
[10, 13107, 977]
[10, 13107, 944]
[10, 13107, 1025]
[10, 13107, 968]
[10, 13107, 959]
[10, 13107, 1003]
[10, 13107, 1016]
[10, 13107, 1001]
[10, 13107, 959]
[10, 13107, 935]
[10, 13107, 995]
[10, 13107, 951]
[10, 13107, 969]
[10, 13107, 970]
[10, 13107, 994]
[10, 13107, 974]
[10, 13107, 960]
[10, 13107, 1015]
[10, 13107, 1055]
[10, 13107, 1013]
[10, 13107, 1001]
[10, 13107, 969]
[10, 13107, 997]
[10, 13107, 1001]
[10, 13107, 996]
[10, 13107, 971]
[10, 13107, 1039]
[10, 13107, 1043]
[10, 13107, 961]
[10, 13107, 1002]
[10, 13107, 981]
[10, 13107, 987]
[10, 13107, 1021]
[10, 13107, 978]
[10, 13107, 1031]
[10, 13107, 915]
[10, 13107, 1034]
[15, 19660, 2598]
[15, 19660, 2637]
[15, 19660, 2515]
[15, 19660, 2588]
[15, 19660, 2568]
[15, 19660, 2497]
[15, 19660, 2594]
[15, 19660, 2619]
[15, 19660, 2525]
[15, 19660, 2639]
[15, 19660, 2553]
[15, 19660, 2500]
[15, 19660, 2651]
[15, 19660, 2650]
[15, 19660, 2594]
[15, 19660, 2621]
[15, 19660, 2575]
[15, 19660, 2672]
[15, 19660, 2717]
[15, 19660, 2486]
[15, 19660, 2578]
[15, 19660, 2537]
[15, 19660, 2591]
[15, 19660, 2540]
[15, 19660, 2541]
[15, 19660, 2596]
[15, 19660, 2660]
[15, 19660, 2570]
[15, 19660, 2533]
[15, 19660, 2532]
[15, 19660, 2559]
[15, 19660, 2604]
[15, 19660, 2547]
[15, 19660, 2606]
[15, 19660, 2597]
[15, 19660, 2510]
[15, 19660, 2585]
[15, 19660, 2580]
[15, 19660, 2744]
[15, 19660, 2572]
[15, 19660, 2556]
[15, 19660, 2509]
[15, 19660, 2535]
[15, 19660, 2625]
[15, 19660, 2637]
[15, 19660, 2516]
[15, 19660, 2524]
[15, 19660, 2573]
[15, 19660, 2510]
[15, 19660, 2462]
[15, 19660, 2519]
[15, 19660, 2633]
[15, 19660, 2574]
[15, 19660, 2483]
[15, 19660, 2492]
[15, 19660, 2554]
[15, 19660, 2493]
[15, 19660, 2583]
[15, 19660, 2652]
[15, 19660, 2536]
[15, 19660, 2618]
[15, 19660, 2551]
[15, 19660, 2556]
[15, 19660, 2599]
[15, 19660, 2564]
[15, 19660, 2659]
[15, 19660, 2596]
[15, 19660, 2566]
[15, 19660, 2595]
[15, 19660, 2590]
[15, 19660, 2548]
[15, 19660, 2624]
[15, 19660, 2495]
[15, 19660, 2663]
[15, 19660, 2513]
[15, 19660, 2618]
[15, 19660, 2556]
[15, 19660, 2572]
[15, 19660, 2532]
[15, 19660, 2532]
[15, 19660, 2630]
[15, 19660, 2634]
[15, 19660, 2511]
[15, 19660, 2572]
[15, 19660, 2481]
[15, 19660, 2604]
[15, 19660, 2490]
[15, 19660, 2549]
[15, 19660, 2571]
[15, 19660, 2573]
[15, 19660, 2692]
[15, 19660, 2536]
[15, 19660, 2660]
[15, 19660, 2592]
[15, 19660, 2575]
[15, 19660, 2615]
[15, 19660, 2570]
[15, 19660, 2618]
[15, 19660, 2469]
[15, 19660, 2584]
[20, 26214, 4890]
[20, 26214, 4936]
[20, 26214, 4842]
[20, 26214, 5073]
[20, 26214, 4868]
[20, 26214, 4798]
[20, 26214, 4893]
[20, 26214, 4817]
[20, 26214, 4868]
[20, 26214, 4952]
[20, 26214, 4888]
[20, 26214, 4672]
[20, 26214, 5119]
[20, 26214, 4944]
[20, 26214, 5069]
[20, 26214, 4929]
[20, 26214, 4907]
[20, 26214, 4949]
[20, 26214, 4993]
[20, 26214, 4647]
[20, 26214, 4887]
[20, 26214, 4843]
[20, 26214, 4959]
[20, 26214, 4850]
[20, 26214, 4809]
[20, 26214, 4732]
[20, 26214, 5059]
[20, 26214, 4897]
[20, 26214, 4903]
[20, 26214, 4793]
[20, 26214, 4838]
[20, 26214, 4809]
[20, 26214, 4855]
[20, 26214, 4941]
[20, 26214, 4921]
[20, 26214, 4668]
[20, 26214, 4928]
[20, 26214, 4868]
[20, 26214, 5235]
[20, 26214, 4828]
[20, 26214, 4847]
[20, 26214, 4720]
[20, 26214, 4927]
[20, 26214, 5028]
[20, 26214, 4850]
[20, 26214, 4741]
[20, 26214, 4796]
[20, 26214, 4944]
[20, 26214, 4732]
[20, 26214, 4808]
[20, 26214, 4811]
[20, 26214, 4824]
[20, 26214, 4944]
[20, 26214, 4843]
[20, 26214, 4853]
[20, 26214, 4924]
[20, 26214, 4865]
[20, 26214, 4862]
[20, 26214, 4892]
[20, 26214, 4857]
[20, 26214, 4867]
[20, 26214, 4860]
[20, 26214, 4873]
[20, 26214, 4905]
[20, 26214, 4837]
[20, 26214, 4977]
[20, 26214, 4918]
[20, 26214, 4811]
[20, 26214, 4851]
[20, 26214, 4858]
[20, 26214, 4846]
[20, 26214, 5002]
[20, 26214, 4719]
[20, 26214, 4961]
[20, 26214, 4908]
[20, 26214, 4958]
[20, 26214, 4808]
[20, 26214, 4874]
[20, 26214, 4808]
[20, 26214, 4894]
[20, 26214, 5050]
[20, 26214, 4827]
[20, 26214, 4895]
[20, 26214, 4925]
[20, 26214, 4771]
[20, 26214, 4888]
[20, 26214, 4731]
[20, 26214, 4893]
[20, 26214, 4983]
[20, 26214, 4862]
[20, 26214, 5008]
[20, 26214, 4880]
[20, 26214, 5004]
[20, 26214, 5028]
[20, 26214, 4961]
[20, 26214, 4996]
[20, 26214, 4880]
[20, 26214, 5037]
[20, 26214, 4626]
[20, 26214, 4890]
[25, 32768, 7851]
[25, 32768, 7901]
[25, 32768, 7781]
[25, 32768, 7994]
[25, 32768, 7733]
[25, 32768, 7637]
[25, 32768, 7697]
[25, 32768, 7595]
[25, 32768, 7767]
[25, 32768, 7860]
[25, 32768, 7724]
[25, 32768, 7524]
[25, 32768, 7861]
[25, 32768, 7734]
[25, 32768, 8021]
[25, 32768, 7820]
[25, 32768, 7799]
[25, 32768, 7743]
[25, 32768, 7919]
[25, 32768, 7608]
[25, 32768, 7814]
[25, 32768, 7837]
[25, 32768, 7808]
[25, 32768, 7583]
[25, 32768, 7735]
[25, 32768, 7674]
[25, 32768, 7927]
[25, 32768, 7881]
[25, 32768, 7775]
[25, 32768, 7597]
[25, 32768, 7764]
[25, 32768, 7762]
[25, 32768, 7732]
[25, 32768, 7839]
[25, 32768, 7650]
[25, 32768, 7554]
[25, 32768, 7936]
[25, 32768, 7837]
[25, 32768, 8154]
[25, 32768, 7746]
[25, 32768, 7666]
[25, 32768, 7590]
[25, 32768, 7847]
[25, 32768, 8019]
[25, 32768, 7876]
[25, 32768, 7580]
[25, 32768, 7768]
[25, 32768, 7806]
[25, 32768, 7698]
[25, 32768, 7811]
[25, 32768, 7811]
[25, 32768, 7723]
[25, 32768, 7858]
[25, 32768, 7770]
[25, 32768, 7809]
[25, 32768, 7715]
[25, 32768, 7818]
[25, 32768, 7662]
[25, 32768, 7632]
[25, 32768, 7859]
[25, 32768, 7654]
[25, 32768, 7652]
[25, 32768, 7709]
[25, 32768, 7697]
[25, 32768, 7699]
[25, 32768, 7849]
[25, 32768, 7722]
[25, 32768, 7701]
[25, 32768, 7652]
[25, 32768, 7824]
[25, 32768, 7757]
[25, 32768, 7868]
[25, 32768, 7634]
[25, 32768, 7853]
[25, 32768, 7881]
[25, 32768, 7900]
[25, 32768, 7676]
[25, 32768, 7778]
[25, 32768, 7694]
[25, 32768, 7790]
[25, 32768, 7915]
[25, 32768, 7602]
[25, 32768, 7808]
[25, 32768, 7963]
[25, 32768, 7647]
[25, 32768, 7801]
[25, 32768, 7475]
[25, 32768, 7857]
[25, 32768, 7827]
[25, 32768, 7694]
[25, 32768, 7845]
[25, 32768, 7714]
[25, 32768, 7900]
[25, 32768, 7990]
[25, 32768, 7846]
[25, 32768, 7949]
[25, 32768, 7757]
[25, 32768, 7847]
[25, 32768, 7579]
[25, 32768, 7860]
[30, 39321, 11134]
[30, 39321, 11201]
[30, 39321, 10955]
[30, 39321, 11324]
[30, 39321, 11080]
[30, 39321, 10977]
[30, 39321, 11057]
[30, 39321, 11028]
[30, 39321, 10947]
[30, 39321, 11052]
[30, 39321, 11019]
[30, 39321, 11020]
[30, 39321, 11264]
[30, 39321, 11190]
[30, 39321, 11315]
[30, 39321, 11030]
[30, 39321, 11208]
[30, 39321, 11079]
[30, 39321, 11177]
[30, 39321, 10867]
[30, 39321, 11236]
[30, 39321, 11129]
[30, 39321, 11116]
[30, 39321, 10939]
[30, 39321, 11120]
[30, 39321, 11118]
[30, 39321, 11257]
[30, 39321, 11144]
[30, 39321, 11118]
[30, 39321, 10943]
[30, 39321, 11119]
[30, 39321, 11114]
[30, 39321, 11136]
[30, 39321, 11038]
[30, 39321, 11018]
[30, 39321, 10798]
[30, 39321, 11283]
[30, 39321, 11100]
[30, 39321, 11335]
[30, 39321, 11208]
[30, 39321, 11056]
[30, 39321, 10972]
[30, 39321, 11147]
[30, 39321, 11457]
[30, 39321, 11350]
[30, 39321, 10885]
[30, 39321, 10937]
[30, 39321, 11103]
[30, 39321, 11248]
[30, 39321, 11142]
[30, 39321, 11045]
[30, 39321, 11101]
[30, 39321, 11066]
[30, 39321, 11168]
[30, 39321, 11173]
[30, 39321, 11086]
[30, 39321, 11033]
[30, 39321, 10988]
[30, 39321, 11083]
[30, 39321, 10978]
[30, 39321, 10955]
[30, 39321, 11018]
[30, 39321, 11008]
[30, 39321, 11052]
[30, 39321, 11135]
[30, 39321, 11030]
[30, 39321, 11061]
[30, 39321, 11096]
[30, 39321, 10899]
[30, 39321, 11038]
[30, 39321, 11146]
[30, 39321, 11182]
[30, 39321, 10979]
[30, 39321, 11052]
[30, 39321, 11190]
[30, 39321, 11159]
[30, 39321, 11104]
[30, 39321, 11037]
[30, 39321, 10942]
[30, 39321, 11131]
[30, 39321, 11263]
[30, 39321, 10991]
[30, 39321, 11223]
[30, 39321, 11367]
[30, 39321, 11106]
[30, 39321, 11095]
[30, 39321, 10833]
[30, 39321, 11226]
[30, 39321, 11221]
[30, 39321, 10918]
[30, 39321, 11161]
[30, 39321, 11066]
[30, 39321, 11191]
[30, 39321, 11326]
[30, 39321, 11187]
[30, 39321, 11232]
[30, 39321, 11053]
[30, 39321, 11140]
[30, 39321, 10921]
[30, 39321, 11053]
[35, 45875, 14658]
[35, 45875, 14760]
[35, 45875, 14768]
[35, 45875, 15032]
[35, 45875, 14684]
[35, 45875, 14632]
[35, 45875, 14646]
[35, 45875, 14446]
[35, 45875, 14678]
[35, 45875, 14712]
[35, 45875, 14724]
[35, 45875, 14481]
[35, 45875, 14854]
[35, 45875, 14759]
[35, 45875, 14999]
[35, 45875, 14615]
[35, 45875, 14634]
[35, 45875, 14690]
[35, 45875, 14693]
[35, 45875, 14465]
[35, 45875, 14609]
[35, 45875, 14817]
[35, 45875, 14779]
[35, 45875, 14505]
[35, 45875, 14734]
[35, 45875, 14746]
[35, 45875, 14907]
[35, 45875, 14812]
[35, 45875, 14777]
[35, 45875, 14616]
[35, 45875, 14788]
[35, 45875, 14780]
[35, 45875, 14831]
[35, 45875, 14696]
[35, 45875, 14559]
[35, 45875, 14430]
[35, 45875, 15017]
[35, 45875, 14720]
[35, 45875, 15109]
[35, 45875, 14763]
[35, 45875, 14676]
[35, 45875, 14518]
[35, 45875, 14732]
[35, 45875, 15166]
[35, 45875, 14843]
[35, 45875, 14384]
[35, 45875, 14770]
[35, 45875, 14898]
[35, 45875, 14779]
[35, 45875, 14752]
[35, 45875, 14721]
[35, 45875, 14614]
[35, 45875, 14742]
[35, 45875, 14742]
[35, 45875, 14876]
[35, 45875, 14791]
[35, 45875, 14683]
[35, 45875, 14681]
[35, 45875, 14721]
[35, 45875, 14705]
[35, 45875, 14613]
[35, 45875, 14662]
[35, 45875, 14649]
[35, 45875, 14612]
[35, 45875, 14661]
[35, 45875, 14688]
[35, 45875, 14549]
[35, 45875, 14713]
[35, 45875, 14628]
[35, 45875, 14741]
[35, 45875, 14822]
[35, 45875, 14861]
[35, 45875, 14640]
[35, 45875, 14693]
[35, 45875, 14715]
[35, 45875, 14882]
[35, 45875, 14537]
[35, 45875, 14664]
[35, 45875, 14667]
[35, 45875, 14824]
[35, 45875, 14910]
[35, 45875, 14627]
[35, 45875, 14767]
[35, 45875, 15000]
[35, 45875, 14726]
[35, 45875, 14714]
[35, 45875, 14403]
[35, 45875, 14774]
[35, 45875, 14934]
[35, 45875, 14621]
[35, 45875, 14787]
[35, 45875, 14543]
[35, 45875, 14837]
[35, 45875, 15109]
[35, 45875, 14835]
[35, 45875, 14945]
[35, 45875, 14590]
[35, 45875, 14711]
[35, 45875, 14559]
[35, 45875, 14622]
[40, 52428, 18517]
[40, 52428, 18650]
[40, 52428, 18535]
[40, 52428, 18758]
[40, 52428, 18606]
[40, 52428, 18410]
[40, 52428, 18539]
[40, 52428, 18319]
[40, 52428, 18512]
[40, 52428, 18591]
[40, 52428, 18512]
[40, 52428, 18274]
[40, 52428, 18611]
[40, 52428, 18561]
[40, 52428, 18749]
[40, 52428, 18575]
[40, 52428, 18480]
[40, 52428, 18448]
[40, 52428, 18608]
[40, 52428, 18239]
[40, 52428, 18479]
[40, 52428, 18679]
[40, 52428, 18566]
[40, 52428, 18280]
[40, 52428, 18542]
[40, 52428, 18566]
[40, 52428, 18724]
[40, 52428, 18639]
[40, 52428, 18674]
[40, 52428, 18443]
[40, 52428, 18751]
[40, 52428, 18449]
[40, 52428, 18606]
[40, 52428, 18463]
[40, 52428, 18514]
[40, 52428, 18321]
[40, 52428, 18680]
[40, 52428, 18589]
[40, 52428, 18927]
[40, 52428, 18546]
[40, 52428, 18541]
[40, 52428, 18324]
[40, 52428, 18576]
[40, 52428, 18910]
[40, 52428, 18583]
[40, 52428, 18249]
[40, 52428, 18560]
[40, 52428, 18789]
[40, 52428, 18623]
[40, 52428, 18583]
[40, 52428, 18555]
[40, 52428, 18335]
[40, 52428, 18673]
[40, 52428, 18482]
[40, 52428, 18560]
[40, 52428, 18612]
[40, 52428, 18571]
[40, 52428, 18376]
[40, 52428, 18443]
[40, 52428, 18488]
[40, 52428, 18509]
[40, 52428, 18576]
[40, 52428, 18528]
[40, 52428, 18282]
[40, 52428, 18384]
[40, 52428, 18493]
[40, 52428, 18370]
[40, 52428, 18678]
[40, 52428, 18386]
[40, 52428, 18602]
[40, 52428, 18733]
[40, 52428, 18685]
[40, 52428, 18490]
[40, 52428, 18446]
[40, 52428, 18527]
[40, 52428, 18564]
[40, 52428, 18491]
[40, 52428, 18505]
[40, 52428, 18335]
[40, 52428, 18811]
[40, 52428, 18670]
[40, 52428, 18527]
[40, 52428, 18710]
[40, 52428, 18907]
[40, 52428, 18572]
[40, 52428, 18601]
[40, 52428, 18197]
[40, 52428, 18545]
[40, 52428, 18714]
[40, 52428, 18395]
[40, 52428, 18646]
[40, 52428, 18332]
[40, 52428, 18498]
[40, 52428, 18726]
[40, 52428, 18603]
[40, 52428, 18653]
[40, 52428, 18490]
[40, 52428, 18634]
[40, 52428, 18490]
[40, 52428, 18568]
