[1, 1310, 29, 19, 30, 20, 11, 25, 17, 17]
[1, 1310, 24, 26, 9, 20, 22, 23, 19, 23]
[1, 1310, 14, 23, 24, 21, 33, 19, 20, 21]
[1, 1310, 21, 25, 17, 21, 23, 22, 18, 30]
[1, 1310, 19, 26, 24, 21, 21, 26, 31, 28]
[1, 1310, 19, 25, 29, 15, 27, 18, 32, 25]
[1, 1310, 12, 31, 27, 29, 25, 38, 30, 29]
[1, 1310, 22, 22, 17, 27, 16, 20, 17, 31]
[1, 1310, 27, 33, 37, 23, 26, 23, 14, 20]
[1, 1310, 21, 20, 12, 23, 30, 22, 24, 26]
[1, 1310, 26, 37, 21, 31, 20, 11, 27, 34]
[1, 1310, 18, 26, 21, 31, 22, 27, 22, 29]
[1, 1310, 29, 23, 23, 22, 21, 27, 19, 29]
[1, 1310, 26, 29, 18, 17, 23, 18, 26, 28]
[1, 1310, 27, 25, 16, 25, 26, 27, 29, 27]
[1, 1310, 27, 22, 22, 21, 17, 28, 29, 37]
[1, 1310, 22, 19, 15, 35, 16, 23, 24, 32]
[1, 1310, 28, 24, 28, 28, 18, 21, 24, 22]
[1, 1310, 25, 20, 28, 20, 27, 29, 24, 42]
[1, 1310, 11, 28, 22, 29, 18, 27, 29, 37]
[1, 1310, 31, 17, 28, 21, 11, 13, 22, 23]
[1, 1310, 22, 31, 27, 16, 27, 25, 25, 27]
[1, 1310, 29, 32, 21, 25, 16, 27, 23, 24]
[1, 1310, 39, 30, 19, 22, 28, 35, 30, 14]
[1, 1310, 40, 18, 22, 27, 15, 23, 32, 23]
[1, 1310, 27, 27, 21, 14, 29, 26, 26, 15]
[1, 1310, 27, 29, 20, 23, 21, 24, 28, 24]
[1, 1310, 21, 27, 23, 23, 29, 23, 31, 19]
[1, 1310, 18, 23, 27, 39, 23, 21, 25, 19]
[1, 1310, 20, 27, 24, 34, 28, 29, 20, 25]
[1, 1310, 10, 26, 22, 30, 29, 27, 25, 27]
[1, 1310, 30, 22, 22, 21, 23, 36, 24, 20]
[1, 1310, 19, 38, 28, 30, 18, 22, 30, 25]
[1, 1310, 22, 24, 21, 25, 30, 24, 31, 18]
[1, 1310, 19, 32, 23, 32, 23, 24, 25, 27]
[1, 1310, 18, 14, 18, 40, 17, 27, 24, 21]
[1, 1310, 22, 30, 27, 21, 24, 15, 21, 26]
[1, 1310, 19, 17, 35, 17, 18, 33, 28, 25]
[1, 1310, 23, 8, 23, 27, 28, 26, 18, 24]
[1, 1310, 20, 22, 21, 17, 23, 35, 29, 18]
[1, 1310, 24, 19, 23, 33, 20, 19, 21, 21]
[1, 1310, 25, 22, 28, 41, 20, 26, 14, 14]
[1, 1310, 29, 36, 18, 21, 29, 18, 21, 27]
[1, 1310, 38, 21, 31, 38, 23, 18, 24, 19]
[1, 1310, 29, 25, 25, 18, 20, 17, 30, 18]
[1, 1310, 20, 15, 34, 25, 22, 15, 15, 19]
[1, 1310, 28, 24, 28, 30, 24, 29, 27, 25]
[1, 1310, 25, 31, 28, 22, 20, 18, 22, 26]
[1, 1310, 21, 20, 17, 13, 22, 27, 21, 27]
[1, 1310, 29, 11, 27, 24, 26, 28, 23, 22]
[1, 1310, 25, 25, 31, 18, 31, 15, 26, 23]
[1, 1310, 29, 35, 24, 20, 31, 29, 17, 26]
[1, 1310, 25, 27, 28, 29, 26, 31, 23, 25]
[1, 1310, 14, 30, 28, 20, 24, 32, 20, 26]
[1, 1310, 30, 22, 30, 25, 20, 27, 18, 23]
[1, 1310, 16, 26, 24, 26, 25, 27, 15, 23]
[1, 1310, 15, 26, 33, 33, 18, 20, 21, 29]
[1, 1310, 15, 18, 31, 27, 28, 22, 41, 16]
[1, 1310, 19, 26, 27, 24, 20, 26, 27, 23]
[1, 1310, 23, 28, 14, 30, 19, 23, 23, 31]
[1, 1310, 28, 17, 23, 28, 19, 28, 21, 26]
[1, 1310, 29, 17, 34, 30, 16, 17, 19, 31]
[1, 1310, 18, 33, 21, 31, 31, 26, 31, 21]
[1, 1310, 22, 18, 15, 27, 32, 25, 25, 13]
[1, 1310, 34, 20, 13, 16, 24, 13, 23, 20]
[1, 1310, 24, 28, 12, 26, 36, 29, 21, 16]
[1, 1310, 23, 28, 26, 20, 37, 16, 26, 21]
[1, 1310, 27, 23, 32, 29, 36, 32, 27, 19]
[1, 1310, 33, 24, 29, 22, 25, 20, 23, 35]
[1, 1310, 27, 31, 19, 24, 27, 17, 27, 19]
[1, 1310, 20, 23, 25, 19, 21, 28, 23, 35]
[1, 1310, 21, 7, 29, 19, 25, 19, 17, 24]
[1, 1310, 18, 23, 25, 34, 25, 28, 28, 22]
[1, 1310, 32, 26, 20, 20, 34, 27, 13, 24]
[1, 1310, 30, 17, 27, 28, 33, 29, 17, 34]
[1, 1310, 24, 20, 29, 25, 30, 18, 14, 31]
[1, 1310, 28, 20, 23, 17, 30, 12, 31, 16]
[1, 1310, 24, 24, 18, 28, 23, 30, 16, 34]
[1, 1310, 23, 19, 26, 32, 23, 26, 17, 12]
[1, 1310, 29, 17, 21, 29, 35, 22, 21, 34]
[1, 1310, 24, 22, 10, 23, 25, 31, 21, 20]
[1, 1310, 30, 27, 30, 18, 35, 40, 16, 25]
[1, 1310, 19, 31, 23, 18, 19, 35, 24, 31]
[1, 1310, 26, 31, 17, 21, 19, 15, 15, 21]
[1, 1310, 17, 19, 22, 21, 19, 24, 22, 19]
[1, 1310, 20, 18, 28, 22, 19, 19, 20, 20]
[1, 1310, 16, 29, 15, 27, 18, 24, 21, 25]
[1, 1310, 26, 21, 31, 22, 32, 35, 26, 17]
[1, 1310, 35, 30, 24, 21, 25, 26, 17, 30]
[1, 1310, 35, 24, 25, 23, 26, 19, 14, 27]
[1, 1310, 20, 21, 40, 16, 25, 30, 25, 21]
[1, 1310, 21, 23, 18, 33, 30, 17, 32, 22]
[1, 1310, 40, 25, 20, 23, 26, 32, 30, 23]
[1, 1310, 23, 23, 27, 19, 32, 27, 29, 23]
[1, 1310, 21, 26, 27, 21, 26, 33, 19, 34]
[1, 1310, 17, 20, 20, 17, 37, 11, 21, 22]
[1, 1310, 23, 17, 17, 16, 28, 21, 16, 18]
[1, 1310, 31, 22, 30, 22, 25, 22, 35, 18]
[1, 1310, 25, 26, 26, 22, 27, 29, 25, 13]
[1, 1310, 19, 22, 28, 16, 26, 27, 22, 22]
[2, 2621, 81, 72, 72, 69, 45, 68, 77, 56]
[2, 2621, 66, 83, 53, 78, 79, 75, 55, 82]
[2, 2621, 67, 64, 76, 66, 73, 67, 48, 58]
[2, 2621, 78, 76, 52, 61, 66, 53, 61, 80]
[2, 2621, 56, 75, 72, 83, 76, 88, 83, 80]
[2, 2621, 66, 68, 76, 74, 85, 68, 90, 66]
[2, 2621, 63, 71, 56, 76, 80, 77, 60, 81]
[2, 2621, 62, 57, 55, 71, 54, 83, 55, 71]
[2, 2621, 59, 79, 79, 67, 78, 71, 59, 72]
[2, 2621, 59, 46, 52, 61, 91, 79, 69, 74]
[2, 2621, 63, 83, 58, 67, 58, 62, 66, 74]
[2, 2621, 69, 57, 60, 90, 67, 81, 61, 70]
[2, 2621, 65, 65, 63, 79, 60, 67, 59, 70]
[2, 2621, 65, 76, 54, 66, 70, 61, 68, 66]
[2, 2621, 77, 71, 61, 73, 60, 67, 80, 64]
[2, 2621, 68, 45, 63, 72, 50, 72, 71, 103]
[2, 2621, 72, 74, 68, 85, 59, 71, 62, 73]
[2, 2621, 69, 68, 75, 67, 56, 59, 73, 66]
[2, 2621, 66, 65, 71, 63, 65, 76, 79, 85]
[2, 2621, 63, 69, 65, 92, 66, 74, 77, 75]
[2, 2621, 74, 64, 56, 61, 48, 49, 71, 67]
[2, 2621, 88, 72, 71, 64, 67, 73, 67, 61]
[2, 2621, 70, 75, 76, 72, 73, 79, 73, 59]
[2, 2621, 90, 73, 59, 76, 63, 71, 53, 65]
[2, 2621, 66, 69, 62, 72, 69, 66, 79, 53]
[2, 2621, 71, 65, 69, 51, 62, 76, 74, 73]
[2, 2621, 59, 70, 58, 65, 60, 70, 55, 80]
[2, 2621, 75, 75, 76, 69, 64, 76, 80, 77]
[2, 2621, 78, 77, 66, 70, 68, 57, 74, 61]
[2, 2621, 57, 67, 70, 67, 70, 88, 71, 71]
[2, 2621, 59, 73, 62, 77, 77, 70, 69, 79]
[2, 2621, 66, 91, 75, 81, 72, 85, 80, 55]
[2, 2621, 61, 86, 79, 65, 80, 67, 70, 74]
[2, 2621, 62, 71, 59, 58, 76, 71, 69, 79]
[2, 2621, 56, 84, 74, 82, 88, 72, 79, 62]
[2, 2621, 55, 58, 41, 78, 72, 65, 81, 73]
[2, 2621, 68, 86, 79, 71, 68, 57, 66, 75]
[2, 2621, 57, 68, 87, 54, 66, 80, 67, 63]
[2, 2621, 52, 43, 95, 70, 84, 65, 75, 80]
[2, 2621, 77, 65, 80, 59, 87, 88, 83, 60]
[2, 2621, 62, 55, 79, 85, 63, 87, 64, 68]
[2, 2621, 59, 67, 83, 78, 50, 64, 58, 61]
[2, 2621, 66, 71, 71, 71, 63, 52, 74, 76]
[2, 2621, 87, 56, 87, 83, 64, 50, 70, 62]
[2, 2621, 85, 80, 54, 73, 67, 64, 81, 60]
[2, 2621, 58, 55, 81, 77, 67, 69, 58, 76]
[2, 2621, 70, 71, 68, 77, 67, 76, 73, 68]
[2, 2621, 63, 86, 68, 68, 76, 68, 71, 70]
[2, 2621, 74, 64, 59, 51, 74, 68, 69, 74]
[2, 2621, 89, 64, 80, 83, 86, 54, 70, 66]
[2, 2621, 76, 60, 87, 57, 84, 58, 72, 59]
[2, 2621, 79, 79, 73, 66, 80, 62, 73, 70]
[2, 2621, 59, 75, 70, 67, 73, 72, 70, 61]
[2, 2621, 53, 91, 72, 56, 63, 78, 76, 85]
[2, 2621, 86, 86, 84, 63, 51, 83, 60, 85]
[2, 2621, 59, 69, 56, 70, 88, 66, 56, 64]
[2, 2621, 74, 69, 84, 88, 75, 57, 72, 91]
[2, 2621, 62, 40, 81, 67, 71, 73, 87, 72]
[2, 2621, 56, 78, 81, 68, 67, 68, 84, 79]
[2, 2621, 69, 83, 71, 66, 75, 68, 62, 65]
[2, 2621, 77, 54, 54, 74, 60, 66, 61, 77]
[2, 2621, 69, 72, 83, 85, 52, 51, 67, 74]
[2, 2621, 46, 65, 61, 74, 81, 74, 69, 58]
[2, 2621, 60, 71, 59, 82, 67, 79, 78, 58]
[2, 2621, 87, 61, 54, 76, 90, 53, 85, 67]
[2, 2621, 64, 69, 65, 83, 61, 80, 61, 69]
[2, 2621, 53, 90, 90, 66, 66, 49, 67, 53]
[2, 2621, 61, 74, 87, 83, 71, 80, 69, 65]
[2, 2621, 71, 81, 65, 72, 62, 52, 77, 81]
[2, 2621, 75, 75, 57, 56, 70, 61, 69, 69]
[2, 2621, 58, 62, 61, 69, 66, 77, 58, 83]
[2, 2621, 67, 48, 72, 69, 67, 56, 52, 78]
[2, 2621, 74, 68, 77, 78, 80, 56, 80, 76]
[2, 2621, 102, 66, 60, 58, 81, 72, 65, 60]
[2, 2621, 77, 56, 75, 78, 89, 68, 72, 72]
[2, 2621, 51, 81, 85, 67, 81, 69, 42, 81]
[2, 2621, 64, 64, 64, 65, 81, 54, 60, 69]
[2, 2621, 63, 71, 39, 95, 83, 74, 53, 94]
[2, 2621, 52, 69, 78, 91, 52, 71, 70, 62]
[2, 2621, 91, 70, 60, 65, 77, 59, 73, 69]
[2, 2621, 75, 78, 50, 76, 62, 81, 49, 82]
[2, 2621, 71, 73, 86, 51, 81, 74, 52, 75]
[2, 2621, 54, 91, 79, 65, 64, 92, 74, 53]
[2, 2621, 67, 90, 56, 66, 59, 54, 57, 59]
[2, 2621, 76, 65, 62, 70, 63, 64, 89, 68]
[2, 2621, 71, 51, 74, 68, 55, 65, 59, 75]
[2, 2621, 55, 97, 62, 60, 55, 80, 65, 88]
[2, 2621, 71, 80, 77, 60, 80, 73, 59, 54]
[2, 2621, 99, 77, 70, 67, 83, 61, 50, 80]
[2, 2621, 73, 72, 76, 71, 67, 55, 71, 81]
[2, 2621, 63, 51, 88, 59, 74, 84, 77, 74]
[2, 2621, 59, 75, 70, 93, 64, 77, 83, 79]
[2, 2621, 94, 64, 49, 60, 77, 80, 61, 58]
[2, 2621, 59, 81, 71, 66, 87, 74, 88, 73]
[2, 2621, 72, 67, 68, 72, 69, 89, 62, 92]
[2, 2621, 62, 69, 72, 55, 88, 56, 62, 78]
[2, 2621, 76, 41, 65, 63, 64, 73, 47, 66]
[2, 2621, 74, 64, 88, 75, 79, 76, 66, 62]
[2, 2621, 79, 64, 63, 68, 79, 69, 76, 89]
[2, 2621, 58, 69, 85, 60, 57, 73, 84, 70]
[5, 6553, 328, 332, 325, 358, 260, 335, 324, 313]
[5, 6553, 312, 325, 280, 327, 316, 317, 277, 324]
[5, 6553, 323, 311, 301, 319, 335, 297, 274, 281]
[5, 6553, 313, 314, 284, 319, 319, 309, 301, 304]
[5, 6553, 302, 302, 306, 314, 334, 294, 314, 342]
[5, 6553, 341, 334, 311, 345, 329, 297, 319, 299]
[5, 6553, 299, 336, 316, 294, 325, 317, 301, 341]
[5, 6553, 324, 278, 321, 315, 319, 332, 267, 323]
[5, 6553, 302, 332, 309, 325, 337, 351, 248, 324]
[5, 6553, 329, 305, 279, 284, 304, 301, 333, 302]
[5, 6553, 341, 356, 259, 287, 303, 324, 300, 289]
[5, 6553, 306, 284, 309, 376, 271, 381, 318, 329]
[5, 6553, 320, 275, 313, 348, 308, 297, 310, 298]
[5, 6553, 376, 324, 302, 297, 337, 278, 303, 318]
[5, 6553, 311, 357, 303, 334, 315, 320, 276, 302]
[5, 6553, 308, 292, 316, 305, 275, 341, 307, 374]
[5, 6553, 309, 343, 278, 363, 313, 290, 298, 350]
[5, 6553, 298, 313, 314, 323, 318, 310, 293, 274]
[5, 6553, 311, 285, 337, 329, 285, 359, 314, 317]
[5, 6553, 293, 295, 298, 331, 323, 277, 336, 292]
[5, 6553, 333, 296, 292, 324, 305, 289, 327, 296]
[5, 6553, 321, 299, 305, 318, 310, 330, 302, 291]
[5, 6553, 266, 332, 348, 293, 295, 317, 313, 283]
[5, 6553, 313, 325, 328, 319, 281, 331, 329, 290]
[5, 6553, 304, 292, 290, 305, 307, 304, 359, 268]
[5, 6553, 333, 292, 310, 281, 311, 323, 335, 331]
[5, 6553, 321, 299, 346, 302, 315, 305, 329, 305]
[5, 6553, 282, 346, 305, 330, 299, 335, 320, 322]
[5, 6553, 338, 302, 301, 348, 318, 296, 274, 315]
[5, 6553, 259, 359, 324, 292, 270, 342, 278, 325]
[5, 6553, 273, 343, 263, 317, 298, 312, 362, 342]
[5, 6553, 347, 359, 298, 348, 328, 329, 288, 260]
[5, 6553, 302, 362, 312, 335, 325, 324, 325, 285]
[5, 6553, 276, 322, 290, 299, 325, 316, 293, 299]
[5, 6553, 278, 347, 303, 301, 342, 302, 328, 305]
[5, 6553, 292, 319, 292, 347, 311, 302, 305, 296]
[5, 6553, 322, 327, 347, 297, 320, 284, 282, 309]
[5, 6553, 314, 320, 326, 282, 293, 353, 341, 288]
[5, 6553, 281, 280, 367, 321, 341, 320, 322, 320]
[5, 6553, 337, 300, 332, 278, 336, 299, 309, 290]
[5, 6553, 255, 277, 325, 361, 295, 291, 314, 314]
[5, 6553, 307, 322, 327, 328, 306, 274, 313, 269]
[5, 6553, 325, 298, 318, 301, 284, 264, 348, 330]
[5, 6553, 325, 288, 336, 306, 312, 330, 314, 321]
[5, 6553, 324, 316, 291, 337, 316, 293, 310, 315]
[5, 6553, 292, 328, 354, 322, 328, 311, 311, 276]
[5, 6553, 284, 284, 331, 334, 273, 325, 356, 307]
[5, 6553, 264, 347, 301, 322, 309, 301, 323, 324]
[5, 6553, 342, 302, 297, 285, 299, 319, 300, 284]
[5, 6553, 310, 315, 324, 373, 310, 298, 315, 317]
[5, 6553, 326, 302, 346, 281, 375, 303, 302, 293]
[5, 6553, 381, 319, 328, 324, 334, 277, 335, 302]
[5, 6553, 307, 297, 276, 288, 285, 290, 307, 317]
[5, 6553, 330, 319, 322, 314, 334, 334, 303, 326]
[5, 6553, 294, 337, 334, 287, 292, 309, 290, 319]
[5, 6553, 289, 285, 315, 355, 329, 309, 308, 276]
[5, 6553, 320, 293, 320, 365, 329, 302, 328, 335]
[5, 6553, 310, 284, 313, 304, 317, 332, 341, 303]
[5, 6553, 276, 327, 312, 306, 289, 311, 305, 317]
[5, 6553, 298, 347, 299, 284, 320, 286, 302, 297]
[5, 6553, 313, 261, 292, 312, 298, 311, 309, 355]
[5, 6553, 306, 296, 309, 304, 287, 271, 324, 310]
[5, 6553, 266, 317, 297, 338, 342, 301, 330, 283]
[5, 6553, 292, 326, 315, 319, 300, 334, 307, 305]
[5, 6553, 320, 287, 296, 317, 367, 262, 351, 370]
[5, 6553, 329, 327, 313, 343, 297, 335, 288, 323]
[5, 6553, 263, 355, 340, 316, 325, 297, 293, 273]
[5, 6553, 276, 354, 330, 323, 356, 300, 295, 297]
[5, 6553, 380, 320, 318, 344, 318, 302, 305, 311]
[5, 6553, 311, 339, 299, 269, 293, 316, 301, 316]
[5, 6553, 337, 312, 318, 283, 305, 284, 265, 334]
[5, 6553, 313, 270, 344, 295, 324, 313, 314, 294]
[5, 6553, 319, 334, 297, 347, 330, 244, 327, 319]
[5, 6553, 338, 324, 290, 282, 312, 334, 310, 265]
[5, 6553, 307, 330, 294, 335, 334, 351, 321, 317]
[5, 6553, 278, 303, 330, 311, 321, 338, 284, 327]
[5, 6553, 286, 311, 304, 320, 325, 292, 298, 336]
[5, 6553, 318, 313, 267, 341, 346, 318, 295, 305]
[5, 6553, 318, 321, 329, 340, 305, 322, 287, 297]
[5, 6553, 337, 311, 328, 321, 314, 293, 311, 316]
[5, 6553, 319, 319, 292, 304, 303, 335, 318, 330]
[5, 6553, 300, 319, 317, 275, 346, 346, 295, 286]
[5, 6553, 310, 336, 329, 327, 330, 318, 307, 275]
[5, 6553, 300, 336, 279, 328, 289, 288, 317, 323]
[5, 6553, 332, 312, 285, 293, 326, 308, 338, 314]
[5, 6553, 326, 294, 331, 314, 271, 330, 321, 386]
[5, 6553, 340, 354, 266, 290, 267, 304, 291, 321]
[5, 6553, 350, 298, 327, 313, 311, 354, 321, 274]
[5, 6553, 316, 312, 342, 323, 323, 292, 262, 312]
[5, 6553, 312, 346, 312, 289, 327, 290, 321, 311]
[5, 6553, 358, 288, 301, 301, 342, 315, 330, 297]
[5, 6553, 316, 275, 339, 321, 275, 305, 319, 332]
[5, 6553, 348, 270, 267, 319, 297, 283, 315, 310]
[5, 6553, 314, 324, 312, 291, 354, 305, 310, 306]
[5, 6553, 293, 316, 309, 310, 297, 295, 296, 372]
[5, 6553, 312, 337, 322, 348, 372, 250, 286, 313]
[5, 6553, 310, 324, 268, 316, 289, 347, 268, 310]
[5, 6553, 320, 301, 334, 353, 337, 268, 338, 289]
[5, 6553, 322, 283, 298, 287, 326, 357, 326, 336]
[5, 6553, 321, 302, 308, 302, 313, 296, 335, 356]
[10, 13107, 999, 987, 954, 941, 876, 1006, 949, 952]
[10, 13107, 973, 973, 940, 975, 991, 962, 850, 981]
[10, 13107, 980, 960, 938, 976, 983, 994, 931, 950]
[10, 13107, 947, 912, 916, 992, 929, 1003, 975, 999]
[10, 13107, 926, 962, 897, 958, 1041, 941, 1013, 969]
[10, 13107, 977, 925, 998, 984, 934, 899, 986, 970]
[10, 13107, 967, 1014, 948, 868, 1030, 971, 921, 948]
[10, 13107, 987, 900, 925, 951, 964, 1000, 863, 991]
[10, 13107, 982, 1022, 964, 934, 955, 934, 878, 938]
[10, 13107, 1005, 961, 897, 986, 952, 946, 953, 958]
[10, 13107, 959, 991, 927, 957, 917, 1022, 977, 909]
[10, 13107, 970, 903, 994, 944, 918, 1027, 952, 898]
[10, 13107, 1013, 901, 919, 944, 975, 899, 969, 922]
[10, 13107, 1029, 1029, 922, 947, 999, 884, 931, 995]
[10, 13107, 950, 1003, 975, 920, 953, 1001, 902, 979]
[10, 13107, 946, 910, 996, 930, 900, 1024, 1036, 1018]
[10, 13107, 977, 943, 893, 1007, 942, 931, 980, 1052]
[10, 13107, 990, 927, 994, 945, 980, 984, 963, 895]
[10, 13107, 998, 955, 1007, 947, 894, 1034, 867, 943]
[10, 13107, 955, 949, 944, 944, 972, 940, 1000, 869]
[10, 13107, 985, 905, 939, 1020, 935, 973, 983, 907]
[10, 13107, 1028, 986, 923, 937, 979, 944, 942, 947]
[10, 13107, 909, 1033, 1009, 957, 967, 979, 976, 900]
[10, 13107, 962, 1048, 940, 906, 939, 1004, 1017, 852]
[10, 13107, 982, 938, 920, 901, 979, 968, 1030, 969]
[10, 13107, 1040, 1006, 957, 951, 960, 896, 949, 957]
[10, 13107, 974, 922, 999, 964, 1015, 915, 952, 925]
[10, 13107, 970, 927, 945, 958, 915, 1014, 989, 938]
[10, 13107, 974, 943, 990, 970, 977, 938, 917, 922]
[10, 13107, 860, 1031, 1016, 888, 964, 977, 869, 1013]
[10, 13107, 924, 1006, 922, 956, 908, 931, 1029, 1021]
[10, 13107, 1015, 1023, 913, 1011, 938, 1021, 883, 921]
[10, 13107, 892, 1042, 946, 968, 977, 975, 922, 963]
[10, 13107, 932, 940, 919, 975, 970, 947, 962, 988]
[10, 13107, 927, 987, 954, 918, 943, 1001, 976, 1005]
[10, 13107, 969, 968, 932, 956, 946, 951, 952, 951]
[10, 13107, 916, 1048, 1009, 967, 924, 941, 927, 994]
[10, 13107, 991, 965, 951, 907, 985, 1007, 1015, 945]
[10, 13107, 940, 936, 1066, 954, 983, 957, 1000, 892]
[10, 13107, 943, 906, 1020, 952, 964, 967, 958, 952]
[10, 13107, 892, 926, 953, 1004, 957, 916, 972, 1007]
[10, 13107, 946, 984, 941, 970, 949, 949, 996, 953]
[10, 13107, 966, 930, 1000, 943, 904, 928, 961, 991]
[10, 13107, 952, 910, 972, 990, 896, 960, 1042, 942]
[10, 13107, 983, 949, 959, 981, 998, 901, 960, 954]
[10, 13107, 1005, 947, 1046, 951, 969, 903, 968, 917]
[10, 13107, 878, 896, 978, 1003, 928, 1005, 1017, 948]
[10, 13107, 909, 981, 947, 970, 1022, 981, 935, 968]
[10, 13107, 1012, 938, 882, 927, 937, 965, 965, 994]
[10, 13107, 965, 955, 1019, 984, 932, 945, 917, 913]
[10, 13107, 954, 950, 1002, 902, 964, 942, 944, 998]
[10, 13107, 1106, 954, 1028, 982, 943, 923, 999, 918]
[10, 13107, 933, 972, 930, 908, 988, 935, 974, 996]
[10, 13107, 961, 977, 884, 1000, 992, 991, 939, 973]
[10, 13107, 937, 992, 951, 981, 956, 984, 1012, 959]
[10, 13107, 940, 941, 931, 987, 1002, 927, 957, 942]
[10, 13107, 923, 954, 1010, 1054, 1018, 907, 974, 944]
[10, 13107, 995, 978, 945, 960, 950, 970, 951, 970]
[10, 13107, 946, 954, 1027, 921, 968, 945, 971, 915]
[10, 13107, 957, 957, 939, 959, 1017, 965, 900, 927]
[10, 13107, 976, 927, 923, 1002, 937, 969, 890, 1000]
[10, 13107, 895, 990, 938, 985, 905, 963, 981, 977]
[10, 13107, 910, 1007, 968, 1003, 923, 970, 962, 954]
[10, 13107, 907, 980, 989, 905, 931, 975, 962, 1019]
[10, 13107, 934, 897, 999, 990, 1057, 890, 966, 961]
[10, 13107, 981, 968, 914, 982, 950, 1003, 936, 898]
[10, 13107, 878, 1024, 989, 962, 996, 959, 968, 931]
[10, 13107, 927, 1011, 1038, 1025, 980, 943, 920, 961]
[10, 13107, 1010, 956, 924, 1102, 944, 929, 955, 935]
[10, 13107, 942, 983, 1006, 924, 931, 957, 962, 952]
[10, 13107, 988, 942, 987, 940, 928, 908, 838, 1009]
[10, 13107, 998, 956, 979, 926, 961, 955, 926, 931]
[10, 13107, 974, 1037, 905, 931, 989, 868, 1032, 974]
[10, 13107, 1036, 1031, 923, 937, 949, 1027, 957, 904]
[10, 13107, 1005, 967, 948, 1007, 984, 1005, 901, 897]
[10, 13107, 942, 949, 928, 912, 996, 967, 932, 1049]
[10, 13107, 880, 970, 948, 903, 987, 936, 992, 997]
[10, 13107, 1014, 992, 907, 981, 950, 929, 940, 963]
[10, 13107, 958, 1005, 931, 978, 989, 959, 943, 916]
[10, 13107, 1050, 942, 935, 953, 923, 945, 939, 990]
[10, 13107, 936, 910, 906, 925, 951, 965, 1046, 981]
[10, 13107, 959, 939, 994, 940, 1008, 1023, 958, 870]
[10, 13107, 1021, 936, 933, 977, 957, 953, 982, 948]
[10, 13107, 943, 1009, 945, 1004, 932, 856, 1040, 955]
[10, 13107, 966, 942, 933, 926, 992, 965, 996, 973]
[10, 13107, 914, 974, 1015, 922, 947, 977, 929, 999]
[10, 13107, 997, 1015, 927, 950, 913, 959, 927, 955]
[10, 13107, 1022, 958, 982, 957, 941, 1006, 959, 932]
[10, 13107, 945, 977, 1037, 989, 947, 941, 908, 1009]
[10, 13107, 953, 942, 960, 1016, 934, 981, 991, 986]
[10, 13107, 977, 930, 958, 900, 1038, 934, 980, 945]
[10, 13107, 969, 895, 1021, 980, 928, 897, 942, 940]
[10, 13107, 927, 943, 990, 984, 982, 873, 951, 945]
[10, 13107, 945, 950, 915, 909, 1011, 988, 953, 965]
[10, 13107, 891, 998, 979, 1010, 964, 938, 925, 1067]
[10, 13107, 962, 954, 999, 1012, 992, 874, 932, 1007]
[10, 13107, 933, 980, 889, 984, 979, 1009, 920, 985]
[10, 13107, 965, 952, 1016, 978, 923, 944, 973, 957]
[10, 13107, 929, 966, 956, 908, 938, 1012, 986, 996]
[10, 13107, 1030, 939, 976, 967, 951, 960, 933, 945]
[15, 19660, 1823, 1734, 1779, 1701, 1707, 1804, 1772, 1769]
[15, 19660, 1837, 1850, 1711, 1781, 1827, 1770, 1688, 1755]
[15, 19660, 1771, 1867, 1729, 1715, 1782, 1827, 1783, 1799]
[15, 19660, 1750, 1792, 1725, 1845, 1769, 1850, 1746, 1851]
[15, 19660, 1746, 1778, 1710, 1757, 1818, 1769, 1818, 1880]
[15, 19660, 1735, 1766, 1810, 1845, 1759, 1708, 1791, 1752]
[15, 19660, 1820, 1854, 1766, 1694, 1877, 1769, 1710, 1762]
[15, 19660, 1810, 1712, 1708, 1741, 1758, 1844, 1739, 1840]
[15, 19660, 1767, 1864, 1771, 1738, 1814, 1826, 1634, 1782]
[15, 19660, 1782, 1751, 1725, 1807, 1758, 1743, 1745, 1766]
[15, 19660, 1762, 1860, 1719, 1744, 1815, 1783, 1727, 1753]
[15, 19660, 1747, 1699, 1858, 1761, 1741, 1849, 1785, 1691]
[15, 19660, 1762, 1687, 1742, 1829, 1844, 1674, 1751, 1748]
[15, 19660, 1837, 1809, 1732, 1749, 1838, 1675, 1702, 1894]
[15, 19660, 1856, 1811, 1778, 1663, 1745, 1836, 1715, 1735]
[15, 19660, 1712, 1723, 1853, 1711, 1698, 1839, 1836, 1803]
[15, 19660, 1741, 1778, 1774, 1765, 1738, 1766, 1764, 1836]
[15, 19660, 1808, 1724, 1816, 1770, 1767, 1779, 1773, 1713]
[15, 19660, 1775, 1768, 1791, 1730, 1699, 1869, 1696, 1788]
[15, 19660, 1757, 1785, 1752, 1728, 1803, 1773, 1847, 1727]
[15, 19660, 1786, 1757, 1801, 1831, 1812, 1740, 1762, 1707]
[15, 19660, 1888, 1739, 1761, 1771, 1840, 1757, 1744, 1758]
[15, 19660, 1714, 1846, 1843, 1786, 1769, 1768, 1754, 1731]
[15, 19660, 1759, 1813, 1784, 1741, 1836, 1821, 1855, 1620]
[15, 19660, 1798, 1768, 1700, 1784, 1755, 1806, 1863, 1768]
[15, 19660, 1821, 1798, 1819, 1742, 1796, 1722, 1728, 1760]
[15, 19660, 1777, 1688, 1886, 1753, 1838, 1699, 1745, 1816]
[15, 19660, 1787, 1713, 1764, 1777, 1769, 1846, 1784, 1774]
[15, 19660, 1754, 1714, 1770, 1764, 1730, 1776, 1815, 1745]
[15, 19660, 1697, 1844, 1843, 1666, 1795, 1806, 1711, 1847]
[15, 19660, 1705, 1871, 1689, 1763, 1771, 1731, 1827, 1898]
[15, 19660, 1909, 1777, 1651, 1846, 1727, 1853, 1705, 1786]
[15, 19660, 1628, 1813, 1764, 1815, 1791, 1797, 1671, 1898]
[15, 19660, 1731, 1775, 1724, 1838, 1811, 1815, 1772, 1762]
[15, 19660, 1729, 1782, 1774, 1725, 1766, 1759, 1834, 1832]
[15, 19660, 1844, 1707, 1735, 1765, 1763, 1768, 1748, 1834]
[15, 19660, 1699, 1891, 1820, 1778, 1672, 1752, 1741, 1825]
[15, 19660, 1768, 1733, 1765, 1746, 1820, 1884, 1845, 1725]
[15, 19660, 1726, 1792, 1874, 1691, 1769, 1783, 1776, 1744]
[15, 19660, 1744, 1735, 1834, 1790, 1767, 1823, 1711, 1779]
[15, 19660, 1672, 1679, 1781, 1816, 1796, 1764, 1805, 1840]
[15, 19660, 1739, 1788, 1750, 1751, 1802, 1758, 1822, 1795]
[15, 19660, 1773, 1777, 1846, 1783, 1676, 1755, 1730, 1804]
[15, 19660, 1747, 1661, 1728, 1803, 1732, 1784, 1862, 1748]
[15, 19660, 1799, 1767, 1818, 1772, 1819, 1703, 1834, 1790]
[15, 19660, 1773, 1724, 1917, 1793, 1761, 1708, 1839, 1724]
[15, 19660, 1694, 1731, 1802, 1849, 1732, 1809, 1847, 1779]
[15, 19660, 1668, 1765, 1858, 1782, 1842, 1739, 1735, 1833]
[15, 19660, 1797, 1816, 1675, 1719, 1755, 1738, 1742, 1858]
[15, 19660, 1770, 1789, 1849, 1796, 1718, 1795, 1758, 1745]
[15, 19660, 1859, 1717, 1794, 1690, 1699, 1802, 1830, 1839]
[15, 19660, 1904, 1757, 1815, 1746, 1739, 1701, 1825, 1731]
[15, 19660, 1825, 1733, 1736, 1773, 1786, 1712, 1833, 1840]
[15, 19660, 1822, 1820, 1677, 1814, 1752, 1808, 1748, 1788]
[15, 19660, 1684, 1818, 1766, 1791, 1785, 1776, 1825, 1761]
[15, 19660, 1785, 1757, 1719, 1811, 1818, 1755, 1763, 1726]
[15, 19660, 1780, 1739, 1785, 1881, 1762, 1778, 1753, 1752]
[15, 19660, 1809, 1837, 1740, 1769, 1740, 1738, 1788, 1779]
[15, 19660, 1698, 1747, 1855, 1724, 1773, 1771, 1753, 1727]
[15, 19660, 1755, 1839, 1765, 1781, 1864, 1788, 1742, 1696]
[15, 19660, 1795, 1785, 1741, 1779, 1784, 1816, 1715, 1734]
[15, 19660, 1677, 1782, 1752, 1779, 1759, 1798, 1810, 1786]
[15, 19660, 1750, 1814, 1778, 1728, 1763, 1786, 1852, 1766]
[15, 19660, 1780, 1877, 1813, 1699, 1763, 1804, 1849, 1812]
[15, 19660, 1731, 1670, 1886, 1786, 1838, 1727, 1763, 1839]
[15, 19660, 1807, 1780, 1726, 1793, 1764, 1852, 1750, 1722]
[15, 19660, 1648, 1796, 1867, 1766, 1846, 1762, 1809, 1739]
[15, 19660, 1715, 1831, 1826, 1803, 1795, 1776, 1726, 1789]
[15, 19660, 1836, 1753, 1723, 1901, 1770, 1747, 1804, 1756]
[15, 19660, 1685, 1793, 1794, 1771, 1800, 1761, 1766, 1761]
[15, 19660, 1867, 1753, 1836, 1773, 1735, 1723, 1579, 1818]
[15, 19660, 1851, 1730, 1767, 1703, 1799, 1827, 1788, 1792]
[15, 19660, 1778, 1863, 1701, 1731, 1782, 1672, 1881, 1786]
[15, 19660, 1850, 1840, 1742, 1723, 1794, 1797, 1800, 1724]
[15, 19660, 1821, 1772, 1714, 1816, 1781, 1888, 1768, 1638]
[15, 19660, 1734, 1824, 1735, 1760, 1808, 1831, 1745, 1853]
[15, 19660, 1713, 1751, 1720, 1757, 1751, 1744, 1783, 1817]
[15, 19660, 1803, 1758, 1666, 1829, 1778, 1773, 1805, 1795]
[15, 19660, 1779, 1807, 1737, 1821, 1811, 1821, 1754, 1758]
[15, 19660, 1796, 1704, 1825, 1778, 1752, 1723, 1743, 1786]
[15, 19660, 1783, 1692, 1749, 1735, 1772, 1785, 1860, 1769]
[15, 19660, 1742, 1703, 1781, 1827, 1759, 1811, 1762, 1748]
[15, 19660, 1843, 1775, 1786, 1780, 1751, 1709, 1769, 1732]
[15, 19660, 1756, 1845, 1768, 1852, 1672, 1653, 1822, 1809]
[15, 19660, 1814, 1728, 1761, 1732, 1776, 1759, 1797, 1804]
[15, 19660, 1764, 1827, 1811, 1772, 1744, 1737, 1706, 1849]
[15, 19660, 1837, 1884, 1716, 1772, 1736, 1767, 1670, 1761]
[15, 19660, 1826, 1783, 1810, 1751, 1754, 1805, 1791, 1729]
[15, 19660, 1706, 1805, 1837, 1888, 1752, 1795, 1671, 1796]
[15, 19660, 1704, 1766, 1767, 1868, 1814, 1825, 1739, 1773]
[15, 19660, 1789, 1737, 1752, 1764, 1860, 1737, 1828, 1763]
[15, 19660, 1780, 1778, 1780, 1793, 1752, 1699, 1755, 1742]
[15, 19660, 1748, 1815, 1729, 1791, 1782, 1734, 1765, 1766]
[15, 19660, 1721, 1805, 1807, 1692, 1807, 1839, 1752, 1748]
[15, 19660, 1711, 1874, 1726, 1800, 1830, 1739, 1701, 1827]
[15, 19660, 1770, 1756, 1893, 1824, 1799, 1650, 1810, 1861]
[15, 19660, 1783, 1750, 1702, 1872, 1785, 1790, 1726, 1818]
[15, 19660, 1764, 1742, 1792, 1866, 1798, 1747, 1795, 1752]
[15, 19660, 1696, 1783, 1786, 1733, 1712, 1808, 1776, 1840]
[15, 19660, 1810, 1738, 1779, 1816, 1732, 1706, 1796, 1842]
[20, 26214, 2692, 2617, 2657, 2621, 2658, 2694, 2660, 2662]
[20, 26214, 2654, 2735, 2657, 2637, 2730, 2731, 2601, 2599]
[20, 26214, 2639, 2752, 2639, 2569, 2649, 2708, 2666, 2720]
[20, 26214, 2576, 2717, 2599, 2757, 2707, 2692, 2658, 2730]
[20, 26214, 2666, 2675, 2610, 2636, 2668, 2733, 2664, 2726]
[20, 26214, 2581, 2720, 2642, 2730, 2684, 2617, 2674, 2652]
[20, 26214, 2700, 2701, 2628, 2645, 2807, 2661, 2545, 2632]
[20, 26214, 2689, 2640, 2560, 2619, 2641, 2723, 2657, 2759]
[20, 26214, 2719, 2772, 2608, 2645, 2733, 2705, 2566, 2602]
[20, 26214, 2671, 2651, 2653, 2673, 2681, 2637, 2692, 2668]
[20, 26214, 2677, 2751, 2593, 2659, 2695, 2632, 2659, 2573]
[20, 26214, 2636, 2642, 2720, 2664, 2619, 2735, 2689, 2588]
[20, 26214, 2612, 2625, 2705, 2757, 2741, 2554, 2627, 2639]
[20, 26214, 2713, 2619, 2673, 2653, 2796, 2487, 2607, 2758]
[20, 26214, 2777, 2700, 2679, 2611, 2560, 2745, 2600, 2664]
[20, 26214, 2570, 2580, 2814, 2657, 2578, 2687, 2789, 2671]
[20, 26214, 2601, 2656, 2664, 2711, 2686, 2691, 2641, 2678]
[20, 26214, 2747, 2587, 2702, 2609, 2695, 2655, 2705, 2608]
[20, 26214, 2645, 2705, 2722, 2629, 2637, 2709, 2561, 2670]
[20, 26214, 2662, 2680, 2673, 2653, 2682, 2674, 2718, 2564]
[20, 26214, 2735, 2614, 2717, 2703, 2662, 2605, 2627, 2615]
[20, 26214, 2816, 2601, 2653, 2673, 2673, 2694, 2619, 2634]
[20, 26214, 2629, 2781, 2678, 2677, 2660, 2673, 2633, 2608]
[20, 26214, 2649, 2732, 2672, 2633, 2687, 2725, 2745, 2512]
[20, 26214, 2720, 2605, 2534, 2681, 2671, 2729, 2796, 2643]
[20, 26214, 2735, 2712, 2653, 2622, 2691, 2662, 2610, 2673]
[20, 26214, 2708, 2569, 2718, 2679, 2749, 2633, 2628, 2690]
[20, 26214, 2665, 2642, 2689, 2663, 2645, 2714, 2669, 2592]
[20, 26214, 2624, 2596, 2693, 2587, 2604, 2678, 2762, 2693]
[20, 26214, 2651, 2684, 2773, 2543, 2649, 2733, 2576, 2756]
[20, 26214, 2547, 2785, 2583, 2630, 2705, 2627, 2655, 2798]
[20, 26214, 2825, 2678, 2541, 2712, 2638, 2778, 2611, 2661]
[20, 26214, 2536, 2681, 2660, 2701, 2682, 2688, 2621, 2773]
[20, 26214, 2644, 2607, 2674, 2762, 2708, 2707, 2552, 2674]
[20, 26214, 2660, 2638, 2644, 2590, 2615, 2623, 2737, 2736]
[20, 26214, 2711, 2605, 2631, 2700, 2608, 2646, 2629, 2756]
[20, 26214, 2551, 2827, 2748, 2646, 2584, 2717, 2610, 2652]
[20, 26214, 2676, 2633, 2610, 2645, 2734, 2752, 2745, 2627]
[20, 26214, 2742, 2696, 2759, 2580, 2591, 2685, 2682, 2575]
[20, 26214, 2621, 2681, 2686, 2660, 2728, 2737, 2620, 2642]
[20, 26214, 2585, 2572, 2701, 2734, 2727, 2591, 2676, 2725]
[20, 26214, 2579, 2637, 2611, 2673, 2752, 2656, 2740, 2709]
[20, 26214, 2619, 2702, 2736, 2639, 2625, 2656, 2643, 2698]
[20, 26214, 2649, 2563, 2590, 2665, 2666, 2701, 2812, 2614]
[20, 26214, 2650, 2609, 2640, 2721, 2662, 2657, 2727, 2689]
[20, 26214, 2633, 2590, 2783, 2734, 2699, 2572, 2689, 2568]
[20, 26214, 2639, 2683, 2644, 2724, 2625, 2714, 2721, 2669]
[20, 26214, 2532, 2619, 2738, 2663, 2803, 2658, 2579, 2706]
[20, 26214, 2736, 2739, 2574, 2656, 2633, 2629, 2593, 2799]
[20, 26214, 2660, 2630, 2773, 2700, 2607, 2711, 2597, 2666]
[20, 26214, 2747, 2564, 2743, 2625, 2551, 2708, 2715, 2712]
[20, 26214, 2795, 2662, 2705, 2611, 2561, 2563, 2723, 2672]
[20, 26214, 2731, 2651, 2648, 2658, 2652, 2572, 2685, 2808]
[20, 26214, 2700, 2669, 2616, 2711, 2631, 2660, 2640, 2683]
[20, 26214, 2555, 2707, 2582, 2738, 2669, 2684, 2698, 2658]
[20, 26214, 2712, 2644, 2636, 2742, 2719, 2656, 2658, 2587]
[20, 26214, 2699, 2593, 2689, 2798, 2687, 2606, 2636, 2614]
[20, 26214, 2663, 2722, 2598, 2733, 2657, 2679, 2693, 2646]
[20, 26214, 2643, 2661, 2746, 2656, 2693, 2655, 2638, 2579]
[20, 26214, 2642, 2714, 2683, 2670, 2771, 2633, 2744, 2557]
[20, 26214, 2702, 2729, 2669, 2664, 2637, 2711, 2595, 2563]
[20, 26214, 2520, 2751, 2670, 2645, 2630, 2685, 2721, 2691]
[20, 26214, 2644, 2709, 2605, 2678, 2676, 2607, 2753, 2679]
[20, 26214, 2670, 2679, 2688, 2606, 2678, 2680, 2734, 2712]
[20, 26214, 2664, 2599, 2781, 2614, 2718, 2535, 2637, 2801]
[20, 26214, 2662, 2653, 2656, 2717, 2644, 2729, 2593, 2641]
[20, 26214, 2589, 2698, 2731, 2654, 2739, 2626, 2729, 2670]
[20, 26214, 2587, 2722, 2720, 2743, 2642, 2657, 2591, 2665]
[20, 26214, 2732, 2663, 2519, 2766, 2673, 2662, 2757, 2605]
[20, 26214, 2531, 2710, 2638, 2616, 2665, 2707, 2685, 2684]
[20, 26214, 2777, 2717, 2700, 2655, 2668, 2592, 2487, 2704]
[20, 26214, 2741, 2610, 2629, 2613, 2704, 2752, 2660, 2698]
[20, 26214, 2682, 2692, 2589, 2665, 2674, 2595, 2750, 2688]
[20, 26214, 2809, 2689, 2612, 2637, 2592, 2651, 2672, 2669]
[20, 26214, 2735, 2620, 2631, 2743, 2685, 2781, 2668, 2489]
[20, 26214, 2598, 2702, 2587, 2678, 2745, 2692, 2682, 2740]
[20, 26214, 2566, 2661, 2652, 2696, 2653, 2606, 2725, 2680]
[20, 26214, 2648, 2699, 2615, 2762, 2656, 2633, 2715, 2666]
[20, 26214, 2709, 2728, 2555, 2686, 2665, 2702, 2669, 2624]
[20, 26214, 2665, 2644, 2724, 2630, 2618, 2562, 2658, 2703]
[20, 26214, 2715, 2580, 2643, 2621, 2668, 2691, 2771, 2645]
[20, 26214, 2704, 2597, 2696, 2698, 2682, 2658, 2658, 2634]
[20, 26214, 2697, 2644, 2682, 2636, 2662, 2629, 2660, 2648]
[20, 26214, 2595, 2755, 2653, 2760, 2556, 2555, 2750, 2705]
[20, 26214, 2714, 2614, 2627, 2618, 2691, 2673, 2669, 2674]
[20, 26214, 2718, 2691, 2773, 2644, 2582, 2585, 2585, 2761]
[20, 26214, 2774, 2766, 2680, 2669, 2572, 2689, 2529, 2657]
[20, 26214, 2742, 2619, 2727, 2633, 2560, 2745, 2662, 2599]
[20, 26214, 2550, 2618, 2746, 2742, 2680, 2699, 2566, 2768]
[20, 26214, 2634, 2585, 2698, 2705, 2686, 2764, 2574, 2632]
[20, 26214, 2581, 2641, 2642, 2640, 2769, 2669, 2744, 2666]
[20, 26214, 2601, 2679, 2666, 2713, 2664, 2639, 2626, 2644]
[20, 26214, 2596, 2736, 2607, 2648, 2725, 2600, 2651, 2686]
[20, 26214, 2650, 2708, 2674, 2591, 2700, 2692, 2690, 2667]
[20, 26214, 2597, 2810, 2597, 2681, 2728, 2623, 2651, 2690]
[20, 26214, 2686, 2683, 2775, 2687, 2680, 2496, 2765, 2702]
[20, 26214, 2635, 2688, 2614, 2734, 2688, 2679, 2610, 2683]
[20, 26214, 2621, 2669, 2635, 2744, 2633, 2635, 2732, 2665]
[20, 26214, 2590, 2710, 2674, 2639, 2550, 2700, 2658, 2715]
[20, 26214, 2733, 2701, 2622, 2653, 2540, 2662, 2694, 2707]
[25, 32768, 3618, 3513, 3558, 3536, 3615, 3631, 3603, 3558]
[25, 32768, 3553, 3601, 3538, 3585, 3682, 3619, 3469, 3599]
[25, 32768, 3536, 3679, 3504, 3512, 3549, 3640, 3549, 3683]
[25, 32768, 3502, 3656, 3488, 3636, 3651, 3609, 3543, 3656]
[25, 32768, 3520, 3604, 3517, 3613, 3575, 3640, 3621, 3651]
[25, 32768, 3503, 3612, 3566, 3607, 3613, 3495, 3654, 3564]
[25, 32768, 3566, 3602, 3560, 3554, 3746, 3600, 3486, 3553]
[25, 32768, 3696, 3576, 3449, 3515, 3517, 3651, 3593, 3627]
[25, 32768, 3641, 3750, 3505, 3555, 3608, 3663, 3420, 3490]
[25, 32768, 3577, 3529, 3605, 3604, 3584, 3567, 3618, 3602]
[25, 32768, 3580, 3632, 3504, 3574, 3658, 3556, 3585, 3475]
[25, 32768, 3516, 3576, 3723, 3578, 3541, 3603, 3618, 3540]
[25, 32768, 3511, 3560, 3664, 3692, 3618, 3481, 3577, 3515]
[25, 32768, 3654, 3478, 3631, 3604, 3690, 3436, 3550, 3677]
[25, 32768, 3708, 3599, 3626, 3511, 3432, 3685, 3491, 3594]
[25, 32768, 3469, 3455, 3730, 3663, 3543, 3551, 3699, 3539]
[25, 32768, 3520, 3625, 3566, 3597, 3590, 3603, 3546, 3603]
[25, 32768, 3697, 3494, 3652, 3512, 3542, 3613, 3620, 3522]
[25, 32768, 3529, 3629, 3640, 3585, 3617, 3592, 3479, 3611]
[25, 32768, 3551, 3590, 3631, 3515, 3601, 3554, 3668, 3504]
[25, 32768, 3620, 3581, 3580, 3659, 3569, 3443, 3590, 3573]
[25, 32768, 3769, 3534, 3535, 3571, 3604, 3649, 3527, 3513]
[25, 32768, 3504, 3689, 3614, 3600, 3563, 3586, 3544, 3542]
[25, 32768, 3524, 3662, 3581, 3552, 3587, 3608, 3688, 3495]
[25, 32768, 3636, 3520, 3498, 3577, 3661, 3631, 3730, 3524]
[25, 32768, 3710, 3640, 3557, 3555, 3600, 3516, 3447, 3617]
[25, 32768, 3613, 3485, 3683, 3581, 3659, 3521, 3543, 3586]
[25, 32768, 3490, 3602, 3582, 3598, 3626, 3670, 3602, 3497]
[25, 32768, 3564, 3479, 3614, 3559, 3543, 3628, 3646, 3561]
[25, 32768, 3557, 3595, 3688, 3445, 3540, 3630, 3476, 3717]
[25, 32768, 3497, 3690, 3515, 3480, 3574, 3555, 3608, 3771]
[25, 32768, 3727, 3535, 3445, 3639, 3569, 3710, 3557, 3514]
[25, 32768, 3481, 3589, 3594, 3584, 3599, 3618, 3528, 3681]
[25, 32768, 3573, 3546, 3577, 3711, 3674, 3586, 3445, 3586]
[25, 32768, 3567, 3576, 3544, 3497, 3583, 3597, 3611, 3670]
[25, 32768, 3641, 3499, 3537, 3628, 3458, 3629, 3624, 3621]
[25, 32768, 3442, 3748, 3671, 3580, 3468, 3632, 3570, 3569]
[25, 32768, 3605, 3554, 3544, 3558, 3630, 3661, 3640, 3506]
[25, 32768, 3636, 3612, 3640, 3507, 3565, 3585, 3608, 3517]
[25, 32768, 3535, 3570, 3662, 3579, 3658, 3582, 3565, 3577]
[25, 32768, 3490, 3556, 3638, 3623, 3614, 3502, 3625, 3639]
[25, 32768, 3499, 3580, 3486, 3601, 3615, 3606, 3646, 3625]
[25, 32768, 3452, 3605, 3673, 3576, 3559, 3544, 3571, 3641]
[25, 32768, 3593, 3480, 3564, 3604, 3544, 3618, 3713, 3525]
[25, 32768, 3495, 3543, 3588, 3649, 3598, 3560, 3619, 3624]
[25, 32768, 3558, 3494, 3694, 3695, 3582, 3500, 3630, 3475]
[25, 32768, 3628, 3573, 3499, 3646, 3517, 3637, 3620, 3605]
[25, 32768, 3464, 3502, 3613, 3601, 3738, 3594, 3448, 3630]
[25, 32768, 3633, 3654, 3532, 3609, 3523, 3554, 3544, 3681]
[25, 32768, 3548, 3524, 3699, 3585, 3534, 3655, 3521, 3599]
[25, 32768, 3701, 3492, 3626, 3464, 3514, 3602, 3645, 3691]
[25, 32768, 3702, 3556, 3646, 3522, 3517, 3449, 3605, 3606]
[25, 32768, 3651, 3544, 3571, 3573, 3538, 3502, 3615, 3708]
[25, 32768, 3644, 3622, 3521, 3618, 3545, 3550, 3580, 3592]
[25, 32768, 3425, 3569, 3519, 3725, 3622, 3593, 3652, 3514]
[25, 32768, 3610, 3567, 3562, 3604, 3702, 3534, 3560, 3478]
[25, 32768, 3602, 3480, 3537, 3791, 3598, 3573, 3542, 3527]
[25, 32768, 3598, 3666, 3476, 3651, 3545, 3587, 3629, 3530]
[25, 32768, 3563, 3592, 3685, 3572, 3638, 3620, 3567, 3481]
[25, 32768, 3543, 3635, 3527, 3587, 3683, 3574, 3736, 3458]
[25, 32768, 3711, 3652, 3542, 3603, 3573, 3617, 3440, 3480]
[25, 32768, 3421, 3664, 3579, 3493, 3602, 3564, 3694, 3622]
[25, 32768, 3591, 3620, 3589, 3531, 3593, 3490, 3635, 3593]
[25, 32768, 3555, 3604, 3616, 3497, 3537, 3606, 3664, 3634]
[25, 32768, 3553, 3449, 3678, 3510, 3661, 3490, 3636, 3734]
[25, 32768, 3512, 3535, 3579, 3637, 3607, 3656, 3529, 3591]
[25, 32768, 3465, 3645, 3683, 3582, 3641, 3517, 3644, 3603]
[25, 32768, 3526, 3673, 3619, 3715, 3567, 3520, 3502, 3556]
[25, 32768, 3602, 3592, 3409, 3702, 3615, 3557, 3670, 3504]
[25, 32768, 3405, 3689, 3579, 3534, 3609, 3597, 3568, 3648]
[25, 32768, 3682, 3594, 3630, 3557, 3640, 3569, 3425, 3632]
[25, 32768, 3616, 3552, 3602, 3521, 3631, 3677, 3583, 3567]
[25, 32768, 3591, 3584, 3490, 3608, 3611, 3522, 3678, 3631]
[25, 32768, 3711, 3591, 3553, 3603, 3528, 3525, 3589, 3629]
[25, 32768, 3667, 3506, 3586, 3639, 3631, 3710, 3550, 3343]
[25, 32768, 3488, 3615, 3485, 3589, 3707, 3648, 3560, 3619]
[25, 32768, 3527, 3563, 3569, 3594, 3538, 3492, 3654, 3627]
[25, 32768, 3562, 3632, 3552, 3667, 3560, 3548, 3595, 3623]
[25, 32768, 3581, 3606, 3580, 3607, 3585, 3599, 3605, 3542]
[25, 32768, 3583, 3613, 3635, 3556, 3537, 3445, 3627, 3626]
[25, 32768, 3621, 3472, 3603, 3493, 3601, 3604, 3724, 3507]
[25, 32768, 3616, 3536, 3637, 3628, 3582, 3552, 3586, 3602]
[25, 32768, 3617, 3586, 3563, 3565, 3547, 3588, 3635, 3557]
[25, 32768, 3528, 3660, 3555, 3670, 3498, 3466, 3660, 3638]
[25, 32768, 3674, 3486, 3560, 3578, 3669, 3541, 3617, 3575]
[25, 32768, 3651, 3663, 3693, 3609, 3481, 3495, 3432, 3634]
[25, 32768, 3621, 3679, 3603, 3564, 3489, 3633, 3510, 3594]
[25, 32768, 3636, 3563, 3569, 3537, 3463, 3749, 3631, 3495]
[25, 32768, 3464, 3583, 3621, 3700, 3547, 3617, 3464, 3714]
[25, 32768, 3552, 3510, 3618, 3578, 3527, 3652, 3539, 3586]
[25, 32768, 3471, 3521, 3495, 3608, 3664, 3639, 3720, 3617]
[25, 32768, 3532, 3569, 3596, 3672, 3646, 3559, 3581, 3521]
[25, 32768, 3492, 3685, 3490, 3554, 3612, 3550, 3599, 3617]
[25, 32768, 3612, 3641, 3564, 3471, 3587, 3657, 3610, 3531]
[25, 32768, 3549, 3711, 3529, 3578, 3625, 3550, 3641, 3557]
[25, 32768, 3613, 3591, 3626, 3588, 3604, 3396, 3661, 3655]
[25, 32768, 3643, 3657, 3549, 3609, 3606, 3615, 3479, 3561]
[25, 32768, 3505, 3564, 3561, 3657, 3626, 3562, 3715, 3549]
[25, 32768, 3474, 3567, 3668, 3573, 3485, 3612, 3600, 3613]
[25, 32768, 3700, 3609, 3516, 3489, 3516, 3538, 3637, 3654]
[30, 39321, 4519, 4442, 4418, 4460, 4539, 4586, 4450, 4541]
[30, 39321, 4465, 4524, 4430, 4503, 4667, 4547, 4347, 4536]
[30, 39321, 4493, 4636, 4432, 4393, 4431, 4537, 4482, 4605]
[30, 39321, 4476, 4584, 4439, 4532, 4515, 4475, 4472, 4560]
[30, 39321, 4384, 4532, 4465, 4582, 4490, 4552, 4551, 4537]
[30, 39321, 4433, 4659, 4417, 4541, 4481, 4370, 4626, 4464]
[30, 39321, 4498, 4475, 4483, 4513, 4684, 4478, 4435, 4462]
[30, 39321, 4584, 4447, 4432, 4423, 4483, 4537, 4528, 4531]
[30, 39321, 4622, 4720, 4455, 4421, 4463, 4589, 4341, 4424]
[30, 39321, 4469, 4459, 4567, 4547, 4540, 4500, 4509, 4513]
[30, 39321, 4498, 4568, 4435, 4489, 4597, 4510, 4457, 4387]
[30, 39321, 4422, 4513, 4618, 4490, 4450, 4526, 4554, 4516]
[30, 39321, 4414, 4485, 4591, 4690, 4571, 4380, 4411, 4485]
[30, 39321, 4594, 4389, 4545, 4563, 4607, 4359, 4428, 4597]
[30, 39321, 4564, 4510, 4630, 4410, 4309, 4610, 4472, 4479]
[30, 39321, 4330, 4384, 4664, 4620, 4427, 4473, 4576, 4486]
[30, 39321, 4473, 4540, 4464, 4491, 4473, 4570, 4482, 4511]
[30, 39321, 4570, 4423, 4553, 4397, 4520, 4541, 4525, 4473]
[30, 39321, 4442, 4530, 4616, 4518, 4560, 4509, 4371, 4517]
[30, 39321, 4504, 4494, 4548, 4390, 4527, 4492, 4579, 4444]
[30, 39321, 4564, 4499, 4503, 4484, 4510, 4358, 4503, 4512]
[30, 39321, 4705, 4508, 4495, 4443, 4495, 4544, 4448, 4400]
[30, 39321, 4436, 4571, 4535, 4512, 4473, 4564, 4496, 4460]
[30, 39321, 4426, 4585, 4556, 4434, 4485, 4549, 4572, 4448]
[30, 39321, 4590, 4408, 4428, 4455, 4581, 4532, 4624, 4387]
[30, 39321, 4584, 4575, 4488, 4529, 4560, 4423, 4347, 4537]
[30, 39321, 4556, 4418, 4644, 4498, 4564, 4400, 4503, 4481]
[30, 39321, 4461, 4498, 4525, 4529, 4549, 4511, 4515, 4491]
[30, 39321, 4482, 4424, 4548, 4510, 4484, 4548, 4585, 4446]
[30, 39321, 4464, 4499, 4561, 4409, 4476, 4514, 4412, 4640]
[30, 39321, 4403, 4621, 4377, 4345, 4549, 4497, 4582, 4676]
[30, 39321, 4637, 4481, 4325, 4614, 4515, 4615, 4471, 4418]
[30, 39321, 4354, 4504, 4522, 4483, 4518, 4484, 4518, 4606]
[30, 39321, 4506, 4431, 4482, 4582, 4613, 4528, 4310, 4583]
[30, 39321, 4465, 4475, 4478, 4379, 4526, 4571, 4526, 4523]
[30, 39321, 4545, 4433, 4466, 4554, 4358, 4561, 4570, 4554]
[30, 39321, 4302, 4652, 4602, 4553, 4381, 4591, 4500, 4513]
[30, 39321, 4512, 4501, 4469, 4420, 4504, 4588, 4615, 4451]
[30, 39321, 4547, 4582, 4592, 4401, 4486, 4519, 4520, 4404]
[30, 39321, 4387, 4450, 4588, 4520, 4616, 4510, 4479, 4484]
[30, 39321, 4437, 4502, 4552, 4552, 4482, 4421, 4558, 4573]
[30, 39321, 4449, 4481, 4434, 4548, 4513, 4572, 4515, 4553]
[30, 39321, 4338, 4501, 4629, 4494, 4473, 4471, 4519, 4542]
[30, 39321, 4540, 4364, 4509, 4540, 4459, 4503, 4689, 4442]
[30, 39321, 4436, 4491, 4535, 4501, 4496, 4489, 4525, 4535]
[30, 39321, 4481, 4423, 4559, 4660, 4498, 4442, 4508, 4446]
[30, 39321, 4593, 4511, 4418, 4526, 4439, 4557, 4560, 4480]
[30, 39321, 4403, 4459, 4483, 4543, 4610, 4569, 4391, 4539]
[30, 39321, 4523, 4593, 4446, 4519, 4499, 4438, 4469, 4547]
[30, 39321, 4434, 4475, 4607, 4488, 4434, 4567, 4419, 4572]
[30, 39321, 4612, 4462, 4552, 4347, 4406, 4576, 4526, 4585]
[30, 39321, 4604, 4488, 4508, 4442, 4480, 4328, 4588, 4531]
[30, 39321, 4582, 4431, 4486, 4488, 4442, 4444, 4538, 4606]
[30, 39321, 4509, 4583, 4464, 4564, 4490, 4481, 4505, 4522]
[30, 39321, 4294, 4474, 4434, 4682, 4488, 4592, 4584, 4461]
[30, 39321, 4487, 4516, 4469, 4515, 4612, 4478, 4510, 4382]
[30, 39321, 4560, 4376, 4446, 4685, 4556, 4550, 4424, 4402]
[30, 39321, 4461, 4531, 4383, 4635, 4495, 4533, 4520, 4447]
[30, 39321, 4473, 4524, 4629, 4503, 4521, 4519, 4491, 4391]
[30, 39321, 4459, 4569, 4523, 4479, 4635, 4467, 4576, 4373]
[30, 39321, 4576, 4597, 4493, 4579, 4520, 4562, 4361, 4428]
[30, 39321, 4386, 4558, 4533, 4379, 4533, 4441, 4624, 4554]
[30, 39321, 4596, 4603, 4506, 4454, 4444, 4383, 4525, 4505]
[30, 39321, 4449, 4472, 4498, 4434, 4495, 4544, 4581, 4532]
[30, 39321, 4461, 4403, 4552, 4433, 4631, 4353, 4623, 4608]
[30, 39321, 4436, 4434, 4516, 4592, 4529, 4584, 4449, 4491]
[30, 39321, 4391, 4558, 4594, 4524, 4544, 4423, 4593, 4444]
[30, 39321, 4478, 4557, 4520, 4645, 4541, 4420, 4411, 4481]
[30, 39321, 4529, 4581, 4290, 4626, 4552, 4466, 4547, 4431]
[30, 39321, 4333, 4646, 4479, 4465, 4571, 4458, 4484, 4578]
[30, 39321, 4606, 4517, 4613, 4479, 4526, 4427, 4344, 4588]
[30, 39321, 4552, 4430, 4532, 4451, 4593, 4589, 4462, 4460]
[30, 39321, 4512, 4562, 4445, 4523, 4548, 4384, 4585, 4523]
[30, 39321, 4607, 4476, 4510, 4527, 4487, 4403, 4504, 4574]
[30, 39321, 4549, 4437, 4455, 4623, 4551, 4694, 4384, 4250]
[30, 39321, 4383, 4563, 4373, 4498, 4613, 4553, 4454, 4534]
[30, 39321, 4422, 4473, 4521, 4525, 4442, 4407, 4589, 4595]
[30, 39321, 4534, 4497, 4441, 4625, 4425, 4451, 4494, 4597]
[30, 39321, 4506, 4542, 4414, 4489, 4517, 4530, 4523, 4487]
[30, 39321, 4466, 4511, 4581, 4498, 4520, 4406, 4547, 4492]
[30, 39321, 4553, 4391, 4571, 4433, 4457, 4587, 4611, 4408]
[30, 39321, 4560, 4447, 4511, 4587, 4485, 4420, 4530, 4493]
[30, 39321, 4571, 4497, 4521, 4433, 4450, 4513, 4551, 4492]
[30, 39321, 4442, 4614, 4483, 4557, 4411, 4405, 4582, 4526]
[30, 39321, 4580, 4418, 4491, 4508, 4633, 4439, 4469, 4489]
[30, 39321, 4559, 4616, 4622, 4517, 4440, 4381, 4373, 4543]
[30, 39321, 4537, 4648, 4552, 4506, 4456, 4491, 4374, 4472]
[30, 39321, 4507, 4543, 4473, 4465, 4356, 4646, 4584, 4422]
[30, 39321, 4376, 4536, 4474, 4595, 4560, 4501, 4376, 4641]
[30, 39321, 4429, 4456, 4499, 4458, 4506, 4546, 4491, 4511]
[30, 39321, 4393, 4470, 4377, 4527, 4652, 4516, 4639, 4499]
[30, 39321, 4398, 4497, 4453, 4607, 4582, 4541, 4458, 4471]
[30, 39321, 4429, 4555, 4452, 4546, 4487, 4433, 4579, 4538]
[30, 39321, 4529, 4572, 4507, 4367, 4547, 4579, 4547, 4431]
[30, 39321, 4479, 4603, 4482, 4521, 4516, 4461, 4542, 4470]
[30, 39321, 4575, 4515, 4469, 4490, 4541, 4282, 4559, 4586]
[30, 39321, 4540, 4603, 4435, 4534, 4494, 4548, 4404, 4494]
[30, 39321, 4469, 4450, 4481, 4579, 4537, 4496, 4621, 4450]
[30, 39321, 4397, 4531, 4571, 4508, 4333, 4532, 4501, 4595]
[30, 39321, 4596, 4557, 4428, 4385, 4473, 4480, 4499, 4585]
[35, 45875, 5424, 5385, 5311, 5394, 5476, 5454, 5360, 5498]
[35, 45875, 5376, 5447, 5347, 5403, 5566, 5439, 5267, 5457]
[35, 45875, 5425, 5553, 5310, 5321, 5288, 5436, 5414, 5510]
[35, 45875, 5365, 5515, 5312, 5408, 5419, 5438, 5392, 5482]
[35, 45875, 5295, 5456, 5320, 5505, 5420, 5494, 5432, 5407]
[35, 45875, 5374, 5533, 5298, 5438, 5384, 5292, 5540, 5398]
[35, 45875, 5408, 5386, 5380, 5399, 5565, 5440, 5313, 5389]
[35, 45875, 5494, 5340, 5322, 5297, 5398, 5486, 5437, 5488]
[35, 45875, 5474, 5628, 5353, 5315, 5409, 5457, 5240, 5380]
[35, 45875, 5358, 5307, 5499, 5446, 5445, 5391, 5436, 5438]
[35, 45875, 5421, 5411, 5337, 5451, 5523, 5401, 5391, 5301]
[35, 45875, 5357, 5407, 5537, 5382, 5367, 5401, 5463, 5437]
[35, 45875, 5312, 5406, 5485, 5574, 5504, 5288, 5342, 5385]
[35, 45875, 5572, 5307, 5471, 5486, 5494, 5225, 5308, 5473]
[35, 45875, 5417, 5395, 5536, 5380, 5252, 5526, 5361, 5390]
[35, 45875, 5249, 5339, 5546, 5529, 5322, 5380, 5519, 5416]
[35, 45875, 5375, 5434, 5363, 5362, 5420, 5491, 5340, 5453]
[35, 45875, 5446, 5321, 5443, 5313, 5441, 5481, 5447, 5378]
[35, 45875, 5364, 5457, 5574, 5401, 5433, 5442, 5273, 5440]
[35, 45875, 5456, 5308, 5508, 5344, 5413, 5401, 5539, 5277]
[35, 45875, 5551, 5352, 5373, 5410, 5441, 5229, 5396, 5425]
[35, 45875, 5623, 5399, 5378, 5345, 5431, 5415, 5393, 5323]
[35, 45875, 5318, 5508, 5485, 5421, 5298, 5465, 5378, 5398]
[35, 45875, 5297, 5523, 5443, 5368, 5385, 5438, 5485, 5342]
[35, 45875, 5469, 5281, 5355, 5419, 5472, 5481, 5532, 5257]
[35, 45875, 5482, 5500, 5370, 5438, 5460, 5353, 5296, 5418]
[35, 45875, 5424, 5322, 5582, 5364, 5443, 5319, 5406, 5441]
[35, 45875, 5338, 5413, 5414, 5431, 5470, 5468, 5408, 5404]
[35, 45875, 5311, 5321, 5496, 5444, 5405, 5485, 5530, 5364]
[35, 45875, 5378, 5423, 5488, 5305, 5387, 5419, 5334, 5537]
[35, 45875, 5287, 5561, 5237, 5286, 5454, 5386, 5511, 5644]
[35, 45875, 5595, 5347, 5273, 5531, 5411, 5500, 5352, 5331]
[35, 45875, 5292, 5468, 5432, 5357, 5436, 5421, 5371, 5498]
[35, 45875, 5397, 5363, 5370, 5500, 5522, 5423, 5249, 5476]
[35, 45875, 5377, 5405, 5351, 5289, 5431, 5484, 5467, 5455]
[35, 45875, 5439, 5337, 5346, 5500, 5267, 5497, 5508, 5447]
[35, 45875, 5212, 5624, 5528, 5448, 5296, 5443, 5412, 5397]
[35, 45875, 5421, 5416, 5359, 5296, 5421, 5524, 5505, 5370]
[35, 45875, 5497, 5463, 5492, 5273, 5374, 5494, 5385, 5346]
[35, 45875, 5324, 5346, 5460, 5439, 5543, 5383, 5357, 5435]
[35, 45875, 5300, 5439, 5450, 5449, 5378, 5300, 5478, 5526]
[35, 45875, 5308, 5426, 5342, 5438, 5454, 5465, 5438, 5469]
[35, 45875, 5206, 5468, 5617, 5445, 5378, 5309, 5395, 5435]
[35, 45875, 5393, 5249, 5457, 5464, 5382, 5416, 5623, 5342]
[35, 45875, 5348, 5416, 5446, 5375, 5360, 5464, 5442, 5436]
[35, 45875, 5425, 5336, 5514, 5542, 5388, 5323, 5418, 5353]
[35, 45875, 5478, 5415, 5363, 5444, 5401, 5439, 5471, 5332]
[35, 45875, 5324, 5398, 5364, 5461, 5464, 5385, 5334, 5478]
[35, 45875, 5430, 5451, 5310, 5432, 5482, 5356, 5354, 5473]
[35, 45875, 5273, 5338, 5433, 5461, 5409, 5520, 5376, 5414]
[35, 45875, 5518, 5354, 5453, 5285, 5325, 5448, 5453, 5488]
[35, 45875, 5475, 5391, 5448, 5364, 5449, 5194, 5480, 5476]
[35, 45875, 5427, 5387, 5442, 5373, 5397, 5335, 5447, 5489]
[35, 45875, 5415, 5478, 5403, 5421, 5399, 5394, 5422, 5430]
[35, 45875, 5233, 5371, 5278, 5563, 5412, 5536, 5456, 5375]
[35, 45875, 5416, 5425, 5421, 5398, 5572, 5351, 5439, 5247]
[35, 45875, 5419, 5280, 5359, 5578, 5478, 5475, 5332, 5336]
[35, 45875, 5408, 5426, 5250, 5495, 5388, 5438, 5462, 5352]
[35, 45875, 5364, 5436, 5502, 5427, 5420, 5442, 5431, 5311]
[35, 45875, 5365, 5435, 5479, 5365, 5475, 5405, 5567, 5260]
[35, 45875, 5474, 5518, 5400, 5454, 5460, 5475, 5309, 5315]
[35, 45875, 5251, 5485, 5466, 5297, 5454, 5340, 5538, 5461]
[35, 45875, 5505, 5499, 5400, 5389, 5352, 5318, 5443, 5418]
[35, 45875, 5351, 5404, 5408, 5390, 5381, 5426, 5519, 5433]
[35, 45875, 5376, 5294, 5469, 5305, 5542, 5262, 5560, 5534]
[35, 45875, 5359, 5382, 5371, 5484, 5469, 5512, 5312, 5374]
[35, 45875, 5240, 5486, 5477, 5408, 5479, 5355, 5507, 5337]
[35, 45875, 5393, 5430, 5429, 5524, 5484, 5320, 5298, 5394]
[35, 45875, 5422, 5509, 5160, 5582, 5394, 5404, 5438, 5356]
[35, 45875, 5252, 5559, 5396, 5399, 5491, 5422, 5354, 5470]
[35, 45875, 5488, 5425, 5510, 5428, 5482, 5352, 5199, 5453]
[35, 45875, 5451, 5370, 5429, 5371, 5460, 5466, 5350, 5375]
[35, 45875, 5463, 5440, 5321, 5382, 5489, 5248, 5520, 5418]
[35, 45875, 5540, 5371, 5450, 5376, 5389, 5335, 5436, 5460]
[35, 45875, 5448, 5371, 5277, 5557, 5480, 5617, 5320, 5158]
[35, 45875, 5315, 5504, 5286, 5379, 5526, 5509, 5302, 5449]
[35, 45875, 5406, 5376, 5409, 5486, 5360, 5295, 5513, 5461]
[35, 45875, 5416, 5401, 5357, 5592, 5336, 5343, 5404, 5461]
[35, 45875, 5448, 5472, 5273, 5360, 5482, 5396, 5494, 5406]
[35, 45875, 5353, 5444, 5469, 5433, 5408, 5263, 5500, 5341]
[35, 45875, 5483, 5341, 5473, 5304, 5345, 5524, 5472, 5341]
[35, 45875, 5480, 5313, 5412, 5473, 5402, 5317, 5471, 5440]
[35, 45875, 5546, 5408, 5431, 5323, 5289, 5414, 5454, 5439]
[35, 45875, 5379, 5527, 5414, 5448, 5345, 5348, 5455, 5439]
[35, 45875, 5504, 5354, 5391, 5457, 5523, 5367, 5345, 5397]
[35, 45875, 5477, 5558, 5476, 5462, 5363, 5277, 5274, 5440]
[35, 45875, 5392, 5583, 5487, 5442, 5329, 5401, 5280, 5380]
[35, 45875, 5436, 5496, 5371, 5396, 5301, 5484, 5458, 5320]
[35, 45875, 5278, 5462, 5370, 5483, 5497, 5426, 5256, 5535]
[35, 45875, 5330, 5379, 5371, 5419, 5496, 5459, 5359, 5405]
[35, 45875, 5327, 5394, 5410, 5412, 5513, 5361, 5555, 5393]
[35, 45875, 5348, 5355, 5344, 5472, 5493, 5494, 5357, 5420]
[35, 45875, 5373, 5536, 5408, 5444, 5342, 5290, 5508, 5417]
[35, 45875, 5379, 5520, 5394, 5301, 5424, 5522, 5446, 5334]
[35, 45875, 5422, 5444, 5406, 5422, 5463, 5328, 5456, 5369]
[35, 45875, 5492, 5439, 5400, 5376, 5370, 5224, 5437, 5519]
[35, 45875, 5460, 5504, 5332, 5442, 5375, 5454, 5336, 5387]
[35, 45875, 5414, 5337, 5409, 5482, 5383, 5401, 5568, 5320]
[35, 45875, 5279, 5479, 5546, 5403, 5181, 5433, 5406, 5534]
[35, 45875, 5451, 5466, 5340, 5318, 5391, 5427, 5378, 5509]
[40, 52428, 6341, 6291, 6125, 6291, 6387, 6310, 6300, 6436]
[40, 52428, 6262, 6348, 6223, 6272, 6517, 6352, 6135, 6354]
[40, 52428, 6255, 6426, 6242, 6223, 6171, 6403, 6285, 6400]
[40, 52428, 6209, 6430, 6174, 6256, 6326, 6352, 6316, 6388]
[40, 52428, 6208, 6293, 6254, 6424, 6310, 6380, 6333, 6292]
[40, 52428, 6218, 6409, 6174, 6349, 6323, 6171, 6437, 6351]
[40, 52428, 6374, 6274, 6233, 6241, 6411, 6349, 6221, 6302]
[40, 52428, 6398, 6233, 6227, 6184, 6322, 6380, 6357, 6323]
[40, 52428, 6327, 6555, 6276, 6235, 6288, 6318, 6105, 6317]
[40, 52428, 6335, 6233, 6297, 6323, 6293, 6338, 6290, 6384]
[40, 52428, 6293, 6293, 6274, 6357, 6434, 6343, 6276, 6161]
[40, 52428, 6207, 6285, 6417, 6262, 6304, 6310, 6344, 6339]
[40, 52428, 6166, 6307, 6439, 6417, 6410, 6155, 6275, 6288]
[40, 52428, 6429, 6179, 6387, 6376, 6318, 6115, 6264, 6394]
[40, 52428, 6335, 6258, 6428, 6289, 6167, 6387, 6216, 6317]
[40, 52428, 6121, 6204, 6454, 6433, 6249, 6292, 6405, 6317]
[40, 52428, 6225, 6281, 6254, 6274, 6363, 6352, 6273, 6364]
[40, 52428, 6353, 6177, 6390, 6241, 6279, 6341, 6375, 6299]
[40, 52428, 6284, 6319, 6454, 6258, 6305, 6421, 6147, 6350]
[40, 52428, 6359, 6241, 6376, 6283, 6253, 6311, 6437, 6150]
[40, 52428, 6482, 6259, 6244, 6314, 6306, 6089, 6315, 6338]
[40, 52428, 6474, 6299, 6283, 6241, 6320, 6320, 6320, 6207]
[40, 52428, 6193, 6440, 6397, 6281, 6185, 6348, 6300, 6328]
[40, 52428, 6194, 6457, 6346, 6197, 6307, 6336, 6367, 6204]
[40, 52428, 6386, 6183, 6237, 6333, 6318, 6341, 6428, 6196]
[40, 52428, 6393, 6380, 6212, 6321, 6340, 6272, 6183, 6350]
[40, 52428, 6323, 6213, 6510, 6280, 6304, 6168, 6303, 6346]
[40, 52428, 6203, 6250, 6356, 6297, 6431, 6376, 6314, 6264]
[40, 52428, 6193, 6223, 6362, 6309, 6300, 6408, 6436, 6260]
[40, 52428, 6269, 6367, 6345, 6214, 6272, 6306, 6234, 6418]
[40, 52428, 6181, 6520, 6050, 6182, 6335, 6288, 6375, 6526]
[40, 52428, 6506, 6214, 6134, 6440, 6295, 6368, 6256, 6236]
[40, 52428, 6207, 6338, 6317, 6247, 6308, 6297, 6296, 6418]
[40, 52428, 6296, 6308, 6239, 6389, 6367, 6327, 6135, 6420]
[40, 52428, 6285, 6284, 6216, 6233, 6312, 6403, 6398, 6333]
[40, 52428, 6287, 6233, 6275, 6353, 6152, 6426, 6402, 6386]
[40, 52428, 6128, 6508, 6392, 6288, 6216, 6375, 6366, 6242]
[40, 52428, 6325, 6321, 6268, 6164, 6327, 6412, 6405, 6279]
[40, 52428, 6325, 6326, 6408, 6185, 6264, 6365, 6284, 6279]
[40, 52428, 6282, 6216, 6353, 6340, 6432, 6306, 6152, 6358]
[40, 52428, 6132, 6391, 6343, 6351, 6259, 6199, 6382, 6396]
[40, 52428, 6201, 6345, 6235, 6321, 6401, 6318, 6328, 6359]
[40, 52428, 6125, 6372, 6476, 6385, 6311, 6198, 6262, 6298]
[40, 52428, 6297, 6156, 6331, 6356, 6316, 6270, 6507, 6257]
[40, 52428, 6220, 6385, 6412, 6277, 6234, 6337, 6268, 6293]
[40, 52428, 6255, 6207, 6427, 6411, 6302, 6275, 6318, 6253]
[40, 52428, 6334, 6381, 6211, 6332, 6307, 6349, 6359, 6209]
[40, 52428, 6259, 6293, 6299, 6311, 6319, 6303, 6216, 6407]
[40, 52428, 6312, 6324, 6161, 6370, 6337, 6305, 6296, 6312]
[40, 52428, 6156, 6297, 6288, 6326, 6341, 6458, 6224, 6331]
[40, 52428, 6449, 6223, 6352, 6163, 6192, 6319, 6369, 6421]
[40, 52428, 6361, 6260, 6327, 6325, 6330, 6091, 6362, 6382]
[40, 52428, 6347, 6267, 6346, 6221, 6305, 6233, 6358, 6395]
[40, 52428, 6358, 6407, 6266, 6280, 6269, 6267, 6331, 6297]
[40, 52428, 6216, 6274, 6204, 6364, 6290, 6499, 6320, 6268]
[40, 52428, 6310, 6269, 6336, 6313, 6453, 6264, 6362, 6164]
[40, 52428, 6298, 6188, 6211, 6485, 6415, 6363, 6273, 6248]
[40, 52428, 6316, 6331, 6117, 6428, 6231, 6371, 6357, 6247]
[40, 52428, 6258, 6331, 6392, 6353, 6298, 6364, 6323, 6203]
[40, 52428, 6194, 6329, 6376, 6308, 6302, 6361, 6508, 6133]
[40, 52428, 6380, 6405, 6329, 6351, 6311, 6378, 6209, 6174]
[40, 52428, 6148, 6431, 6284, 6212, 6342, 6260, 6434, 6332]
[40, 52428, 6442, 6355, 6281, 6272, 6278, 6205, 6351, 6279]
[40, 52428, 6201, 6330, 6362, 6247, 6336, 6374, 6338, 6302]
[40, 52428, 6279, 6190, 6396, 6223, 6376, 6177, 6458, 6365]
[40, 52428, 6249, 6233, 6305, 6389, 6356, 6386, 6207, 6266]
[40, 52428, 6129, 6352, 6392, 6283, 6429, 6236, 6406, 6193]
[40, 52428, 6236, 6377, 6326, 6373, 6387, 6249, 6178, 6286]
[40, 52428, 6331, 6381, 6075, 6491, 6272, 6287, 6296, 6273]
[40, 52428, 6151, 6399, 6290, 6332, 6387, 6348, 6235, 6363]
[40, 52428, 6327, 6357, 6404, 6337, 6404, 6302, 6071, 6295]
[40, 52428, 6380, 6252, 6302, 6289, 6334, 6379, 6197, 6320]
[40, 52428, 6360, 6361, 6290, 6252, 6361, 6136, 6351, 6319]
[40, 52428, 6451, 6266, 6296, 6289, 6238, 6278, 6330, 6343]
[40, 52428, 6351, 6254, 6237, 6459, 6379, 6495, 6197, 6026]
[40, 52428, 6204, 6382, 6189, 6322, 6363, 6413, 6201, 6335]
[40, 52428, 6296, 6281, 6343, 6362, 6205, 6208, 6367, 6357]
[40, 52428, 6305, 6292, 6281, 6425, 6204, 6211, 6352, 6353]
[40, 52428, 6299, 6334, 6131, 6269, 6414, 6276, 6366, 6332]
[40, 52428, 6227, 6366, 6371, 6345, 6316, 6185, 6377, 6205]
[40, 52428, 6394, 6172, 6450, 6178, 6265, 6423, 6379, 6235]
[40, 52428, 6396, 6211, 6298, 6366, 6308, 6204, 6349, 6316]
[40, 52428, 6404, 6283, 6351, 6201, 6213, 6294, 6393, 6319]
[40, 52428, 6267, 6381, 6321, 6367, 6263, 6213, 6349, 6340]
[40, 52428, 6420, 6270, 6241, 6345, 6387, 6296, 6231, 6272]
[40, 52428, 6332, 6395, 6383, 6337, 6357, 6144, 6175, 6403]
[40, 52428, 6308, 6437, 6377, 6303, 6269, 6287, 6178, 6277]
[40, 52428, 6365, 6368, 6314, 6282, 6160, 6399, 6297, 6215]
[40, 52428, 6199, 6368, 6257, 6381, 6329, 6388, 6187, 6356]
[40, 52428, 6233, 6292, 6271, 6347, 6399, 6337, 6253, 6279]
[40, 52428, 6229, 6326, 6292, 6272, 6442, 6275, 6427, 6230]
[40, 52428, 6254, 6249, 6247, 6357, 6407, 6347, 6228, 6322]
[40, 52428, 6272, 6428, 6367, 6275, 6262, 6210, 6365, 6294]
[40, 52428, 6283, 6361, 6287, 6193, 6284, 6455, 6368, 6180]
[40, 52428, 6314, 6346, 6296, 6324, 6371, 6209, 6402, 6207]
[40, 52428, 6379, 6337, 6233, 6243, 6294, 6202, 6339, 6402]
[40, 52428, 6331, 6421, 6188, 6314, 6324, 6418, 6184, 6265]
[40, 52428, 6346, 6291, 6255, 6345, 6282, 6296, 6469, 6175]
[40, 52428, 6204, 6326, 6423, 6331, 6094, 6327, 6344, 6360]
[40, 52428, 6320, 6346, 6254, 6187, 6264, 6326, 6312, 6440]
