[1, 1310, 0]
[1, 1310, 0]
[1, 1310, 0]
[1, 1310, 0]
[1, 1310, 0]
[1, 1310, 0]
[1, 1310, 0]
[1, 1310, 0]
[1, 1310, 0]
[1, 1310, 0]
[1, 1310, 0]
[1, 1310, 0]
[1, 1310, 0]
[1, 1310, 0]
[1, 1310, 0]
[1, 1310, 0]
[1, 1310, 0]
[1, 1310, 0]
[1, 1310, 0]
[1, 1310, 0]
[1, 1310, 0]
[1, 1310, 0]
[1, 1310, 0]
[1, 1310, 0]
[1, 1310, 0]
[1, 1310, 0]
[1, 1310, 0]
[1, 1310, 0]
[1, 1310, 0]
[1, 1310, 0]
[1, 1310, 0]
[1, 1310, 0]
[1, 1310, 0]
[1, 1310, 0]
[1, 1310, 0]
[1, 1310, 0]
[1, 1310, 0]
[1, 1310, 0]
[1, 1310, 0]
[1, 1310, 0]
[1, 1310, 0]
[1, 1310, 0]
[1, 1310, 0]
[1, 1310, 0]
[1, 1310, 0]
[1, 1310, 0]
[1, 1310, 0]
[1, 1310, 0]
[1, 1310, 0]
[1, 1310, 0]
[1, 1310, 0]
[1, 1310, 0]
[1, 1310, 0]
[1, 1310, 0]
[1, 1310, 0]
[1, 1310, 0]
[1, 1310, 0]
[1, 1310, 0]
[1, 1310, 0]
[1, 1310, 0]
[1, 1310, 0]
[1, 1310, 0]
[1, 1310, 0]
[1, 1310, 0]
[1, 1310, 0]
[1, 1310, 0]
[1, 1310, 0]
[1, 1310, 0]
[1, 1310, 0]
[1, 1310, 0]
[1, 1310, 0]
[1, 1310, 0]
[1, 1310, 0]
[1, 1310, 0]
[1, 1310, 0]
[1, 1310, 0]
[1, 1310, 0]
[1, 1310, 0]
[1, 1310, 0]
[1, 1310, 0]
[1, 1310, 0]
[1, 1310, 0]
[1, 1310, 0]
[1, 1310, 0]
[1, 1310, 0]
[1, 1310, 0]
[1, 1310, 0]
[1, 1310, 0]
[1, 1310, 0]
[1, 1310, 0]
[1, 1310, 0]
[1, 1310, 0]
[1, 1310, 0]
[1, 1310, 0]
[1, 1310, 0]
[1, 1310, 0]
[1, 1310, 0]
[1, 1310, 0]
[1, 1310, 0]
[1, 1310, 0]
[2, 2621, 0]
[2, 2621, 0]
[2, 2621, 0]
[2, 2621, 0]
[2, 2621, 0]
[2, 2621, 0]
[2, 2621, 0]
[2, 2621, 0]
[2, 2621, 0]
[2, 2621, 0]
[2, 2621, 0]
[2, 2621, 0]
[2, 2621, 0]
[2, 2621, 0]
[2, 2621, 0]
[2, 2621, 0]
[2, 2621, 0]
[2, 2621, 0]
[2, 2621, 0]
[2, 2621, 0]
[2, 2621, 0]
[2, 2621, 0]
[2, 2621, 0]
[2, 2621, 0]
[2, 2621, 0]
[2, 2621, 0]
[2, 2621, 0]
[2, 2621, 0]
[2, 2621, 0]
[2, 2621, 0]
[2, 2621, 0]
[2, 2621, 0]
[2, 2621, 0]
[2, 2621, 0]
[2, 2621, 0]
[2, 2621, 0]
[2, 2621, 0]
[2, 2621, 0]
[2, 2621, 0]
[2, 2621, 0]
[2, 2621, 0]
[2, 2621, 0]
[2, 2621, 0]
[2, 2621, 0]
[2, 2621, 0]
[2, 2621, 0]
[2, 2621, 0]
[2, 2621, 0]
[2, 2621, 0]
[2, 2621, 0]
[2, 2621, 0]
[2, 2621, 0]
[2, 2621, 0]
[2, 2621, 0]
[2, 2621, 0]
[2, 2621, 0]
[2, 2621, 0]
[2, 2621, 0]
[2, 2621, 0]
[2, 2621, 0]
[2, 2621, 0]
[2, 2621, 0]
[2, 2621, 0]
[2, 2621, 0]
[2, 2621, 0]
[2, 2621, 0]
[2, 2621, 0]
[2, 2621, 0]
[2, 2621, 0]
[2, 2621, 0]
[2, 2621, 0]
[2, 2621, 0]
[2, 2621, 0]
[2, 2621, 0]
[2, 2621, 0]
[2, 2621, 0]
[2, 2621, 0]
[2, 2621, 0]
[2, 2621, 0]
[2, 2621, 0]
[2, 2621, 0]
[2, 2621, 0]
[2, 2621, 0]
[2, 2621, 0]
[2, 2621, 0]
[2, 2621, 0]
[2, 2621, 0]
[2, 2621, 0]
[2, 2621, 0]
[2, 2621, 0]
[2, 2621, 0]
[2, 2621, 0]
[2, 2621, 0]
[2, 2621, 0]
[2, 2621, 0]
[2, 2621, 0]
[2, 2621, 0]
[2, 2621, 0]
[2, 2621, 0]
[2, 2621, 0]
[5, 6553, 0]
[5, 6553, 0]
[5, 6553, 0]
[5, 6553, 0]
[5, 6553, 0]
[5, 6553, 0]
[5, 6553, 0]
[5, 6553, 0]
[5, 6553, 0]
[5, 6553, 0]
[5, 6553, 0]
[5, 6553, 0]
[5, 6553, 0]
[5, 6553, 0]
[5, 6553, 0]
[5, 6553, 0]
[5, 6553, 0]
[5, 6553, 0]
[5, 6553, 0]
[5, 6553, 0]
[5, 6553, 0]
[5, 6553, 0]
[5, 6553, 0]
[5, 6553, 0]
[5, 6553, 0]
[5, 6553, 0]
[5, 6553, 0]
[5, 6553, 0]
[5, 6553, 0]
[5, 6553, 0]
[5, 6553, 0]
[5, 6553, 0]
[5, 6553, 0]
[5, 6553, 0]
[5, 6553, 0]
[5, 6553, 0]
[5, 6553, 0]
[5, 6553, 0]
[5, 6553, 0]
[5, 6553, 0]
[5, 6553, 0]
[5, 6553, 0]
[5, 6553, 0]
[5, 6553, 0]
[5, 6553, 0]
[5, 6553, 0]
[5, 6553, 0]
[5, 6553, 0]
[5, 6553, 0]
[5, 6553, 0]
[5, 6553, 0]
[5, 6553, 0]
[5, 6553, 0]
[5, 6553, 0]
[5, 6553, 0]
[5, 6553, 0]
[5, 6553, 0]
[5, 6553, 0]
[5, 6553, 0]
[5, 6553, 0]
[5, 6553, 0]
[5, 6553, 0]
[5, 6553, 0]
[5, 6553, 0]
[5, 6553, 0]
[5, 6553, 0]
[5, 6553, 0]
[5, 6553, 0]
[5, 6553, 0]
[5, 6553, 0]
[5, 6553, 0]
[5, 6553, 0]
[5, 6553, 0]
[5, 6553, 0]
[5, 6553, 0]
[5, 6553, 0]
[5, 6553, 0]
[5, 6553, 0]
[5, 6553, 0]
[5, 6553, 0]
[5, 6553, 0]
[5, 6553, 0]
[5, 6553, 0]
[5, 6553, 0]
[5, 6553, 0]
[5, 6553, 0]
[5, 6553, 0]
[5, 6553, 0]
[5, 6553, 0]
[5, 6553, 0]
[5, 6553, 0]
[5, 6553, 0]
[5, 6553, 0]
[5, 6553, 0]
[5, 6553, 0]
[5, 6553, 0]
[5, 6553, 0]
[5, 6553, 0]
[5, 6553, 0]
[5, 6553, 0]
[10, 13107, 0]
[10, 13107, 0]
[10, 13107, 0]
[10, 13107, 0]
[10, 13107, 0]
[10, 13107, 0]
[10, 13107, 0]
[10, 13107, 0]
[10, 13107, 0]
[10, 13107, 0]
[10, 13107, 0]
[10, 13107, 0]
[10, 13107, 0]
[10, 13107, 0]
[10, 13107, 0]
[10, 13107, 0]
[10, 13107, 0]
[10, 13107, 0]
[10, 13107, 0]
[10, 13107, 0]
[10, 13107, 0]
[10, 13107, 0]
[10, 13107, 0]
[10, 13107, 0]
[10, 13107, 0]
[10, 13107, 0]
[10, 13107, 0]
[10, 13107, 0]
[10, 13107, 0]
[10, 13107, 0]
[10, 13107, 0]
[10, 13107, 0]
[10, 13107, 0]
[10, 13107, 0]
[10, 13107, 0]
[10, 13107, 0]
[10, 13107, 0]
[10, 13107, 0]
[10, 13107, 0]
[10, 13107, 0]
[10, 13107, 0]
[10, 13107, 0]
[10, 13107, 0]
[10, 13107, 0]
[10, 13107, 0]
[10, 13107, 0]
[10, 13107, 2]
[10, 13107, 0]
[10, 13107, 0]
[10, 13107, 0]
[10, 13107, 0]
[10, 13107, 0]
[10, 13107, 0]
[10, 13107, 0]
[10, 13107, 0]
[10, 13107, 0]
[10, 13107, 0]
[10, 13107, 0]
[10, 13107, 0]
[10, 13107, 0]
[10, 13107, 0]
[10, 13107, 0]
[10, 13107, 0]
[10, 13107, 0]
[10, 13107, 0]
[10, 13107, 0]
[10, 13107, 0]
[10, 13107, 0]
[10, 13107, 0]
[10, 13107, 0]
[10, 13107, 0]
[10, 13107, 0]
[10, 13107, 0]
[10, 13107, 0]
[10, 13107, 0]
[10, 13107, 0]
[10, 13107, 0]
[10, 13107, 0]
[10, 13107, 0]
[10, 13107, 0]
[10, 13107, 0]
[10, 13107, 0]
[10, 13107, 0]
[10, 13107, 0]
[10, 13107, 0]
[10, 13107, 0]
[10, 13107, 0]
[10, 13107, 0]
[10, 13107, 0]
[10, 13107, 0]
[10, 13107, 0]
[10, 13107, 0]
[10, 13107, 0]
[10, 13107, 0]
[10, 13107, 0]
[10, 13107, 0]
[10, 13107, 0]
[10, 13107, 0]
[10, 13107, 0]
[10, 13107, 0]
[15, 19660, 0]
[15, 19660, 0]
[15, 19660, 0]
[15, 19660, 0]
[15, 19660, 0]
[15, 19660, 0]
[15, 19660, 0]
[15, 19660, 0]
[15, 19660, 0]
[15, 19660, 0]
[15, 19660, 0]
[15, 19660, 0]
[15, 19660, 0]
[15, 19660, 0]
[15, 19660, 1]
[15, 19660, 0]
[15, 19660, 0]
[15, 19660, 0]
[15, 19660, 0]
[15, 19660, 0]
[15, 19660, 0]
[15, 19660, 0]
[15, 19660, 0]
[15, 19660, 0]
[15, 19660, 0]
[15, 19660, 0]
[15, 19660, 0]
[15, 19660, 0]
[15, 19660, 0]
[15, 19660, 0]
[15, 19660, 0]
[15, 19660, 0]
[15, 19660, 0]
[15, 19660, 0]
[15, 19660, 0]
[15, 19660, 0]
[15, 19660, 0]
[15, 19660, 0]
[15, 19660, 0]
[15, 19660, 0]
[15, 19660, 0]
[15, 19660, 0]
[15, 19660, 0]
[15, 19660, 0]
[15, 19660, 0]
[15, 19660, 0]
[15, 19660, 2]
[15, 19660, 0]
[15, 19660, 0]
[15, 19660, 0]
[15, 19660, 1]
[15, 19660, 0]
[15, 19660, 0]
[15, 19660, 0]
[15, 19660, 0]
[15, 19660, 0]
[15, 19660, 0]
[15, 19660, 0]
[15, 19660, 0]
[15, 19660, 0]
[15, 19660, 0]
[15, 19660, 0]
[15, 19660, 4]
[15, 19660, 0]
[15, 19660, 0]
[15, 19660, 0]
[15, 19660, 0]
[15, 19660, 0]
[15, 19660, 0]
[15, 19660, 0]
[15, 19660, 0]
[15, 19660, 0]
[15, 19660, 0]
[15, 19660, 0]
[15, 19660, 0]
[15, 19660, 0]
[15, 19660, 1]
[15, 19660, 0]
[15, 19660, 0]
[15, 19660, 0]
[15, 19660, 0]
[15, 19660, 0]
[15, 19660, 0]
[15, 19660, 0]
[15, 19660, 0]
[15, 19660, 1]
[15, 19660, 0]
[15, 19660, 0]
[15, 19660, 0]
[15, 19660, 1]
[15, 19660, 0]
[15, 19660, 0]
[15, 19660, 0]
[15, 19660, 0]
[15, 19660, 0]
[15, 19660, 0]
[15, 19660, 3]
[15, 19660, 0]
[15, 19660, 0]
[15, 19660, 0]
[20, 26214, 0]
[20, 26214, 2]
[20, 26214, 1]
[20, 26214, 1]
[20, 26214, 0]
[20, 26214, 0]
[20, 26214, 0]
[20, 26214, 4]
[20, 26214, 0]
[20, 26214, 1]
[20, 26214, 3]
[20, 26214, 0]
[20, 26214, 0]
[20, 26214, 9]
[20, 26214, 4]
[20, 26214, 0]
[20, 26214, 0]
[20, 26214, 0]
[20, 26214, 0]
[20, 26214, 0]
[20, 26214, 0]
[20, 26214, 4]
[20, 26214, 0]
[20, 26214, 1]
[20, 26214, 1]
[20, 26214, 1]
[20, 26214, 0]
[20, 26214, 0]
[20, 26214, 1]
[20, 26214, 0]
[20, 26214, 1]
[20, 26214, 0]
[20, 26214, 1]
[20, 26214, 4]
[20, 26214, 0]
[20, 26214, 1]
[20, 26214, 0]
[20, 26214, 1]
[20, 26214, 0]
[20, 26214, 0]
[20, 26214, 0]
[20, 26214, 0]
[20, 26214, 1]
[20, 26214, 2]
[20, 26214, 0]
[20, 26214, 0]
[20, 26214, 4]
[20, 26214, 0]
[20, 26214, 1]
[20, 26214, 0]
[20, 26214, 3]
[20, 26214, 3]
[20, 26214, 0]
[20, 26214, 2]
[20, 26214, 0]
[20, 26214, 1]
[20, 26214, 0]
[20, 26214, 1]
[20, 26214, 1]
[20, 26214, 4]
[20, 26214, 0]
[20, 26214, 1]
[20, 26214, 10]
[20, 26214, 0]
[20, 26214, 0]
[20, 26214, 0]
[20, 26214, 5]
[20, 26214, 2]
[20, 26214, 0]
[20, 26214, 1]
[20, 26214, 0]
[20, 26214, 0]
[20, 26214, 5]
[20, 26214, 0]
[20, 26214, 0]
[20, 26214, 0]
[20, 26214, 8]
[20, 26214, 0]
[20, 26214, 0]
[20, 26214, 0]
[20, 26214, 0]
[20, 26214, 0]
[20, 26214, 0]
[20, 26214, 1]
[20, 26214, 0]
[20, 26214, 6]
[20, 26214, 0]
[20, 26214, 3]
[20, 26214, 1]
[20, 26214, 2]
[20, 26214, 3]
[20, 26214, 6]
[20, 26214, 0]
[20, 26214, 0]
[20, 26214, 0]
[20, 26214, 1]
[20, 26214, 2]
[20, 26214, 2]
[20, 26214, 4]
[20, 26214, 3]
[25, 32768, 0]
[25, 32768, 10]
[25, 32768, 7]
[25, 32768, 8]
[25, 32768, 9]
[25, 32768, 3]
[25, 32768, 3]
[25, 32768, 11]
[25, 32768, 0]
[25, 32768, 5]
[25, 32768, 14]
[25, 32768, 0]
[25, 32768, 15]
[25, 32768, 7]
[25, 32768, 7]
[25, 32768, 9]
[25, 32768, 4]
[25, 32768, 4]
[25, 32768, 6]
[25, 32768, 3]
[25, 32768, 3]
[25, 32768, 3]
[25, 32768, 3]
[25, 32768, 6]
[25, 32768, 6]
[25, 32768, 8]
[25, 32768, 4]
[25, 32768, 9]
[25, 32768, 6]
[25, 32768, 1]
[25, 32768, 4]
[25, 32768, 0]
[25, 32768, 9]
[25, 32768, 7]
[25, 32768, 0]
[25, 32768, 2]
[25, 32768, 5]
[25, 32768, 5]
[25, 32768, 5]
[25, 32768, 6]
[25, 32768, 8]
[25, 32768, 2]
[25, 32768, 6]
[25, 32768, 5]
[25, 32768, 4]
[25, 32768, 4]
[25, 32768, 4]
[25, 32768, 10]
[25, 32768, 10]
[25, 32768, 3]
[25, 32768, 17]
[25, 32768, 9]
[25, 32768, 0]
[25, 32768, 14]
[25, 32768, 4]
[25, 32768, 10]
[25, 32768, 6]
[25, 32768, 7]
[25, 32768, 1]
[25, 32768, 3]
[25, 32768, 6]
[25, 32768, 2]
[25, 32768, 11]
[25, 32768, 4]
[25, 32768, 3]
[25, 32768, 7]
[25, 32768, 10]
[25, 32768, 8]
[25, 32768, 1]
[25, 32768, 3]
[25, 32768, 0]
[25, 32768, 4]
[25, 32768, 11]
[25, 32768, 4]
[25, 32768, 3]
[25, 32768, 0]
[25, 32768, 10]
[25, 32768, 2]
[25, 32768, 2]
[25, 32768, 1]
[25, 32768, 4]
[25, 32768, 2]
[25, 32768, 8]
[25, 32768, 7]
[25, 32768, 5]
[25, 32768, 25]
[25, 32768, 3]
[25, 32768, 16]
[25, 32768, 5]
[25, 32768, 10]
[25, 32768, 5]
[25, 32768, 7]
[25, 32768, 3]
[25, 32768, 4]
[25, 32768, 6]
[25, 32768, 7]
[25, 32768, 3]
[25, 32768, 17]
[25, 32768, 6]
[25, 32768, 3]
[30, 39321, 15]
[30, 39321, 17]
[30, 39321, 28]
[30, 39321, 25]
[30, 39321, 14]
[30, 39321, 11]
[30, 39321, 20]
[30, 39321, 17]
[30, 39321, 8]
[30, 39321, 14]
[30, 39321, 22]
[30, 39321, 10]
[30, 39321, 28]
[30, 39321, 30]
[30, 39321, 17]
[30, 39321, 21]
[30, 39321, 16]
[30, 39321, 26]
[30, 39321, 26]
[30, 39321, 23]
[30, 39321, 16]
[30, 39321, 25]
[30, 39321, 12]
[30, 39321, 29]
[30, 39321, 18]
[30, 39321, 15]
[30, 39321, 25]
[30, 39321, 17]
[30, 39321, 16]
[30, 39321, 29]
[30, 39321, 18]
[30, 39321, 7]
[30, 39321, 10]
[30, 39321, 29]
[30, 39321, 13]
[30, 39321, 15]
[30, 39321, 35]
[30, 39321, 12]
[30, 39321, 23]
[30, 39321, 22]
[30, 39321, 21]
[30, 39321, 16]
[30, 39321, 28]
[30, 39321, 27]
[30, 39321, 6]
[30, 39321, 12]
[30, 39321, 22]
[30, 39321, 16]
[30, 39321, 45]
[30, 39321, 12]
[30, 39321, 25]
[30, 39321, 19]
[30, 39321, 14]
[30, 39321, 26]
[30, 39321, 9]
[30, 39321, 26]
[30, 39321, 14]
[30, 39321, 27]
[30, 39321, 18]
[30, 39321, 24]
[30, 39321, 20]
[30, 39321, 16]
[30, 39321, 30]
[30, 39321, 17]
[30, 39321, 12]
[30, 39321, 23]
[30, 39321, 23]
[30, 39321, 17]
[30, 39321, 16]
[30, 39321, 12]
[30, 39321, 10]
[30, 39321, 16]
[30, 39321, 22]
[30, 39321, 29]
[30, 39321, 13]
[30, 39321, 13]
[30, 39321, 24]
[30, 39321, 19]
[30, 39321, 13]
[30, 39321, 19]
[30, 39321, 23]
[30, 39321, 14]
[30, 39321, 30]
[30, 39321, 29]
[30, 39321, 19]
[30, 39321, 49]
[30, 39321, 17]
[30, 39321, 34]
[30, 39321, 10]
[30, 39321, 28]
[30, 39321, 22]
[30, 39321, 22]
[30, 39321, 13]
[30, 39321, 17]
[30, 39321, 14]
[30, 39321, 15]
[30, 39321, 13]
[30, 39321, 29]
[30, 39321, 30]
[30, 39321, 12]
[35, 45875, 51]
[35, 45875, 52]
[35, 45875, 59]
[35, 45875, 48]
[35, 45875, 61]
[35, 45875, 70]
[35, 45875, 64]
[35, 45875, 44]
[35, 45875, 39]
[35, 45875, 32]
[35, 45875, 52]
[35, 45875, 47]
[35, 45875, 58]
[35, 45875, 86]
[35, 45875, 61]
[35, 45875, 59]
[35, 45875, 36]
[35, 45875, 66]
[35, 45875, 66]
[35, 45875, 56]
[35, 45875, 44]
[35, 45875, 39]
[35, 45875, 65]
[35, 45875, 68]
[35, 45875, 55]
[35, 45875, 37]
[35, 45875, 70]
[35, 45875, 46]
[35, 45875, 51]
[35, 45875, 66]
[35, 45875, 60]
[35, 45875, 35]
[35, 45875, 40]
[35, 45875, 59]
[35, 45875, 51]
[35, 45875, 64]
[35, 45875, 65]
[35, 45875, 25]
[35, 45875, 62]
[35, 45875, 70]
[35, 45875, 77]
[35, 45875, 46]
[35, 45875, 49]
[35, 45875, 56]
[35, 45875, 24]
[35, 45875, 40]
[35, 45875, 56]
[35, 45875, 41]
[35, 45875, 78]
[35, 45875, 48]
[35, 45875, 77]
[35, 45875, 61]
[35, 45875, 37]
[35, 45875, 51]
[35, 45875, 39]
[35, 45875, 57]
[35, 45875, 48]
[35, 45875, 70]
[35, 45875, 55]
[35, 45875, 75]
[35, 45875, 60]
[35, 45875, 56]
[35, 45875, 45]
[35, 45875, 59]
[35, 45875, 40]
[35, 45875, 38]
[35, 45875, 84]
[35, 45875, 52]
[35, 45875, 69]
[35, 45875, 37]
[35, 45875, 36]
[35, 45875, 58]
[35, 45875, 84]
[35, 45875, 56]
[35, 45875, 43]
[35, 45875, 36]
[35, 45875, 66]
[35, 45875, 65]
[35, 45875, 54]
[35, 45875, 55]
[35, 45875, 68]
[35, 45875, 37]
[35, 45875, 89]
[35, 45875, 59]
[35, 45875, 52]
[35, 45875, 95]
[35, 45875, 56]
[35, 45875, 67]
[35, 45875, 44]
[35, 45875, 70]
[35, 45875, 46]
[35, 45875, 63]
[35, 45875, 28]
[35, 45875, 52]
[35, 45875, 37]
[35, 45875, 39]
[35, 45875, 34]
[35, 45875, 78]
[35, 45875, 77]
[35, 45875, 48]
[40, 52428, 115]
[40, 52428, 125]
[40, 52428, 120]
[40, 52428, 128]
[40, 52428, 130]
[40, 52428, 159]
[40, 52428, 182]
[40, 52428, 125]
[40, 52428, 108]
[40, 52428, 119]
[40, 52428, 110]
[40, 52428, 147]
[40, 52428, 118]
[40, 52428, 183]
[40, 52428, 147]
[40, 52428, 147]
[40, 52428, 95]
[40, 52428, 184]
[40, 52428, 162]
[40, 52428, 126]
[40, 52428, 120]
[40, 52428, 98]
[40, 52428, 130]
[40, 52428, 125]
[40, 52428, 109]
[40, 52428, 128]
[40, 52428, 145]
[40, 52428, 138]
[40, 52428, 124]
[40, 52428, 127]
[40, 52428, 137]
[40, 52428, 121]
[40, 52428, 98]
[40, 52428, 155]
[40, 52428, 118]
[40, 52428, 141]
[40, 52428, 117]
[40, 52428, 109]
[40, 52428, 149]
[40, 52428, 133]
[40, 52428, 165]
[40, 52428, 122]
[40, 52428, 104]
[40, 52428, 141]
[40, 52428, 103]
[40, 52428, 118]
[40, 52428, 126]
[40, 52428, 113]
[40, 52428, 143]
[40, 52428, 110]
[40, 52428, 128]
[40, 52428, 116]
[40, 52428, 104]
[40, 52428, 122]
[40, 52428, 131]
[40, 52428, 136]
[40, 52428, 110]
[40, 52428, 131]
[40, 52428, 108]
[40, 52428, 176]
[40, 52428, 128]
[40, 52428, 119]
[40, 52428, 121]
[40, 52428, 134]
[40, 52428, 132]
[40, 52428, 129]
[40, 52428, 158]
[40, 52428, 150]
[40, 52428, 125]
[40, 52428, 102]
[40, 52428, 137]
[40, 52428, 128]
[40, 52428, 170]
[40, 52428, 113]
[40, 52428, 134]
[40, 52428, 101]
[40, 52428, 134]
[40, 52428, 140]
[40, 52428, 153]
[40, 52428, 122]
[40, 52428, 148]
[40, 52428, 116]
[40, 52428, 173]
[40, 52428, 149]
[40, 52428, 124]
[40, 52428, 177]
[40, 52428, 140]
[40, 52428, 150]
[40, 52428, 127]
[40, 52428, 131]
[40, 52428, 101]
[40, 52428, 143]
[40, 52428, 100]
[40, 52428, 130]
[40, 52428, 122]
[40, 52428, 127]
[40, 52428, 114]
[40, 52428, 172]
[40, 52428, 188]
[40, 52428, 136]
