[1, 1310, 11, 5, 8, 18, 6, 15, 10, 18, 13, 5, 4, 7, 12, 13, 6, 7]
[1, 1310, 7, 10, 13, 9, 13, 19, 7, 14, 7, 17, 5, 7, 15, 6, 9, 10]
[1, 1310, 14, 17, 10, 8, 14, 17, 13, 11, 13, 9, 9, 4, 10, 9, 20, 5]
[1, 1310, 11, 6, 11, 14, 9, 12, 16, 12, 16, 25, 14, 11, 11, 6, 9, 8]
[1, 1310, 19, 18, 12, 13, 16, 10, 8, 14, 21, 12, 14, 15, 13, 11, 3, 17]
[1, 1310, 14, 16, 10, 8, 11, 9, 9, 15, 5, 17, 10, 18, 9, 16, 4, 9]
[1, 1310, 14, 15, 12, 14, 5, 11, 10, 10, 6, 5, 11, 13, 15, 13, 15, 10]
[1, 1310, 10, 10, 21, 8, 10, 10, 15, 16, 7, 9, 13, 20, 17, 8, 10, 7]
[1, 1310, 9, 16, 5, 6, 16, 8, 13, 13, 15, 11, 11, 10, 14, 7, 13, 15]
[1, 1310, 8, 12, 11, 17, 20, 13, 16, 18, 19, 13, 16, 16, 14, 9, 13, 13]
[1, 1310, 9, 6, 7, 10, 12, 9, 11, 6, 15, 15, 9, 17, 9, 15, 14, 10]
[1, 1310, 18, 9, 15, 9, 20, 11, 9, 12, 7, 11, 14, 11, 14, 14, 16, 17]
[1, 1310, 5, 11, 10, 17, 15, 9, 9, 15, 11, 15, 15, 11, 14, 17, 8, 11]
[1, 1310, 11, 9, 13, 13, 15, 17, 19, 10, 8, 14, 19, 13, 13, 12, 8, 14]
[1, 1310, 14, 15, 15, 5, 16, 11, 11, 6, 11, 13, 9, 11, 6, 9, 14, 10]
[1, 1310, 5, 8, 14, 11, 15, 18, 15, 9, 13, 15, 16, 12, 9, 5, 10, 11]
[1, 1310, 8, 10, 9, 19, 12, 14, 19, 19, 10, 16, 6, 20, 17, 8, 8, 15]
[1, 1310, 15, 24, 19, 7, 8, 12, 17, 11, 7, 12, 14, 7, 16, 16, 14, 11]
[1, 1310, 20, 13, 5, 14, 11, 18, 14, 14, 9, 5, 11, 11, 11, 9, 10, 16]
[1, 1310, 13, 13, 8, 6, 13, 14, 10, 8, 11, 9, 16, 9, 8, 11, 17, 9]
[1, 1310, 16, 4, 15, 20, 14, 8, 17, 17, 8, 14, 10, 10, 9, 9, 13, 10]
[1, 1310, 12, 9, 14, 20, 6, 9, 12, 11, 16, 15, 16, 14, 13, 14, 10, 14]
[1, 1310, 13, 11, 23, 12, 11, 16, 17, 11, 11, 9, 13, 19, 8, 11, 14, 14]
[1, 1310, 9, 15, 15, 12, 11, 15, 4, 13, 5, 7, 11, 8, 15, 11, 20, 12]
[1, 1310, 12, 28, 10, 18, 12, 7, 10, 10, 14, 9, 13, 13, 4, 10, 16, 14]
[1, 1310, 9, 22, 8, 13, 17, 12, 15, 13, 10, 8, 5, 16, 8, 9, 17, 21]
[1, 1310, 10, 14, 13, 4, 12, 11, 12, 19, 15, 11, 7, 23, 17, 11, 2, 11]
[1, 1310, 11, 13, 6, 10, 13, 18, 12, 13, 8, 5, 12, 16, 12, 18, 18, 9]
[1, 1310, 16, 14, 14, 15, 10, 17, 8, 19, 10, 10, 17, 10, 9, 25, 15, 16]
[1, 1310, 21, 14, 6, 4, 14, 12, 13, 16, 16, 9, 11, 11, 13, 5, 9, 6]
[1, 1310, 19, 11, 15, 11, 9, 6, 25, 7, 13, 14, 11, 7, 13, 14, 14, 13]
[1, 1310, 11, 12, 3, 14, 13, 9, 18, 11, 8, 9, 12, 10, 12, 12, 18, 13]
[1, 1310, 16, 8, 14, 18, 8, 5, 11, 7, 7, 9, 12, 11, 16, 13, 7, 8]
[1, 1310, 14, 10, 11, 14, 27, 8, 15, 18, 5, 12, 10, 12, 8, 13, 10, 12]
[1, 1310, 20, 19, 18, 9, 23, 10, 16, 9, 18, 6, 18, 8, 7, 15, 9, 7]
[1, 1310, 12, 11, 7, 9, 14, 14, 12, 7, 13, 9, 16, 10, 15, 9, 13, 15]
[1, 1310, 14, 20, 13, 16, 6, 5, 19, 11, 26, 12, 12, 14, 15, 14, 10, 6]
[1, 1310, 21, 11, 14, 14, 8, 13, 14, 11, 13, 7, 11, 15, 14, 14, 6, 8]
[1, 1310, 14, 11, 8, 14, 13, 16, 15, 4, 10, 8, 7, 12, 15, 17, 23, 14]
[1, 1310, 11, 13, 18, 7, 11, 11, 12, 8, 14, 11, 15, 14, 12, 16, 16, 14]
[1, 1310, 24, 4, 15, 11, 15, 10, 7, 12, 16, 11, 15, 8, 15, 19, 7, 12]
[1, 1310, 6, 11, 13, 13, 9, 9, 9, 17, 7, 7, 20, 17, 12, 9, 7, 8]
[1, 1310, 5, 18, 8, 10, 12, 14, 14, 7, 9, 7, 14, 14, 11, 15, 18, 13]
[1, 1310, 10, 11, 11, 13, 11, 12, 12, 17, 11, 15, 15, 20, 16, 11, 12, 16]
[1, 1310, 8, 14, 11, 23, 11, 5, 13, 13, 25, 11, 8, 13, 8, 10, 13, 11]
[1, 1310, 14, 10, 13, 11, 19, 7, 10, 12, 22, 19, 13, 13, 11, 10, 21, 15]
[1, 1310, 14, 4, 12, 10, 11, 15, 13, 13, 10, 9, 12, 11, 14, 12, 15, 17]
[1, 1310, 12, 15, 14, 12, 7, 11, 9, 8, 14, 17, 11, 15, 8, 13, 19, 6]
[1, 1310, 11, 12, 7, 12, 4, 16, 12, 13, 11, 14, 9, 15, 8, 6, 5, 10]
[1, 1310, 11, 16, 19, 8, 11, 8, 13, 17, 12, 13, 14, 14, 21, 6, 16, 9]
[1, 1310, 8, 11, 13, 10, 11, 13, 22, 17, 14, 11, 15, 21, 7, 14, 5, 20]
[1, 1310, 7, 9, 18, 21, 8, 6, 19, 6, 10, 13, 14, 8, 11, 11, 9, 10]
[1, 1310, 6, 11, 17, 9, 18, 10, 16, 10, 8, 14, 6, 7, 7, 4, 11, 6]
[1, 1310, 14, 18, 7, 10, 17, 11, 15, 12, 15, 12, 25, 8, 15, 10, 9, 7]
[1, 1310, 18, 13, 8, 15, 16, 12, 8, 11, 13, 21, 6, 7, 7, 8, 9, 14]
[1, 1310, 12, 15, 15, 15, 6, 10, 12, 9, 9, 20, 11, 19, 9, 10, 18, 16]
[1, 1310, 11, 10, 11, 13, 14, 14, 11, 10, 4, 8, 18, 12, 12, 20, 12, 9]
[1, 1310, 7, 11, 7, 22, 7, 15, 6, 7, 17, 9, 24, 7, 13, 7, 11, 19]
[1, 1310, 18, 8, 9, 20, 15, 14, 9, 19, 14, 17, 14, 10, 15, 13, 10, 18]
[1, 1310, 16, 11, 10, 16, 6, 12, 13, 6, 13, 5, 20, 4, 6, 5, 21, 12]
[1, 1310, 14, 16, 9, 12, 13, 7, 15, 7, 12, 7, 10, 12, 15, 13, 11, 11]
[1, 1310, 10, 15, 11, 19, 10, 17, 12, 13, 5, 14, 13, 13, 18, 9, 17, 9]
[1, 1310, 12, 19, 10, 15, 8, 15, 10, 6, 23, 16, 18, 7, 8, 18, 12, 15]
[1, 1310, 13, 10, 14, 9, 7, 7, 18, 11, 14, 13, 11, 10, 14, 6, 6, 8]
[1, 1310, 7, 17, 10, 5, 12, 14, 16, 12, 22, 14, 20, 6, 11, 7, 13, 13]
[1, 1310, 11, 17, 8, 12, 12, 12, 16, 14, 5, 9, 12, 10, 12, 12, 14, 8]
[1, 1310, 5, 16, 10, 14, 18, 16, 15, 14, 10, 13, 10, 8, 9, 10, 9, 17]
[1, 1310, 8, 17, 9, 10, 10, 11, 10, 16, 4, 20, 9, 9, 14, 15, 19, 9]
[1, 1310, 10, 14, 6, 12, 11, 14, 7, 22, 8, 9, 11, 26, 10, 17, 8, 7]
[1, 1310, 8, 14, 6, 13, 20, 11, 12, 10, 23, 10, 11, 16, 15, 6, 17, 8]
[1, 1310, 11, 8, 12, 14, 18, 16, 8, 7, 15, 8, 9, 5, 8, 5, 11, 20]
[1, 1310, 13, 9, 10, 7, 12, 18, 6, 16, 12, 9, 8, 15, 11, 15, 9, 14]
[1, 1310, 19, 8, 16, 10, 14, 12, 6, 8, 15, 15, 5, 17, 3, 9, 9, 14]
[1, 1310, 7, 12, 9, 22, 9, 11, 13, 9, 12, 15, 30, 6, 8, 8, 14, 18]
[1, 1310, 10, 12, 12, 9, 10, 15, 10, 13, 22, 9, 10, 9, 10, 12, 11, 10]
[1, 1310, 9, 10, 8, 14, 8, 10, 13, 16, 14, 13, 19, 7, 13, 10, 7, 11]
[1, 1310, 11, 12, 12, 17, 13, 7, 17, 9, 9, 14, 13, 14, 15, 12, 19, 9]
[1, 1310, 19, 7, 9, 8, 6, 13, 10, 8, 8, 9, 15, 7, 13, 9, 10, 18]
[1, 1310, 13, 12, 8, 9, 7, 11, 16, 8, 10, 13, 11, 13, 14, 13, 16, 9]
[1, 1310, 13, 6, 11, 15, 13, 10, 9, 7, 8, 7, 14, 15, 21, 13, 9, 20]
[1, 1310, 13, 6, 10, 12, 8, 14, 10, 12, 15, 12, 18, 9, 6, 17, 18, 11]
[1, 1310, 6, 10, 11, 10, 21, 15, 7, 6, 17, 15, 14, 6, 9, 13, 14, 8]
[1, 1310, 18, 7, 13, 14, 8, 7, 17, 15, 11, 9, 7, 17, 20, 8, 16, 14]
[1, 1310, 11, 13, 11, 8, 13, 20, 13, 7, 12, 18, 15, 19, 12, 8, 23, 11]
[1, 1310, 21, 10, 9, 18, 10, 12, 7, 11, 11, 14, 8, 7, 13, 16, 22, 7]
[1, 1310, 10, 7, 13, 13, 20, 16, 9, 14, 9, 12, 7, 14, 11, 20, 19, 13]
[1, 1310, 12, 8, 16, 10, 9, 15, 20, 10, 11, 24, 7, 9, 9, 13, 12, 14]
[1, 1310, 14, 15, 10, 16, 6, 14, 4, 15, 9, 4, 19, 10, 5, 13, 15, 6]
[1, 1310, 9, 19, 20, 13, 13, 14, 17, 13, 16, 6, 13, 11, 19, 5, 5, 13]
[1, 1310, 16, 16, 12, 16, 7, 9, 17, 7, 21, 15, 17, 8, 19, 9, 14, 12]
[1, 1310, 12, 5, 14, 9, 11, 6, 7, 9, 16, 10, 14, 11, 13, 16, 20, 11]
[1, 1310, 20, 13, 14, 11, 10, 11, 12, 6, 7, 9, 12, 9, 11, 13, 14, 11]
[1, 1310, 15, 12, 10, 11, 14, 10, 19, 10, 6, 9, 17, 14, 23, 8, 9, 13]
[1, 1310, 13, 12, 10, 7, 15, 17, 17, 12, 14, 15, 14, 10, 14, 6, 17, 10]
[1, 1310, 13, 14, 13, 13, 8, 14, 13, 13, 11, 8, 8, 8, 10, 11, 12, 2]
[1, 1310, 15, 8, 4, 18, 15, 18, 7, 15, 12, 15, 10, 11, 15, 15, 15, 9]
[1, 1310, 8, 10, 10, 11, 12, 20, 10, 14, 16, 18, 12, 12, 8, 18, 9, 11]
[1, 1310, 9, 14, 12, 15, 14, 20, 6, 6, 8, 15, 12, 13, 6, 14, 14, 18]
[1, 1310, 15, 15, 23, 3, 12, 13, 20, 9, 10, 22, 9, 5, 9, 11, 13, 6]
[1, 1310, 14, 14, 9, 11, 12, 28, 8, 17, 13, 18, 8, 19, 11, 9, 13, 16]
[2, 2621, 36, 25, 30, 42, 33, 33, 39, 42, 44, 28, 30, 36, 52, 40, 34, 36]
[2, 2621, 29, 34, 30, 30, 34, 38, 28, 33, 27, 41, 16, 32, 27, 24, 41, 44]
[2, 2621, 29, 46, 39, 26, 37, 41, 38, 38, 37, 36, 34, 20, 37, 31, 65, 32]
[2, 2621, 31, 26, 39, 18, 35, 39, 35, 34, 33, 51, 35, 36, 29, 38, 32, 26]
[2, 2621, 51, 34, 28, 26, 37, 24, 30, 29, 43, 30, 33, 38, 30, 27, 22, 38]
[2, 2621, 44, 34, 25, 33, 31, 43, 30, 45, 31, 36, 28, 44, 34, 36, 26, 26]
[2, 2621, 51, 25, 38, 29, 33, 36, 41, 39, 24, 30, 33, 35, 35, 43, 32, 39]
[2, 2621, 31, 26, 50, 35, 43, 20, 31, 41, 41, 42, 41, 39, 35, 42, 27, 28]
[2, 2621, 31, 44, 32, 33, 30, 21, 47, 39, 33, 42, 41, 29, 31, 39, 29, 41]
[2, 2621, 23, 35, 21, 40, 39, 35, 39, 44, 43, 38, 35, 30, 27, 41, 28, 37]
[2, 2621, 30, 41, 27, 38, 36, 32, 33, 43, 38, 35, 30, 48, 24, 41, 39, 32]
[2, 2621, 37, 29, 34, 31, 33, 35, 24, 23, 34, 36, 33, 27, 38, 52, 30, 49]
[2, 2621, 37, 33, 35, 38, 49, 32, 29, 37, 26, 35, 38, 38, 52, 31, 36, 27]
[2, 2621, 39, 37, 42, 33, 28, 42, 54, 40, 28, 18, 48, 31, 35, 39, 29, 30]
[2, 2621, 33, 33, 40, 30, 43, 33, 34, 24, 30, 36, 40, 35, 28, 34, 37, 35]
[2, 2621, 26, 32, 39, 37, 48, 44, 33, 23, 34, 37, 44, 34, 32, 28, 25, 28]
[2, 2621, 29, 32, 35, 35, 35, 36, 37, 45, 26, 39, 32, 51, 39, 23, 39, 46]
[2, 2621, 39, 43, 29, 24, 32, 32, 45, 31, 35, 36, 39, 26, 42, 44, 40, 41]
[2, 2621, 41, 36, 28, 36, 47, 48, 48, 35, 36, 19, 33, 46, 31, 40, 34, 42]
[2, 2621, 30, 42, 22, 23, 30, 36, 39, 35, 41, 26, 41, 34, 17, 35, 37, 38]
[2, 2621, 36, 38, 47, 44, 46, 29, 24, 38, 28, 40, 27, 37, 38, 32, 33, 39]
[2, 2621, 19, 31, 37, 46, 36, 38, 39, 28, 27, 44, 52, 37, 34, 32, 25, 38]
[2, 2621, 40, 39, 35, 43, 43, 29, 33, 32, 41, 28, 46, 37, 31, 35, 39, 32]
[2, 2621, 37, 33, 35, 34, 28, 39, 25, 24, 34, 39, 31, 23, 40, 33, 49, 32]
[2, 2621, 39, 53, 26, 34, 38, 37, 30, 29, 40, 32, 31, 29, 39, 30, 32, 29]
[2, 2621, 21, 40, 28, 46, 49, 33, 35, 44, 31, 21, 12, 52, 38, 31, 45, 30]
[2, 2621, 47, 43, 35, 23, 38, 22, 36, 29, 50, 27, 26, 39, 38, 27, 19, 35]
[2, 2621, 41, 15, 27, 42, 47, 36, 26, 32, 34, 31, 29, 45, 34, 40, 42, 33]
[2, 2621, 35, 30, 39, 32, 31, 45, 25, 45, 25, 32, 42, 26, 26, 45, 36, 34]
[2, 2621, 49, 39, 37, 20, 51, 29, 45, 41, 50, 29, 36, 33, 49, 35, 30, 18]
[2, 2621, 56, 26, 30, 31, 33, 33, 53, 37, 34, 33, 47, 29, 32, 37, 36, 34]
[2, 2621, 32, 30, 32, 31, 32, 26, 42, 33, 22, 32, 45, 43, 39, 28, 38, 40]
[2, 2621, 53, 23, 37, 39, 23, 27, 33, 30, 33, 28, 32, 43, 40, 26, 24, 34]
[2, 2621, 44, 23, 30, 37, 56, 35, 35, 39, 17, 32, 38, 36, 43, 27, 33, 38]
[2, 2621, 37, 47, 52, 25, 45, 26, 34, 37, 42, 29, 46, 21, 32, 42, 34, 21]
[2, 2621, 37, 34, 36, 35, 40, 30, 31, 20, 45, 29, 40, 37, 37, 41, 43, 39]
[2, 2621, 38, 46, 24, 41, 24, 35, 40, 38, 39, 42, 39, 35, 42, 24, 31, 35]
[2, 2621, 42, 33, 36, 38, 38, 24, 38, 41, 26, 40, 34, 28, 35, 48, 28, 25]
[2, 2621, 44, 34, 35, 30, 20, 55, 54, 22, 42, 28, 26, 35, 41, 32, 48, 33]
[2, 2621, 33, 46, 34, 22, 45, 41, 27, 21, 28, 27, 30, 33, 50, 46, 28, 38]
[2, 2621, 54, 34, 39, 34, 45, 30, 32, 22, 39, 34, 35, 26, 46, 34, 24, 45]
[2, 2621, 21, 22, 32, 33, 19, 31, 29, 48, 23, 29, 56, 40, 44, 27, 28, 21]
[2, 2621, 25, 31, 36, 51, 28, 34, 41, 33, 35, 35, 43, 39, 27, 36, 51, 45]
[2, 2621, 37, 38, 38, 43, 29, 32, 32, 53, 28, 27, 45, 42, 34, 31, 27, 45]
[2, 2621, 33, 29, 36, 54, 34, 25, 26, 29, 43, 31, 40, 40, 28, 22, 39, 36]
[2, 2621, 41, 21, 49, 43, 34, 29, 28, 44, 44, 38, 47, 29, 31, 25, 44, 45]
[2, 2621, 41, 28, 34, 34, 30, 38, 31, 34, 36, 35, 32, 34, 51, 27, 39, 28]
[2, 2621, 26, 44, 30, 41, 20, 36, 26, 26, 43, 46, 36, 36, 24, 19, 42, 32]
[2, 2621, 32, 35, 39, 27, 27, 39, 45, 36, 40, 38, 32, 28, 32, 43, 27, 32]
[2, 2621, 28, 31, 46, 21, 31, 40, 34, 35, 36, 29, 50, 45, 48, 25, 43, 28]
[2, 2621, 41, 31, 29, 34, 45, 33, 52, 42, 41, 37, 48, 39, 26, 33, 19, 40]
[2, 2621, 32, 33, 39, 55, 34, 28, 39, 40, 37, 30, 37, 32, 25, 23, 23, 32]
[2, 2621, 36, 46, 45, 40, 40, 25, 33, 42, 25, 43, 27, 35, 25, 19, 26, 17]
[2, 2621, 45, 40, 40, 31, 43, 35, 40, 31, 39, 29, 43, 23, 44, 36, 33, 25]
[2, 2621, 41, 33, 20, 24, 46, 34, 29, 37, 30, 45, 25, 24, 24, 25, 29, 38]
[2, 2621, 31, 52, 41, 35, 24, 28, 22, 32, 31, 40, 39, 41, 35, 30, 45, 32]
[2, 2621, 29, 38, 41, 37, 31, 42, 32, 43, 19, 31, 42, 34, 25, 39, 40, 32]
[2, 2621, 31, 21, 29, 47, 34, 26, 31, 35, 39, 26, 43, 24, 49, 26, 31, 34]
[2, 2621, 43, 32, 28, 41, 28, 38, 27, 47, 31, 33, 41, 38, 29, 36, 32, 42]
[2, 2621, 50, 25, 29, 34, 22, 30, 40, 26, 34, 34, 52, 24, 25, 28, 48, 35]
[2, 2621, 61, 36, 27, 25, 40, 26, 40, 38, 37, 25, 25, 34, 42, 34, 34, 28]
[2, 2621, 43, 48, 46, 42, 31, 30, 30, 27, 29, 38, 34, 38, 32, 34, 36, 29]
[2, 2621, 34, 35, 28, 36, 30, 33, 27, 27, 36, 44, 43, 39, 43, 39, 38, 50]
[2, 2621, 29, 37, 38, 29, 30, 30, 47, 37, 35, 34, 28, 38, 41, 24, 31, 36]
[2, 2621, 30, 45, 28, 38, 35, 39, 41, 32, 44, 61, 47, 32, 27, 25, 32, 24]
[2, 2621, 22, 50, 24, 33, 30, 33, 45, 43, 22, 35, 28, 36, 41, 26, 38, 24]
[2, 2621, 25, 43, 30, 26, 44, 51, 44, 39, 44, 28, 33, 24, 27, 32, 28, 53]
[2, 2621, 30, 47, 36, 24, 36, 34, 36, 45, 29, 47, 28, 32, 39, 48, 35, 31]
[2, 2621, 36, 29, 38, 36, 31, 37, 31, 43, 37, 29, 30, 51, 36, 33, 26, 38]
[2, 2621, 17, 28, 31, 30, 47, 36, 44, 27, 53, 32, 38, 35, 28, 22, 38, 31]
[2, 2621, 24, 30, 39, 38, 30, 25, 28, 25, 35, 47, 30, 40, 38, 26, 25, 48]
[2, 2621, 26, 33, 45, 19, 30, 49, 30, 41, 29, 28, 24, 38, 31, 41, 32, 30]
[2, 2621, 38, 51, 40, 38, 33, 31, 36, 33, 38, 35, 20, 42, 21, 22, 34, 31]
[2, 2621, 27, 26, 27, 55, 39, 37, 34, 38, 33, 32, 52, 29, 26, 37, 33, 37]
[2, 2621, 34, 41, 38, 32, 39, 31, 29, 38, 44, 26, 22, 30, 31, 39, 51, 44]
[2, 2621, 21, 42, 36, 33, 25, 31, 44, 37, 40, 29, 53, 30, 30, 26, 43, 33]
[2, 2621, 32, 38, 42, 36, 45, 32, 43, 20, 22, 33, 39, 38, 42, 44, 48, 26]
[2, 2621, 47, 28, 30, 33, 29, 36, 34, 39, 33, 33, 31, 33, 31, 39, 20, 42]
[2, 2621, 45, 30, 29, 16, 28, 31, 33, 39, 28, 42, 44, 36, 50, 40, 39, 27]
[2, 2621, 33, 22, 34, 51, 40, 46, 30, 33, 22, 31, 33, 32, 45, 41, 21, 46]
[2, 2621, 47, 39, 34, 27, 31, 36, 32, 31, 35, 34, 43, 43, 24, 42, 28, 27]
[2, 2621, 32, 21, 28, 45, 37, 38, 19, 42, 61, 50, 29, 41, 28, 42, 40, 23]
[2, 2621, 39, 29, 42, 39, 25, 27, 37, 28, 35, 33, 37, 29, 47, 27, 43, 32]
[2, 2621, 26, 24, 33, 32, 34, 42, 23, 33, 40, 28, 33, 46, 34, 27, 60, 41]
[2, 2621, 46, 37, 31, 54, 24, 41, 27, 36, 31, 37, 28, 27, 35, 47, 49, 29]
[2, 2621, 35, 34, 38, 34, 44, 36, 23, 48, 26, 33, 33, 47, 30, 49, 43, 31]
[2, 2621, 40, 23, 39, 26, 30, 40, 36, 37, 31, 40, 30, 36, 41, 39, 45, 31]
[2, 2621, 35, 31, 32, 43, 31, 38, 36, 32, 34, 27, 48, 33, 26, 39, 36, 27]
[2, 2621, 39, 39, 48, 30, 34, 43, 39, 24, 38, 26, 33, 27, 48, 37, 28, 33]
[2, 2621, 54, 35, 44, 38, 33, 45, 41, 27, 36, 28, 38, 40, 47, 28, 40, 29]
[2, 2621, 29, 36, 48, 33, 26, 33, 20, 24, 51, 32, 30, 29, 39, 34, 37, 30]
[2, 2621, 49, 56, 31, 30, 42, 32, 37, 31, 45, 25, 33, 40, 30, 32, 37, 32]
[2, 2621, 39, 36, 33, 37, 37, 44, 44, 24, 23, 42, 39, 32, 47, 28, 26, 38]
[2, 2621, 37, 41, 37, 38, 45, 40, 41, 33, 33, 36, 41, 35, 30, 27, 41, 32]
[2, 2621, 25, 30, 32, 26, 21, 45, 39, 30, 40, 50, 26, 27, 33, 35, 36, 24]
[2, 2621, 33, 29, 25, 42, 30, 46, 35, 40, 44, 48, 29, 32, 37, 39, 47, 23]
[2, 2621, 26, 28, 37, 31, 28, 36, 31, 33, 35, 32, 16, 37, 27, 53, 21, 26]
[2, 2621, 27, 29, 36, 26, 45, 56, 27, 31, 35, 44, 42, 34, 24, 42, 45, 41]
[2, 2621, 44, 33, 35, 24, 31, 37, 40, 21, 40, 39, 33, 25, 29, 31, 35, 20]
[2, 2621, 28, 38, 29, 23, 35, 60, 29, 36, 46, 36, 33, 31, 45, 36, 32, 30]
[5, 6553, 130, 129, 140, 152, 130, 183, 166, 158, 180, 140, 168, 164, 194, 160, 160, 140]
[5, 6553, 158, 138, 157, 174, 184, 179, 154, 154, 154, 175, 142, 148, 137, 144, 154, 157]
[5, 6553, 139, 177, 163, 144, 152, 149, 152, 154, 166, 174, 154, 137, 133, 165, 165, 133]
[5, 6553, 148, 140, 162, 108, 180, 179, 169, 158, 155, 184, 167, 175, 131, 150, 151, 129]
[5, 6553, 182, 150, 154, 134, 139, 139, 138, 163, 150, 155, 167, 165, 149, 141, 135, 167]
[5, 6553, 155, 177, 130, 151, 138, 173, 155, 152, 139, 173, 129, 147, 170, 149, 147, 148]
[5, 6553, 191, 124, 172, 151, 153, 142, 160, 176, 155, 151, 148, 145, 156, 182, 155, 171]
[5, 6553, 152, 144, 160, 145, 153, 131, 147, 154, 156, 147, 149, 167, 167, 158, 149, 158]
[5, 6553, 140, 153, 165, 169, 144, 158, 196, 190, 160, 163, 187, 134, 143, 149, 159, 164]
[5, 6553, 120, 141, 174, 177, 178, 164, 162, 152, 159, 155, 168, 111, 142, 184, 146, 170]
[5, 6553, 139, 176, 142, 149, 161, 124, 176, 143, 172, 175, 143, 179, 123, 167, 169, 134]
[5, 6553, 141, 140, 135, 151, 159, 157, 161, 153, 168, 160, 162, 135, 167, 173, 159, 171]
[5, 6553, 161, 160, 124, 155, 160, 165, 155, 149, 140, 135, 187, 125, 178, 145, 123, 150]
[5, 6553, 145, 178, 162, 153, 179, 128, 187, 148, 141, 163, 201, 132, 155, 178, 154, 160]
[5, 6553, 168, 130, 164, 189, 178, 148, 176, 142, 135, 159, 175, 174, 149, 144, 170, 156]
[5, 6553, 183, 164, 155, 155, 169, 166, 175, 152, 163, 186, 154, 143, 131, 143, 148, 133]
[5, 6553, 155, 156, 140, 149, 134, 158, 168, 192, 144, 138, 147, 208, 169, 147, 151, 166]
[5, 6553, 154, 149, 165, 143, 160, 144, 181, 149, 153, 156, 139, 130, 157, 178, 140, 147]
[5, 6553, 191, 168, 149, 149, 170, 149, 158, 155, 153, 128, 163, 168, 154, 150, 152, 164]
[5, 6553, 179, 173, 139, 119, 150, 189, 163, 169, 163, 181, 166, 146, 119, 155, 148, 147]
[5, 6553, 152, 181, 171, 197, 159, 161, 137, 150, 140, 141, 145, 169, 163, 146, 167, 169]
[5, 6553, 135, 155, 152, 161, 147, 179, 144, 164, 142, 173, 171, 137, 152, 165, 159, 171]
[5, 6553, 156, 184, 160, 152, 138, 162, 130, 150, 141, 155, 121, 159, 164, 158, 172, 126]
[5, 6553, 166, 131, 160, 166, 152, 171, 140, 136, 151, 151, 157, 153, 151, 133, 195, 154]
[5, 6553, 167, 174, 155, 161, 157, 173, 149, 148, 161, 125, 155, 149, 136, 143, 140, 151]
[5, 6553, 157, 135, 188, 173, 154, 152, 162, 189, 163, 145, 126, 183, 133, 168, 151, 120]
[5, 6553, 150, 152, 182, 160, 152, 143, 156, 138, 170, 154, 125, 168, 175, 145, 129, 144]
[5, 6553, 162, 139, 122, 152, 172, 155, 161, 139, 172, 137, 160, 171, 167, 153, 148, 155]
[5, 6553, 179, 138, 173, 156, 154, 148, 139, 150, 148, 155, 174, 153, 150, 157, 151, 178]
[5, 6553, 185, 160, 134, 134, 167, 145, 156, 167, 164, 174, 164, 169, 181, 166, 122, 140]
[5, 6553, 182, 158, 152, 124, 125, 117, 170, 190, 155, 148, 186, 153, 167, 129, 163, 160]
[5, 6553, 146, 159, 154, 180, 151, 143, 189, 164, 173, 144, 156, 167, 168, 134, 138, 152]
[5, 6553, 192, 137, 165, 152, 157, 167, 209, 153, 141, 134, 168, 166, 153, 154, 148, 148]
[5, 6553, 158, 127, 145, 156, 161, 139, 156, 140, 127, 155, 173, 154, 148, 149, 162, 151]
[5, 6553, 154, 166, 164, 142, 179, 133, 170, 162, 172, 142, 150, 139, 187, 169, 120, 139]
[5, 6553, 138, 170, 163, 146, 155, 153, 157, 151, 183, 142, 157, 157, 198, 176, 147, 163]
[5, 6553, 157, 186, 135, 159, 127, 151, 191, 148, 179, 159, 188, 166, 161, 141, 148, 170]
[5, 6553, 144, 165, 152, 171, 163, 128, 168, 171, 154, 173, 143, 123, 153, 163, 165, 145]
[5, 6553, 162, 138, 162, 146, 151, 156, 170, 129, 161, 171, 148, 141, 172, 143, 182, 159]
[5, 6553, 162, 182, 145, 153, 164, 149, 124, 154, 159, 152, 138, 161, 186, 156, 148, 132]
[5, 6553, 169, 191, 168, 174, 183, 173, 152, 137, 150, 150, 166, 157, 168, 166, 121, 139]
[5, 6553, 158, 142, 149, 164, 140, 127, 115, 177, 154, 165, 194, 176, 183, 146, 137, 120]
[5, 6553, 167, 172, 139, 151, 173, 152, 146, 155, 190, 136, 160, 167, 176, 156, 160, 187]
[5, 6553, 155, 141, 173, 153, 159, 158, 131, 177, 161, 132, 168, 184, 160, 145, 141, 165]
[5, 6553, 148, 135, 121, 176, 133, 182, 157, 171, 163, 155, 168, 145, 170, 139, 158, 162]
[5, 6553, 178, 132, 156, 156, 193, 126, 173, 135, 157, 167, 182, 171, 137, 137, 177, 143]
[5, 6553, 184, 148, 157, 156, 172, 125, 156, 153, 142, 136, 150, 174, 183, 161, 172, 149]
[5, 6553, 169, 155, 146, 162, 124, 163, 128, 151, 183, 153, 161, 136, 136, 141, 156, 153]
[5, 6553, 151, 175, 165, 140, 138, 150, 169, 154, 176, 178, 165, 196, 144, 202, 153, 107]
[5, 6553, 167, 163, 149, 146, 145, 176, 193, 155, 158, 158, 165, 171, 169, 129, 160, 165]
[5, 6553, 157, 163, 156, 149, 172, 152, 176, 144, 155, 152, 171, 164, 177, 210, 128, 156]
[5, 6553, 155, 138, 187, 171, 128, 165, 198, 185, 174, 165, 175, 158, 165, 128, 148, 132]
[5, 6553, 156, 144, 154, 157, 153, 139, 167, 181, 146, 192, 157, 147, 134, 125, 167, 117]
[5, 6553, 171, 159, 164, 163, 164, 158, 178, 139, 181, 147, 181, 150, 161, 149, 148, 140]
[5, 6553, 173, 167, 139, 156, 160, 155, 157, 144, 150, 152, 141, 140, 145, 154, 161, 138]
[5, 6553, 126, 173, 135, 148, 159, 167, 100, 142, 137, 166, 171, 158, 133, 149, 179, 133]
[5, 6553, 164, 201, 139, 152, 174, 134, 141, 174, 160, 132, 177, 164, 141, 152, 159, 146]
[5, 6553, 133, 164, 165, 142, 143, 153, 151, 155, 169, 153, 144, 142, 159, 132, 142, 147]
[5, 6553, 144, 148, 150, 160, 153, 154, 141, 174, 167, 171, 165, 161, 152, 180, 131, 170]
[5, 6553, 166, 174, 157, 162, 128, 166, 162, 131, 152, 165, 172, 125, 134, 162, 153, 154]
[5, 6553, 158, 155, 158, 159, 155, 149, 143, 151, 171, 150, 178, 152, 162, 142, 150, 141]
[5, 6553, 155, 153, 185, 155, 164, 112, 139, 151, 135, 151, 135, 156, 137, 155, 137, 120]
[5, 6553, 174, 145, 141, 126, 145, 127, 139, 143, 183, 157, 140, 141, 180, 172, 183, 175]
[5, 6553, 143, 172, 137, 164, 168, 163, 156, 168, 158, 173, 135, 156, 157, 146, 147, 169]
[5, 6553, 138, 169, 160, 155, 164, 164, 179, 145, 173, 176, 173, 163, 129, 141, 150, 145]
[5, 6553, 154, 207, 151, 168, 140, 151, 175, 186, 139, 153, 168, 162, 151, 153, 156, 127]
[5, 6553, 122, 190, 156, 149, 173, 157, 189, 154, 156, 139, 165, 157, 164, 127, 146, 159]
[5, 6553, 142, 193, 160, 141, 146, 167, 149, 176, 172, 185, 125, 127, 172, 186, 178, 148]
[5, 6553, 166, 141, 185, 181, 150, 142, 156, 169, 153, 124, 122, 160, 143, 155, 144, 164]
[5, 6553, 143, 142, 136, 143, 192, 152, 192, 164, 164, 175, 127, 137, 143, 128, 131, 172]
[5, 6553, 161, 160, 149, 173, 150, 141, 134, 134, 149, 163, 156, 165, 163, 169, 128, 202]
[5, 6553, 157, 152, 161, 162, 140, 185, 135, 151, 172, 137, 145, 158, 171, 148, 139, 174]
[5, 6553, 137, 168, 173, 174, 161, 166, 180, 141, 144, 165, 148, 171, 165, 141, 153, 139]
[5, 6553, 139, 152, 136, 185, 161, 189, 175, 132, 173, 164, 164, 138, 110, 143, 148, 124]
[5, 6553, 141, 148, 183, 153, 142, 150, 147, 164, 186, 160, 132, 162, 182, 150, 162, 174]
[5, 6553, 127, 170, 165, 166, 113, 135, 182, 157, 162, 156, 191, 145, 151, 150, 152, 157]
[5, 6553, 127, 163, 170, 155, 164, 141, 174, 131, 106, 162, 169, 138, 170, 163, 152, 145]
[5, 6553, 169, 133, 136, 133, 162, 158, 144, 153, 145, 168, 147, 161, 150, 210, 130, 142]
[5, 6553, 169, 163, 159, 137, 156, 152, 126, 152, 182, 166, 154, 146, 177, 168, 154, 143]
[5, 6553, 149, 145, 148, 160, 172, 161, 141, 129, 120, 147, 172, 168, 158, 145, 124, 162]
[5, 6553, 164, 132, 140, 139, 137, 166, 165, 137, 173, 154, 173, 173, 160, 184, 154, 133]
[5, 6553, 141, 117, 133, 163, 147, 142, 161, 166, 189, 151, 145, 164, 153, 158, 175, 141]
[5, 6553, 140, 167, 172, 145, 143, 129, 174, 155, 174, 151, 159, 136, 134, 145, 147, 179]
[5, 6553, 139, 156, 169, 135, 150, 176, 151, 154, 164, 126, 149, 195, 148, 151, 192, 157]
[5, 6553, 159, 138, 168, 157, 143, 184, 139, 179, 139, 163, 143, 150, 164, 178, 152, 132]
[5, 6553, 167, 174, 148, 160, 171, 151, 134, 160, 155, 147, 165, 179, 157, 165, 145, 159]
[5, 6553, 173, 135, 159, 162, 175, 179, 132, 167, 135, 153, 174, 145, 174, 173, 182, 173]
[5, 6553, 147, 153, 160, 184, 136, 142, 161, 169, 153, 164, 156, 142, 155, 157, 154, 166]
[5, 6553, 152, 144, 135, 185, 148, 176, 196, 142, 152, 139, 136, 166, 175, 178, 155, 149]
[5, 6553, 166, 149, 150, 152, 132, 153, 183, 131, 181, 132, 151, 154, 167, 152, 140, 177]
[5, 6553, 155, 130, 166, 164, 156, 159, 119, 151, 166, 158, 149, 135, 178, 160, 158, 143]
[5, 6553, 142, 156, 168, 139, 181, 157, 156, 176, 170, 153, 147, 154, 144, 164, 137, 143]
[5, 6553, 153, 170, 167, 165, 145, 171, 186, 135, 122, 151, 181, 143, 178, 161, 142, 151]
[5, 6553, 125, 158, 149, 148, 166, 156, 170, 154, 140, 162, 155, 155, 141, 176, 177, 126]
[5, 6553, 148, 181, 158, 118, 145, 176, 177, 165, 177, 163, 129, 139, 194, 159, 144, 119]
[5, 6553, 126, 149, 157, 157, 156, 163, 146, 173, 184, 210, 133, 148, 174, 171, 186, 143]
[5, 6553, 135, 145, 171, 194, 168, 165, 152, 144, 174, 164, 157, 157, 133, 157, 128, 152]
[5, 6553, 174, 162, 163, 147, 153, 174, 154, 174, 172, 172, 122, 141, 144, 154, 181, 136]
[5, 6553, 138, 129, 153, 133, 134, 143, 187, 178, 143, 172, 171, 152, 176, 145, 192, 152]
[5, 6553, 150, 138, 122, 128, 140, 176, 133, 124, 166, 147, 165, 158, 194, 156, 161, 158]
[10, 13107, 445, 445, 482, 455, 434, 506, 502, 477, 511, 499, 484, 523, 490, 433, 481, 445]
[10, 13107, 469, 431, 478, 518, 507, 519, 450, 477, 488, 522, 429, 437, 425, 453, 509, 517]
[10, 13107, 473, 517, 537, 447, 505, 470, 442, 448, 500, 548, 427, 503, 476, 457, 485, 463]
[10, 13107, 513, 505, 492, 446, 474, 464, 502, 471, 474, 501, 473, 478, 454, 506, 464, 455]
[10, 13107, 508, 487, 507, 455, 487, 463, 430, 484, 448, 485, 538, 491, 457, 434, 450, 488]
[10, 13107, 463, 485, 466, 458, 449, 469, 450, 494, 486, 512, 479, 475, 491, 483, 484, 497]
[10, 13107, 498, 451, 479, 470, 504, 478, 472, 450, 478, 473, 524, 453, 493, 523, 494, 485]
[10, 13107, 450, 500, 457, 508, 473, 430, 426, 455, 508, 494, 480, 429, 504, 497, 490, 520]
[10, 13107, 486, 493, 492, 529, 430, 533, 514, 508, 481, 454, 538, 449, 417, 439, 487, 440]
[10, 13107, 475, 432, 468, 548, 468, 495, 490, 491, 511, 489, 476, 440, 493, 485, 462, 467]
[10, 13107, 412, 547, 501, 486, 477, 458, 477, 478, 482, 517, 457, 494, 424, 447, 493, 431]
[10, 13107, 528, 491, 406, 483, 469, 448, 485, 451, 489, 462, 483, 488, 483, 499, 534, 499]
[10, 13107, 497, 540, 445, 467, 465, 492, 455, 484, 482, 451, 524, 406, 524, 459, 435, 457]
[10, 13107, 484, 491, 523, 490, 474, 473, 486, 472, 452, 463, 552, 411, 485, 506, 485, 454]
[10, 13107, 489, 481, 499, 512, 523, 493, 464, 404, 452, 496, 501, 462, 439, 553, 481, 459]
[10, 13107, 509, 446, 478, 415, 517, 518, 466, 446, 488, 515, 522, 507, 453, 470, 481, 451]
[10, 13107, 467, 429, 466, 491, 437, 497, 494, 523, 463, 434, 461, 553, 438, 479, 444, 469]
[10, 13107, 488, 500, 490, 466, 451, 452, 526, 515, 465, 493, 471, 447, 481, 524, 446, 480]
[10, 13107, 526, 470, 448, 482, 515, 455, 450, 472, 465, 459, 474, 499, 505, 470, 429, 561]
[10, 13107, 504, 511, 467, 402, 445, 511, 464, 518, 533, 530, 464, 446, 466, 492, 503, 424]
[10, 13107, 465, 477, 464, 529, 462, 483, 467, 460, 470, 446, 471, 495, 532, 459, 474, 515]
[10, 13107, 449, 459, 418, 508, 476, 525, 486, 490, 460, 477, 468, 465, 464, 476, 525, 519]
[10, 13107, 467, 500, 478, 455, 446, 529, 463, 480, 443, 471, 415, 520, 523, 487, 540, 460]
[10, 13107, 434, 503, 524, 464, 499, 489, 478, 487, 443, 432, 492, 458, 491, 455, 523, 491]
[10, 13107, 469, 546, 436, 484, 476, 499, 456, 473, 471, 455, 484, 475, 468, 496, 482, 456]
[10, 13107, 437, 465, 521, 538, 489, 434, 473, 536, 497, 520, 446, 472, 466, 512, 462, 458]
[10, 13107, 491, 496, 531, 433, 460, 448, 483, 423, 509, 509, 461, 468, 500, 468, 441, 470]
[10, 13107, 502, 472, 451, 472, 481, 444, 471, 491, 469, 451, 469, 530, 497, 475, 491, 471]
[10, 13107, 502, 448, 494, 513, 473, 480, 439, 484, 457, 500, 496, 510, 484, 469, 448, 474]
[10, 13107, 487, 509, 489, 444, 514, 446, 468, 451, 474, 509, 466, 438, 481, 517, 444, 475]
[10, 13107, 531, 464, 455, 440, 439, 413, 503, 547, 437, 494, 536, 515, 448, 523, 476, 466]
[10, 13107, 480, 523, 471, 490, 504, 480, 490, 472, 499, 482, 513, 459, 435, 459, 472, 473]
[10, 13107, 529, 422, 511, 481, 501, 535, 544, 477, 416, 422, 482, 471, 470, 493, 495, 423]
[10, 13107, 478, 460, 448, 501, 522, 475, 476, 453, 465, 452, 521, 476, 465, 483, 480, 435]
[10, 13107, 500, 496, 505, 488, 450, 472, 491, 494, 473, 476, 439, 465, 514, 491, 443, 434]
[10, 13107, 488, 483, 477, 460, 451, 431, 493, 484, 481, 440, 467, 453, 550, 523, 465, 503]
[10, 13107, 493, 510, 460, 457, 438, 470, 573, 490, 465, 496, 495, 495, 488, 477, 453, 490]
[10, 13107, 495, 492, 460, 538, 473, 430, 496, 486, 469, 510, 480, 475, 472, 472, 508, 421]
[10, 13107, 514, 455, 487, 497, 474, 484, 469, 461, 467, 479, 468, 499, 511, 515, 511, 477]
[10, 13107, 485, 505, 469, 519, 451, 460, 473, 494, 451, 483, 420, 542, 543, 448, 421, 445]
[10, 13107, 476, 533, 463, 495, 488, 489, 477, 465, 471, 525, 512, 460, 514, 493, 467, 441]
[10, 13107, 493, 457, 506, 459, 462, 444, 431, 513, 483, 479, 539, 565, 517, 464, 446, 431]
[10, 13107, 480, 434, 454, 466, 486, 468, 459, 485, 544, 474, 499, 488, 500, 461, 474, 508]
[10, 13107, 444, 479, 486, 485, 487, 543, 394, 487, 508, 457, 458, 514, 504, 463, 468, 489]
[10, 13107, 483, 475, 479, 501, 447, 481, 450, 495, 435, 452, 534, 439, 489, 501, 462, 524]
[10, 13107, 489, 442, 463, 484, 507, 468, 498, 429, 506, 488, 513, 486, 447, 485, 471, 470]
[10, 13107, 517, 481, 483, 471, 486, 420, 469, 423, 444, 456, 483, 519, 511, 498, 481, 473]
[10, 13107, 500, 464, 483, 479, 425, 501, 441, 500, 567, 447, 502, 458, 433, 463, 491, 489]
[10, 13107, 471, 458, 487, 419, 434, 453, 492, 489, 546, 509, 454, 527, 526, 516, 493, 396]
[10, 13107, 504, 472, 469, 508, 482, 491, 514, 443, 464, 445, 443, 503, 519, 457, 494, 466]
[10, 13107, 521, 459, 485, 448, 480, 456, 475, 449, 468, 501, 521, 449, 506, 514, 490, 542]
[10, 13107, 488, 447, 480, 465, 445, 467, 525, 548, 491, 509, 496, 461, 522, 440, 459, 437]
[10, 13107, 509, 484, 450, 457, 496, 439, 516, 504, 465, 489, 500, 483, 441, 484, 490, 429]
[10, 13107, 475, 520, 503, 473, 491, 491, 512, 444, 530, 482, 468, 504, 487, 425, 480, 465]
[10, 13107, 470, 507, 478, 469, 506, 491, 512, 516, 464, 484, 502, 448, 443, 434, 489, 452]
[10, 13107, 454, 460, 479, 455, 502, 490, 438, 502, 508, 486, 495, 476, 422, 512, 515, 471]
[10, 13107, 474, 525, 454, 491, 511, 459, 463, 481, 487, 441, 505, 510, 465, 523, 502, 447]
[10, 13107, 466, 487, 461, 472, 473, 490, 491, 494, 445, 482, 489, 442, 479, 466, 495, 477]
[10, 13107, 491, 446, 495, 443, 495, 520, 505, 496, 500, 477, 466, 481, 444, 516, 467, 516]
[10, 13107, 509, 517, 442, 478, 467, 451, 492, 460, 533, 483, 487, 462, 442, 507, 468, 496]
[10, 13107, 487, 507, 465, 425, 469, 477, 464, 486, 477, 470, 537, 473, 483, 475, 465, 447]
[10, 13107, 457, 506, 500, 485, 484, 417, 452, 510, 480, 472, 536, 452, 482, 484, 481, 422]
[10, 13107, 513, 447, 426, 454, 446, 444, 455, 437, 500, 487, 450, 478, 521, 491, 549, 550]
[10, 13107, 450, 488, 450, 456, 520, 480, 500, 491, 451, 463, 455, 501, 460, 435, 482, 508]
[10, 13107, 468, 487, 501, 455, 448, 494, 474, 481, 491, 517, 519, 487, 453, 455, 469, 480]
[10, 13107, 495, 529, 430, 490, 492, 481, 529, 541, 449, 519, 477, 477, 435, 428, 452, 481]
[10, 13107, 419, 502, 438, 422, 482, 472, 514, 467, 502, 495, 490, 467, 476, 467, 494, 517]
[10, 13107, 475, 503, 459, 454, 480, 509, 479, 484, 486, 490, 486, 459, 511, 487, 483, 468]
[10, 13107, 512, 450, 520, 512, 501, 459, 474, 482, 438, 472, 434, 491, 430, 465, 458, 493]
[10, 13107, 463, 418, 467, 421, 519, 512, 542, 474, 522, 474, 388, 480, 482, 461, 466, 528]
[10, 13107, 493, 462, 454, 468, 495, 452, 490, 436, 469, 471, 492, 475, 478, 468, 458, 525]
[10, 13107, 523, 479, 484, 482, 463, 478, 415, 490, 463, 499, 450, 534, 478, 449, 453, 532]
[10, 13107, 482, 531, 479, 542, 506, 527, 474, 454, 492, 509, 458, 444, 483, 439, 488, 449]
[10, 13107, 436, 482, 461, 520, 496, 486, 525, 473, 522, 475, 527, 459, 418, 477, 514, 400]
[10, 13107, 437, 511, 526, 471, 438, 473, 447, 457, 525, 446, 460, 517, 492, 506, 513, 498]
[10, 13107, 408, 474, 462, 444, 480, 439, 542, 500, 484, 519, 505, 446, 517, 489, 464, 487]
[10, 13107, 485, 519, 495, 530, 499, 474, 471, 476, 415, 521, 404, 479, 473, 486, 470, 475]
[10, 13107, 478, 447, 459, 476, 479, 472, 479, 502, 466, 498, 418, 506, 489, 604, 452, 454]
[10, 13107, 489, 461, 475, 499, 482, 470, 451, 509, 539, 457, 483, 428, 493, 505, 452, 457]
[10, 13107, 455, 509, 524, 482, 509, 491, 454, 451, 459, 470, 520, 501, 468, 460, 445, 514]
[10, 13107, 458, 442, 460, 510, 433, 490, 476, 446, 490, 470, 470, 486, 503, 543, 525, 463]
[10, 13107, 473, 448, 436, 483, 510, 464, 463, 452, 511, 494, 494, 466, 483, 512, 468, 449]
[10, 13107, 447, 491, 490, 439, 441, 462, 531, 466, 505, 536, 429, 448, 432, 493, 444, 539]
[10, 13107, 439, 458, 542, 435, 485, 505, 459, 528, 476, 469, 499, 522, 457, 480, 508, 482]
[10, 13107, 478, 441, 523, 456, 436, 479, 450, 573, 465, 494, 488, 441, 473, 516, 492, 434]
[10, 13107, 503, 455, 478, 514, 504, 509, 442, 483, 493, 432, 483, 509, 472, 481, 468, 436]
[10, 13107, 531, 428, 432, 506, 530, 487, 445, 468, 481, 464, 440, 492, 426, 491, 562, 545]
[10, 13107, 485, 472, 478, 557, 462, 499, 474, 515, 468, 524, 492, 437, 456, 484, 478, 513]
[10, 13107, 483, 437, 440, 530, 493, 503, 501, 493, 459, 459, 481, 517, 495, 521, 447, 440]
[10, 13107, 537, 463, 481, 455, 440, 479, 554, 444, 518, 394, 461, 483, 505, 513, 476, 497]
[10, 13107, 470, 509, 469, 486, 471, 492, 468, 483, 495, 448, 479, 440, 495, 496, 475, 438]
[10, 13107, 487, 482, 516, 419, 491, 496, 454, 506, 475, 466, 490, 482, 498, 486, 460, 448]
[10, 13107, 495, 473, 486, 500, 486, 498, 506, 449, 449, 485, 503, 484, 511, 479, 407, 467]
[10, 13107, 425, 507, 485, 475, 529, 502, 494, 498, 464, 443, 453, 466, 420, 497, 507, 479]
[10, 13107, 448, 528, 455, 456, 473, 535, 540, 449, 508, 470, 417, 453, 522, 467, 438, 490]
[10, 13107, 448, 440, 458, 455, 491, 477, 489, 492, 477, 536, 491, 482, 480, 459, 538, 417]
[10, 13107, 459, 453, 488, 514, 509, 505, 485, 478, 451, 461, 448, 479, 491, 475, 464, 483]
[10, 13107, 480, 493, 484, 490, 469, 522, 503, 490, 481, 535, 407, 477, 453, 497, 473, 469]
[10, 13107, 456, 471, 478, 467, 450, 489, 521, 534, 465, 536, 477, 472, 446, 477, 483, 484]
[10, 13107, 501, 467, 400, 476, 461, 503, 455, 439, 473, 456, 469, 491, 528, 454, 532, 499]
[15, 19660, 877, 852, 904, 846, 815, 938, 915, 892, 941, 874, 866, 925, 878, 865, 851, 834]
[15, 19660, 873, 837, 880, 933, 949, 916, 873, 855, 921, 948, 804, 885, 822, 889, 915, 919]
[15, 19660, 882, 956, 919, 828, 864, 833, 868, 848, 927, 966, 833, 918, 900, 888, 917, 871]
[15, 19660, 897, 926, 866, 828, 877, 900, 909, 860, 874, 904, 868, 884, 870, 918, 853, 881]
[15, 19660, 972, 880, 926, 829, 937, 882, 851, 910, 825, 877, 947, 927, 854, 851, 853, 861]
[15, 19660, 870, 926, 866, 848, 841, 844, 882, 922, 904, 893, 878, 869, 874, 911, 886, 935]
[15, 19660, 895, 916, 886, 872, 876, 873, 917, 873, 879, 859, 947, 887, 890, 925, 898, 918]
[15, 19660, 825, 903, 892, 949, 869, 863, 841, 880, 891, 879, 867, 854, 915, 907, 925, 908]
[15, 19660, 890, 911, 886, 937, 866, 986, 869, 896, 881, 869, 971, 858, 829, 805, 890, 831]
[15, 19660, 882, 793, 912, 949, 898, 905, 859, 890, 953, 926, 910, 800, 924, 870, 833, 843]
[15, 19660, 827, 971, 937, 901, 869, 875, 834, 905, 907, 890, 860, 890, 853, 853, 924, 833]
[15, 19660, 959, 896, 812, 899, 879, 854, 926, 840, 942, 855, 907, 918, 866, 892, 936, 875]
[15, 19660, 923, 988, 869, 881, 864, 921, 848, 914, 873, 838, 971, 825, 866, 895, 878, 840]
[15, 19660, 885, 906, 895, 875, 902, 881, 880, 873, 873, 858, 918, 845, 915, 871, 907, 842]
[15, 19660, 862, 898, 896, 929, 953, 920, 855, 790, 866, 909, 896, 879, 845, 959, 909, 851]
[15, 19660, 924, 878, 894, 809, 883, 902, 914, 854, 916, 944, 942, 912, 852, 861, 876, 897]
[15, 19660, 847, 837, 862, 892, 824, 896, 892, 980, 864, 820, 880, 996, 882, 880, 816, 964]
[15, 19660, 895, 916, 885, 880, 820, 873, 936, 915, 857, 910, 914, 828, 848, 952, 867, 881]
[15, 19660, 937, 846, 885, 902, 953, 903, 855, 867, 872, 868, 865, 918, 906, 866, 827, 993]
[15, 19660, 924, 912, 884, 817, 866, 916, 862, 935, 921, 924, 826, 900, 861, 902, 933, 804]
[15, 19660, 859, 898, 848, 931, 927, 854, 800, 858, 916, 878, 879, 884, 954, 869, 888, 937]
[15, 19660, 861, 879, 858, 912, 898, 897, 863, 908, 863, 882, 874, 880, 865, 898, 953, 893]
[15, 19660, 837, 886, 883, 899, 857, 927, 868, 920, 860, 842, 832, 948, 932, 899, 961, 874]
[15, 19660, 799, 933, 920, 913, 867, 870, 876, 900, 851, 834, 929, 843, 949, 886, 871, 878]
[15, 19660, 844, 969, 843, 898, 891, 909, 880, 852, 863, 856, 875, 878, 890, 909, 910, 878]
[15, 19660, 861, 847, 922, 942, 901, 772, 910, 895, 914, 923, 884, 872, 840, 938, 889, 907]
[15, 19660, 912, 930, 984, 833, 855, 902, 887, 884, 909, 863, 889, 853, 873, 874, 864, 848]
[15, 19660, 889, 853, 863, 892, 897, 849, 877, 931, 881, 849, 852, 951, 883, 864, 940, 895]
[15, 19660, 928, 819, 915, 926, 867, 879, 905, 898, 879, 933, 882, 940, 893, 845, 896, 877]
[15, 19660, 909, 904, 883, 833, 914, 831, 840, 921, 868, 966, 846, 842, 892, 917, 866, 902]
[15, 19660, 963, 886, 851, 834, 829, 820, 911, 1002, 849, 909, 951, 906, 816, 934, 867, 871]
[15, 19660, 868, 868, 881, 897, 915, 901, 906, 908, 939, 873, 872, 888, 852, 912, 869, 808]
[15, 19660, 966, 827, 930, 890, 936, 951, 942, 873, 791, 832, 875, 885, 905, 918, 874, 824]
[15, 19660, 846, 910, 829, 936, 985, 834, 890, 834, 902, 880, 989, 900, 869, 902, 815, 898]
[15, 19660, 922, 875, 874, 876, 846, 918, 908, 908, 904, 893, 907, 898, 908, 862, 823, 846]
[15, 19660, 908, 888, 908, 876, 866, 849, 881, 898, 873, 880, 915, 821, 936, 936, 898, 902]
[15, 19660, 871, 898, 872, 848, 851, 887, 1023, 871, 907, 884, 878, 873, 860, 912, 806, 869]
[15, 19660, 925, 870, 823, 926, 873, 897, 914, 927, 861, 896, 874, 905, 883, 917, 868, 834]
[15, 19660, 910, 856, 893, 911, 817, 941, 844, 902, 898, 848, 863, 944, 898, 937, 905, 860]
[15, 19660, 871, 911, 851, 916, 820, 871, 909, 895, 881, 907, 850, 949, 907, 862, 844, 894]
[15, 19660, 952, 941, 839, 904, 882, 829, 892, 851, 840, 949, 924, 821, 933, 917, 890, 849]
[15, 19660, 919, 909, 881, 859, 881, 834, 853, 896, 879, 898, 966, 962, 906, 895, 826, 828]
[15, 19660, 862, 875, 819, 847, 906, 850, 883, 913, 892, 862, 952, 893, 880, 824, 885, 959]
[15, 19660, 893, 892, 893, 825, 871, 1017, 843, 882, 886, 893, 865, 888, 890, 888, 886, 904]
[15, 19660, 907, 888, 935, 896, 843, 910, 838, 930, 863, 867, 978, 827, 867, 875, 862, 932]
[15, 19660, 928, 820, 852, 866, 892, 890, 913, 824, 910, 908, 886, 930, 870, 879, 880, 898]
[15, 19660, 905, 862, 895, 879, 900, 846, 850, 826, 829, 832, 921, 957, 910, 874, 903, 890]
[15, 19660, 898, 921, 888, 911, 860, 912, 830, 921, 952, 824, 893, 866, 834, 903, 900, 915]
[15, 19660, 843, 841, 885, 880, 817, 883, 903, 940, 934, 939, 859, 972, 908, 911, 892, 771]
[15, 19660, 902, 876, 929, 891, 853, 921, 940, 846, 867, 829, 882, 919, 875, 863, 921, 869]
[15, 19660, 881, 837, 864, 841, 899, 847, 861, 893, 893, 916, 974, 835, 887, 936, 880, 963]
[15, 19660, 913, 819, 912, 877, 837, 889, 957, 915, 932, 900, 911, 905, 918, 837, 848, 830]
[15, 19660, 924, 909, 885, 865, 904, 846, 938, 934, 813, 901, 908, 860, 847, 884, 854, 863]
[15, 19660, 873, 909, 907, 875, 914, 906, 956, 824, 923, 917, 872, 857, 843, 864, 870, 922]
[15, 19660, 926, 903, 855, 850, 890, 896, 863, 900, 849, 867, 960, 869, 807, 869, 939, 891]
[15, 19660, 845, 887, 856, 840, 908, 897, 872, 942, 941, 889, 880, 921, 842, 924, 922, 866]
[15, 19660, 859, 902, 862, 951, 918, 908, 870, 918, 869, 852, 897, 917, 827, 924, 919, 858]
[15, 19660, 868, 855, 865, 898, 881, 925, 894, 840, 882, 902, 900, 843, 897, 869, 931, 874]
[15, 19660, 898, 843, 864, 872, 887, 947, 926, 870, 908, 888, 855, 879, 867, 923, 899, 927]
[15, 19660, 938, 851, 872, 887, 886, 869, 919, 826, 936, 872, 926, 915, 887, 926, 860, 901]
[15, 19660, 922, 931, 876, 863, 909, 978, 858, 884, 881, 860, 926, 888, 851, 819, 867, 856]
[15, 19660, 872, 939, 891, 886, 881, 832, 832, 945, 838, 841, 957, 838, 848, 877, 859, 823]
[15, 19660, 912, 896, 849, 878, 836, 883, 897, 815, 880, 892, 849, 878, 885, 833, 982, 981]
[15, 19660, 875, 936, 879, 820, 921, 845, 922, 870, 867, 882, 873, 905, 880, 821, 886, 920]
[15, 19660, 894, 879, 912, 909, 865, 895, 868, 884, 922, 901, 946, 859, 884, 854, 840, 941]
[15, 19660, 873, 921, 874, 933, 891, 899, 921, 893, 846, 925, 887, 901, 866, 819, 854, 880]
[15, 19660, 823, 963, 809, 865, 870, 897, 952, 922, 924, 869, 907, 872, 875, 885, 898, 968]
[15, 19660, 882, 942, 852, 884, 910, 907, 905, 896, 868, 872, 862, 837, 933, 901, 931, 906]
[15, 19660, 941, 874, 911, 951, 874, 878, 882, 922, 880, 867, 828, 873, 853, 862, 843, 914]
[15, 19660, 881, 817, 892, 822, 899, 915, 929, 880, 959, 923, 791, 858, 891, 932, 899, 950]
[15, 19660, 845, 872, 845, 859, 863, 861, 927, 833, 902, 940, 908, 878, 886, 894, 847, 931]
[15, 19660, 909, 890, 898, 888, 882, 897, 858, 845, 835, 942, 840, 950, 829, 857, 857, 951]
[15, 19660, 851, 932, 934, 944, 867, 917, 884, 901, 885, 931, 862, 878, 917, 873, 918, 840]
[15, 19660, 827, 898, 904, 949, 974, 870, 876, 830, 911, 900, 946, 872, 809, 922, 958, 780]
[15, 19660, 849, 897, 916, 903, 899, 890, 881, 858, 942, 839, 856, 943, 890, 872, 916, 918]
[15, 19660, 824, 879, 864, 810, 854, 870, 992, 925, 914, 947, 910, 872, 872, 931, 888, 885]
[15, 19660, 941, 942, 892, 935, 875, 859, 896, 899, 826, 896, 814, 850, 907, 864, 860, 874]
[15, 19660, 910, 846, 843, 886, 863, 899, 897, 878, 868, 889, 847, 954, 880, 1035, 876, 864]
[15, 19660, 919, 839, 913, 882, 925, 912, 877, 861, 949, 876, 895, 810, 866, 880, 915, 887]
[15, 19660, 873, 912, 946, 906, 895, 923, 876, 839, 890, 852, 948, 894, 837, 921, 824, 928]
[15, 19660, 852, 835, 891, 989, 836, 859, 874, 871, 928, 865, 899, 874, 937, 973, 929, 879]
[15, 19660, 884, 861, 832, 888, 916, 847, 884, 860, 890, 973, 833, 904, 964, 924, 813, 877]
[15, 19660, 838, 895, 875, 884, 887, 901, 964, 908, 912, 966, 813, 807, 835, 891, 814, 961]
[15, 19660, 787, 895, 965, 836, 866, 919, 879, 886, 924, 933, 893, 948, 847, 877, 872, 843]
[15, 19660, 871, 835, 967, 846, 862, 927, 841, 1003, 900, 919, 885, 876, 862, 880, 922, 843]
[15, 19660, 927, 880, 869, 897, 930, 911, 853, 890, 857, 809, 915, 932, 869, 846, 874, 827]
[15, 19660, 957, 790, 845, 917, 908, 893, 857, 867, 884, 850, 851, 887, 834, 922, 974, 931]
[15, 19660, 915, 898, 908, 970, 848, 902, 914, 921, 900, 937, 940, 803, 818, 900, 867, 889]
[15, 19660, 913, 898, 874, 918, 873, 944, 921, 880, 903, 862, 881, 883, 883, 901, 864, 853]
[15, 19660, 885, 829, 905, 869, 871, 831, 923, 862, 940, 775, 869, 869, 924, 914, 897, 939]
[15, 19660, 867, 934, 861, 892, 933, 892, 904, 890, 924, 872, 884, 791, 916, 875, 884, 835]
[15, 19660, 904, 863, 946, 855, 937, 921, 854, 961, 913, 879, 885, 874, 891, 837, 881, 881]
[15, 19660, 925, 891, 853, 921, 903, 868, 928, 862, 873, 892, 894, 883, 918, 884, 809, 907]
[15, 19660, 808, 878, 899, 865, 927, 938, 924, 891, 892, 895, 877, 841, 826, 885, 932, 901]
[15, 19660, 885, 925, 862, 862, 865, 897, 947, 896, 895, 900, 822, 899, 951, 859, 866, 865]
[15, 19660, 827, 828, 864, 852, 902, 925, 920, 882, 911, 925, 900, 872, 914, 869, 948, 803]
[15, 19660, 884, 860, 876, 928, 925, 935, 872, 859, 889, 858, 854, 892, 918, 929, 828, 896]
[15, 19660, 896, 867, 907, 888, 901, 881, 928, 823, 904, 926, 832, 889, 863, 912, 881, 865]
[15, 19660, 870, 886, 918, 890, 901, 871, 906, 956, 886, 907, 853, 854, 813, 861, 940, 912]
[15, 19660, 936, 928, 792, 883, 824, 854, 866, 809, 852, 883, 894, 914, 945, 842, 964, 921]
[20, 26214, 1330, 1301, 1296, 1293, 1293, 1395, 1392, 1321, 1374, 1317, 1322, 1350, 1318, 1391, 1275, 1297]
[20, 26214, 1328, 1322, 1314, 1402, 1354, 1334, 1308, 1330, 1386, 1356, 1301, 1307, 1262, 1356, 1360, 1366]
[20, 26214, 1329, 1409, 1377, 1248, 1312, 1281, 1289, 1306, 1356, 1355, 1319, 1347, 1384, 1341, 1363, 1288]
[20, 26214, 1358, 1347, 1290, 1279, 1352, 1330, 1363, 1306, 1336, 1400, 1319, 1347, 1256, 1296, 1324, 1352]
[20, 26214, 1363, 1322, 1388, 1262, 1392, 1331, 1354, 1377, 1272, 1286, 1413, 1318, 1312, 1335, 1295, 1290]
[20, 26214, 1314, 1404, 1292, 1347, 1269, 1301, 1351, 1361, 1309, 1344, 1294, 1287, 1346, 1310, 1372, 1403]
[20, 26214, 1362, 1352, 1287, 1320, 1353, 1301, 1379, 1290, 1328, 1242, 1394, 1332, 1309, 1393, 1399, 1390]
[20, 26214, 1284, 1341, 1363, 1443, 1328, 1261, 1262, 1345, 1359, 1364, 1276, 1293, 1335, 1322, 1378, 1396]
[20, 26214, 1327, 1329, 1375, 1321, 1310, 1394, 1328, 1342, 1346, 1257, 1415, 1344, 1292, 1258, 1317, 1285]
[20, 26214, 1299, 1211, 1357, 1398, 1334, 1346, 1290, 1346, 1367, 1364, 1426, 1220, 1357, 1351, 1312, 1282]
[20, 26214, 1198, 1421, 1327, 1299, 1317, 1319, 1313, 1373, 1349, 1302, 1338, 1347, 1332, 1361, 1337, 1290]
[20, 26214, 1390, 1338, 1296, 1358, 1326, 1308, 1418, 1280, 1374, 1268, 1347, 1332, 1309, 1324, 1360, 1299]
[20, 26214, 1344, 1397, 1342, 1322, 1340, 1373, 1311, 1347, 1333, 1306, 1455, 1290, 1283, 1362, 1315, 1336]
[20, 26214, 1329, 1373, 1330, 1310, 1365, 1331, 1304, 1329, 1300, 1286, 1367, 1265, 1387, 1324, 1367, 1259]
[20, 26214, 1270, 1355, 1358, 1382, 1380, 1341, 1260, 1259, 1354, 1362, 1396, 1286, 1293, 1397, 1333, 1306]
[20, 26214, 1346, 1278, 1335, 1275, 1351, 1311, 1349, 1306, 1360, 1388, 1415, 1359, 1287, 1284, 1320, 1299]
[20, 26214, 1296, 1330, 1331, 1292, 1263, 1341, 1357, 1427, 1343, 1291, 1318, 1417, 1317, 1296, 1296, 1445]
[20, 26214, 1356, 1352, 1281, 1274, 1298, 1327, 1354, 1417, 1323, 1329, 1384, 1283, 1290, 1428, 1357, 1259]
[20, 26214, 1371, 1326, 1312, 1370, 1412, 1330, 1284, 1353, 1320, 1288, 1348, 1395, 1309, 1299, 1264, 1417]
[20, 26214, 1347, 1393, 1314, 1253, 1320, 1379, 1308, 1335, 1341, 1388, 1274, 1346, 1364, 1349, 1366, 1276]
[20, 26214, 1300, 1329, 1283, 1438, 1309, 1331, 1270, 1285, 1358, 1349, 1339, 1350, 1409, 1318, 1339, 1353]
[20, 26214, 1295, 1290, 1327, 1375, 1357, 1363, 1309, 1352, 1326, 1357, 1317, 1308, 1324, 1344, 1356, 1334]
[20, 26214, 1288, 1323, 1305, 1324, 1288, 1372, 1311, 1411, 1314, 1315, 1284, 1336, 1363, 1378, 1393, 1320]
[20, 26214, 1214, 1395, 1354, 1408, 1329, 1319, 1313, 1313, 1268, 1320, 1399, 1313, 1389, 1323, 1320, 1322]
[20, 26214, 1254, 1409, 1354, 1340, 1328, 1332, 1364, 1294, 1281, 1290, 1325, 1362, 1340, 1339, 1356, 1315]
[20, 26214, 1294, 1287, 1414, 1359, 1348, 1206, 1359, 1334, 1353, 1317, 1357, 1365, 1272, 1443, 1385, 1375]
[20, 26214, 1319, 1357, 1408, 1277, 1262, 1355, 1326, 1326, 1382, 1337, 1375, 1290, 1330, 1330, 1284, 1306]
[20, 26214, 1351, 1306, 1362, 1292, 1380, 1269, 1300, 1348, 1306, 1342, 1237, 1392, 1316, 1338, 1397, 1319]
[20, 26214, 1391, 1276, 1318, 1348, 1298, 1301, 1328, 1339, 1325, 1425, 1340, 1366, 1296, 1306, 1351, 1323]
[20, 26214, 1340, 1379, 1351, 1227, 1358, 1292, 1275, 1357, 1321, 1393, 1277, 1304, 1331, 1387, 1282, 1357]
[20, 26214, 1371, 1323, 1309, 1263, 1241, 1259, 1346, 1474, 1295, 1389, 1371, 1344, 1282, 1364, 1351, 1308]
[20, 26214, 1329, 1316, 1313, 1347, 1375, 1343, 1349, 1326, 1386, 1345, 1325, 1336, 1328, 1391, 1326, 1258]
[20, 26214, 1407, 1266, 1407, 1320, 1410, 1383, 1392, 1332, 1266, 1255, 1366, 1335, 1319, 1338, 1291, 1256]
[20, 26214, 1275, 1355, 1309, 1414, 1414, 1323, 1335, 1264, 1289, 1341, 1429, 1349, 1350, 1358, 1283, 1365]
[20, 26214, 1363, 1311, 1331, 1327, 1295, 1369, 1359, 1366, 1378, 1322, 1331, 1347, 1392, 1303, 1240, 1283]
[20, 26214, 1329, 1352, 1355, 1357, 1267, 1308, 1314, 1332, 1310, 1314, 1376, 1246, 1413, 1364, 1380, 1302]
[20, 26214, 1341, 1374, 1322, 1332, 1317, 1334, 1425, 1276, 1366, 1328, 1318, 1339, 1315, 1334, 1283, 1272]
[20, 26214, 1375, 1302, 1239, 1380, 1320, 1318, 1401, 1377, 1324, 1429, 1297, 1363, 1332, 1328, 1330, 1285]
[20, 26214, 1348, 1283, 1295, 1367, 1264, 1397, 1282, 1321, 1342, 1284, 1329, 1390, 1335, 1343, 1348, 1353]
[20, 26214, 1337, 1352, 1307, 1337, 1275, 1324, 1361, 1350, 1331, 1398, 1326, 1400, 1340, 1284, 1295, 1286]
[20, 26214, 1378, 1406, 1290, 1331, 1312, 1327, 1357, 1292, 1270, 1413, 1384, 1249, 1372, 1373, 1357, 1271]
[20, 26214, 1414, 1337, 1265, 1358, 1338, 1329, 1238, 1338, 1350, 1318, 1415, 1433, 1320, 1331, 1229, 1293]
[20, 26214, 1321, 1341, 1296, 1282, 1320, 1318, 1346, 1375, 1356, 1350, 1402, 1366, 1305, 1247, 1285, 1385]
[20, 26214, 1312, 1368, 1337, 1285, 1298, 1479, 1286, 1386, 1329, 1341, 1298, 1247, 1299, 1332, 1321, 1371]
[20, 26214, 1365, 1338, 1358, 1342, 1252, 1352, 1279, 1368, 1325, 1283, 1450, 1287, 1335, 1283, 1321, 1373]
[20, 26214, 1376, 1255, 1325, 1323, 1271, 1300, 1373, 1253, 1364, 1357, 1349, 1380, 1364, 1320, 1311, 1382]
[20, 26214, 1358, 1281, 1374, 1286, 1363, 1269, 1302, 1324, 1273, 1290, 1367, 1387, 1371, 1289, 1350, 1342]
[20, 26214, 1346, 1339, 1363, 1369, 1348, 1319, 1317, 1381, 1366, 1252, 1340, 1273, 1304, 1344, 1318, 1396]
[20, 26214, 1284, 1281, 1308, 1320, 1294, 1329, 1319, 1381, 1368, 1422, 1296, 1412, 1367, 1381, 1336, 1242]
[20, 26214, 1358, 1354, 1376, 1278, 1316, 1431, 1413, 1317, 1272, 1300, 1284, 1310, 1324, 1299, 1336, 1306]
[20, 26214, 1343, 1276, 1320, 1331, 1315, 1278, 1299, 1339, 1301, 1337, 1407, 1301, 1309, 1349, 1357, 1371]
[20, 26214, 1331, 1237, 1389, 1267, 1262, 1350, 1379, 1369, 1369, 1346, 1356, 1368, 1395, 1314, 1276, 1299]
[20, 26214, 1310, 1369, 1349, 1314, 1348, 1310, 1421, 1380, 1291, 1318, 1310, 1340, 1277, 1316, 1296, 1323]
[20, 26214, 1324, 1300, 1342, 1305, 1371, 1330, 1435, 1287, 1379, 1376, 1346, 1285, 1233, 1351, 1290, 1400]
[20, 26214, 1361, 1338, 1303, 1303, 1368, 1344, 1259, 1380, 1316, 1295, 1433, 1294, 1236, 1328, 1349, 1382]
[20, 26214, 1293, 1286, 1285, 1285, 1359, 1324, 1308, 1384, 1391, 1324, 1324, 1399, 1293, 1341, 1396, 1311]
[20, 26214, 1344, 1295, 1302, 1391, 1350, 1321, 1311, 1375, 1291, 1242, 1337, 1354, 1326, 1368, 1399, 1340]
[20, 26214, 1367, 1329, 1293, 1363, 1318, 1375, 1298, 1331, 1303, 1331, 1326, 1289, 1330, 1356, 1406, 1317]
[20, 26214, 1366, 1324, 1294, 1310, 1298, 1373, 1393, 1357, 1361, 1342, 1297, 1306, 1285, 1352, 1355, 1371]
[20, 26214, 1368, 1294, 1343, 1351, 1368, 1281, 1339, 1243, 1412, 1285, 1364, 1367, 1342, 1356, 1294, 1334]
[20, 26214, 1356, 1335, 1357, 1293, 1384, 1440, 1306, 1328, 1316, 1310, 1387, 1304, 1265, 1299, 1346, 1286]
[20, 26214, 1332, 1395, 1320, 1332, 1317, 1287, 1265, 1411, 1333, 1228, 1385, 1332, 1327, 1331, 1330, 1304]
[20, 26214, 1365, 1379, 1286, 1319, 1270, 1375, 1349, 1272, 1332, 1343, 1271, 1299, 1303, 1329, 1426, 1401]
[20, 26214, 1301, 1412, 1353, 1243, 1352, 1283, 1367, 1275, 1287, 1352, 1409, 1362, 1272, 1244, 1341, 1412]
[20, 26214, 1289, 1331, 1370, 1395, 1309, 1354, 1335, 1310, 1379, 1311, 1379, 1303, 1306, 1308, 1272, 1394]
[20, 26214, 1334, 1363, 1326, 1383, 1338, 1357, 1386, 1365, 1264, 1397, 1294, 1299, 1290, 1301, 1317, 1308]
[20, 26214, 1282, 1412, 1261, 1272, 1302, 1402, 1387, 1344, 1388, 1304, 1346, 1265, 1280, 1349, 1337, 1432]
[20, 26214, 1381, 1371, 1315, 1302, 1345, 1319, 1328, 1338, 1300, 1308, 1312, 1366, 1328, 1324, 1362, 1379]
[20, 26214, 1401, 1324, 1393, 1381, 1309, 1266, 1344, 1359, 1294, 1274, 1246, 1340, 1316, 1329, 1244, 1421]
[20, 26214, 1331, 1263, 1329, 1261, 1400, 1324, 1345, 1359, 1382, 1388, 1280, 1286, 1306, 1362, 1342, 1404]
[20, 26214, 1325, 1317, 1292, 1330, 1326, 1279, 1358, 1296, 1319, 1391, 1347, 1323, 1330, 1337, 1290, 1371]
[20, 26214, 1390, 1320, 1349, 1328, 1312, 1359, 1294, 1301, 1326, 1366, 1290, 1414, 1289, 1300, 1303, 1421]
[20, 26214, 1278, 1367, 1396, 1399, 1301, 1364, 1334, 1346, 1310, 1399, 1316, 1312, 1338, 1335, 1347, 1311]
[20, 26214, 1265, 1338, 1370, 1398, 1400, 1324, 1333, 1302, 1319, 1341, 1379, 1304, 1257, 1368, 1384, 1217]
[20, 26214, 1255, 1331, 1356, 1303, 1321, 1385, 1371, 1294, 1362, 1256, 1337, 1378, 1366, 1310, 1361, 1368]
[20, 26214, 1256, 1318, 1308, 1266, 1286, 1294, 1488, 1336, 1360, 1423, 1342, 1333, 1317, 1332, 1342, 1368]
[20, 26214, 1430, 1385, 1355, 1409, 1292, 1268, 1338, 1329, 1339, 1338, 1271, 1272, 1381, 1267, 1317, 1312]
[20, 26214, 1388, 1302, 1276, 1371, 1286, 1342, 1362, 1309, 1289, 1359, 1258, 1374, 1325, 1497, 1340, 1284]
[20, 26214, 1368, 1267, 1339, 1305, 1355, 1346, 1305, 1298, 1405, 1363, 1390, 1280, 1338, 1339, 1368, 1309]
[20, 26214, 1294, 1349, 1388, 1376, 1324, 1378, 1362, 1273, 1363, 1283, 1377, 1346, 1227, 1400, 1299, 1331]
[20, 26214, 1369, 1309, 1291, 1387, 1271, 1337, 1330, 1303, 1372, 1302, 1319, 1335, 1348, 1380, 1354, 1350]
[20, 26214, 1327, 1302, 1306, 1353, 1369, 1312, 1334, 1274, 1385, 1449, 1264, 1353, 1376, 1393, 1209, 1330]
[20, 26214, 1326, 1303, 1305, 1376, 1349, 1308, 1408, 1310, 1347, 1411, 1269, 1240, 1301, 1318, 1309, 1388]
[20, 26214, 1214, 1348, 1455, 1316, 1311, 1341, 1338, 1321, 1354, 1426, 1372, 1374, 1306, 1313, 1262, 1263]
[20, 26214, 1323, 1295, 1407, 1288, 1345, 1388, 1335, 1416, 1271, 1381, 1337, 1298, 1315, 1340, 1323, 1305]
[20, 26214, 1359, 1321, 1325, 1293, 1314, 1376, 1310, 1305, 1332, 1216, 1389, 1377, 1333, 1337, 1356, 1246]
[20, 26214, 1377, 1226, 1285, 1374, 1359, 1342, 1274, 1303, 1304, 1320, 1359, 1317, 1275, 1358, 1387, 1362]
[20, 26214, 1367, 1329, 1369, 1428, 1314, 1336, 1320, 1327, 1339, 1376, 1393, 1235, 1239, 1335, 1293, 1342]
[20, 26214, 1395, 1357, 1253, 1359, 1338, 1410, 1380, 1294, 1324, 1312, 1340, 1315, 1354, 1346, 1306, 1294]
[20, 26214, 1322, 1280, 1413, 1327, 1313, 1236, 1366, 1311, 1365, 1209, 1289, 1299, 1361, 1391, 1362, 1401]
[20, 26214, 1278, 1408, 1321, 1333, 1459, 1288, 1353, 1316, 1408, 1341, 1357, 1264, 1362, 1310, 1286, 1280]
[20, 26214, 1363, 1282, 1389, 1313, 1409, 1331, 1300, 1357, 1349, 1290, 1364, 1384, 1352, 1255, 1357, 1317]
[20, 26214, 1389, 1362, 1328, 1356, 1370, 1276, 1359, 1320, 1303, 1369, 1351, 1287, 1433, 1356, 1213, 1319]
[20, 26214, 1246, 1286, 1366, 1275, 1349, 1423, 1339, 1375, 1331, 1366, 1312, 1276, 1229, 1331, 1416, 1387]
[20, 26214, 1319, 1371, 1316, 1292, 1292, 1306, 1429, 1280, 1376, 1303, 1302, 1339, 1431, 1309, 1325, 1302]
[20, 26214, 1296, 1287, 1340, 1315, 1340, 1358, 1343, 1349, 1428, 1389, 1331, 1335, 1377, 1286, 1322, 1224]
[20, 26214, 1326, 1239, 1294, 1352, 1391, 1386, 1365, 1383, 1378, 1314, 1268, 1342, 1355, 1353, 1288, 1336]
[20, 26214, 1374, 1312, 1373, 1312, 1353, 1341, 1392, 1262, 1363, 1364, 1245, 1323, 1309, 1340, 1317, 1337]
[20, 26214, 1314, 1329, 1341, 1304, 1366, 1339, 1369, 1405, 1347, 1365, 1345, 1315, 1208, 1300, 1376, 1330]
[20, 26214, 1344, 1331, 1255, 1320, 1245, 1330, 1275, 1309, 1301, 1327, 1367, 1350, 1406, 1316, 1416, 1374]
[25, 32768, 1760, 1719, 1747, 1762, 1767, 1874, 1844, 1771, 1788, 1787, 1837, 1817, 1782, 1889, 1761, 1754]
[25, 32768, 1794, 1769, 1806, 1847, 1825, 1762, 1784, 1854, 1882, 1806, 1746, 1762, 1721, 1859, 1754, 1791]
[25, 32768, 1826, 1858, 1882, 1780, 1764, 1742, 1751, 1769, 1839, 1847, 1783, 1786, 1784, 1816, 1818, 1697]
[25, 32768, 1815, 1777, 1739, 1730, 1840, 1785, 1804, 1741, 1769, 1920, 1825, 1803, 1676, 1740, 1761, 1817]
[25, 32768, 1838, 1782, 1802, 1651, 1823, 1802, 1780, 1845, 1770, 1709, 1844, 1781, 1806, 1806, 1753, 1769]
[25, 32768, 1729, 1830, 1783, 1758, 1780, 1729, 1850, 1852, 1803, 1759, 1756, 1800, 1790, 1758, 1829, 1871]
[25, 32768, 1845, 1815, 1813, 1737, 1780, 1790, 1827, 1723, 1757, 1722, 1916, 1738, 1754, 1823, 1835, 1846]
[25, 32768, 1666, 1829, 1847, 1908, 1754, 1713, 1696, 1812, 1790, 1813, 1780, 1745, 1783, 1813, 1850, 1880]
[25, 32768, 1770, 1789, 1876, 1770, 1800, 1863, 1788, 1820, 1807, 1693, 1875, 1771, 1738, 1694, 1773, 1744]
[25, 32768, 1771, 1662, 1825, 1929, 1796, 1784, 1754, 1752, 1809, 1797, 1912, 1721, 1823, 1790, 1786, 1760]
[25, 32768, 1654, 1879, 1822, 1795, 1782, 1786, 1772, 1810, 1810, 1767, 1785, 1748, 1790, 1808, 1805, 1753]
[25, 32768, 1894, 1788, 1758, 1816, 1789, 1770, 1907, 1761, 1860, 1729, 1791, 1754, 1749, 1784, 1779, 1712]
[25, 32768, 1808, 1884, 1779, 1800, 1804, 1803, 1790, 1756, 1794, 1765, 1931, 1744, 1743, 1841, 1696, 1758]
[25, 32768, 1811, 1812, 1826, 1790, 1803, 1815, 1770, 1794, 1714, 1764, 1804, 1711, 1880, 1798, 1845, 1707]
[25, 32768, 1743, 1793, 1788, 1862, 1838, 1762, 1727, 1732, 1798, 1855, 1840, 1759, 1810, 1830, 1807, 1777]
[25, 32768, 1776, 1767, 1751, 1710, 1828, 1794, 1851, 1767, 1839, 1868, 1875, 1786, 1767, 1753, 1763, 1757]
[25, 32768, 1744, 1790, 1783, 1755, 1754, 1770, 1793, 1904, 1812, 1753, 1803, 1882, 1781, 1724, 1733, 1892]
[25, 32768, 1822, 1809, 1750, 1709, 1716, 1837, 1854, 1848, 1792, 1769, 1861, 1721, 1753, 1858, 1768, 1727]
[25, 32768, 1807, 1794, 1771, 1800, 1877, 1774, 1781, 1774, 1792, 1738, 1838, 1837, 1749, 1804, 1739, 1822]
[25, 32768, 1833, 1885, 1773, 1709, 1777, 1844, 1737, 1758, 1784, 1838, 1757, 1825, 1856, 1815, 1789, 1728]
[25, 32768, 1793, 1764, 1749, 1907, 1784, 1777, 1698, 1737, 1810, 1795, 1841, 1765, 1847, 1799, 1807, 1785]
[25, 32768, 1754, 1763, 1805, 1831, 1811, 1823, 1826, 1801, 1739, 1805, 1822, 1785, 1776, 1756, 1799, 1800]
[25, 32768, 1719, 1818, 1710, 1798, 1707, 1798, 1730, 1906, 1815, 1824, 1728, 1817, 1810, 1812, 1878, 1788]
[25, 32768, 1711, 1821, 1800, 1845, 1819, 1765, 1742, 1779, 1732, 1793, 1836, 1778, 1857, 1765, 1755, 1785]
[25, 32768, 1681, 1837, 1799, 1826, 1803, 1788, 1792, 1772, 1794, 1743, 1792, 1799, 1830, 1809, 1816, 1758]
[25, 32768, 1747, 1755, 1871, 1804, 1808, 1671, 1822, 1836, 1839, 1757, 1868, 1761, 1730, 1871, 1855, 1827]
[25, 32768, 1774, 1852, 1834, 1751, 1747, 1766, 1844, 1808, 1853, 1756, 1823, 1793, 1822, 1769, 1726, 1737]
[25, 32768, 1805, 1808, 1825, 1773, 1815, 1717, 1727, 1888, 1739, 1838, 1689, 1886, 1766, 1755, 1851, 1765]
[25, 32768, 1853, 1724, 1774, 1812, 1716, 1798, 1766, 1834, 1774, 1886, 1840, 1828, 1723, 1775, 1800, 1782]
[25, 32768, 1777, 1820, 1844, 1693, 1840, 1805, 1693, 1818, 1784, 1879, 1756, 1773, 1751, 1820, 1716, 1855]
[25, 32768, 1828, 1805, 1779, 1742, 1702, 1682, 1828, 1944, 1717, 1844, 1851, 1768, 1808, 1832, 1811, 1732]
[25, 32768, 1823, 1809, 1771, 1777, 1804, 1764, 1798, 1824, 1871, 1786, 1829, 1800, 1779, 1831, 1758, 1680]
[25, 32768, 1896, 1721, 1841, 1739, 1851, 1839, 1832, 1803, 1715, 1704, 1830, 1810, 1770, 1798, 1767, 1762]
[25, 32768, 1719, 1839, 1756, 1914, 1862, 1733, 1783, 1705, 1729, 1786, 1949, 1780, 1815, 1794, 1714, 1829]
[25, 32768, 1824, 1765, 1761, 1743, 1785, 1811, 1780, 1805, 1831, 1783, 1799, 1832, 1869, 1767, 1680, 1718]
[25, 32768, 1735, 1808, 1825, 1823, 1717, 1753, 1742, 1843, 1806, 1762, 1837, 1740, 1880, 1820, 1852, 1756]
[25, 32768, 1780, 1851, 1743, 1818, 1798, 1792, 1902, 1733, 1813, 1813, 1775, 1731, 1821, 1772, 1743, 1728]
[25, 32768, 1854, 1716, 1706, 1863, 1771, 1744, 1823, 1827, 1791, 1893, 1770, 1806, 1847, 1809, 1780, 1747]
[25, 32768, 1819, 1758, 1715, 1837, 1725, 1863, 1711, 1785, 1800, 1761, 1825, 1852, 1807, 1805, 1769, 1824]
[25, 32768, 1812, 1813, 1727, 1852, 1723, 1780, 1808, 1756, 1774, 1878, 1806, 1847, 1809, 1793, 1737, 1724]
[25, 32768, 1857, 1835, 1753, 1827, 1765, 1759, 1840, 1745, 1718, 1865, 1837, 1709, 1828, 1864, 1853, 1704]
[25, 32768, 1906, 1801, 1737, 1837, 1738, 1737, 1757, 1828, 1836, 1765, 1869, 1846, 1749, 1788, 1730, 1762]
[25, 32768, 1801, 1798, 1738, 1704, 1763, 1822, 1796, 1814, 1797, 1788, 1867, 1846, 1759, 1735, 1764, 1853]
[25, 32768, 1727, 1814, 1827, 1778, 1784, 1995, 1770, 1828, 1791, 1796, 1757, 1678, 1781, 1822, 1724, 1798]
[25, 32768, 1822, 1803, 1785, 1817, 1717, 1815, 1696, 1822, 1774, 1762, 1897, 1714, 1804, 1756, 1783, 1839]
[25, 32768, 1841, 1680, 1782, 1806, 1724, 1792, 1833, 1696, 1831, 1761, 1838, 1862, 1823, 1800, 1796, 1842]
[25, 32768, 1817, 1724, 1813, 1775, 1823, 1714, 1711, 1814, 1768, 1708, 1849, 1841, 1838, 1731, 1838, 1838]
[25, 32768, 1795, 1844, 1800, 1825, 1793, 1823, 1793, 1834, 1811, 1681, 1794, 1735, 1792, 1796, 1791, 1844]
[25, 32768, 1739, 1739, 1760, 1767, 1762, 1791, 1788, 1823, 1824, 1865, 1740, 1873, 1808, 1847, 1781, 1729]
[25, 32768, 1840, 1807, 1835, 1770, 1806, 1881, 1889, 1736, 1716, 1825, 1737, 1817, 1744, 1766, 1753, 1733]
[25, 32768, 1822, 1732, 1774, 1790, 1758, 1765, 1811, 1813, 1759, 1828, 1909, 1763, 1743, 1793, 1797, 1796]
[25, 32768, 1773, 1688, 1831, 1754, 1763, 1831, 1850, 1828, 1782, 1844, 1817, 1825, 1862, 1789, 1703, 1773]
[25, 32768, 1781, 1817, 1803, 1776, 1812, 1810, 1906, 1797, 1736, 1749, 1775, 1791, 1733, 1756, 1740, 1812]
[25, 32768, 1755, 1749, 1792, 1722, 1800, 1753, 1916, 1765, 1835, 1821, 1814, 1772, 1726, 1836, 1761, 1831]
[25, 32768, 1890, 1787, 1764, 1766, 1777, 1820, 1767, 1841, 1761, 1767, 1875, 1766, 1689, 1741, 1828, 1832]
[25, 32768, 1727, 1709, 1787, 1731, 1825, 1776, 1794, 1863, 1875, 1778, 1775, 1881, 1759, 1807, 1864, 1748]
[25, 32768, 1784, 1789, 1773, 1877, 1818, 1801, 1767, 1851, 1746, 1683, 1778, 1816, 1775, 1845, 1852, 1760]
[25, 32768, 1795, 1808, 1754, 1821, 1766, 1815, 1775, 1784, 1799, 1785, 1809, 1747, 1812, 1810, 1883, 1737]
[25, 32768, 1847, 1833, 1838, 1800, 1770, 1831, 1836, 1795, 1798, 1797, 1742, 1778, 1743, 1797, 1788, 1820]
[25, 32768, 1873, 1727, 1769, 1787, 1798, 1753, 1809, 1673, 1885, 1749, 1831, 1866, 1780, 1798, 1741, 1833]
[25, 32768, 1814, 1789, 1820, 1791, 1851, 1902, 1748, 1798, 1733, 1737, 1829, 1756, 1744, 1773, 1855, 1776]
[25, 32768, 1760, 1895, 1787, 1817, 1735, 1725, 1786, 1866, 1816, 1707, 1861, 1782, 1790, 1742, 1801, 1753]
[25, 32768, 1895, 1815, 1792, 1777, 1697, 1812, 1844, 1744, 1824, 1802, 1721, 1757, 1773, 1830, 1888, 1798]
[25, 32768, 1813, 1852, 1808, 1668, 1820, 1771, 1829, 1750, 1766, 1786, 1866, 1807, 1709, 1716, 1798, 1928]
[25, 32768, 1703, 1808, 1830, 1884, 1765, 1796, 1803, 1787, 1850, 1762, 1852, 1733, 1740, 1780, 1737, 1860]
[25, 32768, 1827, 1795, 1772, 1879, 1784, 1818, 1814, 1881, 1724, 1854, 1723, 1775, 1728, 1749, 1775, 1747]
[25, 32768, 1718, 1848, 1726, 1729, 1779, 1884, 1828, 1780, 1834, 1743, 1777, 1704, 1780, 1843, 1768, 1879]
[25, 32768, 1867, 1806, 1770, 1750, 1783, 1776, 1789, 1817, 1763, 1759, 1793, 1842, 1786, 1773, 1804, 1840]
[25, 32768, 1895, 1832, 1789, 1825, 1789, 1691, 1787, 1843, 1743, 1712, 1732, 1820, 1718, 1755, 1750, 1914]
[25, 32768, 1821, 1770, 1790, 1715, 1863, 1763, 1820, 1784, 1854, 1875, 1738, 1687, 1766, 1825, 1765, 1881]
[25, 32768, 1746, 1778, 1757, 1832, 1794, 1702, 1836, 1733, 1796, 1854, 1789, 1779, 1800, 1795, 1748, 1831]
[25, 32768, 1854, 1756, 1811, 1792, 1748, 1801, 1744, 1756, 1736, 1843, 1758, 1859, 1753, 1789, 1750, 1897]
[25, 32768, 1695, 1788, 1888, 1888, 1806, 1852, 1761, 1873, 1745, 1885, 1773, 1724, 1795, 1782, 1820, 1752]
[25, 32768, 1749, 1786, 1851, 1878, 1893, 1769, 1760, 1728, 1806, 1784, 1854, 1712, 1686, 1823, 1823, 1732]
[25, 32768, 1738, 1752, 1798, 1754, 1759, 1864, 1834, 1754, 1819, 1656, 1812, 1896, 1808, 1797, 1821, 1802]
[25, 32768, 1699, 1776, 1790, 1697, 1742, 1739, 1924, 1784, 1842, 1908, 1799, 1728, 1792, 1824, 1795, 1837]
[25, 32768, 1891, 1871, 1854, 1891, 1742, 1723, 1737, 1764, 1778, 1827, 1763, 1739, 1840, 1748, 1777, 1754]
[25, 32768, 1812, 1783, 1771, 1820, 1687, 1805, 1796, 1743, 1744, 1819, 1727, 1793, 1776, 1995, 1812, 1701]
[25, 32768, 1818, 1713, 1757, 1768, 1826, 1782, 1770, 1755, 1858, 1812, 1836, 1762, 1793, 1831, 1846, 1737]
[25, 32768, 1752, 1815, 1861, 1819, 1798, 1851, 1794, 1729, 1799, 1756, 1832, 1820, 1676, 1839, 1784, 1768]
[25, 32768, 1885, 1784, 1750, 1778, 1753, 1824, 1802, 1730, 1794, 1790, 1780, 1766, 1815, 1817, 1831, 1796]
[25, 32768, 1777, 1770, 1774, 1793, 1854, 1829, 1789, 1718, 1855, 1950, 1731, 1805, 1832, 1812, 1643, 1793]
[25, 32768, 1775, 1773, 1756, 1878, 1791, 1812, 1877, 1776, 1830, 1864, 1735, 1685, 1736, 1788, 1776, 1817]
[25, 32768, 1692, 1772, 1941, 1755, 1765, 1765, 1856, 1758, 1860, 1869, 1855, 1793, 1785, 1777, 1669, 1725]
[25, 32768, 1750, 1738, 1834, 1694, 1816, 1823, 1821, 1910, 1811, 1821, 1834, 1758, 1763, 1789, 1809, 1794]
[25, 32768, 1776, 1804, 1786, 1772, 1803, 1832, 1765, 1782, 1816, 1703, 1857, 1843, 1777, 1806, 1794, 1686]
[25, 32768, 1832, 1663, 1745, 1864, 1848, 1815, 1717, 1751, 1765, 1760, 1828, 1803, 1743, 1835, 1858, 1787]
[25, 32768, 1829, 1797, 1788, 1853, 1780, 1775, 1761, 1798, 1764, 1872, 1835, 1676, 1756, 1815, 1729, 1841]
[25, 32768, 1865, 1857, 1742, 1817, 1797, 1884, 1835, 1810, 1747, 1762, 1786, 1785, 1824, 1782, 1765, 1720]
[25, 32768, 1804, 1770, 1913, 1771, 1804, 1656, 1830, 1771, 1798, 1676, 1700, 1763, 1800, 1919, 1787, 1889]
[25, 32768, 1752, 1871, 1760, 1757, 1929, 1756, 1874, 1779, 1888, 1791, 1800, 1706, 1805, 1782, 1750, 1706]
[25, 32768, 1820, 1750, 1848, 1791, 1857, 1765, 1787, 1780, 1814, 1720, 1809, 1844, 1811, 1747, 1776, 1812]
[25, 32768, 1878, 1798, 1831, 1807, 1814, 1755, 1876, 1769, 1756, 1777, 1762, 1759, 1882, 1836, 1701, 1739]
[25, 32768, 1685, 1764, 1849, 1766, 1799, 1870, 1787, 1820, 1733, 1835, 1751, 1765, 1759, 1812, 1843, 1844]
[25, 32768, 1764, 1830, 1796, 1743, 1768, 1774, 1857, 1741, 1853, 1781, 1756, 1798, 1879, 1767, 1769, 1762]
[25, 32768, 1765, 1754, 1769, 1807, 1797, 1799, 1822, 1831, 1863, 1814, 1816, 1780, 1851, 1757, 1801, 1628]
[25, 32768, 1781, 1684, 1735, 1852, 1848, 1833, 1810, 1823, 1818, 1800, 1752, 1773, 1807, 1784, 1719, 1806]
[25, 32768, 1835, 1758, 1824, 1768, 1815, 1797, 1815, 1710, 1837, 1831, 1739, 1802, 1821, 1747, 1780, 1772]
[25, 32768, 1773, 1820, 1802, 1761, 1772, 1835, 1824, 1870, 1817, 1840, 1766, 1761, 1643, 1752, 1873, 1779]
[25, 32768, 1786, 1791, 1719, 1791, 1661, 1768, 1742, 1776, 1770, 1776, 1824, 1857, 1918, 1830, 1883, 1801]
[30, 39321, 2260, 2212, 2213, 2237, 2214, 2366, 2285, 2180, 2252, 2279, 2328, 2257, 2240, 2304, 2195, 2217]
[30, 39321, 2257, 2185, 2266, 2319, 2252, 2216, 2250, 2338, 2341, 2267, 2160, 2257, 2203, 2304, 2199, 2292]
[30, 39321, 2282, 2296, 2343, 2245, 2222, 2179, 2218, 2275, 2326, 2332, 2209, 2243, 2233, 2258, 2230, 2151]
[30, 39321, 2283, 2240, 2208, 2165, 2338, 2271, 2259, 2180, 2288, 2338, 2263, 2221, 2157, 2246, 2212, 2291]
[30, 39321, 2331, 2252, 2261, 2114, 2272, 2268, 2238, 2284, 2228, 2203, 2343, 2218, 2278, 2308, 2227, 2218]
[30, 39321, 2211, 2277, 2257, 2217, 2202, 2231, 2301, 2292, 2256, 2246, 2250, 2261, 2249, 2207, 2260, 2345]
[30, 39321, 2304, 2248, 2267, 2227, 2252, 2233, 2288, 2191, 2217, 2133, 2395, 2196, 2227, 2253, 2295, 2332]
[30, 39321, 2147, 2326, 2291, 2340, 2219, 2202, 2143, 2270, 2263, 2286, 2239, 2193, 2240, 2261, 2303, 2359]
[30, 39321, 2237, 2259, 2283, 2259, 2293, 2290, 2250, 2287, 2252, 2170, 2360, 2256, 2163, 2181, 2275, 2227]
[30, 39321, 2217, 2144, 2268, 2411, 2206, 2245, 2192, 2155, 2267, 2293, 2354, 2207, 2325, 2275, 2233, 2198]
[30, 39321, 2094, 2344, 2294, 2266, 2233, 2283, 2233, 2258, 2270, 2197, 2232, 2255, 2250, 2254, 2234, 2245]
[30, 39321, 2354, 2218, 2191, 2283, 2250, 2250, 2347, 2264, 2341, 2191, 2265, 2208, 2244, 2215, 2203, 2157]
[30, 39321, 2267, 2339, 2222, 2237, 2254, 2280, 2268, 2208, 2275, 2236, 2377, 2205, 2213, 2293, 2136, 2235]
[30, 39321, 2234, 2272, 2297, 2231, 2270, 2269, 2207, 2254, 2176, 2250, 2276, 2166, 2322, 2272, 2308, 2156]
[30, 39321, 2253, 2258, 2214, 2307, 2298, 2242, 2196, 2184, 2260, 2319, 2280, 2222, 2285, 2305, 2273, 2216]
[30, 39321, 2196, 2178, 2214, 2205, 2347, 2223, 2325, 2242, 2302, 2308, 2379, 2259, 2231, 2193, 2223, 2170]
[30, 39321, 2178, 2256, 2256, 2220, 2239, 2255, 2180, 2352, 2271, 2190, 2257, 2346, 2255, 2228, 2190, 2332]
[30, 39321, 2297, 2216, 2201, 2174, 2176, 2325, 2311, 2279, 2235, 2291, 2302, 2163, 2211, 2351, 2236, 2182]
[30, 39321, 2287, 2213, 2251, 2272, 2338, 2196, 2223, 2252, 2211, 2185, 2313, 2360, 2209, 2281, 2207, 2287]
[30, 39321, 2303, 2316, 2200, 2177, 2271, 2261, 2202, 2244, 2278, 2268, 2222, 2287, 2292, 2247, 2312, 2187]
[30, 39321, 2266, 2183, 2196, 2383, 2247, 2245, 2167, 2188, 2290, 2244, 2284, 2227, 2334, 2228, 2255, 2247]
[30, 39321, 2215, 2236, 2261, 2280, 2274, 2289, 2275, 2223, 2201, 2277, 2297, 2241, 2228, 2259, 2257, 2253]
[30, 39321, 2152, 2289, 2180, 2278, 2160, 2265, 2178, 2365, 2255, 2314, 2161, 2257, 2229, 2263, 2338, 2291]
[30, 39321, 2200, 2280, 2303, 2299, 2246, 2226, 2223, 2247, 2210, 2256, 2285, 2233, 2294, 2211, 2204, 2265]
[30, 39321, 2130, 2303, 2289, 2296, 2252, 2206, 2228, 2250, 2260, 2186, 2289, 2243, 2304, 2277, 2256, 2210]
[30, 39321, 2165, 2196, 2365, 2273, 2213, 2165, 2272, 2309, 2269, 2209, 2324, 2200, 2206, 2299, 2321, 2307]
[30, 39321, 2228, 2330, 2332, 2216, 2212, 2222, 2278, 2261, 2283, 2231, 2270, 2273, 2302, 2241, 2156, 2179]
[30, 39321, 2309, 2271, 2304, 2252, 2239, 2199, 2117, 2304, 2229, 2321, 2106, 2333, 2243, 2230, 2305, 2246]
[30, 39321, 2298, 2200, 2262, 2287, 2174, 2247, 2210, 2322, 2250, 2318, 2264, 2275, 2189, 2207, 2251, 2242]
[30, 39321, 2277, 2286, 2279, 2156, 2291, 2279, 2156, 2272, 2203, 2345, 2198, 2245, 2200, 2286, 2188, 2360]
[30, 39321, 2314, 2265, 2247, 2194, 2150, 2104, 2304, 2428, 2166, 2296, 2331, 2192, 2276, 2301, 2280, 2183]
[30, 39321, 2295, 2254, 2186, 2233, 2279, 2189, 2276, 2279, 2302, 2252, 2280, 2267, 2254, 2305, 2206, 2148]
[30, 39321, 2364, 2179, 2285, 2185, 2238, 2297, 2304, 2290, 2153, 2170, 2320, 2252, 2244, 2245, 2232, 2156]
[30, 39321, 2165, 2221, 2204, 2411, 2343, 2189, 2264, 2179, 2196, 2259, 2402, 2265, 2257, 2234, 2165, 2297]
[30, 39321, 2253, 2207, 2221, 2190, 2226, 2252, 2254, 2316, 2271, 2222, 2293, 2346, 2326, 2215, 2150, 2172]
[30, 39321, 2204, 2272, 2332, 2293, 2173, 2244, 2229, 2296, 2256, 2213, 2263, 2203, 2338, 2267, 2294, 2192]
[30, 39321, 2246, 2326, 2238, 2274, 2242, 2210, 2345, 2199, 2291, 2262, 2224, 2233, 2268, 2249, 2200, 2193]
[30, 39321, 2287, 2146, 2147, 2333, 2254, 2211, 2295, 2270, 2276, 2323, 2233, 2253, 2351, 2239, 2214, 2260]
[30, 39321, 2238, 2179, 2200, 2321, 2157, 2293, 2154, 2273, 2255, 2241, 2274, 2356, 2235, 2306, 2203, 2306]
[30, 39321, 2250, 2304, 2186, 2323, 2128, 2236, 2259, 2199, 2272, 2289, 2315, 2318, 2286, 2236, 2208, 2193]
[30, 39321, 2301, 2277, 2186, 2294, 2232, 2230, 2291, 2217, 2197, 2341, 2344, 2165, 2271, 2288, 2308, 2153]
[30, 39321, 2358, 2282, 2199, 2269, 2206, 2246, 2178, 2231, 2267, 2273, 2317, 2282, 2216, 2231, 2220, 2238]
[30, 39321, 2288, 2256, 2218, 2172, 2192, 2264, 2254, 2255, 2269, 2265, 2345, 2323, 2154, 2196, 2237, 2301]
[30, 39321, 2222, 2310, 2268, 2265, 2264, 2446, 2219, 2265, 2251, 2273, 2210, 2157, 2257, 2225, 2190, 2233]
[30, 39321, 2268, 2273, 2249, 2272, 2192, 2327, 2164, 2228, 2242, 2212, 2324, 2140, 2259, 2210, 2304, 2275]
[30, 39321, 2291, 2126, 2242, 2284, 2203, 2230, 2289, 2164, 2298, 2228, 2279, 2320, 2272, 2269, 2285, 2315]
[30, 39321, 2302, 2198, 2259, 2204, 2300, 2212, 2125, 2288, 2220, 2178, 2304, 2339, 2256, 2163, 2310, 2305]
[30, 39321, 2272, 2280, 2313, 2294, 2258, 2323, 2234, 2294, 2289, 2165, 2245, 2133, 2233, 2223, 2216, 2299]
[30, 39321, 2232, 2229, 2227, 2214, 2252, 2310, 2264, 2214, 2253, 2284, 2216, 2367, 2276, 2294, 2199, 2186]
[30, 39321, 2260, 2263, 2321, 2226, 2250, 2354, 2357, 2206, 2166, 2310, 2168, 2288, 2263, 2239, 2182, 2185]
[30, 39321, 2294, 2172, 2212, 2272, 2208, 2220, 2271, 2279, 2219, 2297, 2358, 2237, 2224, 2216, 2247, 2275]
[30, 39321, 2222, 2157, 2333, 2212, 2233, 2304, 2292, 2317, 2237, 2278, 2267, 2307, 2377, 2238, 2104, 2251]
[30, 39321, 2279, 2279, 2245, 2263, 2281, 2286, 2367, 2275, 2206, 2203, 2185, 2243, 2194, 2230, 2168, 2298]
[30, 39321, 2222, 2210, 2203, 2168, 2265, 2201, 2386, 2285, 2262, 2281, 2248, 2241, 2167, 2304, 2255, 2325]
[30, 39321, 2334, 2284, 2246, 2209, 2264, 2263, 2261, 2326, 2191, 2245, 2340, 2237, 2155, 2190, 2262, 2260]
[30, 39321, 2180, 2154, 2242, 2156, 2311, 2253, 2277, 2335, 2356, 2265, 2230, 2311, 2217, 2231, 2335, 2176]
[30, 39321, 2173, 2223, 2219, 2355, 2284, 2247, 2221, 2328, 2184, 2140, 2234, 2291, 2226, 2304, 2351, 2229]
[30, 39321, 2251, 2301, 2232, 2269, 2239, 2257, 2236, 2236, 2254, 2217, 2311, 2201, 2250, 2291, 2298, 2195]
[30, 39321, 2305, 2295, 2282, 2269, 2198, 2258, 2286, 2265, 2250, 2249, 2187, 2228, 2226, 2232, 2208, 2314]
[30, 39321, 2279, 2196, 2226, 2209, 2267, 2212, 2265, 2162, 2362, 2249, 2312, 2305, 2220, 2263, 2210, 2293]
[30, 39321, 2235, 2247, 2270, 2220, 2335, 2358, 2223, 2229, 2168, 2164, 2287, 2201, 2222, 2271, 2298, 2269]
[30, 39321, 2273, 2378, 2267, 2277, 2197, 2143, 2240, 2312, 2273, 2175, 2326, 2242, 2236, 2206, 2289, 2194]
[30, 39321, 2352, 2288, 2208, 2234, 2136, 2267, 2325, 2210, 2269, 2246, 2169, 2225, 2236, 2317, 2371, 2258]
[30, 39321, 2284, 2349, 2257, 2171, 2253, 2254, 2249, 2265, 2220, 2253, 2282, 2264, 2234, 2169, 2258, 2358]
[30, 39321, 2122, 2225, 2271, 2335, 2232, 2283, 2297, 2231, 2335, 2188, 2319, 2236, 2174, 2267, 2181, 2350]
[30, 39321, 2270, 2249, 2248, 2296, 2198, 2269, 2285, 2350, 2230, 2350, 2141, 2235, 2212, 2199, 2226, 2257]
[30, 39321, 2155, 2303, 2157, 2204, 2227, 2344, 2313, 2231, 2335, 2214, 2250, 2154, 2248, 2307, 2227, 2334]
[30, 39321, 2309, 2302, 2244, 2205, 2252, 2229, 2250, 2279, 2208, 2191, 2244, 2281, 2244, 2222, 2250, 2274]
[30, 39321, 2370, 2319, 2235, 2327, 2259, 2169, 2220, 2299, 2228, 2198, 2180, 2224, 2180, 2197, 2225, 2370]
[30, 39321, 2312, 2206, 2208, 2175, 2331, 2253, 2231, 2249, 2362, 2329, 2224, 2122, 2227, 2299, 2195, 2338]
[30, 39321, 2194, 2266, 2215, 2319, 2224, 2147, 2303, 2177, 2317, 2352, 2239, 2227, 2286, 2234, 2220, 2268]
[30, 39321, 2318, 2223, 2287, 2245, 2207, 2260, 2191, 2257, 2194, 2301, 2220, 2283, 2249, 2228, 2195, 2347]
[30, 39321, 2126, 2243, 2325, 2299, 2245, 2361, 2201, 2352, 2217, 2302, 2209, 2210, 2248, 2259, 2296, 2214]
[30, 39321, 2241, 2289, 2313, 2321, 2314, 2245, 2234, 2147, 2283, 2259, 2340, 2159, 2127, 2278, 2270, 2196]
[30, 39321, 2198, 2233, 2277, 2182, 2242, 2305, 2220, 2222, 2274, 2092, 2286, 2366, 2307, 2265, 2290, 2242]
[30, 39321, 2173, 2226, 2292, 2191, 2230, 2192, 2421, 2213, 2294, 2371, 2250, 2168, 2231, 2282, 2241, 2264]
[30, 39321, 2344, 2335, 2291, 2325, 2157, 2161, 2196, 2205, 2214, 2295, 2264, 2222, 2331, 2213, 2232, 2236]
[30, 39321, 2250, 2239, 2214, 2330, 2148, 2253, 2268, 2209, 2205, 2269, 2210, 2283, 2187, 2477, 2294, 2152]
[30, 39321, 2260, 2147, 2281, 2156, 2325, 2287, 2208, 2213, 2322, 2273, 2279, 2207, 2278, 2293, 2293, 2181]
[30, 39321, 2214, 2297, 2343, 2257, 2256, 2315, 2255, 2140, 2242, 2184, 2324, 2265, 2194, 2320, 2212, 2253]
[30, 39321, 2355, 2241, 2261, 2217, 2224, 2269, 2262, 2197, 2247, 2315, 2234, 2211, 2261, 2235, 2256, 2237]
[30, 39321, 2201, 2222, 2247, 2245, 2298, 2298, 2228, 2144, 2291, 2420, 2205, 2261, 2280, 2296, 2137, 2247]
[30, 39321, 2233, 2215, 2199, 2380, 2221, 2228, 2361, 2228, 2286, 2315, 2215, 2172, 2184, 2281, 2237, 2267]
[30, 39321, 2163, 2256, 2399, 2248, 2201, 2181, 2337, 2259, 2328, 2337, 2256, 2239, 2201, 2256, 2090, 2215]
[30, 39321, 2138, 2186, 2291, 2180, 2228, 2287, 2258, 2377, 2300, 2234, 2330, 2270, 2199, 2294, 2247, 2242]
[30, 39321, 2233, 2255, 2242, 2254, 2280, 2305, 2164, 2278, 2332, 2164, 2287, 2288, 2256, 2317, 2274, 2130]
[30, 39321, 2328, 2077, 2202, 2298, 2311, 2273, 2142, 2213, 2244, 2249, 2264, 2269, 2217, 2351, 2290, 2245]
[30, 39321, 2279, 2321, 2211, 2313, 2260, 2214, 2245, 2256, 2181, 2305, 2301, 2130, 2190, 2252, 2229, 2340]
[30, 39321, 2371, 2350, 2176, 2281, 2216, 2333, 2293, 2284, 2211, 2207, 2247, 2249, 2291, 2232, 2220, 2139]
[30, 39321, 2278, 2214, 2369, 2230, 2265, 2097, 2300, 2240, 2325, 2122, 2175, 2253, 2282, 2359, 2207, 2305]
[30, 39321, 2229, 2285, 2215, 2253, 2393, 2244, 2376, 2208, 2397, 2247, 2247, 2177, 2262, 2225, 2163, 2158]
[30, 39321, 2266, 2205, 2279, 2262, 2289, 2209, 2255, 2246, 2316, 2152, 2255, 2300, 2303, 2215, 2215, 2261]
[30, 39321, 2366, 2260, 2254, 2281, 2254, 2225, 2358, 2248, 2165, 2228, 2259, 2211, 2316, 2285, 2139, 2200]
[30, 39321, 2143, 2234, 2353, 2221, 2282, 2341, 2264, 2253, 2157, 2263, 2215, 2235, 2191, 2226, 2291, 2327]
[30, 39321, 2257, 2274, 2222, 2189, 2200, 2220, 2316, 2188, 2351, 2255, 2197, 2268, 2342, 2241, 2218, 2223]
[30, 39321, 2188, 2220, 2222, 2249, 2264, 2267, 2279, 2290, 2324, 2292, 2259, 2223, 2350, 2271, 2247, 2102]
[30, 39321, 2264, 2135, 2210, 2314, 2342, 2285, 2251, 2284, 2285, 2273, 2197, 2230, 2244, 2223, 2161, 2293]
[30, 39321, 2300, 2223, 2266, 2251, 2276, 2284, 2304, 2169, 2304, 2282, 2206, 2230, 2288, 2229, 2184, 2233]
[30, 39321, 2254, 2246, 2280, 2248, 2222, 2264, 2292, 2348, 2272, 2281, 2240, 2198, 2146, 2225, 2352, 2241]
[30, 39321, 2181, 2297, 2199, 2223, 2149, 2186, 2192, 2215, 2219, 2267, 2303, 2303, 2422, 2266, 2336, 2277]
[35, 45875, 2758, 2665, 2645, 2715, 2712, 2841, 2734, 2634, 2697, 2715, 2807, 2701, 2670, 2723, 2647, 2672]
[35, 45875, 2725, 2631, 2712, 2760, 2687, 2684, 2793, 2757, 2784, 2730, 2620, 2721, 2630, 2757, 2649, 2710]
[35, 45875, 2746, 2773, 2768, 2680, 2675, 2679, 2672, 2699, 2741, 2778, 2687, 2715, 2687, 2731, 2669, 2630]
[35, 45875, 2744, 2650, 2645, 2581, 2856, 2709, 2681, 2646, 2769, 2771, 2709, 2675, 2624, 2722, 2667, 2765]
[35, 45875, 2792, 2743, 2710, 2569, 2704, 2712, 2664, 2720, 2687, 2665, 2809, 2670, 2749, 2738, 2680, 2684]
[35, 45875, 2681, 2732, 2713, 2647, 2644, 2690, 2769, 2749, 2703, 2701, 2690, 2725, 2706, 2669, 2734, 2813]
[35, 45875, 2727, 2711, 2714, 2720, 2701, 2702, 2739, 2639, 2677, 2564, 2828, 2657, 2692, 2717, 2724, 2827]
[35, 45875, 2638, 2747, 2766, 2771, 2677, 2716, 2612, 2748, 2715, 2709, 2683, 2672, 2716, 2652, 2747, 2793]
[35, 45875, 2665, 2706, 2761, 2717, 2717, 2771, 2690, 2717, 2723, 2597, 2839, 2742, 2625, 2667, 2735, 2648]
[35, 45875, 2665, 2652, 2736, 2873, 2658, 2720, 2634, 2621, 2727, 2764, 2814, 2660, 2761, 2709, 2665, 2645]
[35, 45875, 2616, 2817, 2754, 2713, 2662, 2691, 2705, 2673, 2745, 2694, 2680, 2718, 2754, 2685, 2668, 2734]
[35, 45875, 2798, 2667, 2690, 2753, 2717, 2707, 2796, 2729, 2828, 2602, 2744, 2624, 2667, 2664, 2678, 2621]
[35, 45875, 2731, 2733, 2665, 2712, 2749, 2726, 2722, 2687, 2688, 2683, 2822, 2669, 2664, 2732, 2647, 2662]
[35, 45875, 2696, 2731, 2757, 2675, 2732, 2710, 2678, 2680, 2629, 2709, 2740, 2654, 2774, 2717, 2773, 2624]
[35, 45875, 2680, 2704, 2714, 2775, 2733, 2727, 2640, 2628, 2726, 2799, 2727, 2669, 2722, 2763, 2701, 2680]
[35, 45875, 2666, 2641, 2704, 2649, 2787, 2681, 2791, 2706, 2717, 2764, 2854, 2707, 2653, 2645, 2683, 2618]
[35, 45875, 2617, 2692, 2705, 2677, 2687, 2748, 2613, 2809, 2731, 2677, 2717, 2856, 2694, 2689, 2607, 2738]
[35, 45875, 2728, 2669, 2695, 2683, 2629, 2794, 2752, 2704, 2642, 2751, 2758, 2632, 2667, 2815, 2702, 2686]
[35, 45875, 2752, 2638, 2732, 2709, 2834, 2667, 2689, 2686, 2674, 2645, 2773, 2795, 2685, 2715, 2651, 2705]
[35, 45875, 2788, 2742, 2627, 2653, 2733, 2716, 2615, 2674, 2721, 2719, 2681, 2722, 2731, 2722, 2783, 2635]
[35, 45875, 2745, 2631, 2640, 2816, 2722, 2698, 2605, 2658, 2749, 2705, 2730, 2694, 2779, 2698, 2695, 2685]
[35, 45875, 2661, 2691, 2689, 2739, 2726, 2767, 2748, 2638, 2657, 2705, 2770, 2703, 2658, 2715, 2695, 2732]
[35, 45875, 2582, 2746, 2645, 2763, 2658, 2769, 2624, 2796, 2664, 2742, 2639, 2709, 2652, 2720, 2786, 2773]
[35, 45875, 2643, 2763, 2741, 2783, 2746, 2625, 2732, 2706, 2628, 2712, 2777, 2671, 2741, 2653, 2682, 2662]
[35, 45875, 2563, 2763, 2692, 2761, 2700, 2653, 2661, 2704, 2729, 2644, 2744, 2699, 2785, 2742, 2715, 2702]
[35, 45875, 2632, 2662, 2809, 2739, 2654, 2642, 2727, 2746, 2706, 2660, 2783, 2667, 2679, 2758, 2727, 2735]
[35, 45875, 2685, 2781, 2799, 2633, 2670, 2703, 2743, 2734, 2771, 2701, 2715, 2729, 2709, 2689, 2572, 2653]
[35, 45875, 2745, 2728, 2753, 2711, 2689, 2646, 2635, 2753, 2714, 2768, 2515, 2770, 2724, 2696, 2720, 2675]
[35, 45875, 2751, 2663, 2724, 2721, 2636, 2697, 2652, 2757, 2692, 2817, 2754, 2729, 2640, 2648, 2721, 2695]
[35, 45875, 2750, 2755, 2737, 2620, 2782, 2682, 2612, 2701, 2629, 2790, 2661, 2710, 2656, 2732, 2690, 2800]
[35, 45875, 2732, 2734, 2737, 2647, 2602, 2548, 2735, 2844, 2669, 2752, 2748, 2678, 2726, 2784, 2769, 2643]
[35, 45875, 2757, 2687, 2632, 2698, 2710, 2625, 2704, 2763, 2803, 2682, 2718, 2711, 2722, 2769, 2675, 2598]
[35, 45875, 2826, 2600, 2746, 2619, 2668, 2746, 2766, 2762, 2638, 2664, 2799, 2694, 2669, 2716, 2671, 2633]
[35, 45875, 2596, 2703, 2676, 2849, 2795, 2680, 2688, 2660, 2677, 2729, 2838, 2742, 2676, 2664, 2618, 2764]
[35, 45875, 2730, 2676, 2708, 2614, 2687, 2714, 2699, 2769, 2745, 2710, 2723, 2809, 2767, 2660, 2561, 2647]
[35, 45875, 2646, 2720, 2798, 2745, 2609, 2741, 2658, 2751, 2700, 2627, 2724, 2693, 2770, 2714, 2719, 2683]
[35, 45875, 2697, 2774, 2703, 2702, 2668, 2668, 2778, 2643, 2750, 2755, 2658, 2706, 2720, 2726, 2696, 2614]
[35, 45875, 2695, 2580, 2603, 2767, 2694, 2696, 2780, 2707, 2753, 2780, 2645, 2739, 2773, 2696, 2678, 2701]
[35, 45875, 2692, 2634, 2669, 2722, 2642, 2699, 2614, 2735, 2700, 2682, 2761, 2851, 2688, 2750, 2680, 2759]
[35, 45875, 2716, 2758, 2610, 2773, 2595, 2727, 2671, 2661, 2731, 2739, 2727, 2785, 2758, 2730, 2678, 2668]
[35, 45875, 2757, 2701, 2683, 2718, 2675, 2673, 2748, 2659, 2629, 2767, 2829, 2633, 2720, 2804, 2747, 2595]
[35, 45875, 2866, 2757, 2642, 2688, 2676, 2700, 2602, 2693, 2721, 2731, 2795, 2720, 2696, 2673, 2637, 2706]
[35, 45875, 2790, 2725, 2655, 2583, 2675, 2673, 2718, 2734, 2718, 2733, 2820, 2774, 2559, 2655, 2682, 2751]
[35, 45875, 2675, 2731, 2726, 2725, 2728, 2912, 2710, 2751, 2697, 2705, 2647, 2648, 2720, 2707, 2622, 2673]
[35, 45875, 2717, 2738, 2685, 2729, 2652, 2769, 2565, 2658, 2712, 2675, 2794, 2647, 2694, 2669, 2789, 2795]
[35, 45875, 2795, 2563, 2761, 2726, 2608, 2678, 2731, 2623, 2752, 2703, 2707, 2764, 2707, 2712, 2745, 2751]
[35, 45875, 2752, 2640, 2708, 2641, 2721, 2691, 2630, 2777, 2678, 2616, 2777, 2783, 2728, 2608, 2778, 2744]
[35, 45875, 2728, 2819, 2774, 2743, 2706, 2756, 2709, 2712, 2773, 2602, 2685, 2592, 2694, 2667, 2671, 2702]
[35, 45875, 2672, 2710, 2691, 2671, 2723, 2752, 2755, 2643, 2702, 2728, 2647, 2799, 2737, 2751, 2639, 2621]
[35, 45875, 2722, 2676, 2779, 2678, 2644, 2814, 2837, 2646, 2600, 2769, 2674, 2725, 2737, 2727, 2654, 2631]
[35, 45875, 2728, 2626, 2692, 2735, 2695, 2672, 2740, 2747, 2693, 2770, 2789, 2690, 2649, 2664, 2708, 2717]
[35, 45875, 2690, 2599, 2797, 2669, 2654, 2758, 2762, 2779, 2676, 2739, 2693, 2786, 2799, 2750, 2557, 2648]
[35, 45875, 2765, 2763, 2749, 2744, 2770, 2730, 2796, 2695, 2646, 2662, 2589, 2724, 2598, 2678, 2631, 2771]
[35, 45875, 2702, 2689, 2719, 2614, 2723, 2631, 2825, 2724, 2719, 2732, 2703, 2684, 2641, 2789, 2683, 2722]
[35, 45875, 2782, 2734, 2669, 2700, 2747, 2683, 2729, 2790, 2671, 2691, 2800, 2713, 2579, 2632, 2688, 2732]
[35, 45875, 2655, 2616, 2648, 2609, 2717, 2733, 2769, 2774, 2803, 2705, 2703, 2782, 2650, 2711, 2797, 2638]
[35, 45875, 2646, 2642, 2652, 2869, 2752, 2675, 2691, 2757, 2597, 2625, 2700, 2777, 2682, 2753, 2792, 2704]
[35, 45875, 2699, 2724, 2664, 2710, 2680, 2705, 2665, 2670, 2726, 2690, 2766, 2689, 2705, 2781, 2751, 2670]
[35, 45875, 2731, 2740, 2721, 2738, 2622, 2710, 2778, 2688, 2702, 2673, 2670, 2677, 2708, 2685, 2646, 2752]
[35, 45875, 2737, 2652, 2690, 2684, 2709, 2659, 2699, 2667, 2829, 2676, 2757, 2743, 2702, 2723, 2682, 2711]
[35, 45875, 2709, 2655, 2754, 2656, 2819, 2798, 2676, 2665, 2605, 2628, 2803, 2627, 2694, 2712, 2738, 2738]
[35, 45875, 2691, 2811, 2766, 2761, 2621, 2586, 2727, 2756, 2728, 2641, 2746, 2711, 2681, 2643, 2797, 2694]
[35, 45875, 2781, 2741, 2693, 2684, 2580, 2716, 2771, 2682, 2709, 2733, 2627, 2686, 2667, 2768, 2802, 2736]
[35, 45875, 2727, 2792, 2719, 2651, 2700, 2703, 2671, 2725, 2669, 2675, 2734, 2732, 2703, 2653, 2691, 2812]
[35, 45875, 2594, 2686, 2711, 2771, 2705, 2738, 2765, 2720, 2768, 2618, 2738, 2664, 2665, 2728, 2653, 2799]
[35, 45875, 2709, 2667, 2710, 2768, 2630, 2679, 2760, 2798, 2730, 2830, 2606, 2704, 2677, 2651, 2665, 2714]
[35, 45875, 2598, 2758, 2609, 2643, 2661, 2787, 2769, 2689, 2811, 2662, 2679, 2634, 2698, 2793, 2662, 2778]
[35, 45875, 2758, 2768, 2711, 2706, 2716, 2618, 2724, 2730, 2656, 2639, 2725, 2736, 2722, 2647, 2757, 2720]
[35, 45875, 2809, 2781, 2691, 2759, 2727, 2649, 2660, 2788, 2672, 2663, 2702, 2631, 2608, 2625, 2680, 2868]
[35, 45875, 2796, 2641, 2687, 2610, 2740, 2725, 2634, 2693, 2831, 2765, 2685, 2562, 2678, 2776, 2669, 2841]
[35, 45875, 2650, 2728, 2695, 2774, 2672, 2592, 2742, 2614, 2741, 2793, 2659, 2696, 2734, 2703, 2677, 2781]
[35, 45875, 2794, 2659, 2715, 2711, 2682, 2692, 2628, 2718, 2680, 2744, 2680, 2723, 2744, 2694, 2660, 2814]
[35, 45875, 2573, 2711, 2802, 2755, 2732, 2842, 2610, 2833, 2668, 2745, 2624, 2645, 2708, 2730, 2715, 2646]
[35, 45875, 2715, 2736, 2723, 2772, 2781, 2709, 2699, 2624, 2704, 2712, 2810, 2586, 2600, 2728, 2715, 2676]
[35, 45875, 2672, 2742, 2725, 2656, 2702, 2785, 2638, 2654, 2711, 2527, 2711, 2801, 2764, 2721, 2783, 2685]
[35, 45875, 2684, 2700, 2742, 2641, 2699, 2636, 2824, 2718, 2750, 2813, 2723, 2604, 2683, 2696, 2689, 2741]
[35, 45875, 2801, 2806, 2725, 2770, 2659, 2597, 2648, 2650, 2710, 2773, 2710, 2685, 2796, 2618, 2651, 2711]
[35, 45875, 2694, 2707, 2671, 2796, 2625, 2673, 2731, 2705, 2662, 2716, 2712, 2734, 2610, 2876, 2748, 2655]
[35, 45875, 2720, 2598, 2719, 2600, 2777, 2738, 2665, 2654, 2797, 2735, 2701, 2694, 2760, 2735, 2775, 2615]
[35, 45875, 2653, 2763, 2767, 2714, 2649, 2775, 2641, 2607, 2732, 2650, 2767, 2698, 2686, 2753, 2674, 2735]
[35, 45875, 2804, 2682, 2734, 2635, 2675, 2716, 2701, 2639, 2714, 2765, 2681, 2714, 2714, 2715, 2708, 2670]
[35, 45875, 2683, 2681, 2695, 2664, 2736, 2740, 2650, 2603, 2727, 2899, 2658, 2665, 2726, 2776, 2612, 2716]
[35, 45875, 2713, 2646, 2668, 2858, 2691, 2676, 2796, 2666, 2769, 2771, 2646, 2657, 2635, 2723, 2689, 2690]
[35, 45875, 2616, 2716, 2820, 2751, 2702, 2657, 2788, 2707, 2768, 2799, 2654, 2691, 2670, 2674, 2607, 2663]
[35, 45875, 2571, 2687, 2733, 2631, 2746, 2726, 2675, 2801, 2772, 2682, 2751, 2735, 2635, 2730, 2740, 2731]
[35, 45875, 2676, 2675, 2718, 2701, 2729, 2768, 2619, 2735, 2788, 2622, 2739, 2727, 2690, 2767, 2767, 2586]
[35, 45875, 2761, 2542, 2691, 2803, 2794, 2758, 2606, 2648, 2667, 2701, 2746, 2739, 2707, 2781, 2689, 2678]
[35, 45875, 2765, 2749, 2687, 2781, 2663, 2674, 2724, 2751, 2656, 2752, 2770, 2575, 2613, 2724, 2659, 2792]
[35, 45875, 2799, 2828, 2657, 2732, 2623, 2775, 2733, 2723, 2692, 2675, 2681, 2717, 2759, 2696, 2673, 2561]
[35, 45875, 2738, 2674, 2835, 2677, 2713, 2531, 2768, 2720, 2799, 2602, 2587, 2720, 2707, 2806, 2669, 2763]
[35, 45875, 2660, 2716, 2646, 2715, 2905, 2706, 2839, 2641, 2838, 2690, 2713, 2639, 2729, 2689, 2618, 2606]
[35, 45875, 2709, 2654, 2731, 2705, 2754, 2695, 2711, 2693, 2762, 2566, 2717, 2773, 2768, 2659, 2668, 2729]
[35, 45875, 2858, 2728, 2723, 2736, 2698, 2655, 2792, 2660, 2611, 2687, 2747, 2638, 2784, 2741, 2616, 2663]
[35, 45875, 2628, 2654, 2804, 2725, 2722, 2799, 2718, 2699, 2603, 2715, 2638, 2666, 2685, 2702, 2785, 2744]
[35, 45875, 2727, 2700, 2671, 2645, 2694, 2653, 2789, 2658, 2805, 2707, 2681, 2718, 2767, 2678, 2653, 2716]
[35, 45875, 2593, 2667, 2720, 2711, 2697, 2707, 2748, 2748, 2783, 2771, 2700, 2674, 2789, 2719, 2702, 2572]
[35, 45875, 2776, 2562, 2688, 2711, 2795, 2711, 2714, 2732, 2747, 2701, 2663, 2705, 2718, 2685, 2623, 2747]
[35, 45875, 2762, 2685, 2704, 2692, 2758, 2742, 2725, 2640, 2756, 2732, 2662, 2711, 2711, 2708, 2657, 2671]
[35, 45875, 2695, 2687, 2721, 2743, 2687, 2684, 2748, 2841, 2727, 2702, 2716, 2640, 2630, 2653, 2775, 2685]
[35, 45875, 2615, 2754, 2619, 2709, 2611, 2685, 2631, 2696, 2651, 2728, 2773, 2736, 2862, 2745, 2734, 2760]
[40, 52428, 3178, 3135, 3088, 3181, 3162, 3328, 3217, 3102, 3129, 3132, 3188, 3118, 3093, 3206, 3127, 3129]
[40, 52428, 3143, 3058, 3205, 3220, 3168, 3138, 3273, 3170, 3256, 3178, 3059, 3152, 3074, 3228, 3076, 3109]
[40, 52428, 3199, 3206, 3199, 3104, 3115, 3112, 3135, 3164, 3174, 3164, 3164, 3162, 3160, 3164, 3145, 3084]
[40, 52428, 3193, 3072, 3081, 3018, 3314, 3166, 3130, 3124, 3203, 3223, 3161, 3135, 3086, 3161, 3117, 3228]
[40, 52428, 3235, 3200, 3176, 2987, 3142, 3146, 3153, 3185, 3101, 3146, 3317, 3102, 3184, 3127, 3142, 3116]
[40, 52428, 3145, 3204, 3135, 3052, 3074, 3127, 3198, 3203, 3177, 3192, 3172, 3151, 3127, 3106, 3185, 3238]
[40, 52428, 3194, 3165, 3164, 3139, 3127, 3117, 3220, 3126, 3109, 2982, 3259, 3096, 3137, 3158, 3201, 3248]
[40, 52428, 3064, 3188, 3218, 3213, 3108, 3162, 3058, 3151, 3195, 3158, 3135, 3143, 3168, 3115, 3154, 3267]
[40, 52428, 3125, 3153, 3227, 3155, 3131, 3232, 3146, 3154, 3174, 3046, 3266, 3167, 3069, 3127, 3210, 3084]
[40, 52428, 3097, 3102, 3170, 3306, 3128, 3185, 3092, 3048, 3200, 3239, 3250, 3115, 3217, 3160, 3062, 3092]
[40, 52428, 3108, 3249, 3197, 3150, 3118, 3150, 3105, 3124, 3216, 3156, 3112, 3150, 3204, 3090, 3146, 3177]
[40, 52428, 3227, 3121, 3154, 3205, 3156, 3151, 3202, 3173, 3296, 3041, 3179, 3098, 3111, 3106, 3118, 3102]
[40, 52428, 3164, 3205, 3116, 3181, 3186, 3179, 3146, 3137, 3142, 3138, 3257, 3125, 3152, 3156, 3115, 3053]
[40, 52428, 3115, 3206, 3202, 3125, 3153, 3153, 3099, 3177, 3056, 3163, 3178, 3162, 3228, 3161, 3232, 3051]
[40, 52428, 3192, 3153, 3173, 3197, 3142, 3208, 3112, 3032, 3152, 3292, 3123, 3096, 3197, 3206, 3168, 3093]
[40, 52428, 3113, 3084, 3160, 3082, 3246, 3109, 3275, 3134, 3161, 3249, 3314, 3118, 3110, 3087, 3113, 3066]
[40, 52428, 3031, 3136, 3164, 3106, 3174, 3205, 3026, 3286, 3169, 3145, 3161, 3342, 3130, 3119, 3076, 3198]
[40, 52428, 3168, 3128, 3109, 3153, 3068, 3268, 3182, 3145, 3100, 3191, 3122, 3079, 3114, 3255, 3163, 3139]
[40, 52428, 3221, 3076, 3182, 3118, 3267, 3114, 3117, 3174, 3100, 3092, 3242, 3212, 3158, 3133, 3107, 3142]
[40, 52428, 3204, 3203, 3071, 3078, 3151, 3181, 3048, 3173, 3164, 3173, 3143, 3185, 3167, 3117, 3260, 3115]
[40, 52428, 3193, 3083, 3102, 3241, 3167, 3168, 3095, 3172, 3220, 3120, 3155, 3115, 3239, 3153, 3137, 3115]
[40, 52428, 3148, 3128, 3096, 3172, 3147, 3249, 3173, 3101, 3087, 3145, 3243, 3117, 3137, 3158, 3145, 3210]
[40, 52428, 3030, 3182, 3098, 3212, 3081, 3250, 3054, 3294, 3099, 3185, 3077, 3190, 3106, 3153, 3224, 3227]
[40, 52428, 3077, 3218, 3175, 3219, 3219, 3055, 3169, 3155, 3075, 3217, 3220, 3107, 3179, 3099, 3096, 3150]
[40, 52428, 3011, 3253, 3088, 3229, 3148, 3141, 3138, 3134, 3161, 3108, 3192, 3103, 3242, 3191, 3194, 3121]
[40, 52428, 3100, 3105, 3216, 3169, 3117, 3101, 3211, 3155, 3151, 3113, 3232, 3106, 3113, 3190, 3204, 3180]
[40, 52428, 3116, 3231, 3234, 3093, 3081, 3140, 3177, 3233, 3268, 3125, 3140, 3199, 3127, 3117, 3024, 3128]
[40, 52428, 3172, 3173, 3226, 3162, 3166, 3109, 3052, 3234, 3192, 3231, 2932, 3213, 3153, 3122, 3162, 3119]
[40, 52428, 3201, 3128, 3175, 3155, 3087, 3119, 3085, 3186, 3123, 3239, 3206, 3189, 3081, 3110, 3201, 3146]
[40, 52428, 3154, 3187, 3223, 3072, 3240, 3145, 3034, 3103, 3077, 3238, 3133, 3167, 3090, 3223, 3136, 3241]
[40, 52428, 3216, 3177, 3164, 3092, 3033, 2969, 3195, 3302, 3127, 3170, 3198, 3108, 3182, 3271, 3219, 3100]
[40, 52428, 3200, 3167, 3088, 3140, 3145, 3041, 3168, 3211, 3255, 3151, 3160, 3159, 3147, 3218, 3153, 3012]
[40, 52428, 3274, 3068, 3199, 3045, 3096, 3155, 3242, 3202, 3110, 3149, 3255, 3170, 3103, 3130, 3091, 3088]
[40, 52428, 3048, 3147, 3118, 3307, 3231, 3115, 3127, 3084, 3157, 3128, 3265, 3148, 3115, 3127, 3088, 3232]
[40, 52428, 3158, 3115, 3176, 3057, 3108, 3150, 3136, 3217, 3175, 3186, 3194, 3264, 3221, 3097, 3028, 3131]
[40, 52428, 3137, 3190, 3249, 3182, 3055, 3177, 3133, 3190, 3143, 3060, 3173, 3124, 3214, 3156, 3160, 3151]
[40, 52428, 3103, 3233, 3129, 3143, 3119, 3077, 3223, 3134, 3178, 3218, 3108, 3144, 3174, 3210, 3146, 3067]
[40, 52428, 3163, 3016, 3072, 3215, 3124, 3146, 3239, 3168, 3188, 3229, 3081, 3191, 3194, 3175, 3107, 3157]
[40, 52428, 3142, 3106, 3115, 3171, 3058, 3136, 3054, 3177, 3124, 3148, 3224, 3301, 3145, 3181, 3138, 3194]
[40, 52428, 3163, 3195, 3074, 3258, 3027, 3174, 3111, 3076, 3156, 3168, 3137, 3261, 3214, 3208, 3115, 3135]
[40, 52428, 3203, 3128, 3126, 3179, 3132, 3121, 3184, 3164, 3061, 3213, 3236, 3062, 3160, 3284, 3168, 3073]
[40, 52428, 3330, 3222, 3077, 3123, 3126, 3196, 3039, 3139, 3158, 3173, 3216, 3133, 3152, 3143, 3052, 3166]
[40, 52428, 3239, 3202, 3081, 3085, 3103, 3096, 3127, 3152, 3158, 3184, 3248, 3226, 3031, 3112, 3131, 3259]
[40, 52428, 3084, 3185, 3182, 3201, 3184, 3359, 3178, 3207, 3152, 3136, 3084, 3085, 3139, 3185, 3082, 3115]
[40, 52428, 3165, 3195, 3130, 3173, 3117, 3217, 3003, 3125, 3126, 3110, 3233, 3096, 3146, 3143, 3251, 3247]
[40, 52428, 3255, 2996, 3220, 3160, 3029, 3162, 3161, 3073, 3199, 3148, 3157, 3218, 3176, 3206, 3176, 3156]
[40, 52428, 3156, 3097, 3140, 3114, 3169, 3129, 3060, 3249, 3097, 3078, 3220, 3236, 3159, 3110, 3233, 3218]
[40, 52428, 3172, 3247, 3198, 3201, 3163, 3172, 3145, 3177, 3220, 3082, 3130, 3016, 3133, 3123, 3105, 3168]
[40, 52428, 3104, 3147, 3133, 3128, 3195, 3222, 3212, 3074, 3171, 3184, 3120, 3196, 3193, 3196, 3111, 3065]
[40, 52428, 3157, 3117, 3280, 3103, 3068, 3251, 3262, 3090, 3086, 3226, 3129, 3217, 3170, 3132, 3100, 3060]
[40, 52428, 3205, 3061, 3126, 3177, 3126, 3107, 3180, 3239, 3143, 3176, 3245, 3131, 3123, 3098, 3152, 3137]
[40, 52428, 3151, 3078, 3219, 3153, 3104, 3210, 3179, 3230, 3114, 3146, 3118, 3241, 3244, 3214, 2993, 3097]
[40, 52428, 3196, 3175, 3237, 3195, 3217, 3170, 3228, 3134, 3073, 3124, 3069, 3166, 3096, 3103, 3100, 3204]
[40, 52428, 3164, 3154, 3144, 3070, 3150, 3067, 3286, 3167, 3169, 3174, 3172, 3111, 3110, 3260, 3133, 3129]
[40, 52428, 3218, 3129, 3138, 3153, 3197, 3122, 3192, 3250, 3144, 3150, 3238, 3141, 3039, 3080, 3135, 3197]
[40, 52428, 3110, 3040, 3109, 3073, 3164, 3189, 3213, 3191, 3213, 3165, 3175, 3232, 3095, 3167, 3191, 3113]
[40, 52428, 3097, 3106, 3110, 3374, 3209, 3125, 3120, 3191, 3024, 3060, 3137, 3191, 3104, 3218, 3244, 3129]
[40, 52428, 3156, 3181, 3106, 3146, 3149, 3109, 3133, 3118, 3147, 3145, 3249, 3156, 3122, 3236, 3198, 3122]
[40, 52428, 3155, 3177, 3173, 3228, 3057, 3125, 3203, 3119, 3154, 3136, 3115, 3136, 3182, 3152, 3095, 3196]
[40, 52428, 3206, 3096, 3120, 3156, 3106, 3088, 3125, 3156, 3257, 3132, 3233, 3218, 3151, 3188, 3092, 3123]
[40, 52428, 3138, 3130, 3197, 3125, 3250, 3231, 3109, 3083, 3072, 3066, 3237, 3070, 3121, 3145, 3248, 3173]
[40, 52428, 3133, 3285, 3177, 3226, 3079, 3017, 3160, 3222, 3150, 3115, 3186, 3132, 3093, 3092, 3216, 3151]
[40, 52428, 3179, 3161, 3142, 3155, 3030, 3168, 3235, 3135, 3121, 3160, 3071, 3160, 3170, 3192, 3252, 3165]
[40, 52428, 3156, 3247, 3158, 3108, 3161, 3130, 3104, 3169, 3118, 3125, 3167, 3189, 3192, 3105, 3129, 3246]
[40, 52428, 3085, 3131, 3130, 3183, 3154, 3171, 3206, 3158, 3180, 3122, 3197, 3108, 3092, 3215, 3101, 3239]
[40, 52428, 3186, 3146, 3170, 3215, 3069, 3110, 3207, 3254, 3138, 3289, 3049, 3131, 3141, 3116, 3087, 3161]
[40, 52428, 3041, 3216, 3062, 3069, 3128, 3250, 3190, 3155, 3257, 3125, 3101, 3068, 3137, 3229, 3135, 3230]
[40, 52428, 3183, 3193, 3139, 3134, 3158, 3072, 3160, 3211, 3114, 3144, 3160, 3194, 3164, 3088, 3191, 3162]
[40, 52428, 3239, 3213, 3105, 3199, 3196, 3069, 3138, 3243, 3139, 3128, 3137, 3111, 3089, 3057, 3126, 3304]
[40, 52428, 3261, 3077, 3142, 3026, 3157, 3166, 3116, 3168, 3289, 3178, 3121, 3029, 3147, 3220, 3101, 3269]
[40, 52428, 3060, 3179, 3116, 3251, 3149, 3029, 3181, 3039, 3194, 3286, 3126, 3165, 3165, 3129, 3180, 3245]
[40, 52428, 3275, 3138, 3189, 3171, 3090, 3137, 3117, 3120, 3123, 3160, 3131, 3170, 3152, 3124, 3121, 3236]
[40, 52428, 2999, 3157, 3277, 3205, 3173, 3282, 3056, 3285, 3112, 3189, 3075, 3051, 3150, 3200, 3194, 3078]
[40, 52428, 3159, 3154, 3212, 3215, 3230, 3158, 3146, 3075, 3173, 3176, 3236, 3032, 3053, 3145, 3193, 3110]
[40, 52428, 3112, 3212, 3160, 3144, 3173, 3237, 3077, 3105, 3129, 2943, 3172, 3250, 3198, 3157, 3215, 3153]
[40, 52428, 3119, 3137, 3140, 3069, 3145, 3085, 3283, 3176, 3190, 3268, 3163, 3084, 3152, 3143, 3147, 3148]
[40, 52428, 3214, 3281, 3181, 3233, 3089, 3026, 3080, 3117, 3145, 3228, 3184, 3134, 3214, 3091, 3069, 3174]
[40, 52428, 3170, 3144, 3097, 3270, 3101, 3090, 3158, 3138, 3120, 3171, 3124, 3189, 3064, 3286, 3213, 3099]
[40, 52428, 3171, 3081, 3148, 3025, 3199, 3195, 3124, 3065, 3223, 3162, 3178, 3150, 3218, 3151, 3242, 3095]
[40, 52428, 3087, 3218, 3232, 3164, 3067, 3206, 3121, 3061, 3209, 3085, 3228, 3142, 3116, 3195, 3111, 3171]
[40, 52428, 3266, 3100, 3216, 3120, 3152, 3140, 3111, 3110, 3154, 3219, 3101, 3142, 3141, 3194, 3130, 3111]
[40, 52428, 3121, 3127, 3110, 3133, 3197, 3166, 3106, 3079, 3203, 3340, 3099, 3110, 3187, 3221, 3054, 3165]
[40, 52428, 3128, 3098, 3100, 3297, 3141, 3146, 3230, 3165, 3221, 3205, 3079, 3068, 3128, 3204, 3101, 3135]
[40, 52428, 3089, 3190, 3270, 3207, 3147, 3077, 3244, 3135, 3234, 3235, 3095, 3117, 3121, 3121, 3045, 3113]
[40, 52428, 3000, 3152, 3162, 3075, 3182, 3146, 3113, 3231, 3207, 3136, 3233, 3167, 3082, 3194, 3173, 3214]
[40, 52428, 3166, 3130, 3187, 3173, 3143, 3225, 3091, 3231, 3208, 3052, 3189, 3168, 3134, 3168, 3228, 2999]
[40, 52428, 3180, 3006, 3133, 3250, 3238, 3252, 3042, 3088, 3130, 3147, 3198, 3193, 3145, 3228, 3127, 3146]
[40, 52428, 3222, 3176, 3093, 3239, 3087, 3125, 3189, 3191, 3115, 3201, 3236, 3023, 3055, 3183, 3098, 3214]
[40, 52428, 3239, 3264, 3097, 3200, 3093, 3195, 3158, 3211, 3138, 3136, 3121, 3149, 3164, 3179, 3141, 3014]
[40, 52428, 3201, 3120, 3294, 3133, 3178, 2998, 3171, 3175, 3224, 3052, 3109, 3103, 3107, 3256, 3127, 3237]
[40, 52428, 3123, 3112, 3123, 3160, 3301, 3166, 3254, 3085, 3264, 3128, 3171, 3091, 3184, 3149, 3063, 3072]
[40, 52428, 3146, 3108, 3189, 3162, 3226, 3156, 3181, 3095, 3182, 3012, 3203, 3181, 3232, 3068, 3141, 3183]
[40, 52428, 3316, 3202, 3193, 3138, 3136, 3081, 3208, 3079, 3055, 3127, 3228, 3094, 3287, 3200, 3039, 3115]
[40, 52428, 3073, 3118, 3299, 3155, 3151, 3272, 3171, 3150, 3063, 3142, 3097, 3104, 3155, 3124, 3198, 3182]
[40, 52428, 3135, 3123, 3136, 3054, 3164, 3096, 3274, 3146, 3195, 3130, 3115, 3182, 3237, 3132, 3114, 3186]
[40, 52428, 3039, 3094, 3164, 3127, 3161, 3159, 3179, 3217, 3203, 3217, 3156, 3107, 3272, 3140, 3164, 2995]
[40, 52428, 3244, 2999, 3104, 3151, 3259, 3189, 3128, 3169, 3155, 3166, 3100, 3188, 3150, 3158, 3049, 3215]
[40, 52428, 3247, 3129, 3134, 3166, 3197, 3190, 3179, 3091, 3207, 3166, 3097, 3182, 3157, 3148, 3100, 3118]
[40, 52428, 3122, 3152, 3165, 3193, 3161, 3137, 3175, 3281, 3150, 3127, 3169, 3087, 3050, 3119, 3241, 3162]
[40, 52428, 3061, 3195, 3051, 3138, 3068, 3123, 3103, 3138, 3136, 3170, 3208, 3193, 3329, 3204, 3185, 3206]
