[1, 1310, 0]
[1, 1310, 0]
[1, 1310, 0]
[1, 1310, 0]
[1, 1310, 0]
[1, 1310, 0]
[1, 1310, 0]
[1, 1310, 0]
[1, 1310, 0]
[1, 1310, 0]
[1, 1310, 0]
[1, 1310, 0]
[1, 1310, 0]
[1, 1310, 0]
[1, 1310, 0]
[1, 1310, 0]
[1, 1310, 0]
[1, 1310, 0]
[1, 1310, 0]
[1, 1310, 0]
[1, 1310, 0]
[1, 1310, 0]
[1, 1310, 0]
[1, 1310, 0]
[1, 1310, 0]
[1, 1310, 0]
[1, 1310, 0]
[1, 1310, 0]
[1, 1310, 0]
[1, 1310, 0]
[1, 1310, 0]
[1, 1310, 0]
[1, 1310, 0]
[1, 1310, 0]
[1, 1310, 0]
[1, 1310, 0]
[1, 1310, 0]
[1, 1310, 0]
[1, 1310, 0]
[1, 1310, 0]
[1, 1310, 0]
[1, 1310, 0]
[1, 1310, 0]
[1, 1310, 0]
[1, 1310, 0]
[1, 1310, 0]
[1, 1310, 0]
[1, 1310, 0]
[1, 1310, 0]
[1, 1310, 0]
[1, 1310, 0]
[1, 1310, 0]
[1, 1310, 0]
[1, 1310, 0]
[1, 1310, 0]
[1, 1310, 0]
[1, 1310, 0]
[1, 1310, 0]
[1, 1310, 0]
[1, 1310, 0]
[1, 1310, 0]
[1, 1310, 0]
[1, 1310, 0]
[1, 1310, 0]
[1, 1310, 0]
[1, 1310, 0]
[1, 1310, 0]
[1, 1310, 0]
[1, 1310, 0]
[1, 1310, 0]
[1, 1310, 0]
[1, 1310, 0]
[1, 1310, 0]
[1, 1310, 0]
[1, 1310, 0]
[1, 1310, 0]
[1, 1310, 0]
[1, 1310, 0]
[1, 1310, 0]
[1, 1310, 0]
[1, 1310, 0]
[1, 1310, 0]
[1, 1310, 0]
[1, 1310, 0]
[1, 1310, 0]
[1, 1310, 0]
[1, 1310, 0]
[1, 1310, 0]
[1, 1310, 0]
[1, 1310, 0]
[1, 1310, 0]
[1, 1310, 0]
[1, 1310, 0]
[1, 1310, 0]
[1, 1310, 0]
[1, 1310, 0]
[1, 1310, 0]
[1, 1310, 0]
[1, 1310, 0]
[1, 1310, 0]
[2, 2621, 0]
[2, 2621, 0]
[2, 2621, 0]
[2, 2621, 0]
[2, 2621, 0]
[2, 2621, 0]
[2, 2621, 0]
[2, 2621, 0]
[2, 2621, 0]
[2, 2621, 0]
[2, 2621, 0]
[2, 2621, 0]
[2, 2621, 0]
[2, 2621, 0]
[2, 2621, 0]
[2, 2621, 0]
[2, 2621, 0]
[2, 2621, 0]
[2, 2621, 0]
[2, 2621, 0]
[2, 2621, 0]
[2, 2621, 0]
[2, 2621, 0]
[2, 2621, 0]
[2, 2621, 0]
[2, 2621, 0]
[2, 2621, 0]
[2, 2621, 0]
[2, 2621, 0]
[2, 2621, 0]
[2, 2621, 0]
[2, 2621, 0]
[2, 2621, 0]
[2, 2621, 0]
[2, 2621, 0]
[2, 2621, 0]
[2, 2621, 0]
[2, 2621, 0]
[2, 2621, 0]
[2, 2621, 0]
[2, 2621, 0]
[2, 2621, 0]
[2, 2621, 0]
[2, 2621, 0]
[2, 2621, 0]
[2, 2621, 0]
[2, 2621, 0]
[2, 2621, 0]
[2, 2621, 0]
[2, 2621, 0]
[2, 2621, 0]
[2, 2621, 0]
[2, 2621, 0]
[2, 2621, 0]
[2, 2621, 0]
[2, 2621, 0]
[2, 2621, 0]
[2, 2621, 0]
[2, 2621, 0]
[2, 2621, 0]
[2, 2621, 0]
[2, 2621, 0]
[2, 2621, 0]
[2, 2621, 0]
[2, 2621, 0]
[2, 2621, 0]
[2, 2621, 0]
[2, 2621, 0]
[2, 2621, 0]
[2, 2621, 0]
[2, 2621, 0]
[2, 2621, 0]
[2, 2621, 0]
[2, 2621, 0]
[2, 2621, 0]
[2, 2621, 0]
[2, 2621, 0]
[2, 2621, 0]
[2, 2621, 0]
[2, 2621, 0]
[2, 2621, 0]
[2, 2621, 0]
[2, 2621, 0]
[2, 2621, 0]
[2, 2621, 0]
[2, 2621, 0]
[2, 2621, 0]
[2, 2621, 0]
[2, 2621, 0]
[2, 2621, 0]
[2, 2621, 0]
[2, 2621, 0]
[2, 2621, 0]
[2, 2621, 0]
[2, 2621, 0]
[2, 2621, 0]
[2, 2621, 0]
[2, 2621, 0]
[2, 2621, 0]
[2, 2621, 0]
[5, 6553, 0]
[5, 6553, 0]
[5, 6553, 0]
[5, 6553, 0]
[5, 6553, 0]
[5, 6553, 0]
[5, 6553, 0]
[5, 6553, 0]
[5, 6553, 0]
[5, 6553, 0]
[5, 6553, 0]
[5, 6553, 0]
[5, 6553, 0]
[5, 6553, 0]
[5, 6553, 0]
[5, 6553, 0]
[5, 6553, 0]
[5, 6553, 0]
[5, 6553, 0]
[5, 6553, 0]
[5, 6553, 0]
[5, 6553, 0]
[5, 6553, 0]
[5, 6553, 0]
[5, 6553, 0]
[5, 6553, 0]
[5, 6553, 0]
[5, 6553, 0]
[5, 6553, 0]
[5, 6553, 0]
[5, 6553, 0]
[5, 6553, 0]
[5, 6553, 0]
[5, 6553, 0]
[5, 6553, 0]
[5, 6553, 0]
[5, 6553, 0]
[5, 6553, 0]
[5, 6553, 0]
[5, 6553, 0]
[5, 6553, 0]
[5, 6553, 0]
[5, 6553, 0]
[5, 6553, 0]
[5, 6553, 0]
[5, 6553, 0]
[5, 6553, 0]
[5, 6553, 0]
[5, 6553, 0]
[5, 6553, 0]
[5, 6553, 0]
[5, 6553, 0]
[5, 6553, 0]
[5, 6553, 0]
[5, 6553, 0]
[5, 6553, 0]
[5, 6553, 0]
[5, 6553, 0]
[5, 6553, 0]
[5, 6553, 0]
[5, 6553, 0]
[5, 6553, 0]
[5, 6553, 0]
[5, 6553, 0]
[5, 6553, 0]
[5, 6553, 0]
[5, 6553, 0]
[5, 6553, 0]
[5, 6553, 0]
[5, 6553, 0]
[5, 6553, 0]
[5, 6553, 0]
[5, 6553, 0]
[5, 6553, 0]
[5, 6553, 0]
[5, 6553, 0]
[5, 6553, 0]
[5, 6553, 0]
[5, 6553, 0]
[5, 6553, 0]
[5, 6553, 0]
[5, 6553, 0]
[5, 6553, 0]
[5, 6553, 0]
[5, 6553, 0]
[5, 6553, 0]
[5, 6553, 0]
[5, 6553, 0]
[5, 6553, 0]
[5, 6553, 0]
[5, 6553, 0]
[5, 6553, 0]
[5, 6553, 0]
[5, 6553, 0]
[5, 6553, 0]
[5, 6553, 0]
[5, 6553, 0]
[5, 6553, 0]
[5, 6553, 0]
[5, 6553, 0]
[10, 13107, 0]
[10, 13107, 0]
[10, 13107, 0]
[10, 13107, 0]
[10, 13107, 0]
[10, 13107, 0]
[10, 13107, 0]
[10, 13107, 0]
[10, 13107, 0]
[10, 13107, 0]
[10, 13107, 0]
[10, 13107, 0]
[10, 13107, 0]
[10, 13107, 0]
[10, 13107, 0]
[10, 13107, 0]
[10, 13107, 0]
[10, 13107, 0]
[10, 13107, 0]
[10, 13107, 0]
[10, 13107, 0]
[10, 13107, 0]
[10, 13107, 0]
[10, 13107, 0]
[10, 13107, 0]
[10, 13107, 0]
[10, 13107, 0]
[10, 13107, 0]
[10, 13107, 0]
[10, 13107, 0]
[10, 13107, 0]
[10, 13107, 0]
[10, 13107, 0]
[10, 13107, 0]
[10, 13107, 0]
[10, 13107, 0]
[10, 13107, 0]
[10, 13107, 0]
[10, 13107, 0]
[10, 13107, 0]
[10, 13107, 0]
[10, 13107, 0]
[10, 13107, 0]
[10, 13107, 0]
[10, 13107, 0]
[10, 13107, 0]
[10, 13107, 2]
[10, 13107, 0]
[10, 13107, 0]
[10, 13107, 0]
[10, 13107, 0]
[10, 13107, 0]
[10, 13107, 0]
[10, 13107, 0]
[10, 13107, 0]
[10, 13107, 0]
[10, 13107, 0]
[10, 13107, 0]
[10, 13107, 0]
[10, 13107, 0]
[10, 13107, 0]
[10, 13107, 0]
[10, 13107, 0]
[10, 13107, 0]
[10, 13107, 0]
[10, 13107, 0]
[10, 13107, 0]
[10, 13107, 0]
[10, 13107, 0]
[10, 13107, 0]
[10, 13107, 0]
[10, 13107, 0]
[10, 13107, 0]
[10, 13107, 0]
[10, 13107, 0]
[10, 13107, 0]
[10, 13107, 0]
[10, 13107, 0]
[10, 13107, 0]
[10, 13107, 0]
[10, 13107, 0]
[10, 13107, 0]
[10, 13107, 0]
[10, 13107, 0]
[10, 13107, 0]
[10, 13107, 0]
[10, 13107, 0]
[10, 13107, 0]
[10, 13107, 0]
[10, 13107, 0]
[10, 13107, 0]
[10, 13107, 0]
[10, 13107, 0]
[10, 13107, 0]
[10, 13107, 0]
[10, 13107, 0]
[10, 13107, 0]
[10, 13107, 0]
[10, 13107, 0]
[10, 13107, 0]
[15, 19660, 0]
[15, 19660, 0]
[15, 19660, 0]
[15, 19660, 0]
[15, 19660, 0]
[15, 19660, 0]
[15, 19660, 0]
[15, 19660, 0]
[15, 19660, 2]
[15, 19660, 0]
[15, 19660, 0]
[15, 19660, 0]
[15, 19660, 0]
[15, 19660, 0]
[15, 19660, 2]
[15, 19660, 0]
[15, 19660, 0]
[15, 19660, 0]
[15, 19660, 0]
[15, 19660, 0]
[15, 19660, 0]
[15, 19660, 0]
[15, 19660, 0]
[15, 19660, 0]
[15, 19660, 0]
[15, 19660, 0]
[15, 19660, 0]
[15, 19660, 0]
[15, 19660, 0]
[15, 19660, 0]
[15, 19660, 0]
[15, 19660, 0]
[15, 19660, 0]
[15, 19660, 0]
[15, 19660, 0]
[15, 19660, 0]
[15, 19660, 0]
[15, 19660, 0]
[15, 19660, 0]
[15, 19660, 0]
[15, 19660, 0]
[15, 19660, 0]
[15, 19660, 0]
[15, 19660, 0]
[15, 19660, 0]
[15, 19660, 0]
[15, 19660, 4]
[15, 19660, 0]
[15, 19660, 0]
[15, 19660, 0]
[15, 19660, 6]
[15, 19660, 0]
[15, 19660, 0]
[15, 19660, 0]
[15, 19660, 0]
[15, 19660, 0]
[15, 19660, 0]
[15, 19660, 0]
[15, 19660, 0]
[15, 19660, 0]
[15, 19660, 0]
[15, 19660, 0]
[15, 19660, 3]
[15, 19660, 0]
[15, 19660, 0]
[15, 19660, 0]
[15, 19660, 0]
[15, 19660, 0]
[15, 19660, 0]
[15, 19660, 0]
[15, 19660, 0]
[15, 19660, 0]
[15, 19660, 1]
[15, 19660, 0]
[15, 19660, 0]
[15, 19660, 0]
[15, 19660, 2]
[15, 19660, 0]
[15, 19660, 0]
[15, 19660, 0]
[15, 19660, 0]
[15, 19660, 0]
[15, 19660, 0]
[15, 19660, 0]
[15, 19660, 0]
[15, 19660, 2]
[15, 19660, 0]
[15, 19660, 0]
[15, 19660, 0]
[15, 19660, 3]
[15, 19660, 0]
[15, 19660, 0]
[15, 19660, 0]
[15, 19660, 0]
[15, 19660, 0]
[15, 19660, 0]
[15, 19660, 1]
[15, 19660, 0]
[15, 19660, 0]
[15, 19660, 0]
[20, 26214, 0]
[20, 26214, 5]
[20, 26214, 1]
[20, 26214, 2]
[20, 26214, 0]
[20, 26214, 0]
[20, 26214, 0]
[20, 26214, 5]
[20, 26214, 2]
[20, 26214, 3]
[20, 26214, 5]
[20, 26214, 0]
[20, 26214, 1]
[20, 26214, 7]
[20, 26214, 7]
[20, 26214, 0]
[20, 26214, 0]
[20, 26214, 0]
[20, 26214, 0]
[20, 26214, 0]
[20, 26214, 0]
[20, 26214, 1]
[20, 26214, 0]
[20, 26214, 2]
[20, 26214, 2]
[20, 26214, 2]
[20, 26214, 0]
[20, 26214, 0]
[20, 26214, 1]
[20, 26214, 3]
[20, 26214, 2]
[20, 26214, 0]
[20, 26214, 5]
[20, 26214, 8]
[20, 26214, 0]
[20, 26214, 2]
[20, 26214, 0]
[20, 26214, 2]
[20, 26214, 0]
[20, 26214, 0]
[20, 26214, 0]
[20, 26214, 0]
[20, 26214, 1]
[20, 26214, 1]
[20, 26214, 0]
[20, 26214, 0]
[20, 26214, 5]
[20, 26214, 0]
[20, 26214, 2]
[20, 26214, 0]
[20, 26214, 3]
[20, 26214, 4]
[20, 26214, 0]
[20, 26214, 3]
[20, 26214, 0]
[20, 26214, 1]
[20, 26214, 0]
[20, 26214, 1]
[20, 26214, 3]
[20, 26214, 3]
[20, 26214, 0]
[20, 26214, 2]
[20, 26214, 9]
[20, 26214, 3]
[20, 26214, 0]
[20, 26214, 0]
[20, 26214, 6]
[20, 26214, 2]
[20, 26214, 0]
[20, 26214, 1]
[20, 26214, 2]
[20, 26214, 1]
[20, 26214, 7]
[20, 26214, 0]
[20, 26214, 0]
[20, 26214, 0]
[20, 26214, 8]
[20, 26214, 0]
[20, 26214, 2]
[20, 26214, 0]
[20, 26214, 0]
[20, 26214, 0]
[20, 26214, 0]
[20, 26214, 2]
[20, 26214, 0]
[20, 26214, 6]
[20, 26214, 0]
[20, 26214, 2]
[20, 26214, 3]
[20, 26214, 1]
[20, 26214, 1]
[20, 26214, 5]
[20, 26214, 0]
[20, 26214, 3]
[20, 26214, 0]
[20, 26214, 3]
[20, 26214, 2]
[20, 26214, 4]
[20, 26214, 3]
[20, 26214, 2]
[25, 32768, 2]
[25, 32768, 14]
[25, 32768, 6]
[25, 32768, 9]
[25, 32768, 7]
[25, 32768, 3]
[25, 32768, 5]
[25, 32768, 8]
[25, 32768, 2]
[25, 32768, 5]
[25, 32768, 13]
[25, 32768, 3]
[25, 32768, 15]
[25, 32768, 12]
[25, 32768, 12]
[25, 32768, 11]
[25, 32768, 5]
[25, 32768, 4]
[25, 32768, 7]
[25, 32768, 3]
[25, 32768, 5]
[25, 32768, 5]
[25, 32768, 4]
[25, 32768, 5]
[25, 32768, 10]
[25, 32768, 11]
[25, 32768, 2]
[25, 32768, 13]
[25, 32768, 7]
[25, 32768, 11]
[25, 32768, 8]
[25, 32768, 1]
[25, 32768, 10]
[25, 32768, 9]
[25, 32768, 1]
[25, 32768, 6]
[25, 32768, 6]
[25, 32768, 8]
[25, 32768, 8]
[25, 32768, 6]
[25, 32768, 5]
[25, 32768, 5]
[25, 32768, 11]
[25, 32768, 7]
[25, 32768, 2]
[25, 32768, 3]
[25, 32768, 6]
[25, 32768, 7]
[25, 32768, 9]
[25, 32768, 11]
[25, 32768, 19]
[25, 32768, 12]
[25, 32768, 3]
[25, 32768, 16]
[25, 32768, 4]
[25, 32768, 11]
[25, 32768, 5]
[25, 32768, 6]
[25, 32768, 5]
[25, 32768, 3]
[25, 32768, 9]
[25, 32768, 4]
[25, 32768, 12]
[25, 32768, 8]
[25, 32768, 8]
[25, 32768, 6]
[25, 32768, 14]
[25, 32768, 13]
[25, 32768, 1]
[25, 32768, 7]
[25, 32768, 1]
[25, 32768, 10]
[25, 32768, 15]
[25, 32768, 5]
[25, 32768, 3]
[25, 32768, 0]
[25, 32768, 9]
[25, 32768, 1]
[25, 32768, 6]
[25, 32768, 6]
[25, 32768, 11]
[25, 32768, 3]
[25, 32768, 4]
[25, 32768, 8]
[25, 32768, 11]
[25, 32768, 30]
[25, 32768, 4]
[25, 32768, 18]
[25, 32768, 6]
[25, 32768, 13]
[25, 32768, 10]
[25, 32768, 9]
[25, 32768, 3]
[25, 32768, 4]
[25, 32768, 9]
[25, 32768, 12]
[25, 32768, 3]
[25, 32768, 12]
[25, 32768, 8]
[25, 32768, 4]
[30, 39321, 20]
[30, 39321, 24]
[30, 39321, 33]
[30, 39321, 35]
[30, 39321, 22]
[30, 39321, 12]
[30, 39321, 20]
[30, 39321, 17]
[30, 39321, 10]
[30, 39321, 11]
[30, 39321, 27]
[30, 39321, 17]
[30, 39321, 31]
[30, 39321, 29]
[30, 39321, 26]
[30, 39321, 23]
[30, 39321, 21]
[30, 39321, 19]
[30, 39321, 25]
[30, 39321, 24]
[30, 39321, 18]
[30, 39321, 21]
[30, 39321, 18]
[30, 39321, 36]
[30, 39321, 19]
[30, 39321, 25]
[30, 39321, 28]
[30, 39321, 18]
[30, 39321, 22]
[30, 39321, 34]
[30, 39321, 31]
[30, 39321, 10]
[30, 39321, 21]
[30, 39321, 35]
[30, 39321, 15]
[30, 39321, 25]
[30, 39321, 36]
[30, 39321, 15]
[30, 39321, 32]
[30, 39321, 31]
[30, 39321, 25]
[30, 39321, 33]
[30, 39321, 29]
[30, 39321, 29]
[30, 39321, 7]
[30, 39321, 13]
[30, 39321, 26]
[30, 39321, 17]
[30, 39321, 44]
[30, 39321, 26]
[30, 39321, 38]
[30, 39321, 21]
[30, 39321, 22]
[30, 39321, 30]
[30, 39321, 11]
[30, 39321, 26]
[30, 39321, 24]
[30, 39321, 26]
[30, 39321, 22]
[30, 39321, 23]
[30, 39321, 25]
[30, 39321, 18]
[30, 39321, 25]
[30, 39321, 22]
[30, 39321, 12]
[30, 39321, 29]
[30, 39321, 30]
[30, 39321, 24]
[30, 39321, 19]
[30, 39321, 20]
[30, 39321, 8]
[30, 39321, 26]
[30, 39321, 30]
[30, 39321, 28]
[30, 39321, 15]
[30, 39321, 9]
[30, 39321, 26]
[30, 39321, 20]
[30, 39321, 22]
[30, 39321, 26]
[30, 39321, 34]
[30, 39321, 17]
[30, 39321, 27]
[30, 39321, 38]
[30, 39321, 24]
[30, 39321, 58]
[30, 39321, 26]
[30, 39321, 37]
[30, 39321, 18]
[30, 39321, 37]
[30, 39321, 26]
[30, 39321, 32]
[30, 39321, 13]
[30, 39321, 19]
[30, 39321, 14]
[30, 39321, 17]
[30, 39321, 15]
[30, 39321, 37]
[30, 39321, 30]
[30, 39321, 16]
[35, 45875, 61]
[35, 45875, 57]
[35, 45875, 69]
[35, 45875, 72]
[35, 45875, 61]
[35, 45875, 74]
[35, 45875, 73]
[35, 45875, 62]
[35, 45875, 46]
[35, 45875, 40]
[35, 45875, 55]
[35, 45875, 55]
[35, 45875, 63]
[35, 45875, 88]
[35, 45875, 73]
[35, 45875, 79]
[35, 45875, 44]
[35, 45875, 71]
[35, 45875, 76]
[35, 45875, 57]
[35, 45875, 47]
[35, 45875, 56]
[35, 45875, 75]
[35, 45875, 76]
[35, 45875, 56]
[35, 45875, 46]
[35, 45875, 78]
[35, 45875, 55]
[35, 45875, 60]
[35, 45875, 76]
[35, 45875, 64]
[35, 45875, 48]
[35, 45875, 62]
[35, 45875, 80]
[35, 45875, 52]
[35, 45875, 60]
[35, 45875, 81]
[35, 45875, 35]
[35, 45875, 67]
[35, 45875, 76]
[35, 45875, 88]
[35, 45875, 53]
[35, 45875, 63]
[35, 45875, 81]
[35, 45875, 35]
[35, 45875, 45]
[35, 45875, 57]
[35, 45875, 49]
[35, 45875, 85]
[35, 45875, 70]
[35, 45875, 88]
[35, 45875, 59]
[35, 45875, 44]
[35, 45875, 60]
[35, 45875, 57]
[35, 45875, 70]
[35, 45875, 61]
[35, 45875, 63]
[35, 45875, 58]
[35, 45875, 86]
[35, 45875, 68]
[35, 45875, 62]
[35, 45875, 63]
[35, 45875, 69]
[35, 45875, 50]
[35, 45875, 53]
[35, 45875, 94]
[35, 45875, 54]
[35, 45875, 61]
[35, 45875, 48]
[35, 45875, 56]
[35, 45875, 64]
[35, 45875, 86]
[35, 45875, 60]
[35, 45875, 45]
[35, 45875, 41]
[35, 45875, 78]
[35, 45875, 57]
[35, 45875, 66]
[35, 45875, 52]
[35, 45875, 76]
[35, 45875, 48]
[35, 45875, 95]
[35, 45875, 75]
[35, 45875, 54]
[35, 45875, 103]
[35, 45875, 66]
[35, 45875, 75]
[35, 45875, 40]
[35, 45875, 80]
[35, 45875, 58]
[35, 45875, 77]
[35, 45875, 47]
[35, 45875, 68]
[35, 45875, 55]
[35, 45875, 40]
[35, 45875, 40]
[35, 45875, 93]
[35, 45875, 101]
[35, 45875, 58]
[40, 52428, 123]
[40, 52428, 150]
[40, 52428, 142]
[40, 52428, 156]
[40, 52428, 154]
[40, 52428, 166]
[40, 52428, 174]
[40, 52428, 146]
[40, 52428, 130]
[40, 52428, 161]
[40, 52428, 129]
[40, 52428, 175]
[40, 52428, 139]
[40, 52428, 202]
[40, 52428, 165]
[40, 52428, 178]
[40, 52428, 119]
[40, 52428, 190]
[40, 52428, 172]
[40, 52428, 131]
[40, 52428, 146]
[40, 52428, 136]
[40, 52428, 155]
[40, 52428, 156]
[40, 52428, 127]
[40, 52428, 143]
[40, 52428, 179]
[40, 52428, 138]
[40, 52428, 145]
[40, 52428, 146]
[40, 52428, 151]
[40, 52428, 146]
[40, 52428, 115]
[40, 52428, 184]
[40, 52428, 137]
[40, 52428, 161]
[40, 52428, 156]
[40, 52428, 132]
[40, 52428, 175]
[40, 52428, 156]
[40, 52428, 197]
[40, 52428, 148]
[40, 52428, 147]
[40, 52428, 173]
[40, 52428, 100]
[40, 52428, 122]
[40, 52428, 154]
[40, 52428, 128]
[40, 52428, 163]
[40, 52428, 149]
[40, 52428, 152]
[40, 52428, 131]
[40, 52428, 121]
[40, 52428, 130]
[40, 52428, 142]
[40, 52428, 165]
[40, 52428, 134]
[40, 52428, 159]
[40, 52428, 139]
[40, 52428, 189]
[40, 52428, 149]
[40, 52428, 165]
[40, 52428, 120]
[40, 52428, 152]
[40, 52428, 144]
[40, 52428, 145]
[40, 52428, 182]
[40, 52428, 162]
[40, 52428, 142]
[40, 52428, 131]
[40, 52428, 142]
[40, 52428, 134]
[40, 52428, 176]
[40, 52428, 116]
[40, 52428, 147]
[40, 52428, 110]
[40, 52428, 135]
[40, 52428, 183]
[40, 52428, 165]
[40, 52428, 145]
[40, 52428, 171]
[40, 52428, 133]
[40, 52428, 186]
[40, 52428, 161]
[40, 52428, 164]
[40, 52428, 170]
[40, 52428, 141]
[40, 52428, 158]
[40, 52428, 127]
[40, 52428, 158]
[40, 52428, 122]
[40, 52428, 150]
[40, 52428, 110]
[40, 52428, 152]
[40, 52428, 147]
[40, 52428, 141]
[40, 52428, 147]
[40, 52428, 210]
[40, 52428, 202]
[40, 52428, 165]
