[1, 1310, 1135]
[1, 1310, 1123]
[1, 1310, 1101]
[1, 1310, 1103]
[1, 1310, 1124]
[1, 1310, 1128]
[1, 1310, 1118]
[1, 1310, 1128]
[1, 1310, 1126]
[1, 1310, 1126]
[1, 1310, 1134]
[1, 1310, 1121]
[1, 1310, 1118]
[1, 1310, 1115]
[1, 1310, 1124]
[1, 1310, 1111]
[1, 1310, 1127]
[1, 1310, 1108]
[1, 1310, 1136]
[1, 1310, 1130]
[1, 1310, 1110]
[1, 1310, 1130]
[1, 1310, 1109]
[1, 1310, 1104]
[1, 1310, 1132]
[1, 1310, 1103]
[1, 1310, 1121]
[1, 1310, 1115]
[1, 1310, 1131]
[1, 1310, 1124]
[1, 1310, 1129]
[1, 1310, 1127]
[1, 1310, 1109]
[1, 1310, 1135]
[1, 1310, 1114]
[1, 1310, 1106]
[1, 1310, 1129]
[1, 1310, 1124]
[1, 1310, 1135]
[1, 1310, 1129]
[1, 1310, 1121]
[1, 1310, 1127]
[1, 1310, 1139]
[1, 1310, 1142]
[1, 1310, 1120]
[1, 1310, 1111]
[1, 1310, 1124]
[1, 1310, 1120]
[1, 1310, 1128]
[1, 1310, 1118]
[1, 1310, 1122]
[1, 1310, 1133]
[1, 1310, 1115]
[1, 1310, 1117]
[1, 1310, 1124]
[1, 1310, 1129]
[1, 1310, 1111]
[1, 1310, 1131]
[1, 1310, 1113]
[1, 1310, 1086]
[1, 1310, 1122]
[1, 1310, 1120]
[1, 1310, 1126]
[1, 1310, 1111]
[1, 1310, 1143]
[1, 1310, 1129]
[1, 1310, 1115]
[1, 1310, 1104]
[1, 1310, 1100]
[1, 1310, 1114]
[1, 1310, 1106]
[1, 1310, 1122]
[1, 1310, 1140]
[1, 1310, 1107]
[1, 1310, 1114]
[1, 1310, 1119]
[1, 1310, 1108]
[1, 1310, 1117]
[1, 1310, 1120]
[1, 1310, 1113]
[1, 1310, 1127]
[1, 1310, 1121]
[1, 1310, 1120]
[1, 1310, 1099]
[1, 1310, 1119]
[1, 1310, 1112]
[1, 1310, 1114]
[1, 1310, 1149]
[1, 1310, 1124]
[1, 1310, 1101]
[1, 1310, 1107]
[1, 1310, 1108]
[1, 1310, 1127]
[1, 1310, 1108]
[1, 1310, 1119]
[1, 1310, 1110]
[1, 1310, 1129]
[1, 1310, 1111]
[1, 1310, 1106]
[1, 1310, 1121]
[2, 2621, 2417]
[2, 2621, 2401]
[2, 2621, 2412]
[2, 2621, 2388]
[2, 2621, 2417]
[2, 2621, 2424]
[2, 2621, 2432]
[2, 2621, 2426]
[2, 2621, 2409]
[2, 2621, 2429]
[2, 2621, 2434]
[2, 2621, 2427]
[2, 2621, 2405]
[2, 2621, 2427]
[2, 2621, 2427]
[2, 2621, 2403]
[2, 2621, 2435]
[2, 2621, 2423]
[2, 2621, 2402]
[2, 2621, 2423]
[2, 2621, 2423]
[2, 2621, 2414]
[2, 2621, 2401]
[2, 2621, 2414]
[2, 2621, 2452]
[2, 2621, 2422]
[2, 2621, 2414]
[2, 2621, 2413]
[2, 2621, 2415]
[2, 2621, 2419]
[2, 2621, 2423]
[2, 2621, 2431]
[2, 2621, 2381]
[2, 2621, 2432]
[2, 2621, 2428]
[2, 2621, 2423]
[2, 2621, 2428]
[2, 2621, 2411]
[2, 2621, 2410]
[2, 2621, 2413]
[2, 2621, 2423]
[2, 2621, 2427]
[2, 2621, 2426]
[2, 2621, 2436]
[2, 2621, 2416]
[2, 2621, 2400]
[2, 2621, 2429]
[2, 2621, 2411]
[2, 2621, 2423]
[2, 2621, 2409]
[2, 2621, 2419]
[2, 2621, 2433]
[2, 2621, 2424]
[2, 2621, 2414]
[2, 2621, 2422]
[2, 2621, 2428]
[2, 2621, 2426]
[2, 2621, 2449]
[2, 2621, 2399]
[2, 2621, 2399]
[2, 2621, 2420]
[2, 2621, 2437]
[2, 2621, 2416]
[2, 2621, 2413]
[2, 2621, 2429]
[2, 2621, 2426]
[2, 2621, 2390]
[2, 2621, 2429]
[2, 2621, 2392]
[2, 2621, 2415]
[2, 2621, 2414]
[2, 2621, 2401]
[2, 2621, 2434]
[2, 2621, 2425]
[2, 2621, 2407]
[2, 2621, 2392]
[2, 2621, 2411]
[2, 2621, 2416]
[2, 2621, 2418]
[2, 2621, 2420]
[2, 2621, 2428]
[2, 2621, 2428]
[2, 2621, 2423]
[2, 2621, 2409]
[2, 2621, 2426]
[2, 2621, 2422]
[2, 2621, 2439]
[2, 2621, 2427]
[2, 2621, 2415]
[2, 2621, 2411]
[2, 2621, 2405]
[2, 2621, 2406]
[2, 2621, 2413]
[2, 2621, 2430]
[2, 2621, 2417]
[2, 2621, 2401]
[2, 2621, 2418]
[2, 2621, 2414]
[2, 2621, 2402]
[2, 2621, 2418]
[5, 6553, 6487]
[5, 6553, 6471]
[5, 6553, 6472]
[5, 6553, 6487]
[5, 6553, 6471]
[5, 6553, 6475]
[5, 6553, 6460]
[5, 6553, 6480]
[5, 6553, 6476]
[5, 6553, 6482]
[5, 6553, 6487]
[5, 6553, 6476]
[5, 6553, 6464]
[5, 6553, 6479]
[5, 6553, 6466]
[5, 6553, 6466]
[5, 6553, 6482]
[5, 6553, 6477]
[5, 6553, 6469]
[5, 6553, 6477]
[5, 6553, 6468]
[5, 6553, 6481]
[5, 6553, 6485]
[5, 6553, 6473]
[5, 6553, 6471]
[5, 6553, 6474]
[5, 6553, 6480]
[5, 6553, 6455]
[5, 6553, 6471]
[5, 6553, 6473]
[5, 6553, 6470]
[5, 6553, 6474]
[5, 6553, 6480]
[5, 6553, 6490]
[5, 6553, 6475]
[5, 6553, 6484]
[5, 6553, 6487]
[5, 6553, 6484]
[5, 6553, 6480]
[5, 6553, 6469]
[5, 6553, 6476]
[5, 6553, 6476]
[5, 6553, 6487]
[5, 6553, 6485]
[5, 6553, 6487]
[5, 6553, 6472]
[5, 6553, 6478]
[5, 6553, 6476]
[5, 6553, 6483]
[5, 6553, 6467]
[5, 6553, 6484]
[5, 6553, 6478]
[5, 6553, 6484]
[5, 6553, 6482]
[5, 6553, 6477]
[5, 6553, 6461]
[5, 6553, 6489]
[5, 6553, 6483]
[5, 6553, 6479]
[5, 6553, 6469]
[5, 6553, 6498]
[5, 6553, 6474]
[5, 6553, 6488]
[5, 6553, 6480]
[5, 6553, 6480]
[5, 6553, 6467]
[5, 6553, 6474]
[5, 6553, 6472]
[5, 6553, 6475]
[5, 6553, 6482]
[5, 6553, 6473]
[5, 6553, 6468]
[5, 6553, 6477]
[5, 6553, 6493]
[5, 6553, 6479]
[5, 6553, 6464]
[5, 6553, 6480]
[5, 6553, 6483]
[5, 6553, 6485]
[5, 6553, 6487]
[5, 6553, 6473]
[5, 6553, 6484]
[5, 6553, 6468]
[5, 6553, 6480]
[5, 6553, 6481]
[5, 6553, 6483]
[5, 6553, 6469]
[5, 6553, 6478]
[5, 6553, 6491]
[5, 6553, 6489]
[5, 6553, 6472]
[5, 6553, 6486]
[5, 6553, 6470]
[5, 6553, 6479]
[5, 6553, 6480]
[5, 6553, 6479]
[5, 6553, 6475]
[5, 6553, 6478]
[5, 6553, 6483]
[5, 6553, 6483]
[10, 13107, 13102]
[10, 13107, 13101]
[10, 13107, 13098]
[10, 13107, 13102]
[10, 13107, 13099]
[10, 13107, 13102]
[10, 13107, 13103]
[10, 13107, 13104]
[10, 13107, 13099]
[10, 13107, 13102]
[10, 13107, 13099]
[10, 13107, 13104]
[10, 13107, 13097]
[10, 13107, 13100]
[10, 13107, 13102]
[10, 13107, 13100]
[10, 13107, 13103]
[10, 13107, 13095]
[10, 13107, 13097]
[10, 13107, 13102]
[10, 13107, 13101]
[10, 13107, 13101]
[10, 13107, 13101]
[10, 13107, 13099]
[10, 13107, 13103]
[10, 13107, 13104]
[10, 13107, 13103]
[10, 13107, 13095]
[10, 13107, 13103]
[10, 13107, 13100]
[10, 13107, 13094]
[10, 13107, 13102]
[10, 13107, 13097]
[10, 13107, 13101]
[10, 13107, 13102]
[10, 13107, 13099]
[10, 13107, 13105]
[10, 13107, 13100]
[10, 13107, 13099]
[10, 13107, 13099]
[10, 13107, 13103]
[10, 13107, 13099]
[10, 13107, 13104]
[10, 13107, 13100]
[10, 13107, 13101]
[10, 13107, 13103]
[10, 13107, 13099]
[10, 13107, 13100]
[10, 13107, 13098]
[10, 13107, 13101]
[10, 13107, 13104]
[10, 13107, 13103]
[10, 13107, 13104]
[10, 13107, 13096]
[10, 13107, 13098]
[10, 13107, 13098]
[10, 13107, 13105]
[10, 13107, 13103]
[10, 13107, 13100]
[10, 13107, 13101]
[10, 13107, 13100]
[10, 13107, 13099]
[10, 13107, 13102]
[10, 13107, 13106]
[10, 13107, 13102]
[10, 13107, 13103]
[10, 13107, 13102]
[10, 13107, 13101]
[10, 13107, 13097]
[10, 13107, 13097]
[10, 13107, 13103]
[10, 13107, 13103]
[10, 13107, 13094]
[10, 13107, 13100]
[10, 13107, 13098]
[10, 13107, 13101]
[10, 13107, 13101]
[10, 13107, 13097]
[10, 13107, 13102]
[10, 13107, 13106]
[10, 13107, 13101]
[10, 13107, 13102]
[10, 13107, 13095]
[10, 13107, 13102]
[10, 13107, 13101]
[10, 13107, 13104]
[10, 13107, 13103]
[10, 13107, 13099]
[10, 13107, 13099]
[10, 13107, 13106]
[10, 13107, 13097]
[10, 13107, 13098]
[10, 13107, 13103]
[10, 13107, 13104]
[10, 13107, 13101]
[10, 13107, 13098]
[10, 13107, 13101]
[10, 13107, 13104]
[10, 13107, 13103]
[10, 13107, 13102]
[15, 19660, 19657]
[15, 19660, 19658]
[15, 19660, 19660]
[15, 19660, 19660]
[15, 19660, 19660]
[15, 19660, 19660]
[15, 19660, 19660]
[15, 19660, 19658]
[15, 19660, 19660]
[15, 19660, 19659]
[15, 19660, 19660]
[15, 19660, 19660]
[15, 19660, 19659]
[15, 19660, 19660]
[15, 19660, 19659]
[15, 19660, 19660]
[15, 19660, 19660]
[15, 19660, 19660]
[15, 19660, 19657]
[15, 19660, 19659]
[15, 19660, 19660]
[15, 19660, 19660]
[15, 19660, 19659]
[15, 19660, 19659]
[15, 19660, 19660]
[15, 19660, 19660]
[15, 19660, 19660]
[15, 19660, 19660]
[15, 19660, 19660]
[15, 19660, 19658]
[15, 19660, 19659]
[15, 19660, 19659]
[15, 19660, 19660]
[15, 19660, 19660]
[15, 19660, 19659]
[15, 19660, 19660]
[15, 19660, 19659]
[15, 19660, 19659]
[15, 19660, 19659]
[15, 19660, 19660]
[15, 19660, 19659]
[15, 19660, 19659]
[15, 19660, 19660]
[15, 19660, 19659]
[15, 19660, 19660]
[15, 19660, 19660]
[15, 19660, 19659]
[15, 19660, 19660]
[15, 19660, 19660]
[15, 19660, 19660]
[15, 19660, 19660]
[15, 19660, 19659]
[15, 19660, 19659]
[15, 19660, 19660]
[15, 19660, 19659]
[15, 19660, 19659]
[15, 19660, 19660]
[15, 19660, 19660]
[15, 19660, 19659]
[15, 19660, 19659]
[15, 19660, 19660]
[15, 19660, 19660]
[15, 19660, 19659]
[15, 19660, 19660]
[15, 19660, 19660]
[15, 19660, 19660]
[15, 19660, 19660]
[15, 19660, 19660]
[15, 19660, 19659]
[15, 19660, 19659]
[15, 19660, 19659]
[15, 19660, 19660]
[15, 19660, 19658]
[15, 19660, 19658]
[15, 19660, 19660]
[15, 19660, 19659]
[15, 19660, 19659]
[15, 19660, 19660]
[15, 19660, 19660]
[15, 19660, 19660]
[15, 19660, 19660]
[15, 19660, 19660]
[15, 19660, 19659]
[15, 19660, 19660]
[15, 19660, 19660]
[15, 19660, 19659]
[15, 19660, 19659]
[15, 19660, 19659]
[15, 19660, 19660]
[15, 19660, 19660]
[15, 19660, 19660]
[15, 19660, 19659]
[15, 19660, 19660]
[15, 19660, 19660]
[15, 19660, 19660]
[15, 19660, 19659]
[15, 19660, 19659]
[15, 19660, 19660]
[15, 19660, 19660]
[15, 19660, 19659]
[20, 26214, 26212]
[20, 26214, 26214]
[20, 26214, 26214]
[20, 26214, 26214]
[20, 26214, 26213]
[20, 26214, 26214]
[20, 26214, 26213]
[20, 26214, 26213]
[20, 26214, 26214]
[20, 26214, 26214]
[20, 26214, 26214]
[20, 26214, 26214]
[20, 26214, 26214]
[20, 26214, 26214]
[20, 26214, 26213]
[20, 26214, 26214]
[20, 26214, 26214]
[20, 26214, 26214]
[20, 26214, 26213]
[20, 26214, 26213]
[20, 26214, 26214]
[20, 26214, 26214]
[20, 26214, 26214]
[20, 26214, 26214]
[20, 26214, 26214]
[20, 26214, 26214]
[20, 26214, 26214]
[20, 26214, 26214]
[20, 26214, 26213]
[20, 26214, 26212]
[20, 26214, 26214]
[20, 26214, 26214]
[20, 26214, 26214]
[20, 26214, 26214]
[20, 26214, 26214]
[20, 26214, 26214]
[20, 26214, 26214]
[20, 26214, 26213]
[20, 26214, 26213]
[20, 26214, 26214]
[20, 26214, 26213]
[20, 26214, 26213]
[20, 26214, 26214]
[20, 26214, 26213]
[20, 26214, 26214]
[20, 26214, 26213]
[20, 26214, 26214]
[20, 26214, 26214]
[20, 26214, 26214]
[20, 26214, 26214]
[20, 26214, 26213]
[20, 26214, 26213]
[20, 26214, 26213]
[20, 26214, 26214]
[20, 26214, 26213]
[20, 26214, 26213]
[20, 26214, 26214]
[20, 26214, 26214]
[20, 26214, 26213]
[20, 26214, 26213]
[20, 26214, 26214]
[20, 26214, 26214]
[20, 26214, 26213]
[20, 26214, 26214]
[20, 26214, 26214]
[20, 26214, 26213]
[20, 26214, 26214]
[20, 26214, 26214]
[20, 26214, 26214]
[20, 26214, 26213]
[20, 26214, 26214]
[20, 26214, 26214]
[20, 26214, 26212]
[20, 26214, 26214]
[20, 26214, 26214]
[20, 26214, 26213]
[20, 26214, 26213]
[20, 26214, 26214]
[20, 26214, 26214]
[20, 26214, 26214]
[20, 26214, 26214]
[20, 26214, 26214]
[20, 26214, 26214]
[20, 26214, 26214]
[20, 26214, 26214]
[20, 26214, 26213]
[20, 26214, 26214]
[20, 26214, 26214]
[20, 26214, 26213]
[20, 26214, 26214]
[20, 26214, 26214]
[20, 26214, 26213]
[20, 26214, 26214]
[20, 26214, 26214]
[20, 26214, 26214]
[20, 26214, 26213]
[20, 26214, 26213]
[20, 26214, 26213]
[20, 26214, 26214]
[20, 26214, 26213]
[25, 32768, 32766]
[25, 32768, 32768]
[25, 32768, 32768]
[25, 32768, 32768]
[25, 32768, 32767]
[25, 32768, 32768]
[25, 32768, 32767]
[25, 32768, 32766]
[25, 32768, 32768]
[25, 32768, 32768]
[25, 32768, 32768]
[25, 32768, 32768]
[25, 32768, 32768]
[25, 32768, 32768]
[25, 32768, 32767]
[25, 32768, 32768]
[25, 32768, 32768]
[25, 32768, 32768]
[25, 32768, 32767]
[25, 32768, 32766]
[25, 32768, 32768]
[25, 32768, 32768]
[25, 32768, 32768]
[25, 32768, 32768]
[25, 32768, 32768]
[25, 32768, 32767]
[25, 32768, 32768]
[25, 32768, 32768]
[25, 32768, 32767]
[25, 32768, 32766]
[25, 32768, 32768]
[25, 32768, 32768]
[25, 32768, 32768]
[25, 32768, 32768]
[25, 32768, 32768]
[25, 32768, 32767]
[25, 32768, 32768]
[25, 32768, 32767]
[25, 32768, 32766]
[25, 32768, 32768]
[25, 32768, 32767]
[25, 32768, 32767]
[25, 32768, 32768]
[25, 32768, 32767]
[25, 32768, 32768]
[25, 32768, 32767]
[25, 32768, 32768]
[25, 32768, 32768]
[25, 32768, 32767]
[25, 32768, 32768]
[25, 32768, 32767]
[25, 32768, 32767]
[25, 32768, 32767]
[25, 32768, 32768]
[25, 32768, 32767]
[25, 32768, 32767]
[25, 32768, 32768]
[25, 32768, 32768]
[25, 32768, 32767]
[25, 32768, 32768]
[25, 32768, 32768]
[25, 32768, 32768]
[25, 32768, 32767]
[25, 32768, 32767]
[25, 32768, 32768]
[25, 32768, 32767]
[25, 32768, 32767]
[25, 32768, 32768]
[25, 32768, 32768]
[25, 32768, 32767]
[25, 32768, 32768]
[25, 32768, 32768]
[25, 32768, 32766]
[25, 32768, 32768]
[25, 32768, 32768]
[25, 32768, 32767]
[25, 32768, 32767]
[25, 32768, 32768]
[25, 32768, 32768]
[25, 32768, 32768]
[25, 32768, 32768]
[25, 32768, 32768]
[25, 32768, 32768]
[25, 32768, 32768]
[25, 32768, 32768]
[25, 32768, 32767]
[25, 32768, 32768]
[25, 32768, 32768]
[25, 32768, 32767]
[25, 32768, 32768]
[25, 32768, 32767]
[25, 32768, 32767]
[25, 32768, 32768]
[25, 32768, 32768]
[25, 32768, 32768]
[25, 32768, 32767]
[25, 32768, 32766]
[25, 32768, 32767]
[25, 32768, 32768]
[25, 32768, 32767]
[30, 39321, 39319]
[30, 39321, 39320]
[30, 39321, 39321]
[30, 39321, 39321]
[30, 39321, 39320]
[30, 39321, 39321]
[30, 39321, 39320]
[30, 39321, 39319]
[30, 39321, 39321]
[30, 39321, 39321]
[30, 39321, 39321]
[30, 39321, 39321]
[30, 39321, 39321]
[30, 39321, 39321]
[30, 39321, 39320]
[30, 39321, 39321]
[30, 39321, 39321]
[30, 39321, 39321]
[30, 39321, 39320]
[30, 39321, 39319]
[30, 39321, 39321]
[30, 39321, 39321]
[30, 39321, 39321]
[30, 39321, 39321]
[30, 39321, 39320]
[30, 39321, 39320]
[30, 39321, 39321]
[30, 39321, 39321]
[30, 39321, 39320]
[30, 39321, 39319]
[30, 39321, 39321]
[30, 39321, 39321]
[30, 39321, 39321]
[30, 39321, 39321]
[30, 39321, 39321]
[30, 39321, 39320]
[30, 39321, 39321]
[30, 39321, 39320]
[30, 39321, 39318]
[30, 39321, 39321]
[30, 39321, 39320]
[30, 39321, 39320]
[30, 39321, 39321]
[30, 39321, 39320]
[30, 39321, 39321]
[30, 39321, 39320]
[30, 39321, 39321]
[30, 39321, 39321]
[30, 39321, 39320]
[30, 39321, 39321]
[30, 39321, 39320]
[30, 39321, 39320]
[30, 39321, 39320]
[30, 39321, 39321]
[30, 39321, 39320]
[30, 39321, 39320]
[30, 39321, 39321]
[30, 39321, 39321]
[30, 39321, 39320]
[30, 39321, 39321]
[30, 39321, 39321]
[30, 39321, 39320]
[30, 39321, 39320]
[30, 39321, 39320]
[30, 39321, 39321]
[30, 39321, 39320]
[30, 39321, 39320]
[30, 39321, 39321]
[30, 39321, 39321]
[30, 39321, 39320]
[30, 39321, 39321]
[30, 39321, 39321]
[30, 39321, 39318]
[30, 39321, 39321]
[30, 39321, 39321]
[30, 39321, 39320]
[30, 39321, 39320]
[30, 39321, 39321]
[30, 39321, 39321]
[30, 39321, 39321]
[30, 39321, 39321]
[30, 39321, 39321]
[30, 39321, 39321]
[30, 39321, 39321]
[30, 39321, 39321]
[30, 39321, 39320]
[30, 39321, 39320]
[30, 39321, 39321]
[30, 39321, 39320]
[30, 39321, 39321]
[30, 39321, 39320]
[30, 39321, 39320]
[30, 39321, 39321]
[30, 39321, 39321]
[30, 39321, 39321]
[30, 39321, 39320]
[30, 39321, 39319]
[30, 39321, 39320]
[30, 39321, 39321]
[30, 39321, 39320]
[35, 45875, 45873]
[35, 45875, 45874]
[35, 45875, 45875]
[35, 45875, 45875]
[35, 45875, 45873]
[35, 45875, 45875]
[35, 45875, 45874]
[35, 45875, 45873]
[35, 45875, 45875]
[35, 45875, 45875]
[35, 45875, 45875]
[35, 45875, 45875]
[35, 45875, 45875]
[35, 45875, 45875]
[35, 45875, 45874]
[35, 45875, 45875]
[35, 45875, 45874]
[35, 45875, 45875]
[35, 45875, 45874]
[35, 45875, 45873]
[35, 45875, 45875]
[35, 45875, 45875]
[35, 45875, 45875]
[35, 45875, 45875]
[35, 45875, 45874]
[35, 45875, 45873]
[35, 45875, 45875]
[35, 45875, 45875]
[35, 45875, 45873]
[35, 45875, 45873]
[35, 45875, 45875]
[35, 45875, 45875]
[35, 45875, 45875]
[35, 45875, 45875]
[35, 45875, 45875]
[35, 45875, 45874]
[35, 45875, 45875]
[35, 45875, 45873]
[35, 45875, 45872]
[35, 45875, 45875]
[35, 45875, 45874]
[35, 45875, 45874]
[35, 45875, 45875]
[35, 45875, 45874]
[35, 45875, 45875]
[35, 45875, 45874]
[35, 45875, 45874]
[35, 45875, 45875]
[35, 45875, 45874]
[35, 45875, 45875]
[35, 45875, 45874]
[35, 45875, 45874]
[35, 45875, 45874]
[35, 45875, 45875]
[35, 45875, 45873]
[35, 45875, 45874]
[35, 45875, 45874]
[35, 45875, 45875]
[35, 45875, 45874]
[35, 45875, 45874]
[35, 45875, 45875]
[35, 45875, 45874]
[35, 45875, 45874]
[35, 45875, 45874]
[35, 45875, 45875]
[35, 45875, 45874]
[35, 45875, 45874]
[35, 45875, 45875]
[35, 45875, 45875]
[35, 45875, 45873]
[35, 45875, 45875]
[35, 45875, 45875]
[35, 45875, 45872]
[35, 45875, 45875]
[35, 45875, 45875]
[35, 45875, 45874]
[35, 45875, 45874]
[35, 45875, 45875]
[35, 45875, 45875]
[35, 45875, 45875]
[35, 45875, 45875]
[35, 45875, 45875]
[35, 45875, 45875]
[35, 45875, 45875]
[35, 45875, 45875]
[35, 45875, 45874]
[35, 45875, 45874]
[35, 45875, 45875]
[35, 45875, 45874]
[35, 45875, 45875]
[35, 45875, 45874]
[35, 45875, 45874]
[35, 45875, 45875]
[35, 45875, 45875]
[35, 45875, 45875]
[35, 45875, 45874]
[35, 45875, 45873]
[35, 45875, 45874]
[35, 45875, 45875]
[35, 45875, 45874]
[40, 52428, 52426]
[40, 52428, 52427]
[40, 52428, 52427]
[40, 52428, 52427]
[40, 52428, 52426]
[40, 52428, 52428]
[40, 52428, 52427]
[40, 52428, 52426]
[40, 52428, 52428]
[40, 52428, 52428]
[40, 52428, 52428]
[40, 52428, 52428]
[40, 52428, 52428]
[40, 52428, 52428]
[40, 52428, 52427]
[40, 52428, 52428]
[40, 52428, 52427]
[40, 52428, 52428]
[40, 52428, 52427]
[40, 52428, 52426]
[40, 52428, 52428]
[40, 52428, 52427]
[40, 52428, 52427]
[40, 52428, 52428]
[40, 52428, 52427]
[40, 52428, 52426]
[40, 52428, 52428]
[40, 52428, 52428]
[40, 52428, 52426]
[40, 52428, 52426]
[40, 52428, 52428]
[40, 52428, 52427]
[40, 52428, 52428]
[40, 52428, 52428]
[40, 52428, 52428]
[40, 52428, 52426]
[40, 52428, 52428]
[40, 52428, 52426]
[40, 52428, 52425]
[40, 52428, 52427]
[40, 52428, 52427]
[40, 52428, 52427]
[40, 52428, 52428]
[40, 52428, 52427]
[40, 52428, 52428]
[40, 52428, 52427]
[40, 52428, 52427]
[40, 52428, 52428]
[40, 52428, 52426]
[40, 52428, 52428]
[40, 52428, 52427]
[40, 52428, 52427]
[40, 52428, 52427]
[40, 52428, 52428]
[40, 52428, 52425]
[40, 52428, 52426]
[40, 52428, 52427]
[40, 52428, 52428]
[40, 52428, 52427]
[40, 52428, 52427]
[40, 52428, 52428]
[40, 52428, 52427]
[40, 52428, 52427]
[40, 52428, 52427]
[40, 52428, 52428]
[40, 52428, 52427]
[40, 52428, 52427]
[40, 52428, 52428]
[40, 52428, 52428]
[40, 52428, 52426]
[40, 52428, 52428]
[40, 52428, 52428]
[40, 52428, 52425]
[40, 52428, 52428]
[40, 52428, 52428]
[40, 52428, 52427]
[40, 52428, 52427]
[40, 52428, 52428]
[40, 52428, 52428]
[40, 52428, 52428]
[40, 52428, 52428]
[40, 52428, 52428]
[40, 52428, 52428]
[40, 52428, 52428]
[40, 52428, 52427]
[40, 52428, 52427]
[40, 52428, 52427]
[40, 52428, 52428]
[40, 52428, 52427]
[40, 52428, 52428]
[40, 52428, 52427]
[40, 52428, 52427]
[40, 52428, 52428]
[40, 52428, 52428]
[40, 52428, 52428]
[40, 52428, 52427]
[40, 52428, 52426]
[40, 52428, 52427]
[40, 52428, 52427]
[40, 52428, 52427]
