[1, 1310, 9, 8, 4, 4]
[1, 1310, 2, 7, 2, 8]
[1, 1310, 8, 2, 3, 3]
[1, 1310, 4, 6, 7, 3]
[1, 1310, 4, 2, 6, 3]
[1, 1310, 4, 6, 8, 3]
[1, 1310, 7, 2, 2, 4]
[1, 1310, 2, 7, 1, 3]
[1, 1310, 8, 6, 2, 4]
[1, 1310, 1, 8, 8, 5]
[1, 1310, 4, 5, 7, 6]
[1, 1310, 2, 3, 3, 5]
[1, 1310, 7, 6, 3, 7]
[1, 1310, 4, 0, 5, 8]
[1, 1310, 4, 5, 2, 1]
[1, 1310, 4, 9, 6, 2]
[1, 1310, 9, 1, 1, 8]
[1, 1310, 5, 3, 2, 3]
[1, 1310, 2, 3, 2, 2]
[1, 1310, 7, 2, 8, 6]
[1, 1310, 7, 5, 12, 3]
[1, 1310, 3, 3, 4, 3]
[1, 1310, 2, 4, 4, 9]
[1, 1310, 2, 7, 9, 4]
[1, 1310, 8, 5, 2, 4]
[1, 1310, 2, 8, 12, 3]
[1, 1310, 2, 4, 2, 4]
[1, 1310, 5, 5, 0, 5]
[1, 1310, 1, 7, 0, 4]
[1, 1310, 1, 2, 5, 5]
[1, 1310, 6, 4, 3, 5]
[1, 1310, 2, 4, 4, 9]
[1, 1310, 4, 6, 5, 4]
[1, 1310, 4, 7, 3, 4]
[1, 1310, 6, 7, 6, 3]
[1, 1310, 3, 5, 1, 3]
[1, 1310, 6, 2, 9, 5]
[1, 1310, 0, 3, 6, 6]
[1, 1310, 3, 9, 5, 1]
[1, 1310, 4, 7, 10, 1]
[1, 1310, 2, 3, 7, 5]
[1, 1310, 4, 2, 2, 5]
[1, 1310, 6, 3, 4, 6]
[1, 1310, 3, 3, 6, 1]
[1, 1310, 3, 7, 6, 5]
[1, 1310, 5, 3, 4, 0]
[1, 1310, 2, 6, 8, 4]
[1, 1310, 2, 8, 3, 9]
[1, 1310, 6, 4, 3, 7]
[1, 1310, 5, 3, 8, 0]
[1, 1310, 4, 9, 7, 9]
[1, 1310, 2, 4, 5, 7]
[1, 1310, 8, 4, 4, 4]
[1, 1310, 4, 1, 3, 2]
[1, 1310, 4, 5, 2, 4]
[1, 1310, 3, 1, 2, 2]
[1, 1310, 3, 3, 6, 5]
[1, 1310, 11, 9, 3, 2]
[1, 1310, 5, 4, 2, 8]
[1, 1310, 6, 1, 2, 8]
[1, 1310, 7, 5, 4, 6]
[1, 1310, 5, 7, 10, 3]
[1, 1310, 6, 5, 5, 8]
[1, 1310, 2, 3, 8, 5]
[1, 1310, 11, 3, 4, 1]
[1, 1310, 2, 2, 8, 1]
[1, 1310, 7, 5, 0, 5]
[1, 1310, 4, 8, 8, 3]
[1, 1310, 10, 8, 4, 7]
[1, 1310, 3, 7, 5, 3]
[1, 1310, 4, 5, 2, 5]
[1, 1310, 4, 2, 4, 3]
[1, 1310, 2, 1, 5, 5]
[1, 1310, 7, 1, 2, 1]
[1, 1310, 4, 8, 7, 4]
[1, 1310, 6, 6, 5, 9]
[1, 1310, 6, 6, 1, 4]
[1, 1310, 4, 7, 4, 13]
[1, 1310, 5, 6, 8, 3]
[1, 1310, 6, 5, 3, 0]
[1, 1310, 1, 5, 5, 5]
[1, 1310, 3, 8, 6, 2]
[1, 1310, 4, 8, 4, 6]
[1, 1310, 4, 4, 8, 2]
[1, 1310, 7, 2, 0, 3]
[1, 1310, 9, 6, 5, 2]
[1, 1310, 4, 6, 4, 8]
[1, 1310, 1, 2, 3, 4]
[1, 1310, 2, 2, 3, 8]
[1, 1310, 6, 16, 4, 2]
[1, 1310, 4, 2, 1, 4]
[1, 1310, 3, 7, 1, 3]
[1, 1310, 12, 8, 1, 0]
[1, 1310, 3, 1, 8, 7]
[1, 1310, 0, 3, 4, 5]
[1, 1310, 5, 5, 1, 6]
[1, 1310, 6, 4, 7, 4]
[1, 1310, 3, 3, 5, 4]
[1, 1310, 4, 6, 6, 6]
[1, 1310, 5, 3, 5, 5]
[2, 2621, 28, 15, 14, 19]
[2, 2621, 16, 20, 12, 19]
[2, 2621, 14, 9, 7, 24]
[2, 2621, 19, 18, 10, 10]
[2, 2621, 17, 18, 16, 17]
[2, 2621, 16, 20, 19, 15]
[2, 2621, 15, 12, 15, 9]
[2, 2621, 20, 18, 8, 17]
[2, 2621, 21, 15, 24, 14]
[2, 2621, 13, 26, 17, 18]
[2, 2621, 14, 8, 20, 17]
[2, 2621, 9, 17, 13, 16]
[2, 2621, 20, 19, 24, 16]
[2, 2621, 10, 26, 18, 16]
[2, 2621, 9, 11, 15, 10]
[2, 2621, 13, 19, 29, 10]
[2, 2621, 25, 14, 16, 17]
[2, 2621, 23, 18, 10, 11]
[2, 2621, 9, 14, 27, 17]
[2, 2621, 17, 8, 16, 16]
[2, 2621, 19, 14, 19, 9]
[2, 2621, 14, 21, 14, 15]
[2, 2621, 18, 16, 22, 20]
[2, 2621, 12, 12, 14, 21]
[2, 2621, 26, 19, 14, 19]
[2, 2621, 11, 9, 36, 6]
[2, 2621, 26, 20, 10, 18]
[2, 2621, 18, 17, 18, 21]
[2, 2621, 6, 30, 11, 15]
[2, 2621, 17, 14, 21, 10]
[2, 2621, 20, 12, 20, 13]
[2, 2621, 10, 14, 16, 16]
[2, 2621, 15, 14, 11, 12]
[2, 2621, 12, 17, 19, 15]
[2, 2621, 14, 22, 18, 13]
[2, 2621, 14, 10, 13, 11]
[2, 2621, 13, 12, 28, 12]
[2, 2621, 14, 15, 8, 13]
[2, 2621, 18, 33, 17, 12]
[2, 2621, 14, 22, 28, 22]
[2, 2621, 10, 25, 21, 18]
[2, 2621, 15, 16, 16, 15]
[2, 2621, 11, 13, 17, 21]
[2, 2621, 14, 25, 18, 15]
[2, 2621, 14, 5, 12, 15]
[2, 2621, 20, 24, 19, 17]
[2, 2621, 13, 18, 25, 17]
[2, 2621, 15, 19, 19, 21]
[2, 2621, 23, 12, 20, 15]
[2, 2621, 17, 16, 23, 9]
[2, 2621, 15, 24, 30, 13]
[2, 2621, 10, 20, 24, 11]
[2, 2621, 20, 10, 13, 15]
[2, 2621, 11, 29, 11, 22]
[2, 2621, 13, 15, 19, 14]
[2, 2621, 13, 11, 11, 14]
[2, 2621, 24, 16, 16, 19]
[2, 2621, 21, 24, 21, 12]
[2, 2621, 18, 14, 11, 22]
[2, 2621, 15, 26, 10, 14]
[2, 2621, 22, 25, 13, 9]
[2, 2621, 15, 20, 27, 15]
[2, 2621, 16, 12, 11, 24]
[2, 2621, 11, 15, 17, 22]
[2, 2621, 31, 10, 10, 13]
[2, 2621, 12, 16, 19, 16]
[2, 2621, 15, 20, 20, 24]
[2, 2621, 11, 12, 13, 19]
[2, 2621, 35, 31, 14, 20]
[2, 2621, 23, 10, 18, 22]
[2, 2621, 25, 14, 18, 15]
[2, 2621, 28, 8, 32, 23]
[2, 2621, 13, 9, 24, 13]
[2, 2621, 19, 20, 10, 9]
[2, 2621, 10, 15, 16, 11]
[2, 2621, 21, 21, 14, 28]
[2, 2621, 22, 17, 19, 19]
[2, 2621, 14, 15, 16, 29]
[2, 2621, 18, 15, 24, 14]
[2, 2621, 16, 15, 19, 15]
[2, 2621, 8, 20, 17, 22]
[2, 2621, 33, 18, 25, 7]
[2, 2621, 12, 24, 13, 16]
[2, 2621, 12, 24, 28, 9]
[2, 2621, 15, 12, 11, 7]
[2, 2621, 33, 29, 9, 14]
[2, 2621, 8, 17, 14, 16]
[2, 2621, 15, 17, 12, 12]
[2, 2621, 9, 6, 17, 17]
[2, 2621, 17, 20, 15, 13]
[2, 2621, 13, 12, 10, 15]
[2, 2621, 16, 17, 15, 24]
[2, 2621, 26, 25, 6, 9]
[2, 2621, 17, 14, 20, 24]
[2, 2621, 7, 18, 23, 15]
[2, 2621, 10, 11, 16, 14]
[2, 2621, 20, 22, 15, 14]
[2, 2621, 15, 10, 22, 13]
[2, 2621, 13, 20, 20, 22]
[2, 2621, 16, 16, 17, 15]
[5, 6553, 130, 120, 115, 105]
[5, 6553, 114, 117, 91, 122]
[5, 6553, 98, 104, 95, 143]
[5, 6553, 121, 117, 122, 101]
[5, 6553, 109, 109, 111, 121]
[5, 6553, 122, 105, 117, 123]
[5, 6553, 120, 134, 116, 92]
[5, 6553, 126, 118, 94, 124]
[5, 6553, 141, 157, 125, 123]
[5, 6553, 107, 117, 114, 112]
[5, 6553, 99, 105, 126, 129]
[5, 6553, 105, 122, 120, 132]
[5, 6553, 97, 130, 105, 114]
[5, 6553, 116, 119, 123, 150]
[5, 6553, 112, 120, 121, 106]
[5, 6553, 115, 126, 113, 99]
[5, 6553, 121, 107, 109, 95]
[5, 6553, 126, 131, 100, 149]
[5, 6553, 115, 119, 124, 116]
[5, 6553, 99, 113, 114, 112]
[5, 6553, 144, 94, 139, 104]
[5, 6553, 112, 147, 98, 110]
[5, 6553, 119, 125, 111, 103]
[5, 6553, 135, 105, 102, 137]
[5, 6553, 109, 126, 112, 138]
[5, 6553, 89, 120, 151, 98]
[5, 6553, 132, 106, 121, 101]
[5, 6553, 146, 102, 108, 97]
[5, 6553, 117, 148, 95, 131]
[5, 6553, 115, 85, 98, 126]
[5, 6553, 131, 103, 129, 115]
[5, 6553, 98, 120, 113, 128]
[5, 6553, 132, 136, 95, 110]
[5, 6553, 138, 135, 113, 104]
[5, 6553, 136, 124, 119, 121]
[5, 6553, 117, 109, 77, 104]
[5, 6553, 102, 113, 149, 114]
[5, 6553, 111, 121, 122, 107]
[5, 6553, 97, 140, 115, 116]
[5, 6553, 90, 130, 126, 117]
[5, 6553, 119, 132, 116, 123]
[5, 6553, 139, 93, 137, 141]
[5, 6553, 101, 112, 101, 140]
[5, 6553, 141, 129, 122, 116]
[5, 6553, 109, 114, 126, 81]
[5, 6553, 106, 111, 118, 119]
[5, 6553, 98, 132, 125, 134]
[5, 6553, 123, 146, 137, 120]
[5, 6553, 112, 107, 114, 118]
[5, 6553, 106, 98, 108, 125]
[5, 6553, 112, 121, 128, 133]
[5, 6553, 113, 136, 106, 128]
[5, 6553, 96, 103, 137, 103]
[5, 6553, 132, 115, 122, 116]
[5, 6553, 126, 104, 114, 109]
[5, 6553, 114, 95, 100, 122]
[5, 6553, 130, 147, 93, 96]
[5, 6553, 133, 118, 133, 87]
[5, 6553, 108, 129, 121, 127]
[5, 6553, 112, 111, 103, 140]
[5, 6553, 120, 141, 130, 90]
[5, 6553, 146, 128, 125, 115]
[5, 6553, 105, 119, 110, 141]
[5, 6553, 117, 99, 110, 127]
[5, 6553, 137, 106, 92, 111]
[5, 6553, 91, 107, 118, 111]
[5, 6553, 112, 123, 127, 144]
[5, 6553, 118, 117, 113, 128]
[5, 6553, 122, 136, 81, 140]
[5, 6553, 124, 132, 130, 108]
[5, 6553, 137, 115, 104, 114]
[5, 6553, 92, 105, 130, 149]
[5, 6553, 101, 111, 131, 104]
[5, 6553, 117, 103, 100, 88]
[5, 6553, 113, 134, 118, 97]
[5, 6553, 112, 135, 123, 119]
[5, 6553, 114, 147, 119, 116]
[5, 6553, 115, 118, 128, 134]
[5, 6553, 126, 133, 108, 115]
[5, 6553, 112, 115, 118, 133]
[5, 6553, 101, 124, 109, 138]
[5, 6553, 141, 93, 113, 124]
[5, 6553, 103, 120, 115, 112]
[5, 6553, 109, 108, 146, 87]
[5, 6553, 93, 123, 120, 125]
[5, 6553, 128, 117, 101, 101]
[5, 6553, 101, 109, 121, 131]
[5, 6553, 115, 134, 121, 85]
[5, 6553, 108, 84, 97, 119]
[5, 6553, 138, 144, 146, 112]
[5, 6553, 138, 131, 86, 110]
[5, 6553, 141, 104, 129, 121]
[5, 6553, 137, 117, 78, 77]
[5, 6553, 124, 111, 126, 111]
[5, 6553, 111, 133, 115, 126]
[5, 6553, 113, 125, 105, 104]
[5, 6553, 132, 93, 89, 121]
[5, 6553, 102, 126, 125, 116]
[5, 6553, 121, 129, 96, 136]
[5, 6553, 98, 115, 112, 130]
[10, 13107, 571, 568, 599, 595]
[10, 13107, 567, 607, 494, 536]
[10, 13107, 555, 590, 505, 618]
[10, 13107, 579, 583, 586, 530]
[10, 13107, 568, 578, 488, 583]
[10, 13107, 552, 548, 494, 610]
[10, 13107, 494, 618, 542, 536]
[10, 13107, 617, 518, 591, 582]
[10, 13107, 628, 608, 574, 550]
[10, 13107, 565, 566, 579, 540]
[10, 13107, 509, 566, 540, 585]
[10, 13107, 548, 612, 623, 541]
[10, 13107, 574, 548, 540, 551]
[10, 13107, 552, 585, 590, 545]
[10, 13107, 589, 578, 563, 553]
[10, 13107, 534, 542, 583, 518]
[10, 13107, 564, 565, 573, 514]
[10, 13107, 529, 570, 552, 573]
[10, 13107, 534, 603, 529, 585]
[10, 13107, 546, 595, 573, 531]
[10, 13107, 587, 572, 622, 567]
[10, 13107, 583, 612, 528, 572]
[10, 13107, 519, 571, 593, 597]
[10, 13107, 604, 548, 535, 558]
[10, 13107, 534, 579, 523, 578]
[10, 13107, 570, 593, 560, 545]
[10, 13107, 538, 550, 491, 539]
[10, 13107, 658, 512, 580, 507]
[10, 13107, 538, 613, 567, 555]
[10, 13107, 581, 521, 556, 551]
[10, 13107, 590, 538, 590, 589]
[10, 13107, 563, 575, 539, 588]
[10, 13107, 594, 644, 513, 543]
[10, 13107, 605, 575, 603, 550]
[10, 13107, 585, 593, 559, 623]
[10, 13107, 534, 550, 521, 597]
[10, 13107, 513, 522, 646, 558]
[10, 13107, 551, 553, 609, 541]
[10, 13107, 499, 599, 573, 596]
[10, 13107, 553, 567, 567, 574]
[10, 13107, 553, 603, 528, 553]
[10, 13107, 566, 546, 598, 571]
[10, 13107, 539, 520, 592, 589]
[10, 13107, 597, 590, 562, 529]
[10, 13107, 549, 571, 551, 513]
[10, 13107, 536, 586, 533, 550]
[10, 13107, 568, 632, 550, 536]
[10, 13107, 657, 590, 562, 612]
[10, 13107, 587, 566, 504, 540]
[10, 13107, 561, 518, 561, 510]
[10, 13107, 576, 551, 574, 633]
[10, 13107, 529, 590, 542, 591]
[10, 13107, 607, 595, 560, 542]
[10, 13107, 645, 456, 541, 609]
[10, 13107, 537, 557, 604, 526]
[10, 13107, 634, 520, 563, 550]
[10, 13107, 644, 651, 537, 516]
[10, 13107, 594, 566, 567, 470]
[10, 13107, 579, 555, 561, 614]
[10, 13107, 572, 605, 508, 630]
[10, 13107, 532, 632, 569, 541]
[10, 13107, 576, 633, 623, 558]
[10, 13107, 544, 580, 534, 652]
[10, 13107, 597, 518, 535, 575]
[10, 13107, 563, 573, 532, 590]
[10, 13107, 543, 510, 536, 622]
[10, 13107, 500, 586, 569, 637]
[10, 13107, 542, 545, 597, 572]
[10, 13107, 588, 601, 539, 609]
[10, 13107, 617, 622, 632, 508]
[10, 13107, 622, 598, 547, 554]
[10, 13107, 534, 539, 585, 583]
[10, 13107, 523, 596, 582, 518]
[10, 13107, 581, 516, 553, 525]
[10, 13107, 587, 571, 568, 557]
[10, 13107, 593, 590, 573, 617]
[10, 13107, 538, 580, 536, 559]
[10, 13107, 564, 568, 595, 584]
[10, 13107, 626, 581, 490, 552]
[10, 13107, 568, 571, 537, 579]
[10, 13107, 573, 601, 576, 497]
[10, 13107, 645, 563, 543, 537]
[10, 13107, 544, 521, 597, 561]
[10, 13107, 552, 525, 569, 547]
[10, 13107, 526, 580, 591, 613]
[10, 13107, 612, 580, 534, 499]
[10, 13107, 582, 567, 549, 582]
[10, 13107, 542, 540, 609, 521]
[10, 13107, 567, 609, 525, 539]
[10, 13107, 597, 524, 626, 594]
[10, 13107, 540, 559, 496, 528]
[10, 13107, 616, 510, 583, 592]
[10, 13107, 579, 538, 547, 568]
[10, 13107, 538, 548, 577, 585]
[10, 13107, 573, 572, 519, 578]
[10, 13107, 599, 537, 515, 575]
[10, 13107, 617, 570, 535, 509]
[10, 13107, 543, 531, 613, 552]
[10, 13107, 537, 562, 595, 566]
[10, 13107, 516, 554, 535, 600]
[15, 19660, 1408, 1427, 1422, 1411]
[15, 19660, 1429, 1459, 1300, 1300]
[15, 19660, 1423, 1378, 1315, 1492]
[15, 19660, 1408, 1411, 1389, 1357]
[15, 19660, 1344, 1337, 1357, 1479]
[15, 19660, 1402, 1310, 1316, 1468]
[15, 19660, 1342, 1481, 1366, 1363]
[15, 19660, 1371, 1364, 1431, 1457]
[15, 19660, 1469, 1428, 1376, 1370]
[15, 19660, 1423, 1386, 1491, 1341]
[15, 19660, 1279, 1352, 1407, 1389]
[15, 19660, 1352, 1471, 1430, 1345]
[15, 19660, 1477, 1377, 1409, 1410]
[15, 19660, 1373, 1407, 1444, 1387]
[15, 19660, 1392, 1365, 1414, 1364]
[15, 19660, 1416, 1339, 1404, 1358]
[15, 19660, 1457, 1378, 1393, 1353]
[15, 19660, 1361, 1388, 1447, 1451]
[15, 19660, 1358, 1463, 1377, 1405]
[15, 19660, 1303, 1399, 1333, 1353]
[15, 19660, 1367, 1351, 1429, 1500]
[15, 19660, 1385, 1453, 1361, 1406]
[15, 19660, 1345, 1388, 1394, 1469]
[15, 19660, 1487, 1357, 1417, 1411]
[15, 19660, 1480, 1444, 1290, 1384]
[15, 19660, 1400, 1458, 1416, 1376]
[15, 19660, 1321, 1408, 1314, 1320]
[15, 19660, 1446, 1346, 1418, 1270]
[15, 19660, 1362, 1401, 1429, 1358]
[15, 19660, 1454, 1314, 1341, 1320]
[15, 19660, 1470, 1366, 1354, 1374]
[15, 19660, 1387, 1421, 1314, 1365]
[15, 19660, 1413, 1461, 1312, 1348]
[15, 19660, 1430, 1414, 1499, 1265]
[15, 19660, 1475, 1416, 1426, 1367]
[15, 19660, 1386, 1347, 1312, 1441]
[15, 19660, 1322, 1444, 1482, 1370]
[15, 19660, 1362, 1335, 1408, 1405]
[15, 19660, 1334, 1447, 1395, 1448]
[15, 19660, 1308, 1439, 1342, 1410]
[15, 19660, 1413, 1456, 1409, 1370]
[15, 19660, 1391, 1380, 1431, 1403]
[15, 19660, 1326, 1276, 1434, 1477]
[15, 19660, 1461, 1494, 1336, 1380]
[15, 19660, 1367, 1420, 1426, 1271]
[15, 19660, 1418, 1372, 1340, 1315]
[15, 19660, 1418, 1373, 1378, 1345]
[15, 19660, 1528, 1384, 1338, 1389]
[15, 19660, 1407, 1436, 1261, 1352]
[15, 19660, 1398, 1386, 1290, 1360]
[15, 19660, 1428, 1328, 1386, 1421]
[15, 19660, 1383, 1366, 1427, 1478]
[15, 19660, 1475, 1406, 1412, 1411]
[15, 19660, 1460, 1248, 1371, 1491]
[15, 19660, 1366, 1403, 1439, 1355]
[15, 19660, 1478, 1373, 1422, 1360]
[15, 19660, 1514, 1480, 1332, 1314]
[15, 19660, 1492, 1374, 1364, 1319]
[15, 19660, 1422, 1430, 1433, 1392]
[15, 19660, 1374, 1407, 1308, 1396]
[15, 19660, 1339, 1477, 1412, 1438]
[15, 19660, 1469, 1450, 1466, 1385]
[15, 19660, 1334, 1325, 1338, 1512]
[15, 19660, 1489, 1393, 1374, 1391]
[15, 19660, 1398, 1401, 1373, 1388]
[15, 19660, 1346, 1367, 1326, 1520]
[15, 19660, 1274, 1312, 1359, 1475]
[15, 19660, 1340, 1406, 1389, 1424]
[15, 19660, 1415, 1454, 1335, 1443]
[15, 19660, 1427, 1392, 1405, 1273]
[15, 19660, 1416, 1425, 1380, 1318]
[15, 19660, 1391, 1365, 1363, 1430]
[15, 19660, 1472, 1392, 1378, 1349]
[15, 19660, 1532, 1379, 1395, 1343]
[15, 19660, 1403, 1410, 1466, 1384]
[15, 19660, 1401, 1482, 1413, 1445]
[15, 19660, 1424, 1410, 1387, 1445]
[15, 19660, 1327, 1416, 1431, 1372]
[15, 19660, 1517, 1438, 1378, 1237]
[15, 19660, 1435, 1383, 1392, 1348]
[15, 19660, 1471, 1358, 1331, 1393]
[15, 19660, 1487, 1375, 1341, 1360]
[15, 19660, 1404, 1390, 1413, 1380]
[15, 19660, 1472, 1316, 1376, 1412]
[15, 19660, 1388, 1387, 1381, 1438]
[15, 19660, 1438, 1423, 1391, 1294]
[15, 19660, 1385, 1407, 1354, 1367]
[15, 19660, 1324, 1344, 1540, 1399]
[15, 19660, 1448, 1448, 1317, 1340]
[15, 19660, 1501, 1340, 1465, 1368]
[15, 19660, 1425, 1359, 1354, 1374]
[15, 19660, 1445, 1299, 1439, 1402]
[15, 19660, 1419, 1325, 1359, 1473]
[15, 19660, 1340, 1436, 1399, 1436]
[15, 19660, 1387, 1421, 1329, 1405]
[15, 19660, 1404, 1371, 1351, 1368]
[15, 19660, 1454, 1405, 1355, 1297]
[15, 19660, 1439, 1369, 1451, 1405]
[15, 19660, 1341, 1502, 1403, 1397]
[15, 19660, 1314, 1382, 1365, 1489]
[20, 26214, 2548, 2583, 2623, 2594]
[20, 26214, 2583, 2623, 2425, 2522]
[20, 26214, 2599, 2574, 2508, 2687]
[20, 26214, 2620, 2585, 2557, 2654]
[20, 26214, 2502, 2609, 2552, 2646]
[20, 26214, 2568, 2521, 2575, 2690]
[20, 26214, 2553, 2605, 2601, 2515]
[20, 26214, 2540, 2479, 2652, 2664]
[20, 26214, 2666, 2601, 2544, 2545]
[20, 26214, 2515, 2638, 2604, 2470]
[20, 26214, 2469, 2618, 2519, 2489]
[20, 26214, 2525, 2644, 2677, 2518]
[20, 26214, 2587, 2560, 2568, 2521]
[20, 26214, 2483, 2614, 2562, 2662]
[20, 26214, 2539, 2521, 2661, 2548]
[20, 26214, 2565, 2511, 2640, 2503]
[20, 26214, 2681, 2568, 2514, 2545]
[20, 26214, 2652, 2640, 2517, 2555]
[20, 26214, 2504, 2700, 2508, 2652]
[20, 26214, 2467, 2603, 2498, 2539]
[20, 26214, 2466, 2578, 2623, 2697]
[20, 26214, 2506, 2704, 2519, 2509]
[20, 26214, 2538, 2619, 2673, 2645]
[20, 26214, 2680, 2443, 2590, 2539]
[20, 26214, 2628, 2646, 2530, 2628]
[20, 26214, 2583, 2589, 2620, 2433]
[20, 26214, 2518, 2637, 2498, 2441]
[20, 26214, 2620, 2560, 2616, 2487]
[20, 26214, 2551, 2627, 2565, 2600]
[20, 26214, 2638, 2517, 2538, 2493]
[20, 26214, 2697, 2555, 2416, 2550]
[20, 26214, 2581, 2571, 2480, 2634]
[20, 26214, 2660, 2600, 2443, 2592]
[20, 26214, 2668, 2552, 2605, 2348]
[20, 26214, 2735, 2629, 2558, 2497]
[20, 26214, 2587, 2492, 2506, 2690]
[20, 26214, 2520, 2659, 2648, 2529]
[20, 26214, 2577, 2538, 2625, 2656]
[20, 26214, 2472, 2705, 2537, 2661]
[20, 26214, 2446, 2634, 2450, 2650]
[20, 26214, 2591, 2672, 2571, 2536]
[20, 26214, 2560, 2597, 2645, 2525]
[20, 26214, 2558, 2486, 2586, 2619]
[20, 26214, 2657, 2560, 2449, 2567]
[20, 26214, 2494, 2650, 2589, 2450]
[20, 26214, 2601, 2613, 2650, 2449]
[20, 26214, 2564, 2507, 2561, 2589]
[20, 26214, 2686, 2529, 2493, 2586]
[20, 26214, 2566, 2616, 2425, 2561]
[20, 26214, 2434, 2736, 2570, 2502]
[20, 26214, 2619, 2562, 2563, 2606]
[20, 26214, 2529, 2560, 2666, 2692]
[20, 26214, 2669, 2516, 2591, 2569]
[20, 26214, 2661, 2420, 2600, 2596]
[20, 26214, 2513, 2588, 2612, 2432]
[20, 26214, 2656, 2554, 2567, 2578]
[20, 26214, 2701, 2722, 2455, 2486]
[20, 26214, 2623, 2510, 2526, 2503]
[20, 26214, 2540, 2609, 2673, 2580]
[20, 26214, 2564, 2619, 2486, 2522]
[20, 26214, 2441, 2768, 2631, 2636]
[20, 26214, 2548, 2646, 2698, 2588]
[20, 26214, 2510, 2451, 2549, 2715]
[20, 26214, 2714, 2530, 2457, 2576]
[20, 26214, 2569, 2681, 2522, 2554]
[20, 26214, 2434, 2568, 2493, 2714]
[20, 26214, 2387, 2487, 2630, 2695]
[20, 26214, 2580, 2529, 2542, 2680]
[20, 26214, 2614, 2634, 2516, 2613]
[20, 26214, 2703, 2543, 2580, 2389]
[20, 26214, 2558, 2581, 2556, 2514]
[20, 26214, 2528, 2498, 2540, 2624]
[20, 26214, 2625, 2559, 2592, 2557]
[20, 26214, 2718, 2516, 2547, 2429]
[20, 26214, 2587, 2516, 2584, 2614]
[20, 26214, 2644, 2596, 2685, 2541]
[20, 26214, 2580, 2569, 2546, 2663]
[20, 26214, 2559, 2592, 2529, 2472]
[20, 26214, 2733, 2539, 2589, 2421]
[20, 26214, 2539, 2591, 2616, 2533]
[20, 26214, 2635, 2562, 2553, 2567]
[20, 26214, 2644, 2567, 2556, 2522]
[20, 26214, 2603, 2643, 2600, 2499]
[20, 26214, 2613, 2432, 2592, 2600]
[20, 26214, 2458, 2695, 2550, 2600]
[20, 26214, 2610, 2587, 2588, 2479]
[20, 26214, 2609, 2531, 2509, 2594]
[20, 26214, 2505, 2517, 2711, 2560]
[20, 26214, 2694, 2636, 2522, 2481]
[20, 26214, 2678, 2529, 2627, 2514]
[20, 26214, 2617, 2473, 2551, 2607]
[20, 26214, 2592, 2463, 2669, 2590]
[20, 26214, 2581, 2495, 2478, 2633]
[20, 26214, 2511, 2693, 2581, 2606]
[20, 26214, 2557, 2587, 2553, 2593]
[20, 26214, 2532, 2522, 2505, 2615]
[20, 26214, 2613, 2647, 2520, 2508]
[20, 26214, 2629, 2471, 2663, 2545]
[20, 26214, 2549, 2586, 2523, 2485]
[20, 26214, 2540, 2686, 2456, 2584]
[25, 32768, 3994, 4013, 4182, 4028]
[25, 32768, 4094, 4085, 3988, 3926]
[25, 32768, 4048, 4037, 3961, 4156]
[25, 32768, 4076, 4014, 4071, 4096]
[25, 32768, 3876, 4081, 4015, 4169]
[25, 32768, 3950, 3936, 4037, 4130]
[25, 32768, 4084, 4078, 4077, 4063]
[25, 32768, 3925, 4005, 4108, 4174]
[25, 32768, 4106, 4032, 4008, 4099]
[25, 32768, 3993, 4093, 4172, 3893]
[25, 32768, 4009, 4181, 3907, 3914]
[25, 32768, 3952, 3999, 4152, 4051]
[25, 32768, 4055, 4073, 4026, 3948]
[25, 32768, 4012, 4030, 4022, 4041]
[25, 32768, 4000, 3993, 4102, 3984]
[25, 32768, 4057, 3960, 4065, 3975]
[25, 32768, 4229, 4105, 3996, 3942]
[25, 32768, 4038, 3940, 4024, 4068]
[25, 32768, 3961, 4044, 4069, 4163]
[25, 32768, 3916, 4095, 3945, 3994]
[25, 32768, 4032, 3980, 4053, 4167]
[25, 32768, 3988, 4235, 3934, 4010]
[25, 32768, 4024, 4089, 4067, 4142]
[25, 32768, 4161, 3862, 4144, 3962]
[25, 32768, 4002, 4144, 3979, 4131]
[25, 32768, 4075, 4052, 4056, 3862]
[25, 32768, 3940, 4219, 4030, 3815]
[25, 32768, 4057, 4035, 4141, 3878]
[25, 32768, 3959, 4219, 4068, 3986]
[25, 32768, 4134, 3956, 4031, 3863]
[25, 32768, 4170, 3973, 3864, 4061]
[25, 32768, 4055, 4044, 3922, 4144]
[25, 32768, 4106, 4104, 3896, 4045]
[25, 32768, 4181, 3973, 4046, 3859]
[25, 32768, 4281, 4008, 4056, 3910]
[25, 32768, 4030, 3917, 3927, 4141]
[25, 32768, 3952, 4116, 4100, 4004]
[25, 32768, 4039, 4038, 4010, 4025]
[25, 32768, 3854, 4245, 3989, 4057]
[25, 32768, 3798, 4193, 3848, 4112]
[25, 32768, 3984, 4096, 4030, 3946]
[25, 32768, 3994, 4117, 4016, 4062]
[25, 32768, 4047, 3925, 4026, 4089]
[25, 32768, 4049, 4066, 4024, 4016]
[25, 32768, 3971, 4039, 4161, 3856]
[25, 32768, 4080, 4096, 4218, 3853]
[25, 32768, 3942, 4011, 4110, 4077]
[25, 32768, 4209, 4023, 3934, 3945]
[25, 32768, 4042, 4092, 3942, 4040]
[25, 32768, 3864, 4146, 4036, 4007]
[25, 32768, 3964, 3942, 4077, 4083]
[25, 32768, 4046, 3992, 4109, 4115]
[25, 32768, 4092, 3992, 4081, 4120]
[25, 32768, 4056, 3891, 4140, 4074]
[25, 32768, 4060, 3989, 4142, 3848]
[25, 32768, 4114, 3937, 4067, 4078]
[25, 32768, 4248, 4078, 3845, 3917]
[25, 32768, 4134, 3968, 3953, 3967]
[25, 32768, 3977, 4060, 4152, 4066]
[25, 32768, 4040, 4137, 3954, 4005]
[25, 32768, 3783, 4247, 4161, 4076]
[25, 32768, 3936, 4202, 4171, 4064]
[25, 32768, 3937, 3991, 3980, 4266]
[25, 32768, 4191, 4028, 3876, 4087]
[25, 32768, 4015, 4109, 4023, 4012]
[25, 32768, 3792, 3997, 3920, 4225]
[25, 32768, 3889, 3870, 4063, 4155]
[25, 32768, 3938, 3988, 4116, 4079]
[25, 32768, 4090, 4043, 3973, 4038]
[25, 32768, 4065, 4003, 4049, 3846]
[25, 32768, 3902, 4165, 4037, 3906]
[25, 32768, 3971, 3902, 4056, 4100]
[25, 32768, 4101, 3951, 4009, 4033]
[25, 32768, 4193, 3909, 3957, 3958]
[25, 32768, 4060, 3958, 3990, 4077]
[25, 32768, 4065, 4072, 4070, 4119]
[25, 32768, 4038, 4080, 4040, 4078]
[25, 32768, 3909, 4129, 4047, 4043]
[25, 32768, 4267, 3926, 3990, 3887]
[25, 32768, 3962, 4124, 4017, 3986]
[25, 32768, 4141, 3969, 3989, 4040]
[25, 32768, 4083, 4062, 4090, 3952]
[25, 32768, 4144, 4070, 4050, 3947]
[25, 32768, 4103, 3934, 4036, 4076]
[25, 32768, 3904, 4209, 4101, 4072]
[25, 32768, 3994, 4099, 4103, 3978]
[25, 32768, 4151, 4039, 4012, 4052]
[25, 32768, 3961, 4015, 4145, 3989]
[25, 32768, 4064, 4168, 4017, 3874]
[25, 32768, 4124, 3967, 4094, 4011]
[25, 32768, 4127, 3887, 3977, 4113]
[25, 32768, 4034, 3899, 4160, 4079]
[25, 32768, 4047, 3955, 3941, 4162]
[25, 32768, 3943, 4104, 4030, 4119]
[25, 32768, 3982, 4056, 3920, 4086]
[25, 32768, 3937, 4030, 3952, 4085]
[25, 32768, 4073, 4125, 4065, 4017]
[25, 32768, 4138, 3926, 4208, 3905]
[25, 32768, 3996, 4087, 4039, 3982]
[25, 32768, 4008, 4144, 3931, 4086]
[30, 39321, 5533, 5751, 5856, 5658]
[30, 39321, 5782, 5706, 5551, 5701]
[30, 39321, 5733, 5670, 5630, 5777]
[30, 39321, 5779, 5709, 5667, 5711]
[30, 39321, 5516, 5719, 5625, 5803]
[30, 39321, 5569, 5626, 5823, 5776]
[30, 39321, 5694, 5662, 5819, 5679]
[30, 39321, 5509, 5569, 5839, 5886]
[30, 39321, 5753, 5653, 5684, 5777]
[30, 39321, 5690, 5742, 5800, 5556]
[30, 39321, 5618, 5891, 5649, 5542]
[30, 39321, 5608, 5619, 5769, 5711]
[30, 39321, 5683, 5760, 5702, 5663]
[30, 39321, 5669, 5677, 5710, 5698]
[30, 39321, 5621, 5755, 5801, 5738]
[30, 39321, 5723, 5574, 5808, 5653]
[30, 39321, 5865, 5701, 5659, 5613]
[30, 39321, 5757, 5587, 5612, 5710]
[30, 39321, 5593, 5762, 5751, 5791]
[30, 39321, 5590, 5744, 5701, 5698]
[30, 39321, 5703, 5653, 5642, 5768]
[30, 39321, 5497, 5952, 5659, 5754]
[30, 39321, 5732, 5703, 5748, 5769]
[30, 39321, 5899, 5487, 5748, 5643]
[30, 39321, 5651, 5703, 5585, 5806]
[30, 39321, 5772, 5753, 5603, 5545]
[30, 39321, 5664, 5897, 5694, 5473]
[30, 39321, 5634, 5726, 5914, 5509]
[30, 39321, 5688, 5809, 5728, 5682]
[30, 39321, 5829, 5637, 5749, 5497]
[30, 39321, 5899, 5652, 5523, 5701]
[30, 39321, 5726, 5663, 5646, 5781]
[30, 39321, 5741, 5764, 5556, 5688]
[30, 39321, 5825, 5674, 5644, 5505]
[30, 39321, 5934, 5665, 5790, 5577]
[30, 39321, 5806, 5640, 5550, 5824]
[30, 39321, 5661, 5714, 5850, 5619]
[30, 39321, 5647, 5708, 5653, 5767]
[30, 39321, 5591, 5870, 5600, 5730]
[30, 39321, 5460, 5929, 5526, 5761]
[30, 39321, 5691, 5740, 5734, 5652]
[30, 39321, 5619, 5807, 5717, 5677]
[30, 39321, 5717, 5642, 5553, 5892]
[30, 39321, 5641, 5768, 5639, 5726]
[30, 39321, 5684, 5713, 5849, 5582]
[30, 39321, 5730, 5669, 5953, 5472]
[30, 39321, 5622, 5777, 5690, 5769]
[30, 39321, 5877, 5728, 5612, 5663]
[30, 39321, 5765, 5741, 5630, 5716]
[30, 39321, 5529, 5885, 5625, 5603]
[30, 39321, 5636, 5613, 5746, 5723]
[30, 39321, 5686, 5674, 5854, 5688]
[30, 39321, 5883, 5624, 5707, 5660]
[30, 39321, 5575, 5656, 5795, 5695]
[30, 39321, 5766, 5678, 5754, 5512]
[30, 39321, 5760, 5530, 5625, 5914]
[30, 39321, 5961, 5826, 5462, 5528]
[30, 39321, 5788, 5613, 5646, 5577]
[30, 39321, 5679, 5673, 5787, 5764]
[30, 39321, 5559, 5810, 5646, 5682]
[30, 39321, 5450, 5940, 5724, 5690]
[30, 39321, 5595, 5896, 5840, 5541]
[30, 39321, 5637, 5530, 5725, 5972]
[30, 39321, 5976, 5706, 5537, 5658]
[30, 39321, 5688, 5764, 5701, 5692]
[30, 39321, 5423, 5717, 5481, 6029]
[30, 39321, 5565, 5675, 5700, 5856]
[30, 39321, 5593, 5578, 5825, 5753]
[30, 39321, 5735, 5786, 5619, 5764]
[30, 39321, 5776, 5736, 5757, 5456]
[30, 39321, 5547, 5963, 5764, 5541]
[30, 39321, 5725, 5574, 5664, 5889]
[30, 39321, 5747, 5564, 5702, 5726]
[30, 39321, 5751, 5562, 5663, 5684]
[30, 39321, 5821, 5623, 5660, 5753]
[30, 39321, 5738, 5658, 5841, 5739]
[30, 39321, 5782, 5704, 5710, 5879]
[30, 39321, 5584, 5810, 5603, 5710]
[30, 39321, 6014, 5574, 5808, 5480]
[30, 39321, 5510, 5662, 5738, 5694]
[30, 39321, 5832, 5597, 5592, 5728]
[30, 39321, 5678, 5714, 5724, 5644]
[30, 39321, 5708, 5821, 5769, 5517]
[30, 39321, 5806, 5641, 5674, 5779]
[30, 39321, 5572, 5761, 5708, 5794]
[30, 39321, 5644, 5738, 5808, 5731]
[30, 39321, 5846, 5720, 5628, 5674]
[30, 39321, 5602, 5770, 5709, 5735]
[30, 39321, 5725, 5821, 5583, 5575]
[30, 39321, 5768, 5558, 5816, 5634]
[30, 39321, 5799, 5506, 5597, 5936]
[30, 39321, 5670, 5544, 5864, 5877]
[30, 39321, 5707, 5663, 5638, 5730]
[30, 39321, 5646, 5668, 5688, 5699]
[30, 39321, 5589, 5692, 5583, 5861]
[30, 39321, 5669, 5580, 5666, 5827]
[30, 39321, 5711, 5851, 5738, 5740]
[30, 39321, 5862, 5587, 5869, 5473]
[30, 39321, 5648, 5851, 5674, 5595]
[30, 39321, 5636, 5808, 5609, 5734]
[35, 45875, 7396, 7609, 7701, 7433]
[35, 45875, 7552, 7538, 7417, 7588]
[35, 45875, 7501, 7516, 7465, 7550]
[35, 45875, 7536, 7483, 7503, 7491]
[35, 45875, 7382, 7490, 7492, 7593]
[35, 45875, 7388, 7360, 7728, 7603]
[35, 45875, 7549, 7491, 7659, 7397]
[35, 45875, 7329, 7263, 7671, 7717]
[35, 45875, 7578, 7426, 7424, 7599]
[35, 45875, 7343, 7621, 7605, 7375]
[35, 45875, 7461, 7717, 7386, 7347]
[35, 45875, 7259, 7504, 7586, 7594]
[35, 45875, 7395, 7601, 7523, 7427]
[35, 45875, 7471, 7559, 7625, 7488]
[35, 45875, 7292, 7394, 7589, 7622]
[35, 45875, 7512, 7407, 7642, 7456]
[35, 45875, 7653, 7561, 7564, 7375]
[35, 45875, 7497, 7545, 7519, 7507]
[35, 45875, 7453, 7637, 7416, 7661]
[35, 45875, 7449, 7665, 7524, 7519]
[35, 45875, 7488, 7449, 7540, 7699]
[35, 45875, 7394, 7767, 7426, 7470]
[35, 45875, 7538, 7518, 7577, 7628]
[35, 45875, 7710, 7378, 7549, 7487]
[35, 45875, 7572, 7548, 7367, 7615]
[35, 45875, 7645, 7585, 7496, 7436]
[35, 45875, 7375, 7744, 7535, 7300]
[35, 45875, 7464, 7492, 7743, 7295]
[35, 45875, 7493, 7656, 7673, 7381]
[35, 45875, 7701, 7342, 7575, 7366]
[35, 45875, 7736, 7423, 7307, 7507]
[35, 45875, 7506, 7419, 7594, 7637]
[35, 45875, 7581, 7576, 7335, 7466]
[35, 45875, 7638, 7556, 7372, 7258]
[35, 45875, 7734, 7505, 7509, 7406]
[35, 45875, 7600, 7374, 7422, 7705]
[35, 45875, 7414, 7524, 7595, 7478]
[35, 45875, 7398, 7512, 7324, 7718]
[35, 45875, 7389, 7709, 7367, 7630]
[35, 45875, 7246, 7734, 7262, 7624]
[35, 45875, 7448, 7574, 7561, 7455]
[35, 45875, 7476, 7552, 7506, 7459]
[35, 45875, 7574, 7518, 7363, 7672]
[35, 45875, 7563, 7503, 7484, 7491]
[35, 45875, 7475, 7574, 7607, 7359]
[35, 45875, 7537, 7521, 7656, 7298]
[35, 45875, 7556, 7549, 7494, 7601]
[35, 45875, 7604, 7608, 7438, 7483]
[35, 45875, 7542, 7587, 7394, 7479]
[35, 45875, 7363, 7732, 7402, 7420]
[35, 45875, 7436, 7415, 7552, 7531]
[35, 45875, 7527, 7475, 7612, 7496]
[35, 45875, 7571, 7523, 7560, 7457]
[35, 45875, 7471, 7454, 7662, 7500]
[35, 45875, 7647, 7548, 7673, 7267]
[35, 45875, 7596, 7321, 7462, 7680]
[35, 45875, 7726, 7634, 7287, 7373]
[35, 45875, 7590, 7467, 7413, 7467]
[35, 45875, 7510, 7429, 7584, 7577]
[35, 45875, 7416, 7596, 7588, 7437]
[35, 45875, 7345, 7802, 7443, 7567]
[35, 45875, 7386, 7796, 7684, 7344]
[35, 45875, 7431, 7284, 7568, 7754]
[35, 45875, 7787, 7576, 7303, 7482]
[35, 45875, 7435, 7566, 7505, 7612]
[35, 45875, 7235, 7533, 7282, 7929]
[35, 45875, 7348, 7497, 7531, 7690]
[35, 45875, 7368, 7339, 7742, 7520]
[35, 45875, 7641, 7663, 7439, 7506]
[35, 45875, 7637, 7593, 7572, 7172]
[35, 45875, 7410, 7757, 7584, 7283]
[35, 45875, 7562, 7290, 7461, 7728]
[35, 45875, 7557, 7321, 7560, 7456]
[35, 45875, 7598, 7403, 7453, 7495]
[35, 45875, 7614, 7428, 7464, 7495]
[35, 45875, 7484, 7517, 7664, 7565]
[35, 45875, 7685, 7445, 7560, 7611]
[35, 45875, 7453, 7729, 7335, 7544]
[35, 45875, 7926, 7373, 7549, 7311]
[35, 45875, 7331, 7585, 7484, 7562]
[35, 45875, 7718, 7401, 7360, 7536]
[35, 45875, 7531, 7508, 7502, 7440]
[35, 45875, 7579, 7582, 7536, 7401]
[35, 45875, 7594, 7502, 7348, 7672]
[35, 45875, 7378, 7583, 7533, 7645]
[35, 45875, 7489, 7488, 7715, 7513]
[35, 45875, 7630, 7565, 7481, 7393]
[35, 45875, 7481, 7506, 7622, 7636]
[35, 45875, 7554, 7665, 7414, 7438]
[35, 45875, 7558, 7401, 7609, 7426]
[35, 45875, 7557, 7398, 7453, 7656]
[35, 45875, 7492, 7357, 7713, 7619]
[35, 45875, 7549, 7474, 7471, 7534]
[35, 45875, 7347, 7521, 7633, 7538]
[35, 45875, 7406, 7514, 7408, 7541]
[35, 45875, 7372, 7514, 7519, 7628]
[35, 45875, 7419, 7636, 7555, 7527]
[35, 45875, 7646, 7407, 7722, 7154]
[35, 45875, 7508, 7677, 7545, 7438]
[35, 45875, 7505, 7562, 7389, 7589]
[40, 52428, 9274, 9629, 9502, 9428]
[40, 52428, 9462, 9260, 9236, 9577]
[40, 52428, 9431, 9456, 9382, 9359]
[40, 52428, 9464, 9385, 9428, 9424]
[40, 52428, 9266, 9415, 9327, 9548]
[40, 52428, 9263, 9216, 9609, 9528]
[40, 52428, 9447, 9413, 9566, 9307]
[40, 52428, 9307, 9190, 9451, 9678]
[40, 52428, 9496, 9446, 9295, 9487]
[40, 52428, 9380, 9567, 9470, 9250]
[40, 52428, 9294, 9647, 9355, 9306]
[40, 52428, 9170, 9444, 9439, 9512]
[40, 52428, 9306, 9469, 9529, 9295]
[40, 52428, 9246, 9484, 9448, 9410]
[40, 52428, 9249, 9287, 9602, 9573]
[40, 52428, 9462, 9185, 9654, 9360]
[40, 52428, 9547, 9447, 9542, 9242]
[40, 52428, 9420, 9406, 9412, 9444]
[40, 52428, 9364, 9544, 9301, 9466]
[40, 52428, 9199, 9610, 9410, 9535]
[40, 52428, 9369, 9368, 9433, 9605]
[40, 52428, 9275, 9706, 9316, 9352]
[40, 52428, 9279, 9491, 9475, 9550]
[40, 52428, 9589, 9289, 9501, 9368]
[40, 52428, 9416, 9421, 9360, 9464]
[40, 52428, 9522, 9415, 9462, 9311]
[40, 52428, 9333, 9677, 9338, 9262]
[40, 52428, 9520, 9390, 9602, 9206]
[40, 52428, 9343, 9625, 9622, 9319]
[40, 52428, 9588, 9290, 9543, 9357]
[40, 52428, 9613, 9326, 9145, 9450]
[40, 52428, 9403, 9301, 9318, 9626]
[40, 52428, 9494, 9464, 9275, 9445]
[40, 52428, 9517, 9424, 9266, 9351]
[40, 52428, 9664, 9453, 9372, 9291]
[40, 52428, 9503, 9278, 9372, 9516]
[40, 52428, 9343, 9523, 9420, 9402]
[40, 52428, 9312, 9500, 9279, 9605]
[40, 52428, 9299, 9687, 9276, 9476]
[40, 52428, 9143, 9691, 9235, 9515]
[40, 52428, 9352, 9480, 9477, 9402]
[40, 52428, 9341, 9467, 9409, 9366]
[40, 52428, 9477, 9426, 9325, 9480]
[40, 52428, 9364, 9429, 9402, 9353]
[40, 52428, 9390, 9488, 9574, 9320]
[40, 52428, 9422, 9461, 9535, 9255]
[40, 52428, 9402, 9394, 9522, 9569]
[40, 52428, 9547, 9536, 9359, 9343]
[40, 52428, 9506, 9420, 9300, 9395]
[40, 52428, 9175, 9638, 9260, 9395]
[40, 52428, 9404, 9309, 9429, 9510]
[40, 52428, 9479, 9317, 9482, 9456]
[40, 52428, 9400, 9362, 9444, 9350]
[40, 52428, 9404, 9288, 9574, 9266]
[40, 52428, 9494, 9542, 9465, 8981]
[40, 52428, 9624, 9123, 9282, 9553]
[40, 52428, 9678, 9575, 9279, 9201]
[40, 52428, 9550, 9317, 9346, 9338]
[40, 52428, 9278, 9366, 9475, 9519]
[40, 52428, 9269, 9567, 9524, 9355]
[40, 52428, 9261, 9640, 9367, 9407]
[40, 52428, 9229, 9785, 9478, 9227]
[40, 52428, 9352, 9188, 9373, 9646]
[40, 52428, 9763, 9506, 9178, 9246]
[40, 52428, 9322, 9386, 9361, 9550]
[40, 52428, 9146, 9433, 9171, 9901]
[40, 52428, 9231, 9335, 9369, 9583]
[40, 52428, 9222, 9163, 9769, 9456]
[40, 52428, 9377, 9550, 9319, 9409]
[40, 52428, 9693, 9362, 9390, 9084]
[40, 52428, 9324, 9670, 9547, 9180]
[40, 52428, 9505, 9115, 9313, 9678]
[40, 52428, 9505, 9290, 9558, 9291]
[40, 52428, 9586, 9268, 9351, 9395]
[40, 52428, 9540, 9227, 9414, 9411]
[40, 52428, 9432, 9444, 9473, 9383]
[40, 52428, 9533, 9334, 9451, 9509]
[40, 52428, 9439, 9614, 9313, 9355]
[40, 52428, 9781, 9370, 9408, 9253]
[40, 52428, 9304, 9515, 9321, 9455]
[40, 52428, 9532, 9330, 9347, 9470]
[40, 52428, 9483, 9444, 9368, 9316]
[40, 52428, 9445, 9539, 9379, 9267]
[40, 52428, 9475, 9487, 9367, 9483]
[40, 52428, 9318, 9490, 9389, 9576]
[40, 52428, 9288, 9474, 9625, 9339]
[40, 52428, 9547, 9428, 9472, 9339]
[40, 52428, 9328, 9396, 9488, 9592]
[40, 52428, 9554, 9574, 9343, 9249]
[40, 52428, 9610, 9381, 9452, 9207]
[40, 52428, 9399, 9393, 9334, 9594]
[40, 52428, 9473, 9075, 9629, 9532]
[40, 52428, 9504, 9278, 9384, 9382]
[40, 52428, 9287, 9359, 9586, 9467]
[40, 52428, 9201, 9475, 9364, 9487]
[40, 52428, 9217, 9350, 9439, 9640]
[40, 52428, 9337, 9474, 9471, 9431]
[40, 52428, 9496, 9268, 9587, 9181]
[40, 52428, 9294, 9502, 9466, 9335]
[40, 52428, 9317, 9374, 9469, 9435]
