[1, 1310, 1]
[1, 1310, 0]
[1, 1310, 0]
[1, 1310, 0]
[1, 1310, 0]
[1, 1310, 0]
[1, 1310, 0]
[1, 1310, 0]
[1, 1310, 0]
[1, 1310, 0]
[1, 1310, 0]
[1, 1310, 0]
[1, 1310, 0]
[1, 1310, 0]
[1, 1310, 0]
[1, 1310, 0]
[1, 1310, 0]
[1, 1310, 0]
[1, 1310, 0]
[1, 1310, 0]
[1, 1310, 0]
[1, 1310, 0]
[1, 1310, 0]
[1, 1310, 0]
[1, 1310, 0]
[1, 1310, 0]
[1, 1310, 0]
[1, 1310, 0]
[1, 1310, 0]
[1, 1310, 0]
[1, 1310, 0]
[1, 1310, 0]
[1, 1310, 0]
[1, 1310, 0]
[1, 1310, 0]
[1, 1310, 0]
[1, 1310, 0]
[1, 1310, 0]
[1, 1310, 0]
[1, 1310, 0]
[1, 1310, 0]
[1, 1310, 0]
[1, 1310, 0]
[1, 1310, 0]
[1, 1310, 0]
[1, 1310, 0]
[1, 1310, 0]
[1, 1310, 0]
[1, 1310, 0]
[1, 1310, 0]
[1, 1310, 0]
[1, 1310, 0]
[1, 1310, 0]
[1, 1310, 0]
[1, 1310, 0]
[1, 1310, 0]
[1, 1310, 0]
[1, 1310, 1]
[1, 1310, 0]
[1, 1310, 0]
[1, 1310, 0]
[1, 1310, 0]
[1, 1310, 0]
[1, 1310, 0]
[1, 1310, 0]
[1, 1310, 0]
[1, 1310, 0]
[1, 1310, 0]
[1, 1310, 0]
[1, 1310, 0]
[1, 1310, 0]
[1, 1310, 0]
[1, 1310, 0]
[1, 1310, 0]
[1, 1310, 0]
[1, 1310, 0]
[1, 1310, 0]
[1, 1310, 0]
[1, 1310, 0]
[1, 1310, 0]
[1, 1310, 0]
[1, 1310, 0]
[1, 1310, 0]
[1, 1310, 0]
[1, 1310, 0]
[1, 1310, 0]
[1, 1310, 0]
[1, 1310, 0]
[1, 1310, 0]
[1, 1310, 0]
[1, 1310, 0]
[1, 1310, 0]
[1, 1310, 0]
[1, 1310, 0]
[1, 1310, 1]
[1, 1310, 0]
[1, 1310, 1]
[1, 1310, 0]
[1, 1310, 1]
[1, 1310, 0]
[2, 2621, 1]
[2, 2621, 0]
[2, 2621, 0]
[2, 2621, 3]
[2, 2621, 1]
[2, 2621, 0]
[2, 2621, 0]
[2, 2621, 0]
[2, 2621, 0]
[2, 2621, 0]
[2, 2621, 0]
[2, 2621, 0]
[2, 2621, 0]
[2, 2621, 0]
[2, 2621, 0]
[2, 2621, 0]
[2, 2621, 0]
[2, 2621, 0]
[2, 2621, 0]
[2, 2621, 0]
[2, 2621, 0]
[2, 2621, 0]
[2, 2621, 0]
[2, 2621, 0]
[2, 2621, 0]
[2, 2621, 0]
[2, 2621, 0]
[2, 2621, 0]
[2, 2621, 0]
[2, 2621, 0]
[2, 2621, 0]
[2, 2621, 0]
[2, 2621, 0]
[2, 2621, 0]
[2, 2621, 0]
[2, 2621, 0]
[2, 2621, 0]
[2, 2621, 0]
[2, 2621, 0]
[2, 2621, 0]
[2, 2621, 1]
[2, 2621, 0]
[2, 2621, 1]
[2, 2621, 0]
[2, 2621, 0]
[2, 2621, 0]
[2, 2621, 0]
[2, 2621, 0]
[2, 2621, 0]
[2, 2621, 1]
[2, 2621, 0]
[2, 2621, 1]
[2, 2621, 0]
[2, 2621, 0]
[2, 2621, 0]
[2, 2621, 0]
[2, 2621, 0]
[2, 2621, 0]
[2, 2621, 0]
[2, 2621, 0]
[2, 2621, 0]
[2, 2621, 0]
[2, 2621, 0]
[2, 2621, 0]
[2, 2621, 0]
[2, 2621, 0]
[2, 2621, 0]
[2, 2621, 0]
[2, 2621, 1]
[2, 2621, 0]
[2, 2621, 0]
[2, 2621, 1]
[2, 2621, 0]
[2, 2621, 0]
[2, 2621, 0]
[2, 2621, 0]
[2, 2621, 0]
[2, 2621, 0]
[2, 2621, 0]
[2, 2621, 0]
[2, 2621, 0]
[2, 2621, 0]
[2, 2621, 0]
[2, 2621, 0]
[2, 2621, 0]
[2, 2621, 0]
[2, 2621, 0]
[2, 2621, 3]
[2, 2621, 0]
[2, 2621, 0]
[2, 2621, 0]
[2, 2621, 0]
[2, 2621, 0]
[2, 2621, 0]
[2, 2621, 0]
[2, 2621, 0]
[2, 2621, 1]
[2, 2621, 0]
[2, 2621, 0]
[2, 2621, 0]
[5, 6553, 0]
[5, 6553, 7]
[5, 6553, 11]
[5, 6553, 4]
[5, 6553, 3]
[5, 6553, 2]
[5, 6553, 1]
[5, 6553, 4]
[5, 6553, 3]
[5, 6553, 4]
[5, 6553, 3]
[5, 6553, 4]
[5, 6553, 3]
[5, 6553, 5]
[5, 6553, 3]
[5, 6553, 1]
[5, 6553, 0]
[5, 6553, 5]
[5, 6553, 4]
[5, 6553, 2]
[5, 6553, 2]
[5, 6553, 6]
[5, 6553, 7]
[5, 6553, 0]
[5, 6553, 2]
[5, 6553, 2]
[5, 6553, 3]
[5, 6553, 2]
[5, 6553, 0]
[5, 6553, 7]
[5, 6553, 2]
[5, 6553, 1]
[5, 6553, 1]
[5, 6553, 0]
[5, 6553, 2]
[5, 6553, 1]
[5, 6553, 0]
[5, 6553, 5]
[5, 6553, 1]
[5, 6553, 9]
[5, 6553, 5]
[5, 6553, 0]
[5, 6553, 6]
[5, 6553, 3]
[5, 6553, 5]
[5, 6553, 1]
[5, 6553, 2]
[5, 6553, 1]
[5, 6553, 4]
[5, 6553, 3]
[5, 6553, 5]
[5, 6553, 4]
[5, 6553, 2]
[5, 6553, 0]
[5, 6553, 1]
[5, 6553, 8]
[5, 6553, 6]
[5, 6553, 3]
[5, 6553, 3]
[5, 6553, 3]
[5, 6553, 4]
[5, 6553, 2]
[5, 6553, 6]
[5, 6553, 4]
[5, 6553, 4]
[5, 6553, 4]
[5, 6553, 0]
[5, 6553, 2]
[5, 6553, 4]
[5, 6553, 4]
[5, 6553, 1]
[5, 6553, 4]
[5, 6553, 2]
[5, 6553, 5]
[5, 6553, 6]
[5, 6553, 6]
[5, 6553, 3]
[5, 6553, 3]
[5, 6553, 5]
[5, 6553, 2]
[5, 6553, 1]
[5, 6553, 3]
[5, 6553, 1]
[5, 6553, 3]
[5, 6553, 4]
[5, 6553, 4]
[5, 6553, 6]
[5, 6553, 6]
[5, 6553, 4]
[5, 6553, 4]
[5, 6553, 4]
[5, 6553, 1]
[5, 6553, 4]
[5, 6553, 1]
[5, 6553, 3]
[5, 6553, 2]
[5, 6553, 4]
[5, 6553, 2]
[5, 6553, 6]
[5, 6553, 4]
[10, 13107, 50]
[10, 13107, 27]
[10, 13107, 45]
[10, 13107, 46]
[10, 13107, 34]
[10, 13107, 46]
[10, 13107, 52]
[10, 13107, 50]
[10, 13107, 46]
[10, 13107, 57]
[10, 13107, 37]
[10, 13107, 40]
[10, 13107, 39]
[10, 13107, 62]
[10, 13107, 28]
[10, 13107, 41]
[10, 13107, 36]
[10, 13107, 54]
[10, 13107, 62]
[10, 13107, 38]
[10, 13107, 55]
[10, 13107, 25]
[10, 13107, 50]
[10, 13107, 43]
[10, 13107, 44]
[10, 13107, 47]
[10, 13107, 42]
[10, 13107, 26]
[10, 13107, 43]
[10, 13107, 56]
[10, 13107, 40]
[10, 13107, 34]
[10, 13107, 50]
[10, 13107, 27]
[10, 13107, 61]
[10, 13107, 37]
[10, 13107, 31]
[10, 13107, 34]
[10, 13107, 48]
[10, 13107, 51]
[10, 13107, 54]
[10, 13107, 54]
[10, 13107, 51]
[10, 13107, 44]
[10, 13107, 49]
[10, 13107, 40]
[10, 13107, 32]
[10, 13107, 47]
[10, 13107, 19]
[10, 13107, 58]
[10, 13107, 35]
[10, 13107, 39]
[10, 13107, 48]
[10, 13107, 39]
[10, 13107, 54]
[10, 13107, 54]
[10, 13107, 31]
[10, 13107, 42]
[10, 13107, 49]
[10, 13107, 42]
[10, 13107, 50]
[10, 13107, 44]
[10, 13107, 37]
[10, 13107, 53]
[10, 13107, 38]
[10, 13107, 47]
[10, 13107, 43]
[10, 13107, 41]
[10, 13107, 36]
[10, 13107, 41]
[10, 13107, 35]
[10, 13107, 24]
[10, 13107, 45]
[10, 13107, 45]
[10, 13107, 45]
[10, 13107, 49]
[10, 13107, 55]
[10, 13107, 30]
[10, 13107, 53]
[10, 13107, 44]
[10, 13107, 46]
[10, 13107, 42]
[10, 13107, 31]
[10, 13107, 60]
[10, 13107, 41]
[10, 13107, 27]
[10, 13107, 44]
[10, 13107, 48]
[10, 13107, 44]
[10, 13107, 43]
[10, 13107, 56]
[10, 13107, 50]
[10, 13107, 42]
[10, 13107, 63]
[10, 13107, 55]
[10, 13107, 52]
[10, 13107, 54]
[10, 13107, 41]
[10, 13107, 54]
[10, 13107, 69]
[15, 19660, 200]
[15, 19660, 136]
[15, 19660, 211]
[15, 19660, 205]
[15, 19660, 177]
[15, 19660, 241]
[15, 19660, 190]
[15, 19660, 178]
[15, 19660, 202]
[15, 19660, 201]
[15, 19660, 233]
[15, 19660, 187]
[15, 19660, 207]
[15, 19660, 218]
[15, 19660, 207]
[15, 19660, 186]
[15, 19660, 173]
[15, 19660, 214]
[15, 19660, 231]
[15, 19660, 220]
[15, 19660, 220]
[15, 19660, 186]
[15, 19660, 186]
[15, 19660, 200]
[15, 19660, 207]
[15, 19660, 186]
[15, 19660, 202]
[15, 19660, 214]
[15, 19660, 223]
[15, 19660, 176]
[15, 19660, 197]
[15, 19660, 197]
[15, 19660, 192]
[15, 19660, 161]
[15, 19660, 210]
[15, 19660, 195]
[15, 19660, 189]
[15, 19660, 183]
[15, 19660, 225]
[15, 19660, 226]
[15, 19660, 219]
[15, 19660, 199]
[15, 19660, 232]
[15, 19660, 187]
[15, 19660, 214]
[15, 19660, 192]
[15, 19660, 179]
[15, 19660, 229]
[15, 19660, 177]
[15, 19660, 217]
[15, 19660, 198]
[15, 19660, 204]
[15, 19660, 222]
[15, 19660, 184]
[15, 19660, 223]
[15, 19660, 220]
[15, 19660, 205]
[15, 19660, 223]
[15, 19660, 197]
[15, 19660, 195]
[15, 19660, 209]
[15, 19660, 216]
[15, 19660, 236]
[15, 19660, 206]
[15, 19660, 214]
[15, 19660, 201]
[15, 19660, 190]
[15, 19660, 216]
[15, 19660, 167]
[15, 19660, 212]
[15, 19660, 160]
[15, 19660, 172]
[15, 19660, 217]
[15, 19660, 217]
[15, 19660, 185]
[15, 19660, 207]
[15, 19660, 222]
[15, 19660, 208]
[15, 19660, 217]
[15, 19660, 195]
[15, 19660, 207]
[15, 19660, 200]
[15, 19660, 156]
[15, 19660, 232]
[15, 19660, 196]
[15, 19660, 161]
[15, 19660, 175]
[15, 19660, 226]
[15, 19660, 192]
[15, 19660, 187]
[15, 19660, 241]
[15, 19660, 211]
[15, 19660, 181]
[15, 19660, 220]
[15, 19660, 182]
[15, 19660, 195]
[15, 19660, 191]
[15, 19660, 237]
[15, 19660, 223]
[15, 19660, 227]
[20, 26214, 576]
[20, 26214, 499]
[20, 26214, 628]
[20, 26214, 596]
[20, 26214, 593]
[20, 26214, 558]
[20, 26214, 568]
[20, 26214, 596]
[20, 26214, 632]
[20, 26214, 604]
[20, 26214, 634]
[20, 26214, 572]
[20, 26214, 628]
[20, 26214, 632]
[20, 26214, 612]
[20, 26214, 548]
[20, 26214, 569]
[20, 26214, 601]
[20, 26214, 572]
[20, 26214, 569]
[20, 26214, 624]
[20, 26214, 626]
[20, 26214, 628]
[20, 26214, 607]
[20, 26214, 631]
[20, 26214, 607]
[20, 26214, 542]
[20, 26214, 609]
[20, 26214, 647]
[20, 26214, 566]
[20, 26214, 597]
[20, 26214, 629]
[20, 26214, 581]
[20, 26214, 530]
[20, 26214, 610]
[20, 26214, 585]
[20, 26214, 522]
[20, 26214, 585]
[20, 26214, 642]
[20, 26214, 618]
[20, 26214, 588]
[20, 26214, 577]
[20, 26214, 624]
[20, 26214, 571]
[20, 26214, 630]
[20, 26214, 609]
[20, 26214, 512]
[20, 26214, 662]
[20, 26214, 617]
[20, 26214, 601]
[20, 26214, 547]
[20, 26214, 582]
[20, 26214, 610]
[20, 26214, 567]
[20, 26214, 602]
[20, 26214, 656]
[20, 26214, 599]
[20, 26214, 660]
[20, 26214, 612]
[20, 26214, 616]
[20, 26214, 594]
[20, 26214, 658]
[20, 26214, 572]
[20, 26214, 591]
[20, 26214, 619]
[20, 26214, 573]
[20, 26214, 610]
[20, 26214, 535]
[20, 26214, 539]
[20, 26214, 594]
[20, 26214, 524]
[20, 26214, 538]
[20, 26214, 585]
[20, 26214, 553]
[20, 26214, 571]
[20, 26214, 637]
[20, 26214, 593]
[20, 26214, 588]
[20, 26214, 605]
[20, 26214, 558]
[20, 26214, 560]
[20, 26214, 638]
[20, 26214, 507]
[20, 26214, 640]
[20, 26214, 574]
[20, 26214, 571]
[20, 26214, 569]
[20, 26214, 626]
[20, 26214, 581]
[20, 26214, 583]
[20, 26214, 638]
[20, 26214, 633]
[20, 26214, 514]
[20, 26214, 573]
[20, 26214, 592]
[20, 26214, 571]
[20, 26214, 539]
[20, 26214, 650]
[20, 26214, 619]
[20, 26214, 601]
[25, 32768, 1343]
[25, 32768, 1286]
[25, 32768, 1286]
[25, 32768, 1378]
[25, 32768, 1290]
[25, 32768, 1276]
[25, 32768, 1298]
[25, 32768, 1273]
[25, 32768, 1425]
[25, 32768, 1249]
[25, 32768, 1311]
[25, 32768, 1286]
[25, 32768, 1359]
[25, 32768, 1332]
[25, 32768, 1329]
[25, 32768, 1392]
[25, 32768, 1276]
[25, 32768, 1293]
[25, 32768, 1338]
[25, 32768, 1312]
[25, 32768, 1395]
[25, 32768, 1363]
[25, 32768, 1309]
[25, 32768, 1364]
[25, 32768, 1396]
[25, 32768, 1363]
[25, 32768, 1204]
[25, 32768, 1304]
[25, 32768, 1331]
[25, 32768, 1249]
[25, 32768, 1360]
[25, 32768, 1370]
[25, 32768, 1322]
[25, 32768, 1261]
[25, 32768, 1351]
[25, 32768, 1372]
[25, 32768, 1261]
[25, 32768, 1327]
[25, 32768, 1330]
[25, 32768, 1340]
[25, 32768, 1405]
[25, 32768, 1231]
[25, 32768, 1368]
[25, 32768, 1309]
[25, 32768, 1381]
[25, 32768, 1304]
[25, 32768, 1246]
[25, 32768, 1375]
[25, 32768, 1356]
[25, 32768, 1375]
[25, 32768, 1262]
[25, 32768, 1365]
[25, 32768, 1376]
[25, 32768, 1309]
[25, 32768, 1331]
[25, 32768, 1409]
[25, 32768, 1371]
[25, 32768, 1385]
[25, 32768, 1319]
[25, 32768, 1374]
[25, 32768, 1246]
[25, 32768, 1415]
[25, 32768, 1402]
[25, 32768, 1325]
[25, 32768, 1330]
[25, 32768, 1279]
[25, 32768, 1416]
[25, 32768, 1311]
[25, 32768, 1253]
[25, 32768, 1288]
[25, 32768, 1308]
[25, 32768, 1286]
[25, 32768, 1277]
[25, 32768, 1279]
[25, 32768, 1385]
[25, 32768, 1277]
[25, 32768, 1327]
[25, 32768, 1302]
[25, 32768, 1283]
[25, 32768, 1296]
[25, 32768, 1316]
[25, 32768, 1376]
[25, 32768, 1202]
[25, 32768, 1386]
[25, 32768, 1241]
[25, 32768, 1239]
[25, 32768, 1233]
[25, 32768, 1371]
[25, 32768, 1288]
[25, 32768, 1297]
[25, 32768, 1350]
[25, 32768, 1352]
[25, 32768, 1236]
[25, 32768, 1301]
[25, 32768, 1337]
[25, 32768, 1266]
[25, 32768, 1228]
[25, 32768, 1350]
[25, 32768, 1395]
[25, 32768, 1343]
[30, 39321, 2559]
[30, 39321, 2434]
[30, 39321, 2419]
[30, 39321, 2471]
[30, 39321, 2476]
[30, 39321, 2335]
[30, 39321, 2409]
[30, 39321, 2351]
[30, 39321, 2522]
[30, 39321, 2351]
[30, 39321, 2511]
[30, 39321, 2393]
[30, 39321, 2568]
[30, 39321, 2534]
[30, 39321, 2404]
[30, 39321, 2541]
[30, 39321, 2463]
[30, 39321, 2390]
[30, 39321, 2439]
[30, 39321, 2415]
[30, 39321, 2556]
[30, 39321, 2524]
[30, 39321, 2450]
[30, 39321, 2489]
[30, 39321, 2484]
[30, 39321, 2460]
[30, 39321, 2340]
[30, 39321, 2386]
[30, 39321, 2391]
[30, 39321, 2356]
[30, 39321, 2427]
[30, 39321, 2484]
[30, 39321, 2412]
[30, 39321, 2250]
[30, 39321, 2464]
[30, 39321, 2453]
[30, 39321, 2421]
[30, 39321, 2476]
[30, 39321, 2394]
[30, 39321, 2447]
[30, 39321, 2522]
[30, 39321, 2353]
[30, 39321, 2480]
[30, 39321, 2403]
[30, 39321, 2481]
[30, 39321, 2473]
[30, 39321, 2373]
[30, 39321, 2502]
[30, 39321, 2535]
[30, 39321, 2530]
[30, 39321, 2433]
[30, 39321, 2472]
[30, 39321, 2548]
[30, 39321, 2452]
[30, 39321, 2449]
[30, 39321, 2634]
[30, 39321, 2513]
[30, 39321, 2547]
[30, 39321, 2405]
[30, 39321, 2464]
[30, 39321, 2357]
[30, 39321, 2579]
[30, 39321, 2532]
[30, 39321, 2423]
[30, 39321, 2478]
[30, 39321, 2315]
[30, 39321, 2652]
[30, 39321, 2460]
[30, 39321, 2372]
[30, 39321, 2420]
[30, 39321, 2409]
[30, 39321, 2447]
[30, 39321, 2354]
[30, 39321, 2302]
[30, 39321, 2534]
[30, 39321, 2461]
[30, 39321, 2464]
[30, 39321, 2450]
[30, 39321, 2478]
[30, 39321, 2336]
[30, 39321, 2487]
[30, 39321, 2497]
[30, 39321, 2302]
[30, 39321, 2544]
[30, 39321, 2467]
[30, 39321, 2344]
[30, 39321, 2280]
[30, 39321, 2538]
[30, 39321, 2396]
[30, 39321, 2331]
[30, 39321, 2451]
[30, 39321, 2484]
[30, 39321, 2328]
[30, 39321, 2474]
[30, 39321, 2496]
[30, 39321, 2453]
[30, 39321, 2331]
[30, 39321, 2480]
[30, 39321, 2510]
[30, 39321, 2553]
[35, 45875, 4158]
[35, 45875, 4009]
[35, 45875, 3873]
[35, 45875, 4051]
[35, 45875, 4169]
[35, 45875, 4018]
[35, 45875, 4041]
[35, 45875, 4031]
[35, 45875, 4121]
[35, 45875, 3917]
[35, 45875, 4103]
[35, 45875, 3927]
[35, 45875, 4218]
[35, 45875, 4024]
[35, 45875, 4046]
[35, 45875, 4209]
[35, 45875, 4062]
[35, 45875, 3993]
[35, 45875, 4136]
[35, 45875, 3902]
[35, 45875, 4175]
[35, 45875, 4069]
[35, 45875, 3988]
[35, 45875, 4070]
[35, 45875, 4097]
[35, 45875, 3931]
[35, 45875, 3983]
[35, 45875, 3918]
[35, 45875, 4027]
[35, 45875, 4054]
[35, 45875, 3942]
[35, 45875, 4189]
[35, 45875, 4066]
[35, 45875, 3838]
[35, 45875, 3991]
[35, 45875, 3881]
[35, 45875, 4069]
[35, 45875, 4088]
[35, 45875, 4170]
[35, 45875, 4015]
[35, 45875, 4058]
[35, 45875, 4033]
[35, 45875, 4083]
[35, 45875, 4078]
[35, 45875, 3956]
[35, 45875, 4058]
[35, 45875, 4008]
[35, 45875, 4021]
[35, 45875, 4117]
[35, 45875, 4086]
[35, 45875, 4003]
[35, 45875, 4097]
[35, 45875, 4067]
[35, 45875, 4084]
[35, 45875, 3958]
[35, 45875, 4318]
[35, 45875, 4112]
[35, 45875, 4151]
[35, 45875, 4027]
[35, 45875, 4117]
[35, 45875, 4083]
[35, 45875, 4101]
[35, 45875, 4093]
[35, 45875, 4006]
[35, 45875, 4082]
[35, 45875, 3916]
[35, 45875, 4175]
[35, 45875, 4037]
[35, 45875, 4040]
[35, 45875, 3952]
[35, 45875, 3915]
[35, 45875, 4049]
[35, 45875, 3964]
[35, 45875, 3886]
[35, 45875, 3996]
[35, 45875, 3983]
[35, 45875, 3992]
[35, 45875, 4087]
[35, 45875, 4170]
[35, 45875, 3916]
[35, 45875, 4117]
[35, 45875, 4122]
[35, 45875, 3861]
[35, 45875, 4192]
[35, 45875, 3937]
[35, 45875, 3842]
[35, 45875, 3922]
[35, 45875, 4152]
[35, 45875, 3982]
[35, 45875, 3928]
[35, 45875, 4008]
[35, 45875, 4043]
[35, 45875, 4036]
[35, 45875, 3988]
[35, 45875, 4102]
[35, 45875, 4077]
[35, 45875, 3966]
[35, 45875, 4103]
[35, 45875, 4045]
[35, 45875, 4081]
[40, 52428, 6252]
[40, 52428, 6156]
[40, 52428, 5791]
[40, 52428, 6114]
[40, 52428, 6232]
[40, 52428, 6059]
[40, 52428, 6012]
[40, 52428, 6126]
[40, 52428, 6106]
[40, 52428, 5949]
[40, 52428, 6201]
[40, 52428, 6023]
[40, 52428, 6335]
[40, 52428, 6156]
[40, 52428, 6219]
[40, 52428, 6204]
[40, 52428, 6094]
[40, 52428, 6052]
[40, 52428, 6323]
[40, 52428, 5917]
[40, 52428, 6217]
[40, 52428, 6153]
[40, 52428, 6120]
[40, 52428, 6165]
[40, 52428, 6181]
[40, 52428, 6035]
[40, 52428, 5982]
[40, 52428, 6057]
[40, 52428, 5984]
[40, 52428, 6147]
[40, 52428, 5965]
[40, 52428, 6251]
[40, 52428, 6014]
[40, 52428, 5896]
[40, 52428, 6075]
[40, 52428, 6033]
[40, 52428, 6060]
[40, 52428, 6091]
[40, 52428, 6182]
[40, 52428, 5947]
[40, 52428, 6099]
[40, 52428, 5962]
[40, 52428, 6104]
[40, 52428, 6221]
[40, 52428, 6045]
[40, 52428, 6080]
[40, 52428, 6064]
[40, 52428, 6015]
[40, 52428, 6312]
[40, 52428, 6348]
[40, 52428, 6102]
[40, 52428, 6093]
[40, 52428, 6003]
[40, 52428, 6054]
[40, 52428, 6035]
[40, 52428, 6358]
[40, 52428, 6194]
[40, 52428, 6254]
[40, 52428, 6017]
[40, 52428, 6214]
[40, 52428, 6086]
[40, 52428, 6082]
[40, 52428, 5979]
[40, 52428, 6071]
[40, 52428, 6045]
[40, 52428, 5909]
[40, 52428, 6290]
[40, 52428, 6155]
[40, 52428, 6112]
[40, 52428, 5971]
[40, 52428, 5963]
[40, 52428, 6090]
[40, 52428, 6040]
[40, 52428, 6105]
[40, 52428, 6093]
[40, 52428, 5956]
[40, 52428, 5944]
[40, 52428, 6064]
[40, 52428, 6239]
[40, 52428, 5994]
[40, 52428, 6218]
[40, 52428, 6157]
[40, 52428, 5882]
[40, 52428, 6168]
[40, 52428, 6077]
[40, 52428, 5944]
[40, 52428, 5969]
[40, 52428, 6085]
[40, 52428, 5980]
[40, 52428, 5913]
[40, 52428, 6164]
[40, 52428, 6086]
[40, 52428, 6023]
[40, 52428, 6114]
[40, 52428, 6079]
[40, 52428, 6127]
[40, 52428, 6040]
[40, 52428, 6197]
[40, 52428, 6122]
[40, 52428, 6121]
