[1, 1310, 1279]
[1, 1310, 1282]
[1, 1310, 1276]
[1, 1310, 1279]
[1, 1310, 1277]
[1, 1310, 1279]
[1, 1310, 1287]
[1, 1310, 1280]
[1, 1310, 1280]
[1, 1310, 1279]
[1, 1310, 1278]
[1, 1310, 1281]
[1, 1310, 1278]
[1, 1310, 1289]
[1, 1310, 1290]
[1, 1310, 1284]
[1, 1310, 1278]
[1, 1310, 1277]
[1, 1310, 1280]
[1, 1310, 1283]
[1, 1310, 1277]
[1, 1310, 1277]
[1, 1310, 1289]
[1, 1310, 1283]
[1, 1310, 1287]
[1, 1310, 1283]
[1, 1310, 1284]
[1, 1310, 1281]
[1, 1310, 1275]
[1, 1310, 1282]
[1, 1310, 1280]
[1, 1310, 1275]
[1, 1310, 1279]
[1, 1310, 1274]
[1, 1310, 1281]
[1, 1310, 1275]
[1, 1310, 1282]
[1, 1310, 1287]
[1, 1310, 1281]
[1, 1310, 1278]
[1, 1310, 1284]
[1, 1310, 1293]
[1, 1310, 1283]
[1, 1310, 1283]
[1, 1310, 1284]
[1, 1310, 1290]
[1, 1310, 1286]
[1, 1310, 1287]
[1, 1310, 1281]
[1, 1310, 1276]
[1, 1310, 1283]
[1, 1310, 1275]
[1, 1310, 1280]
[1, 1310, 1285]
[1, 1310, 1283]
[1, 1310, 1289]
[1, 1310, 1278]
[1, 1310, 1278]
[1, 1310, 1279]
[1, 1310, 1280]
[1, 1310, 1285]
[1, 1310, 1287]
[1, 1310, 1283]
[1, 1310, 1286]
[1, 1310, 1277]
[1, 1310, 1292]
[1, 1310, 1283]
[1, 1310, 1283]
[1, 1310, 1282]
[1, 1310, 1283]
[1, 1310, 1269]
[1, 1310, 1286]
[1, 1310, 1277]
[1, 1310, 1285]
[1, 1310, 1282]
[1, 1310, 1284]
[1, 1310, 1279]
[1, 1310, 1281]
[1, 1310, 1285]
[1, 1310, 1282]
[1, 1310, 1287]
[1, 1310, 1278]
[1, 1310, 1286]
[1, 1310, 1292]
[1, 1310, 1279]
[1, 1310, 1284]
[1, 1310, 1280]
[1, 1310, 1285]
[1, 1310, 1277]
[1, 1310, 1269]
[1, 1310, 1284]
[1, 1310, 1281]
[1, 1310, 1275]
[1, 1310, 1283]
[1, 1310, 1278]
[1, 1310, 1278]
[1, 1310, 1282]
[1, 1310, 1291]
[1, 1310, 1281]
[1, 1310, 1283]
[2, 2621, 2608]
[2, 2621, 2607]
[2, 2621, 2601]
[2, 2621, 2609]
[2, 2621, 2606]
[2, 2621, 2607]
[2, 2621, 2608]
[2, 2621, 2606]
[2, 2621, 2605]
[2, 2621, 2609]
[2, 2621, 2604]
[2, 2621, 2609]
[2, 2621, 2605]
[2, 2621, 2603]
[2, 2621, 2609]
[2, 2621, 2604]
[2, 2621, 2602]
[2, 2621, 2603]
[2, 2621, 2602]
[2, 2621, 2607]
[2, 2621, 2608]
[2, 2621, 2612]
[2, 2621, 2603]
[2, 2621, 2605]
[2, 2621, 2605]
[2, 2621, 2604]
[2, 2621, 2601]
[2, 2621, 2613]
[2, 2621, 2605]
[2, 2621, 2603]
[2, 2621, 2604]
[2, 2621, 2602]
[2, 2621, 2605]
[2, 2621, 2600]
[2, 2621, 2605]
[2, 2621, 2607]
[2, 2621, 2604]
[2, 2621, 2610]
[2, 2621, 2600]
[2, 2621, 2605]
[2, 2621, 2606]
[2, 2621, 2602]
[2, 2621, 2609]
[2, 2621, 2600]
[2, 2621, 2602]
[2, 2621, 2611]
[2, 2621, 2606]
[2, 2621, 2607]
[2, 2621, 2608]
[2, 2621, 2596]
[2, 2621, 2608]
[2, 2621, 2600]
[2, 2621, 2596]
[2, 2621, 2605]
[2, 2621, 2611]
[2, 2621, 2605]
[2, 2621, 2607]
[2, 2621, 2609]
[2, 2621, 2602]
[2, 2621, 2606]
[2, 2621, 2602]
[2, 2621, 2604]
[2, 2621, 2610]
[2, 2621, 2607]
[2, 2621, 2611]
[2, 2621, 2606]
[2, 2621, 2605]
[2, 2621, 2608]
[2, 2621, 2607]
[2, 2621, 2606]
[2, 2621, 2600]
[2, 2621, 2607]
[2, 2621, 2606]
[2, 2621, 2611]
[2, 2621, 2607]
[2, 2621, 2601]
[2, 2621, 2602]
[2, 2621, 2604]
[2, 2621, 2608]
[2, 2621, 2608]
[2, 2621, 2607]
[2, 2621, 2603]
[2, 2621, 2613]
[2, 2621, 2604]
[2, 2621, 2602]
[2, 2621, 2603]
[2, 2621, 2599]
[2, 2621, 2607]
[2, 2621, 2601]
[2, 2621, 2600]
[2, 2621, 2604]
[2, 2621, 2605]
[2, 2621, 2606]
[2, 2621, 2609]
[2, 2621, 2605]
[2, 2621, 2609]
[2, 2621, 2607]
[2, 2621, 2612]
[2, 2621, 2602]
[2, 2621, 2604]
[5, 6553, 6551]
[5, 6553, 6551]
[5, 6553, 6553]
[5, 6553, 6552]
[5, 6553, 6552]
[5, 6553, 6552]
[5, 6553, 6553]
[5, 6553, 6553]
[5, 6553, 6550]
[5, 6553, 6553]
[5, 6553, 6553]
[5, 6553, 6551]
[5, 6553, 6552]
[5, 6553, 6553]
[5, 6553, 6552]
[5, 6553, 6551]
[5, 6553, 6553]
[5, 6553, 6553]
[5, 6553, 6553]
[5, 6553, 6552]
[5, 6553, 6552]
[5, 6553, 6553]
[5, 6553, 6551]
[5, 6553, 6552]
[5, 6553, 6552]
[5, 6553, 6552]
[5, 6553, 6550]
[5, 6553, 6552]
[5, 6553, 6552]
[5, 6553, 6552]
[5, 6553, 6553]
[5, 6553, 6552]
[5, 6553, 6553]
[5, 6553, 6552]
[5, 6553, 6552]
[5, 6553, 6552]
[5, 6553, 6552]
[5, 6553, 6553]
[5, 6553, 6553]
[5, 6553, 6553]
[5, 6553, 6553]
[5, 6553, 6553]
[5, 6553, 6552]
[5, 6553, 6551]
[5, 6553, 6552]
[5, 6553, 6553]
[5, 6553, 6553]
[5, 6553, 6553]
[5, 6553, 6552]
[5, 6553, 6552]
[5, 6553, 6553]
[5, 6553, 6552]
[5, 6553, 6552]
[5, 6553, 6553]
[5, 6553, 6551]
[5, 6553, 6553]
[5, 6553, 6550]
[5, 6553, 6552]
[5, 6553, 6551]
[5, 6553, 6550]
[5, 6553, 6552]
[5, 6553, 6553]
[5, 6553, 6552]
[5, 6553, 6551]
[5, 6553, 6553]
[5, 6553, 6552]
[5, 6553, 6552]
[5, 6553, 6552]
[5, 6553, 6551]
[5, 6553, 6552]
[5, 6553, 6553]
[5, 6553, 6551]
[5, 6553, 6552]
[5, 6553, 6552]
[5, 6553, 6552]
[5, 6553, 6553]
[5, 6553, 6552]
[5, 6553, 6552]
[5, 6553, 6552]
[5, 6553, 6552]
[5, 6553, 6551]
[5, 6553, 6552]
[5, 6553, 6552]
[5, 6553, 6552]
[5, 6553, 6552]
[5, 6553, 6550]
[5, 6553, 6551]
[5, 6553, 6553]
[5, 6553, 6549]
[5, 6553, 6553]
[5, 6553, 6551]
[5, 6553, 6553]
[5, 6553, 6552]
[5, 6553, 6552]
[5, 6553, 6553]
[5, 6553, 6552]
[5, 6553, 6553]
[5, 6553, 6553]
[5, 6553, 6553]
[5, 6553, 6553]
[10, 13107, 13105]
[10, 13107, 13107]
[10, 13107, 13107]
[10, 13107, 13107]
[10, 13107, 13107]
[10, 13107, 13107]
[10, 13107, 13107]
[10, 13107, 13107]
[10, 13107, 13107]
[10, 13107, 13107]
[10, 13107, 13107]
[10, 13107, 13107]
[10, 13107, 13107]
[10, 13107, 13107]
[10, 13107, 13107]
[10, 13107, 13107]
[10, 13107, 13107]
[10, 13107, 13107]
[10, 13107, 13107]
[10, 13107, 13107]
[10, 13107, 13107]
[10, 13107, 13107]
[10, 13107, 13107]
[10, 13107, 13107]
[10, 13107, 13107]
[10, 13107, 13107]
[10, 13107, 13107]
[10, 13107, 13107]
[10, 13107, 13107]
[10, 13107, 13107]
[10, 13107, 13107]
[10, 13107, 13107]
[10, 13107, 13107]
[10, 13107, 13106]
[10, 13107, 13106]
[10, 13107, 13107]
[10, 13107, 13106]
[10, 13107, 13106]
[10, 13107, 13107]
[10, 13107, 13107]
[10, 13107, 13106]
[10, 13107, 13106]
[10, 13107, 13106]
[10, 13107, 13107]
[10, 13107, 13107]
[10, 13107, 13107]
[10, 13107, 13107]
[10, 13107, 13107]
[10, 13107, 13107]
[10, 13107, 13107]
[10, 13107, 13107]
[10, 13107, 13107]
[10, 13107, 13107]
[10, 13107, 13107]
[10, 13107, 13106]
[10, 13107, 13107]
[10, 13107, 13107]
[10, 13107, 13107]
[10, 13107, 13107]
[10, 13107, 13107]
[10, 13107, 13107]
[10, 13107, 13107]
[10, 13107, 13107]
[10, 13107, 13107]
[10, 13107, 13107]
[10, 13107, 13107]
[10, 13107, 13106]
[10, 13107, 13106]
[10, 13107, 13107]
[10, 13107, 13107]
[10, 13107, 13107]
[10, 13107, 13106]
[10, 13107, 13107]
[10, 13107, 13107]
[10, 13107, 13106]
[10, 13107, 13107]
[10, 13107, 13107]
[10, 13107, 13107]
[10, 13107, 13107]
[10, 13107, 13107]
[10, 13107, 13107]
[10, 13107, 13107]
[10, 13107, 13107]
[10, 13107, 13107]
[10, 13107, 13107]
[10, 13107, 13106]
[10, 13107, 13107]
[10, 13107, 13107]
[10, 13107, 13106]
[10, 13107, 13107]
[10, 13107, 13106]
[10, 13107, 13107]
[10, 13107, 13107]
[10, 13107, 13107]
[10, 13107, 13107]
[10, 13107, 13107]
[10, 13107, 13107]
[10, 13107, 13106]
[10, 13107, 13107]
[10, 13107, 13107]
[15, 19660, 19658]
[15, 19660, 19659]
[15, 19660, 19660]
[15, 19660, 19660]
[15, 19660, 19660]
[15, 19660, 19660]
[15, 19660, 19660]
[15, 19660, 19660]
[15, 19660, 19660]
[15, 19660, 19660]
[15, 19660, 19659]
[15, 19660, 19660]
[15, 19660, 19660]
[15, 19660, 19660]
[15, 19660, 19660]
[15, 19660, 19660]
[15, 19660, 19660]
[15, 19660, 19660]
[15, 19660, 19660]
[15, 19660, 19660]
[15, 19660, 19660]
[15, 19660, 19659]
[15, 19660, 19660]
[15, 19660, 19660]
[15, 19660, 19659]
[15, 19660, 19660]
[15, 19660, 19660]
[15, 19660, 19660]
[15, 19660, 19660]
[15, 19660, 19660]
[15, 19660, 19660]
[15, 19660, 19660]
[15, 19660, 19660]
[15, 19660, 19659]
[15, 19660, 19659]
[15, 19660, 19660]
[15, 19660, 19659]
[15, 19660, 19659]
[15, 19660, 19660]
[15, 19660, 19660]
[15, 19660, 19659]
[15, 19660, 19659]
[15, 19660, 19659]
[15, 19660, 19660]
[15, 19660, 19660]
[15, 19660, 19660]
[15, 19660, 19660]
[15, 19660, 19660]
[15, 19660, 19660]
[15, 19660, 19660]
[15, 19660, 19660]
[15, 19660, 19660]
[15, 19660, 19660]
[15, 19660, 19660]
[15, 19660, 19659]
[15, 19660, 19660]
[15, 19660, 19660]
[15, 19660, 19660]
[15, 19660, 19660]
[15, 19660, 19660]
[15, 19660, 19660]
[15, 19660, 19660]
[15, 19660, 19660]
[15, 19660, 19659]
[15, 19660, 19660]
[15, 19660, 19660]
[15, 19660, 19659]
[15, 19660, 19659]
[15, 19660, 19660]
[15, 19660, 19660]
[15, 19660, 19660]
[15, 19660, 19659]
[15, 19660, 19660]
[15, 19660, 19660]
[15, 19660, 19659]
[15, 19660, 19660]
[15, 19660, 19660]
[15, 19660, 19659]
[15, 19660, 19660]
[15, 19660, 19659]
[15, 19660, 19660]
[15, 19660, 19660]
[15, 19660, 19660]
[15, 19660, 19660]
[15, 19660, 19660]
[15, 19660, 19659]
[15, 19660, 19660]
[15, 19660, 19660]
[15, 19660, 19659]
[15, 19660, 19660]
[15, 19660, 19659]
[15, 19660, 19659]
[15, 19660, 19659]
[15, 19660, 19660]
[15, 19660, 19660]
[15, 19660, 19660]
[15, 19660, 19660]
[15, 19660, 19659]
[15, 19660, 19660]
[15, 19660, 19660]
[20, 26214, 26212]
[20, 26214, 26213]
[20, 26214, 26214]
[20, 26214, 26214]
[20, 26214, 26214]
[20, 26214, 26214]
[20, 26214, 26214]
[20, 26214, 26214]
[20, 26214, 26214]
[20, 26214, 26214]
[20, 26214, 26213]
[20, 26214, 26214]
[20, 26214, 26214]
[20, 26214, 26214]
[20, 26214, 26214]
[20, 26214, 26214]
[20, 26214, 26213]
[20, 26214, 26214]
[20, 26214, 26212]
[20, 26214, 26214]
[20, 26214, 26214]
[20, 26214, 26213]
[20, 26214, 26214]
[20, 26214, 26214]
[20, 26214, 26213]
[20, 26214, 26214]
[20, 26214, 26214]
[20, 26214, 26214]
[20, 26214, 26214]
[20, 26214, 26214]
[20, 26214, 26214]
[20, 26214, 26214]
[20, 26214, 26214]
[20, 26214, 26213]
[20, 26214, 26213]
[20, 26214, 26214]
[20, 26214, 26213]
[20, 26214, 26213]
[20, 26214, 26214]
[20, 26214, 26214]
[20, 26214, 26213]
[20, 26214, 26213]
[20, 26214, 26213]
[20, 26214, 26214]
[20, 26214, 26214]
[20, 26214, 26214]
[20, 26214, 26214]
[20, 26214, 26214]
[20, 26214, 26214]
[20, 26214, 26214]
[20, 26214, 26214]
[20, 26214, 26214]
[20, 26214, 26214]
[20, 26214, 26214]
[20, 26214, 26213]
[20, 26214, 26213]
[20, 26214, 26214]
[20, 26214, 26213]
[20, 26214, 26214]
[20, 26214, 26214]
[20, 26214, 26214]
[20, 26214, 26214]
[20, 26214, 26214]
[20, 26214, 26213]
[20, 26214, 26214]
[20, 26214, 26214]
[20, 26214, 26213]
[20, 26214, 26213]
[20, 26214, 26214]
[20, 26214, 26214]
[20, 26214, 26214]
[20, 26214, 26213]
[20, 26214, 26214]
[20, 26214, 26214]
[20, 26214, 26213]
[20, 26214, 26214]
[20, 26214, 26214]
[20, 26214, 26213]
[20, 26214, 26214]
[20, 26214, 26213]
[20, 26214, 26213]
[20, 26214, 26214]
[20, 26214, 26214]
[20, 26214, 26214]
[20, 26214, 26214]
[20, 26214, 26213]
[20, 26214, 26214]
[20, 26214, 26214]
[20, 26214, 26213]
[20, 26214, 26214]
[20, 26214, 26213]
[20, 26214, 26213]
[20, 26214, 26213]
[20, 26214, 26214]
[20, 26214, 26214]
[20, 26214, 26214]
[20, 26214, 26213]
[20, 26214, 26213]
[20, 26214, 26214]
[20, 26214, 26214]
[25, 32768, 32766]
[25, 32768, 32767]
[25, 32768, 32768]
[25, 32768, 32768]
[25, 32768, 32768]
[25, 32768, 32768]
[25, 32768, 32768]
[25, 32768, 32768]
[25, 32768, 32768]
[25, 32768, 32768]
[25, 32768, 32767]
[25, 32768, 32768]
[25, 32768, 32768]
[25, 32768, 32768]
[25, 32768, 32768]
[25, 32768, 32768]
[25, 32768, 32767]
[25, 32768, 32768]
[25, 32768, 32766]
[25, 32768, 32768]
[25, 32768, 32768]
[25, 32768, 32767]
[25, 32768, 32768]
[25, 32768, 32768]
[25, 32768, 32767]
[25, 32768, 32768]
[25, 32768, 32768]
[25, 32768, 32768]
[25, 32768, 32768]
[25, 32768, 32768]
[25, 32768, 32768]
[25, 32768, 32768]
[25, 32768, 32768]
[25, 32768, 32767]
[25, 32768, 32767]
[25, 32768, 32768]
[25, 32768, 32767]
[25, 32768, 32767]
[25, 32768, 32768]
[25, 32768, 32768]
[25, 32768, 32767]
[25, 32768, 32767]
[25, 32768, 32767]
[25, 32768, 32768]
[25, 32768, 32768]
[25, 32768, 32768]
[25, 32768, 32768]
[25, 32768, 32768]
[25, 32768, 32767]
[25, 32768, 32768]
[25, 32768, 32768]
[25, 32768, 32768]
[25, 32768, 32768]
[25, 32768, 32768]
[25, 32768, 32767]
[25, 32768, 32767]
[25, 32768, 32768]
[25, 32768, 32767]
[25, 32768, 32768]
[25, 32768, 32768]
[25, 32768, 32768]
[25, 32768, 32768]
[25, 32768, 32768]
[25, 32768, 32767]
[25, 32768, 32768]
[25, 32768, 32768]
[25, 32768, 32767]
[25, 32768, 32766]
[25, 32768, 32768]
[25, 32768, 32768]
[25, 32768, 32767]
[25, 32768, 32767]
[25, 32768, 32768]
[25, 32768, 32768]
[25, 32768, 32767]
[25, 32768, 32768]
[25, 32768, 32768]
[25, 32768, 32767]
[25, 32768, 32768]
[25, 32768, 32767]
[25, 32768, 32767]
[25, 32768, 32768]
[25, 32768, 32768]
[25, 32768, 32768]
[25, 32768, 32768]
[25, 32768, 32767]
[25, 32768, 32768]
[25, 32768, 32768]
[25, 32768, 32767]
[25, 32768, 32768]
[25, 32768, 32767]
[25, 32768, 32767]
[25, 32768, 32767]
[25, 32768, 32768]
[25, 32768, 32768]
[25, 32768, 32768]
[25, 32768, 32767]
[25, 32768, 32767]
[25, 32768, 32768]
[25, 32768, 32768]
[30, 39321, 39319]
[30, 39321, 39320]
[30, 39321, 39321]
[30, 39321, 39321]
[30, 39321, 39321]
[30, 39321, 39321]
[30, 39321, 39321]
[30, 39321, 39321]
[30, 39321, 39321]
[30, 39321, 39320]
[30, 39321, 39320]
[30, 39321, 39321]
[30, 39321, 39321]
[30, 39321, 39321]
[30, 39321, 39320]
[30, 39321, 39321]
[30, 39321, 39320]
[30, 39321, 39321]
[30, 39321, 39319]
[30, 39321, 39321]
[30, 39321, 39321]
[30, 39321, 39320]
[30, 39321, 39321]
[30, 39321, 39320]
[30, 39321, 39320]
[30, 39321, 39321]
[30, 39321, 39321]
[30, 39321, 39321]
[30, 39321, 39321]
[30, 39321, 39321]
[30, 39321, 39321]
[30, 39321, 39321]
[30, 39321, 39321]
[30, 39321, 39320]
[30, 39321, 39320]
[30, 39321, 39321]
[30, 39321, 39320]
[30, 39321, 39320]
[30, 39321, 39321]
[30, 39321, 39321]
[30, 39321, 39320]
[30, 39321, 39320]
[30, 39321, 39320]
[30, 39321, 39321]
[30, 39321, 39321]
[30, 39321, 39321]
[30, 39321, 39321]
[30, 39321, 39321]
[30, 39321, 39320]
[30, 39321, 39321]
[30, 39321, 39321]
[30, 39321, 39321]
[30, 39321, 39321]
[30, 39321, 39321]
[30, 39321, 39320]
[30, 39321, 39320]
[30, 39321, 39321]
[30, 39321, 39320]
[30, 39321, 39321]
[30, 39321, 39321]
[30, 39321, 39321]
[30, 39321, 39321]
[30, 39321, 39320]
[30, 39321, 39320]
[30, 39321, 39321]
[30, 39321, 39321]
[30, 39321, 39320]
[30, 39321, 39319]
[30, 39321, 39321]
[30, 39321, 39321]
[30, 39321, 39320]
[30, 39321, 39320]
[30, 39321, 39321]
[30, 39321, 39321]
[30, 39321, 39320]
[30, 39321, 39321]
[30, 39321, 39321]
[30, 39321, 39320]
[30, 39321, 39321]
[30, 39321, 39320]
[30, 39321, 39320]
[30, 39321, 39321]
[30, 39321, 39321]
[30, 39321, 39320]
[30, 39321, 39321]
[30, 39321, 39320]
[30, 39321, 39321]
[30, 39321, 39321]
[30, 39321, 39320]
[30, 39321, 39321]
[30, 39321, 39320]
[30, 39321, 39320]
[30, 39321, 39320]
[30, 39321, 39321]
[30, 39321, 39321]
[30, 39321, 39321]
[30, 39321, 39320]
[30, 39321, 39320]
[30, 39321, 39321]
[30, 39321, 39321]
[35, 45875, 45873]
[35, 45875, 45874]
[35, 45875, 45875]
[35, 45875, 45875]
[35, 45875, 45875]
[35, 45875, 45875]
[35, 45875, 45875]
[35, 45875, 45875]
[35, 45875, 45875]
[35, 45875, 45874]
[35, 45875, 45874]
[35, 45875, 45875]
[35, 45875, 45875]
[35, 45875, 45875]
[35, 45875, 45874]
[35, 45875, 45875]
[35, 45875, 45873]
[35, 45875, 45875]
[35, 45875, 45873]
[35, 45875, 45875]
[35, 45875, 45875]
[35, 45875, 45874]
[35, 45875, 45875]
[35, 45875, 45874]
[35, 45875, 45874]
[35, 45875, 45875]
[35, 45875, 45875]
[35, 45875, 45875]
[35, 45875, 45875]
[35, 45875, 45875]
[35, 45875, 45875]
[35, 45875, 45875]
[35, 45875, 45875]
[35, 45875, 45874]
[35, 45875, 45874]
[35, 45875, 45875]
[35, 45875, 45874]
[35, 45875, 45874]
[35, 45875, 45875]
[35, 45875, 45875]
[35, 45875, 45874]
[35, 45875, 45874]
[35, 45875, 45874]
[35, 45875, 45875]
[35, 45875, 45875]
[35, 45875, 45875]
[35, 45875, 45875]
[35, 45875, 45875]
[35, 45875, 45874]
[35, 45875, 45875]
[35, 45875, 45875]
[35, 45875, 45875]
[35, 45875, 45875]
[35, 45875, 45875]
[35, 45875, 45872]
[35, 45875, 45873]
[35, 45875, 45875]
[35, 45875, 45874]
[35, 45875, 45875]
[35, 45875, 45874]
[35, 45875, 45875]
[35, 45875, 45875]
[35, 45875, 45874]
[35, 45875, 45874]
[35, 45875, 45875]
[35, 45875, 45875]
[35, 45875, 45874]
[35, 45875, 45873]
[35, 45875, 45875]
[35, 45875, 45875]
[35, 45875, 45874]
[35, 45875, 45874]
[35, 45875, 45875]
[35, 45875, 45874]
[35, 45875, 45874]
[35, 45875, 45875]
[35, 45875, 45875]
[35, 45875, 45874]
[35, 45875, 45875]
[35, 45875, 45874]
[35, 45875, 45874]
[35, 45875, 45875]
[35, 45875, 45875]
[35, 45875, 45874]
[35, 45875, 45875]
[35, 45875, 45874]
[35, 45875, 45875]
[35, 45875, 45875]
[35, 45875, 45873]
[35, 45875, 45875]
[35, 45875, 45874]
[35, 45875, 45874]
[35, 45875, 45874]
[35, 45875, 45875]
[35, 45875, 45875]
[35, 45875, 45874]
[35, 45875, 45874]
[35, 45875, 45874]
[35, 45875, 45875]
[35, 45875, 45875]
[40, 52428, 52426]
[40, 52428, 52427]
[40, 52428, 52428]
[40, 52428, 52427]
[40, 52428, 52428]
[40, 52428, 52428]
[40, 52428, 52428]
[40, 52428, 52428]
[40, 52428, 52428]
[40, 52428, 52427]
[40, 52428, 52427]
[40, 52428, 52428]
[40, 52428, 52427]
[40, 52428, 52428]
[40, 52428, 52427]
[40, 52428, 52428]
[40, 52428, 52426]
[40, 52428, 52428]
[40, 52428, 52426]
[40, 52428, 52428]
[40, 52428, 52428]
[40, 52428, 52427]
[40, 52428, 52428]
[40, 52428, 52427]
[40, 52428, 52427]
[40, 52428, 52428]
[40, 52428, 52427]
[40, 52428, 52428]
[40, 52428, 52428]
[40, 52428, 52428]
[40, 52428, 52428]
[40, 52428, 52428]
[40, 52428, 52428]
[40, 52428, 52427]
[40, 52428, 52427]
[40, 52428, 52428]
[40, 52428, 52427]
[40, 52428, 52427]
[40, 52428, 52428]
[40, 52428, 52428]
[40, 52428, 52427]
[40, 52428, 52427]
[40, 52428, 52427]
[40, 52428, 52428]
[40, 52428, 52428]
[40, 52428, 52428]
[40, 52428, 52428]
[40, 52428, 52428]
[40, 52428, 52427]
[40, 52428, 52428]
[40, 52428, 52428]
[40, 52428, 52428]
[40, 52428, 52428]
[40, 52428, 52428]
[40, 52428, 52425]
[40, 52428, 52426]
[40, 52428, 52428]
[40, 52428, 52427]
[40, 52428, 52428]
[40, 52428, 52428]
[40, 52428, 52428]
[40, 52428, 52428]
[40, 52428, 52427]
[40, 52428, 52427]
[40, 52428, 52428]
[40, 52428, 52428]
[40, 52428, 52427]
[40, 52428, 52426]
[40, 52428, 52428]
[40, 52428, 52428]
[40, 52428, 52427]
[40, 52428, 52427]
[40, 52428, 52427]
[40, 52428, 52427]
[40, 52428, 52427]
[40, 52428, 52428]
[40, 52428, 52428]
[40, 52428, 52427]
[40, 52428, 52428]
[40, 52428, 52427]
[40, 52428, 52427]
[40, 52428, 52428]
[40, 52428, 52428]
[40, 52428, 52427]
[40, 52428, 52428]
[40, 52428, 52427]
[40, 52428, 52428]
[40, 52428, 52428]
[40, 52428, 52426]
[40, 52428, 52428]
[40, 52428, 52427]
[40, 52428, 52427]
[40, 52428, 52427]
[40, 52428, 52428]
[40, 52428, 52428]
[40, 52428, 52427]
[40, 52428, 52427]
[40, 52428, 52427]
[40, 52428, 52428]
[40, 52428, 52428]
