[1, 1310, 0]
[1, 1310, 0]
[1, 1310, 0]
[1, 1310, 0]
[1, 1310, 0]
[1, 1310, 0]
[1, 1310, 0]
[1, 1310, 0]
[1, 1310, 0]
[1, 1310, 0]
[2, 2621, 0]
[2, 2621, 0]
[2, 2621, 0]
[2, 2621, 0]
[2, 2621, 0]
[2, 2621, 0]
[2, 2621, 0]
[2, 2621, 0]
[2, 2621, 0]
[2, 2621, 0]
[5, 6553, 0]
[5, 6553, 0]
[5, 6553, 0]
[5, 6553, 0]
[5, 6553, 0]
[5, 6553, 0]
[5, 6553, 0]
[5, 6553, 0]
[5, 6553, 0]
[5, 6553, 0]
[10, 13107, 0]
[10, 13107, 0]
[10, 13107, 0]
[10, 13107, 0]
[10, 13107, 0]
[10, 13107, 0]
[10, 13107, 0]
[10, 13107, 0]
[10, 13107, 0]
[10, 13107, 0]
[15, 19660, 0]
[15, 19660, 0]
[15, 19660, 0]
[15, 19660, 0]
[15, 19660, 0]
[15, 19660, 0]
[15, 19660, 0]
[15, 19660, 0]
[15, 19660, 0]
[15, 19660, 0]
[20, 26214, 0]
[20, 26214, 0]
[20, 26214, 0]
[20, 26214, 0]
[20, 26214, 0]
[20, 26214, 0]
[20, 26214, 0]
[20, 26214, 0]
[20, 26214, 0]
[20, 26214, 0]
[25, 32768, 0]
[25, 32768, 2]
[25, 32768, 0]
[25, 32768, 0]
[25, 32768, 0]
[25, 32768, 0]
[25, 32768, 0]
[25, 32768, 2]
[25, 32768, 0]
[25, 32768, 0]
[30, 39321, 12]
[30, 39321, 8]
[30, 39321, 2]
[30, 39321, 1]
[30, 39321, 12]
[30, 39321, 9]
[30, 39321, 13]
[30, 39321, 5]
[30, 39321, 6]
[30, 39321, 4]
[35, 45875, 31]
[35, 45875, 42]
[35, 45875, 37]
[35, 45875, 24]
[35, 45875, 22]
[35, 45875, 18]
[35, 45875, 19]
[35, 45875, 35]
[35, 45875, 19]
[35, 45875, 16]
[40, 52428, 98]
[40, 52428, 79]
[40, 52428, 112]
[40, 52428, 79]
[40, 52428, 104]
[40, 52428, 110]
[40, 52428, 86]
[40, 52428, 91]
[40, 52428, 93]
[40, 52428, 75]
