[1, 1310, 0]
[1, 1310, 0]
[1, 1310, 0]
[1, 1310, 0]
[1, 1310, 0]
[1, 1310, 0]
[1, 1310, 0]
[1, 1310, 0]
[1, 1310, 0]
[1, 1310, 0]
[2, 2621, 0]
[2, 2621, 0]
[2, 2621, 0]
[2, 2621, 0]
[2, 2621, 0]
[2, 2621, 0]
[2, 2621, 0]
[2, 2621, 0]
[2, 2621, 0]
[2, 2621, 0]
[5, 6553, 0]
[5, 6553, 0]
[5, 6553, 0]
[5, 6553, 0]
[5, 6553, 0]
[5, 6553, 0]
[5, 6553, 0]
[5, 6553, 0]
[5, 6553, 0]
[5, 6553, 0]
[10, 13107, 0]
[10, 13107, 0]
[10, 13107, 0]
[10, 13107, 0]
[10, 13107, 0]
[10, 13107, 0]
[10, 13107, 0]
[10, 13107, 0]
[10, 13107, 0]
[10, 13107, 0]
[15, 19660, 0]
[15, 19660, 0]
[15, 19660, 0]
[15, 19660, 0]
[15, 19660, 0]
[15, 19660, 0]
[15, 19660, 0]
[15, 19660, 0]
[15, 19660, 0]
[15, 19660, 0]
[20, 26214, 0]
[20, 26214, 0]
[20, 26214, 0]
[20, 26214, 0]
[20, 26214, 0]
[20, 26214, 0]
[20, 26214, 0]
[20, 26214, 0]
[20, 26214, 0]
[20, 26214, 0]
[25, 32768, 0]
[25, 32768, 0]
[25, 32768, 0]
[25, 32768, 0]
[25, 32768, 0]
[25, 32768, 0]
[25, 32768, 0]
[25, 32768, 0]
[25, 32768, 0]
[25, 32768, 0]
[30, 39321, 2]
[30, 39321, 4]
[30, 39321, 4]
[30, 39321, 1]
[30, 39321, 3]
[30, 39321, 12]
[30, 39321, 4]
[30, 39321, 2]
[30, 39321, 6]
[30, 39321, 8]
[35, 45875, 54]
[35, 45875, 64]
[35, 45875, 70]
[35, 45875, 77]
[35, 45875, 59]
[35, 45875, 58]
[35, 45875, 59]
[35, 45875, 67]
[35, 45875, 60]
[35, 45875, 50]
[40, 52428, 233]
[40, 52428, 275]
[40, 52428, 259]
[40, 52428, 246]
[40, 52428, 250]
[40, 52428, 262]
[40, 52428, 237]
[40, 52428, 249]
[40, 52428, 206]
[40, 52428, 249]
