[1, 655, 0]
[1, 655, 0]
[1, 655, 0]
[1, 655, 0]
[1, 655, 0]
[1, 655, 0]
[1, 655, 0]
[1, 655, 0]
[1, 655, 0]
[1, 655, 0]
[2, 1310, 0]
[2, 1310, 0]
[2, 1310, 0]
[2, 1310, 0]
[2, 1310, 0]
[2, 1310, 0]
[2, 1310, 0]
[2, 1310, 0]
[2, 1310, 0]
[2, 1310, 0]
[5, 3276, 0]
[5, 3276, 0]
[5, 3276, 0]
[5, 3276, 0]
[5, 3276, 0]
[5, 3276, 0]
[5, 3276, 0]
[5, 3276, 0]
[5, 3276, 0]
[5, 3276, 0]
[10, 6553, 0]
[10, 6553, 0]
[10, 6553, 0]
[10, 6553, 0]
[10, 6553, 0]
[10, 6553, 0]
[10, 6553, 0]
[10, 6553, 0]
[10, 6553, 0]
[10, 6553, 0]
[15, 9830, 0]
[15, 9830, 0]
[15, 9830, 0]
[15, 9830, 0]
[15, 9830, 0]
[15, 9830, 0]
[15, 9830, 0]
[15, 9830, 0]
[15, 9830, 0]
[15, 9830, 0]
[20, 13107, 0]
[20, 13107, 0]
[20, 13107, 0]
[20, 13107, 0]
[20, 13107, 0]
[20, 13107, 0]
[20, 13107, 0]
[20, 13107, 0]
[20, 13107, 0]
[20, 13107, 0]
[25, 16384, 0]
[25, 16384, 0]
[25, 16384, 0]
[25, 16384, 0]
[25, 16384, 0]
[25, 16384, 0]
[25, 16384, 3]
[25, 16384, 0]
[25, 16384, 0]
[25, 16384, 0]
[30, 19660, 0]
[30, 19660, 0]
[30, 19660, 0]
[30, 19660, 0]
[30, 19660, 0]
[30, 19660, 0]
[30, 19660, 0]
[30, 19660, 0]
[30, 19660, 0]
[30, 19660, 0]
[35, 22937, 0]
[35, 22937, 0]
[35, 22937, 3]
[35, 22937, 0]
[35, 22937, 0]
[35, 22937, 0]
[35, 22937, 0]
[35, 22937, 0]
[35, 22937, 0]
[35, 22937, 2]
[40, 26214, 0]
[40, 26214, 4]
[40, 26214, 7]
[40, 26214, 3]
[40, 26214, 1]
[40, 26214, 0]
[40, 26214, 0]
[40, 26214, 5]
[40, 26214, 0]
[40, 26214, 0]
