[1, 1310, 0]
[1, 1310, 0]
[1, 1310, 0]
[1, 1310, 0]
[1, 1310, 0]
[1, 1310, 0]
[1, 1310, 0]
[1, 1310, 0]
[1, 1310, 0]
[1, 1310, 0]
[2, 2621, 0]
[2, 2621, 0]
[2, 2621, 0]
[2, 2621, 0]
[2, 2621, 0]
[2, 2621, 0]
[2, 2621, 0]
[2, 2621, 0]
[2, 2621, 0]
[2, 2621, 0]
[5, 6553, 0]
[5, 6553, 0]
[5, 6553, 0]
[5, 6553, 0]
[5, 6553, 0]
[5, 6553, 0]
[5, 6553, 0]
[5, 6553, 0]
[5, 6553, 0]
[5, 6553, 0]
[10, 13107, 0]
[10, 13107, 0]
[10, 13107, 0]
[10, 13107, 0]
[10, 13107, 0]
[10, 13107, 0]
[10, 13107, 0]
[10, 13107, 0]
[10, 13107, 0]
[10, 13107, 0]
[15, 19660, 0]
[15, 19660, 0]
[15, 19660, 0]
[15, 19660, 0]
[15, 19660, 0]
[15, 19660, 0]
[15, 19660, 0]
[15, 19660, 0]
[15, 19660, 0]
[15, 19660, 0]
[20, 26214, 0]
[20, 26214, 0]
[20, 26214, 0]
[20, 26214, 0]
[20, 26214, 0]
[20, 26214, 0]
[20, 26214, 0]
[20, 26214, 0]
[20, 26214, 0]
[20, 26214, 0]
[25, 32768, 0]
[25, 32768, 0]
[25, 32768, 0]
[25, 32768, 0]
[25, 32768, 0]
[25, 32768, 0]
[25, 32768, 0]
[25, 32768, 0]
[25, 32768, 1]
[25, 32768, 0]
[30, 39321, 12]
[30, 39321, 7]
[30, 39321, 0]
[30, 39321, 1]
[30, 39321, 12]
[30, 39321, 5]
[30, 39321, 5]
[30, 39321, 4]
[30, 39321, 3]
[30, 39321, 0]
[35, 45875, 30]
[35, 45875, 40]
[35, 45875, 38]
[35, 45875, 26]
[35, 45875, 19]
[35, 45875, 11]
[35, 45875, 16]
[35, 45875, 33]
[35, 45875, 20]
[35, 45875, 16]
[40, 52428, 94]
[40, 52428, 78]
[40, 52428, 93]
[40, 52428, 74]
[40, 52428, 97]
[40, 52428, 87]
[40, 52428, 85]
[40, 52428, 84]
[40, 52428, 83]
[40, 52428, 63]
