[1, 2621, 0]
[1, 2621, 0]
[1, 2621, 0]
[1, 2621, 0]
[1, 2621, 0]
[1, 2621, 0]
[1, 2621, 0]
[1, 2621, 0]
[1, 2621, 0]
[1, 2621, 0]
[2, 5242, 0]
[2, 5242, 0]
[2, 5242, 0]
[2, 5242, 0]
[2, 5242, 0]
[2, 5242, 0]
[2, 5242, 0]
[2, 5242, 0]
[2, 5242, 0]
[2, 5242, 0]
[5, 13107, 0]
[5, 13107, 0]
[5, 13107, 0]
[5, 13107, 0]
[5, 13107, 0]
[5, 13107, 0]
[5, 13107, 0]
[5, 13107, 0]
[5, 13107, 0]
[5, 13107, 0]
[10, 26214, 0]
[10, 26214, 0]
[10, 26214, 0]
[10, 26214, 0]
[10, 26214, 0]
[10, 26214, 0]
[10, 26214, 0]
[10, 26214, 0]
[10, 26214, 0]
[10, 26214, 0]
[15, 39321, 0]
[15, 39321, 0]
[15, 39321, 0]
[15, 39321, 0]
[15, 39321, 0]
[15, 39321, 0]
[15, 39321, 0]
[15, 39321, 0]
[15, 39321, 0]
[15, 39321, 0]
[20, 52428, 0]
[20, 52428, 0]
[20, 52428, 0]
[20, 52428, 0]
[20, 52428, 0]
[20, 52428, 0]
[20, 52428, 0]
[20, 52428, 0]
[20, 52428, 0]
[20, 52428, 0]
[25, 65536, 0]
[25, 65536, 0]
[25, 65536, 3]
[25, 65536, 0]
[25, 65536, 3]
[25, 65536, 2]
[25, 65536, 0]
[25, 65536, 0]
[25, 65536, 0]
[25, 65536, 0]
[30, 78643, 16]
[30, 78643, 12]
[30, 78643, 2]
[30, 78643, 8]
[30, 78643, 12]
[30, 78643, 4]
[30, 78643, 4]
[30, 78643, 3]
[30, 78643, 9]
[30, 78643, 3]
[35, 91750, 58]
[35, 91750, 27]
[35, 91750, 43]
[35, 91750, 46]
[35, 91750, 45]
[35, 91750, 48]
[35, 91750, 45]
[35, 91750, 36]
[35, 91750, 40]
[35, 91750, 39]
[40, 104857, 183]
[40, 104857, 145]
[40, 104857, 122]
[40, 104857, 117]
[40, 104857, 158]
