[1, 1310, 0]
[1, 1310, 0]
[1, 1310, 0]
[1, 1310, 0]
[1, 1310, 0]
[1, 1310, 0]
[1, 1310, 0]
[1, 1310, 0]
[1, 1310, 0]
[1, 1310, 0]
[2, 2621, 0]
[2, 2621, 0]
[2, 2621, 0]
[2, 2621, 0]
[2, 2621, 0]
[2, 2621, 0]
[2, 2621, 0]
[2, 2621, 0]
[2, 2621, 0]
[2, 2621, 0]
[5, 6553, 0]
[5, 6553, 0]
[5, 6553, 0]
[5, 6553, 0]
[5, 6553, 0]
[5, 6553, 0]
[5, 6553, 0]
[5, 6553, 0]
[5, 6553, 0]
[5, 6553, 0]
[10, 13107, 0]
[10, 13107, 0]
[10, 13107, 0]
[10, 13107, 0]
[10, 13107, 0]
[10, 13107, 0]
[10, 13107, 0]
[10, 13107, 0]
[10, 13107, 0]
[10, 13107, 0]
[15, 19660, 0]
[15, 19660, 0]
[15, 19660, 0]
[15, 19660, 0]
[15, 19660, 0]
[15, 19660, 0]
[15, 19660, 0]
[15, 19660, 0]
[15, 19660, 0]
[15, 19660, 0]
[20, 26214, 0]
[20, 26214, 0]
[20, 26214, 0]
[20, 26214, 0]
[20, 26214, 0]
[20, 26214, 0]
[20, 26214, 0]
[20, 26214, 0]
[20, 26214, 0]
[20, 26214, 0]
[25, 32768, 0]
[25, 32768, 0]
[25, 32768, 0]
[25, 32768, 0]
[25, 32768, 0]
[25, 32768, 0]
[25, 32768, 0]
[25, 32768, 0]
[25, 32768, 0]
[25, 32768, 0]
[30, 39321, 0]
[30, 39321, 0]
[30, 39321, 0]
[30, 39321, 0]
[30, 39321, 0]
[30, 39321, 0]
[30, 39321, 0]
[30, 39321, 0]
[30, 39321, 0]
[30, 39321, 0]
[35, 45875, 2]
[35, 45875, 0]
[35, 45875, 0]
[35, 45875, 0]
[35, 45875, 0]
[35, 45875, 0]
[35, 45875, 0]
[35, 45875, 0]
[35, 45875, 4]
[35, 45875, 0]
[40, 52428, 5]
[40, 52428, 21]
[40, 52428, 0]
[40, 52428, 9]
[40, 52428, 9]
[40, 52428, 1]
[40, 52428, 10]
[40, 52428, 5]
[40, 52428, 0]
[40, 52428, 2]
