[1, 1310, 0]
[1, 1310, 0]
[1, 1310, 0]
[1, 1310, 0]
[1, 1310, 0]
[1, 1310, 0]
[1, 1310, 0]
[1, 1310, 0]
[1, 1310, 0]
[1, 1310, 0]
[2, 2621, 0]
[2, 2621, 0]
[2, 2621, 0]
[2, 2621, 0]
[2, 2621, 0]
[2, 2621, 0]
[2, 2621, 0]
[2, 2621, 0]
[2, 2621, 0]
[2, 2621, 0]
[5, 6553, 0]
[5, 6553, 0]
[5, 6553, 0]
[5, 6553, 0]
[5, 6553, 0]
[5, 6553, 0]
[5, 6553, 0]
[5, 6553, 0]
[5, 6553, 0]
[5, 6553, 0]
[10, 13107, 0]
[10, 13107, 0]
[10, 13107, 0]
[10, 13107, 0]
[10, 13107, 0]
[10, 13107, 0]
[10, 13107, 0]
[10, 13107, 0]
[10, 13107, 0]
[10, 13107, 0]
[15, 19660, 0]
[15, 19660, 0]
[15, 19660, 0]
[15, 19660, 0]
[15, 19660, 0]
[15, 19660, 0]
[15, 19660, 0]
[15, 19660, 0]
[15, 19660, 0]
[15, 19660, 0]
[20, 26214, 0]
[20, 26214, 0]
[20, 26214, 0]
[20, 26214, 0]
[20, 26214, 0]
[20, 26214, 0]
[20, 26214, 0]
[20, 26214, 0]
[20, 26214, 0]
[20, 26214, 0]
[25, 32768, 0]
[25, 32768, 0]
[25, 32768, 2]
[25, 32768, 1]
[25, 32768, 0]
[25, 32768, 0]
[25, 32768, 0]
[25, 32768, 0]
[25, 32768, 0]
[25, 32768, 0]
[30, 39321, 11]
[30, 39321, 4]
[30, 39321, 4]
[30, 39321, 5]
[30, 39321, 1]
[30, 39321, 3]
[30, 39321, 6]
[30, 39321, 11]
[30, 39321, 3]
[30, 39321, 9]
[35, 45875, 44]
[35, 45875, 31]
[35, 45875, 20]
[35, 45875, 28]
[35, 45875, 15]
[35, 45875, 28]
[35, 45875, 37]
[35, 45875, 18]
[35, 45875, 27]
[35, 45875, 19]
[40, 52428, 112]
[40, 52428, 78]
[40, 52428, 84]
[40, 52428, 84]
[40, 52428, 110]
[40, 52428, 98]
[40, 52428, 77]
[40, 52428, 92]
[40, 52428, 91]
[40, 52428, 65]
