[1, 1310, 14]
[1, 1310, 11]
[1, 1310, 14]
[1, 1310, 10]
[1, 1310, 7]
[1, 1310, 9]
[1, 1310, 13]
[1, 1310, 6]
[1, 1310, 15]
[1, 1310, 27]
[2, 2621, 23]
[2, 2621, 19]
[2, 2621, 21]
[2, 2621, 31]
[2, 2621, 24]
[2, 2621, 29]
[2, 2621, 21]
[2, 2621, 27]
[2, 2621, 30]
[2, 2621, 23]
[5, 6553, 64]
[5, 6553, 70]
[5, 6553, 66]
[5, 6553, 58]
[5, 6553, 58]
[5, 6553, 73]
[5, 6553, 69]
[5, 6553, 56]
[5, 6553, 66]
[5, 6553, 53]
[10, 13107, 132]
[10, 13107, 125]
[10, 13107, 138]
[10, 13107, 134]
[10, 13107, 120]
[10, 13107, 110]
[10, 13107, 126]
[10, 13107, 131]
[10, 13107, 122]
[10, 13107, 116]
[15, 19660, 189]
[15, 19660, 185]
[15, 19660, 180]
[15, 19660, 184]
[15, 19660, 181]
[15, 19660, 198]
[15, 19660, 204]
[15, 19660, 202]
[15, 19660, 214]
[15, 19660, 212]
[20, 26214, 251]
[20, 26214, 240]
[20, 26214, 243]
[20, 26214, 268]
[20, 26214, 236]
[20, 26214, 238]
[20, 26214, 235]
[20, 26214, 235]
[20, 26214, 255]
[20, 26214, 239]
[25, 32768, 311]
[25, 32768, 320]
[25, 32768, 318]
[25, 32768, 308]
[25, 32768, 318]
[25, 32768, 293]
[25, 32768, 313]
[25, 32768, 337]
[25, 32768, 336]
[25, 32768, 341]
[30, 39321, 366]
[30, 39321, 411]
[30, 39321, 372]
[30, 39321, 371]
[30, 39321, 382]
[30, 39321, 407]
[30, 39321, 360]
[30, 39321, 374]
[30, 39321, 376]
[30, 39321, 388]
[35, 45875, 449]
[35, 45875, 433]
[35, 45875, 426]
[35, 45875, 398]
[35, 45875, 459]
[35, 45875, 401]
[35, 45875, 459]
[35, 45875, 468]
[35, 45875, 455]
[35, 45875, 417]
[40, 52428, 520]
[40, 52428, 504]
[40, 52428, 536]
[40, 52428, 512]
[40, 52428, 465]
[40, 52428, 485]
[40, 52428, 527]
[40, 52428, 515]
[40, 52428, 457]
[40, 52428, 495]
