[1, 655, 9]
[1, 655, 13]
[1, 655, 17]
[1, 655, 16]
[1, 655, 15]
[1, 655, 6]
[1, 655, 10]
[1, 655, 9]
[1, 655, 9]
[1, 655, 11]
[2, 1310, 24]
[2, 1310, 33]
[2, 1310, 31]
[2, 1310, 27]
[2, 1310, 26]
[2, 1310, 29]
[2, 1310, 25]
[2, 1310, 26]
[2, 1310, 27]
[2, 1310, 12]
[5, 3276, 51]
[5, 3276, 64]
[5, 3276, 50]
[5, 3276, 60]
[5, 3276, 58]
[5, 3276, 70]
[5, 3276, 76]
[5, 3276, 69]
[5, 3276, 66]
[5, 3276, 54]
[10, 6553, 118]
[10, 6553, 121]
[10, 6553, 123]
[10, 6553, 129]
[10, 6553, 121]
[10, 6553, 127]
[10, 6553, 142]
[10, 6553, 127]
[10, 6553, 113]
[10, 6553, 126]
[15, 9830, 172]
[15, 9830, 182]
[15, 9830, 202]
[15, 9830, 190]
[15, 9830, 178]
[15, 9830, 197]
[15, 9830, 205]
[15, 9830, 200]
[15, 9830, 214]
[15, 9830, 198]
[20, 13107, 275]
[20, 13107, 237]
[20, 13107, 284]
[20, 13107, 254]
[20, 13107, 258]
[20, 13107, 264]
[20, 13107, 272]
[20, 13107, 251]
[20, 13107, 271]
[20, 13107, 250]
[25, 16384, 335]
[25, 16384, 309]
[25, 16384, 338]
[25, 16384, 295]
[25, 16384, 316]
[25, 16384, 330]
[25, 16384, 317]
[25, 16384, 306]
[25, 16384, 314]
[25, 16384, 328]
[30, 19660, 386]
[30, 19660, 395]
[30, 19660, 390]
[30, 19660, 397]
[30, 19660, 403]
[30, 19660, 384]
[30, 19660, 402]
[30, 19660, 395]
[30, 19660, 381]
[30, 19660, 355]
[35, 22937, 447]
[35, 22937, 451]
[35, 22937, 477]
[35, 22937, 441]
[35, 22937, 466]
[35, 22937, 454]
[35, 22937, 461]
[35, 22937, 462]
[35, 22937, 459]
[35, 22937, 477]
[40, 26214, 530]
[40, 26214, 502]
[40, 26214, 508]
[40, 26214, 510]
[40, 26214, 535]
[40, 26214, 526]
[40, 26214, 523]
[40, 26214, 485]
[40, 26214, 510]
[40, 26214, 504]
