[1, 655, 0]
[1, 655, 0]
[1, 655, 0]
[1, 655, 0]
[1, 655, 0]
[1, 655, 0]
[1, 655, 0]
[1, 655, 0]
[1, 655, 0]
[1, 655, 0]
[2, 1310, 0]
[2, 1310, 0]
[2, 1310, 0]
[2, 1310, 0]
[2, 1310, 0]
[2, 1310, 0]
[2, 1310, 0]
[2, 1310, 0]
[2, 1310, 0]
[2, 1310, 0]
[5, 3276, 0]
[5, 3276, 0]
[5, 3276, 0]
[5, 3276, 0]
[5, 3276, 0]
[5, 3276, 0]
[5, 3276, 0]
[5, 3276, 0]
[5, 3276, 0]
[5, 3276, 0]
[10, 6553, 0]
[10, 6553, 0]
[10, 6553, 0]
[10, 6553, 0]
[10, 6553, 0]
[10, 6553, 0]
[10, 6553, 0]
[10, 6553, 0]
[10, 6553, 0]
[10, 6553, 0]
[15, 9830, 0]
[15, 9830, 0]
[15, 9830, 0]
[15, 9830, 0]
[15, 9830, 0]
[15, 9830, 0]
[15, 9830, 0]
[15, 9830, 0]
[15, 9830, 0]
[15, 9830, 0]
[20, 13107, 0]
[20, 13107, 0]
[20, 13107, 0]
[20, 13107, 0]
[20, 13107, 0]
[20, 13107, 0]
[20, 13107, 0]
[20, 13107, 0]
[20, 13107, 0]
[20, 13107, 0]
[25, 16384, 0]
[25, 16384, 0]
[25, 16384, 0]
[25, 16384, 0]
[25, 16384, 0]
[25, 16384, 0]
[25, 16384, 0]
[25, 16384, 0]
[25, 16384, 0]
[25, 16384, 0]
[30, 19660, 3]
[30, 19660, 4]
[30, 19660, 0]
[30, 19660, 0]
[30, 19660, 4]
[30, 19660, 0]
[30, 19660, 1]
[30, 19660, 3]
[30, 19660, 1]
[30, 19660, 6]
[35, 22937, 37]
[35, 22937, 24]
[35, 22937, 34]
[35, 22937, 50]
[35, 22937, 35]
[35, 22937, 21]
[35, 22937, 25]
[35, 22937, 31]
[35, 22937, 29]
[35, 22937, 34]
[40, 26214, 116]
[40, 26214, 97]
[40, 26214, 124]
[40, 26214, 118]
[40, 26214, 133]
[40, 26214, 124]
[40, 26214, 109]
[40, 26214, 127]
[40, 26214, 129]
[40, 26214, 108]
