[1, 655, 0]
[1, 655, 0]
[1, 655, 0]
[1, 655, 0]
[1, 655, 0]
[1, 655, 0]
[1, 655, 0]
[1, 655, 0]
[1, 655, 0]
[1, 655, 0]
[2, 1310, 0]
[2, 1310, 0]
[2, 1310, 0]
[2, 1310, 0]
[2, 1310, 0]
[2, 1310, 0]
[2, 1310, 0]
[2, 1310, 0]
[2, 1310, 0]
[2, 1310, 0]
[5, 3276, 0]
[5, 3276, 0]
[5, 3276, 0]
[5, 3276, 0]
[5, 3276, 0]
[5, 3276, 0]
[5, 3276, 0]
[5, 3276, 0]
[5, 3276, 0]
[5, 3276, 0]
[10, 6553, 0]
[10, 6553, 0]
[10, 6553, 0]
[10, 6553, 0]
[10, 6553, 0]
[10, 6553, 0]
[10, 6553, 0]
[10, 6553, 0]
[10, 6553, 0]
[10, 6553, 0]
[15, 9830, 0]
[15, 9830, 0]
[15, 9830, 0]
[15, 9830, 0]
[15, 9830, 0]
[15, 9830, 0]
[15, 9830, 0]
[15, 9830, 0]
[15, 9830, 0]
[15, 9830, 0]
[20, 13107, 0]
[20, 13107, 0]
[20, 13107, 0]
[20, 13107, 0]
[20, 13107, 0]
[20, 13107, 0]
[20, 13107, 0]
[20, 13107, 0]
[20, 13107, 0]
[20, 13107, 0]
[25, 16384, 1]
[25, 16384, 1]
[25, 16384, 0]
[25, 16384, 0]
[25, 16384, 0]
[25, 16384, 0]
[25, 16384, 0]
[25, 16384, 0]
[25, 16384, 1]
[25, 16384, 0]
[30, 19660, 2]
[30, 19660, 3]
[30, 19660, 0]
[30, 19660, 0]
[30, 19660, 1]
[30, 19660, 3]
[30, 19660, 3]
[30, 19660, 5]
[30, 19660, 3]
[30, 19660, 0]
[35, 22937, 25]
[35, 22937, 15]
[35, 22937, 9]
[35, 22937, 18]
[35, 22937, 20]
[35, 22937, 12]
[35, 22937, 23]
[35, 22937, 9]
[35, 22937, 13]
[35, 22937, 15]
[40, 26214, 40]
[40, 26214, 44]
[40, 26214, 47]
[40, 26214, 40]
[40, 26214, 37]
[40, 26214, 49]
[40, 26214, 30]
[40, 26214, 52]
[40, 26214, 41]
[40, 26214, 48]
