[1, 2621, 24]
[1, 2621, 20]
[1, 2621, 35]
[1, 2621, 17]
[1, 2621, 26]
[1, 2621, 27]
[1, 2621, 25]
[1, 2621, 15]
[1, 2621, 21]
[1, 2621, 30]
[2, 5242, 35]
[2, 5242, 50]
[2, 5242, 49]
[2, 5242, 53]
[2, 5242, 55]
[2, 5242, 56]
[2, 5242, 52]
[2, 5242, 54]
[2, 5242, 64]
[2, 5242, 44]
[5, 13107, 113]
[5, 13107, 136]
[5, 13107, 126]
[5, 13107, 126]
[5, 13107, 123]
[5, 13107, 127]
[5, 13107, 112]
[5, 13107, 126]
[5, 13107, 115]
[5, 13107, 126]
[10, 26214, 231]
[10, 26214, 262]
[10, 26214, 251]
[10, 26214, 254]
[10, 26214, 236]
[10, 26214, 234]
[10, 26214, 230]
[10, 26214, 235]
[10, 26214, 220]
[10, 26214, 255]
[15, 39321, 363]
[15, 39321, 371]
[15, 39321, 363]
[15, 39321, 339]
[15, 39321, 342]
[15, 39321, 386]
[15, 39321, 376]
[15, 39321, 365]
[15, 39321, 378]
[15, 39321, 414]
[20, 52428, 503]
[20, 52428, 485]
[20, 52428, 526]
[20, 52428, 503]
[20, 52428, 457]
[20, 52428, 481]
[20, 52428, 470]
[20, 52428, 457]
[20, 52428, 472]
[20, 52428, 500]
[25, 65536, 646]
[25, 65536, 581]
[25, 65536, 633]
[25, 65536, 601]
[25, 65536, 603]
[25, 65536, 577]
[25, 65536, 592]
[25, 65536, 583]
[25, 65536, 592]
[25, 65536, 635]
[30, 78643, 690]
[30, 78643, 714]
[30, 78643, 724]
[30, 78643, 735]
[30, 78643, 750]
[30, 78643, 771]
[30, 78643, 697]
[30, 78643, 743]
[30, 78643, 697]
[30, 78643, 757]
[35, 91750, 807]
[35, 91750, 854]
[35, 91750, 855]
[35, 91750, 822]
[35, 91750, 794]
[35, 91750, 816]
[35, 91750, 863]
[35, 91750, 873]
[35, 91750, 890]
[35, 91750, 863]
[40, 104857, 975]
[40, 104857, 975]
[40, 104857, 993]
[40, 104857, 966]
[40, 104857, 1004]
