[1, 2621, 0]
[1, 2621, 0]
[1, 2621, 0]
[1, 2621, 0]
[1, 2621, 0]
[1, 2621, 0]
[1, 2621, 0]
[1, 2621, 0]
[1, 2621, 0]
[1, 2621, 0]
[2, 5242, 0]
[2, 5242, 0]
[2, 5242, 0]
[2, 5242, 0]
[2, 5242, 0]
[2, 5242, 0]
[2, 5242, 0]
[2, 5242, 0]
[2, 5242, 0]
[2, 5242, 0]
[5, 13107, 0]
[5, 13107, 0]
[5, 13107, 0]
[5, 13107, 0]
[5, 13107, 0]
[5, 13107, 0]
[5, 13107, 0]
[5, 13107, 0]
[5, 13107, 0]
[5, 13107, 0]
[10, 26214, 0]
[10, 26214, 0]
[10, 26214, 0]
[10, 26214, 0]
[10, 26214, 0]
[10, 26214, 0]
[10, 26214, 0]
[10, 26214, 0]
[10, 26214, 0]
[10, 26214, 0]
[15, 39321, 0]
[15, 39321, 0]
[15, 39321, 0]
[15, 39321, 0]
[15, 39321, 0]
[15, 39321, 0]
[15, 39321, 0]
[15, 39321, 0]
[15, 39321, 0]
[15, 39321, 0]
[20, 52428, 0]
[20, 52428, 0]
[20, 52428, 0]
[20, 52428, 0]
[20, 52428, 0]
[20, 52428, 0]
[20, 52428, 0]
[20, 52428, 0]
[20, 52428, 0]
[20, 52428, 0]
[25, 65536, 0]
[25, 65536, 0]
[25, 65536, 0]
[25, 65536, 0]
[25, 65536, 0]
[25, 65536, 0]
[25, 65536, 0]
[25, 65536, 0]
[25, 65536, 0]
[25, 65536, 0]
[30, 78643, 16]
[30, 78643, 3]
[30, 78643, 18]
[30, 78643, 16]
[30, 78643, 16]
[30, 78643, 10]
[30, 78643, 17]
[30, 78643, 9]
[30, 78643, 11]
[30, 78643, 10]
[35, 91750, 113]
[35, 91750, 139]
[35, 91750, 114]
[35, 91750, 108]
[35, 91750, 126]
[35, 91750, 98]
[35, 91750, 121]
[35, 91750, 87]
[35, 91750, 125]
[35, 91750, 103]
[40, 104857, 413]
[40, 104857, 433]
[40, 104857, 472]
[40, 104857, 427]
[40, 104857, 401]
[40, 104857, 437]
