[1, 1310, 0]
[1, 1310, 0]
[1, 1310, 0]
[1, 1310, 0]
[1, 1310, 0]
[1, 1310, 0]
[1, 1310, 0]
[1, 1310, 0]
[1, 1310, 0]
[1, 1310, 0]
[2, 2621, 0]
[2, 2621, 0]
[2, 2621, 0]
[2, 2621, 0]
[2, 2621, 0]
[2, 2621, 0]
[2, 2621, 0]
[2, 2621, 0]
[2, 2621, 0]
[2, 2621, 0]
[5, 6553, 0]
[5, 6553, 0]
[5, 6553, 0]
[5, 6553, 0]
[5, 6553, 0]
[5, 6553, 0]
[5, 6553, 0]
[5, 6553, 0]
[5, 6553, 0]
[5, 6553, 0]
[10, 13107, 0]
[10, 13107, 0]
[10, 13107, 0]
[10, 13107, 0]
[10, 13107, 0]
[10, 13107, 0]
[10, 13107, 0]
[10, 13107, 0]
[10, 13107, 0]
[10, 13107, 0]
[15, 19660, 0]
[15, 19660, 0]
[15, 19660, 0]
[15, 19660, 0]
[15, 19660, 0]
[15, 19660, 0]
[15, 19660, 0]
[15, 19660, 0]
[15, 19660, 0]
[15, 19660, 0]
[20, 26214, 0]
[20, 26214, 0]
[20, 26214, 0]
[20, 26214, 0]
[20, 26214, 0]
[20, 26214, 0]
[20, 26214, 0]
[20, 26214, 0]
[20, 26214, 0]
[20, 26214, 0]
[25, 32768, 0]
[25, 32768, 1]
[25, 32768, 3]
[25, 32768, 0]
[25, 32768, 0]
[25, 32768, 1]
[25, 32768, 0]
[25, 32768, 0]
[25, 32768, 0]
[25, 32768, 0]
[30, 39321, 9]
[30, 39321, 4]
[30, 39321, 3]
[30, 39321, 2]
[30, 39321, 0]
[30, 39321, 0]
[30, 39321, 5]
[30, 39321, 8]
[30, 39321, 3]
[30, 39321, 7]
[35, 45875, 34]
[35, 45875, 22]
[35, 45875, 14]
[35, 45875, 17]
[35, 45875, 19]
[35, 45875, 21]
[35, 45875, 28]
[35, 45875, 13]
[35, 45875, 23]
[35, 45875, 19]
[40, 52428, 95]
[40, 52428, 65]
[40, 52428, 70]
[40, 52428, 74]
[40, 52428, 82]
[40, 52428, 77]
[40, 52428, 65]
[40, 52428, 75]
[40, 52428, 75]
[40, 52428, 63]
