[1, 1310, 0]
[1, 1310, 0]
[1, 1310, 0]
[1, 1310, 0]
[1, 1310, 0]
[1, 1310, 0]
[1, 1310, 0]
[1, 1310, 0]
[1, 1310, 0]
[1, 1310, 0]
[2, 2621, 0]
[2, 2621, 0]
[2, 2621, 0]
[2, 2621, 0]
[2, 2621, 0]
[2, 2621, 0]
[2, 2621, 0]
[2, 2621, 0]
[2, 2621, 0]
[2, 2621, 0]
[5, 6553, 0]
[5, 6553, 0]
[5, 6553, 0]
[5, 6553, 0]
[5, 6553, 0]
[5, 6553, 0]
[5, 6553, 0]
[5, 6553, 0]
[5, 6553, 0]
[5, 6553, 0]
[10, 13107, 0]
[10, 13107, 0]
[10, 13107, 0]
[10, 13107, 0]
[10, 13107, 0]
[10, 13107, 0]
[10, 13107, 0]
[10, 13107, 0]
[10, 13107, 0]
[10, 13107, 0]
[15, 19660, 0]
[15, 19660, 0]
[15, 19660, 0]
[15, 19660, 0]
[15, 19660, 0]
[15, 19660, 0]
[15, 19660, 0]
[15, 19660, 0]
[15, 19660, 0]
[15, 19660, 0]
[20, 26214, 0]
[20, 26214, 0]
[20, 26214, 0]
[20, 26214, 0]
[20, 26214, 0]
[20, 26214, 0]
[20, 26214, 0]
[20, 26214, 0]
[20, 26214, 0]
[20, 26214, 0]
[25, 32768, 0]
[25, 32768, 0]
[25, 32768, 0]
[25, 32768, 0]
[25, 32768, 0]
[25, 32768, 0]
[25, 32768, 0]
[25, 32768, 0]
[25, 32768, 0]
[25, 32768, 0]
[30, 39321, 6]
[30, 39321, 6]
[30, 39321, 2]
[30, 39321, 3]
[30, 39321, 3]
[30, 39321, 7]
[30, 39321, 4]
[30, 39321, 12]
[30, 39321, 6]
[30, 39321, 12]
[35, 45875, 68]
[35, 45875, 71]
[35, 45875, 78]
[35, 45875, 94]
[35, 45875, 77]
[35, 45875, 69]
[35, 45875, 74]
[35, 45875, 68]
[35, 45875, 84]
[35, 45875, 71]
[40, 52428, 287]
[40, 52428, 307]
[40, 52428, 308]
[40, 52428, 308]
[40, 52428, 287]
[40, 52428, 311]
[40, 52428, 269]
[40, 52428, 315]
[40, 52428, 219]
[40, 52428, 266]
