[1, 2621, 38]
[1, 2621, 41]
[1, 2621, 49]
[2, 5242, 108]
[2, 5242, 112]
[2, 5242, 92]
[5, 13107, 249]
[5, 13107, 238]
[5, 13107, 265]
[10, 26214, 515]
[10, 26214, 443]
[10, 26214, 516]
[15, 39321, 750]
[15, 39321, 753]
[15, 39321, 770]
[20, 52428, 1036]
[20, 52428, 1003]
[20, 52428, 975]
[25, 65536, 1239]
[25, 65536, 1213]
[25, 65536, 1203]
[30, 78643, 1521]
[30, 78643, 1525]
[30, 78643, 1533]
[35, 91750, 1706]
[35, 91750, 1652]
[35, 91750, 1700]
[40, 104857, 1969]
[40, 104857, 1907]
[40, 104857, 2010]
