[1, 1310, 16]
[1, 1310, 30]
[1, 1310, 25]
[1, 1310, 26]
[1, 1310, 47]
[1, 1310, 21]
[1, 1310, 22]
[1, 1310, 17]
[1, 1310, 25]
[1, 1310, 21]
[2, 2621, 54]
[2, 2621, 41]
[2, 2621, 53]
[2, 2621, 62]
[2, 2621, 48]
[2, 2621, 54]
[2, 2621, 49]
[2, 2621, 45]
[2, 2621, 35]
[2, 2621, 40]
[5, 6553, 113]
[5, 6553, 129]
[5, 6553, 123]
[5, 6553, 141]
[5, 6553, 135]
[5, 6553, 148]
[5, 6553, 135]
[5, 6553, 119]
[5, 6553, 125]
[5, 6553, 128]
[10, 13107, 229]
[10, 13107, 278]
[10, 13107, 235]
[10, 13107, 246]
[10, 13107, 260]
[10, 13107, 255]
[10, 13107, 277]
[10, 13107, 270]
[10, 13107, 227]
[10, 13107, 235]
[15, 19660, 392]
[15, 19660, 356]
[15, 19660, 377]
[15, 19660, 392]
[15, 19660, 340]
[15, 19660, 364]
[15, 19660, 375]
[15, 19660, 367]
[15, 19660, 368]
[15, 19660, 389]
[20, 26214, 500]
[20, 26214, 508]
[20, 26214, 513]
[20, 26214, 453]
[20, 26214, 537]
[20, 26214, 494]
[20, 26214, 468]
[20, 26214, 503]
[20, 26214, 495]
[20, 26214, 493]
[25, 32768, 642]
[25, 32768, 641]
[25, 32768, 660]
[25, 32768, 630]
[25, 32768, 615]
[25, 32768, 625]
[25, 32768, 637]
[25, 32768, 609]
[25, 32768, 628]
[25, 32768, 619]
[30, 39321, 728]
[30, 39321, 745]
[30, 39321, 803]
[30, 39321, 747]
[30, 39321, 788]
[30, 39321, 775]
[30, 39321, 753]
[30, 39321, 730]
[30, 39321, 760]
[30, 39321, 755]
[35, 45875, 907]
[35, 45875, 903]
[35, 45875, 910]
[35, 45875, 888]
[35, 45875, 869]
[35, 45875, 906]
[35, 45875, 927]
[35, 45875, 892]
[35, 45875, 882]
[35, 45875, 890]
[40, 52428, 1025]
[40, 52428, 1037]
[40, 52428, 993]
[40, 52428, 1025]
[40, 52428, 1041]
[40, 52428, 1004]
[40, 52428, 1036]
[40, 52428, 1009]
[40, 52428, 975]
[40, 52428, 1062]
