[1, 2621, 0]
[1, 2621, 0]
[1, 2621, 0]
[1, 2621, 0]
[1, 2621, 0]
[1, 2621, 0]
[1, 2621, 0]
[1, 2621, 0]
[1, 2621, 0]
[1, 2621, 0]
[2, 5242, 0]
[2, 5242, 0]
[2, 5242, 0]
[2, 5242, 0]
[2, 5242, 0]
[2, 5242, 0]
[2, 5242, 0]
[2, 5242, 0]
[2, 5242, 0]
[2, 5242, 0]
[5, 13107, 0]
[5, 13107, 0]
[5, 13107, 0]
[5, 13107, 0]
[5, 13107, 0]
[5, 13107, 0]
[5, 13107, 0]
[5, 13107, 0]
[5, 13107, 0]
[5, 13107, 0]
[10, 26214, 0]
[10, 26214, 0]
[10, 26214, 0]
[10, 26214, 0]
[10, 26214, 0]
[10, 26214, 0]
[10, 26214, 0]
[10, 26214, 0]
[10, 26214, 0]
[10, 26214, 0]
[15, 39321, 0]
[15, 39321, 0]
[15, 39321, 0]
[15, 39321, 0]
[15, 39321, 0]
[15, 39321, 0]
[15, 39321, 0]
[15, 39321, 0]
[15, 39321, 0]
[15, 39321, 0]
[20, 52428, 0]
[20, 52428, 0]
[20, 52428, 0]
[20, 52428, 0]
[20, 52428, 0]
[20, 52428, 0]
[20, 52428, 0]
[20, 52428, 0]
[20, 52428, 0]
[20, 52428, 0]
[25, 65536, 0]
[25, 65536, 0]
[25, 65536, 0]
[25, 65536, 0]
[25, 65536, 0]
[25, 65536, 0]
[25, 65536, 0]
[25, 65536, 0]
[25, 65536, 0]
[25, 65536, 0]
[30, 78643, 0]
[30, 78643, 0]
[30, 78643, 0]
[30, 78643, 0]
[30, 78643, 0]
[30, 78643, 0]
[30, 78643, 0]
[30, 78643, 0]
[30, 78643, 0]
[30, 78643, 0]
[35, 91750, 0]
[35, 91750, 0]
[35, 91750, 0]
[35, 91750, 0]
[35, 91750, 0]
[35, 91750, 0]
[35, 91750, 0]
[35, 91750, 0]
[35, 91750, 0]
[35, 91750, 0]
[40, 104857, 0]
[40, 104857, 0]
[40, 104857, 0]
[40, 104857, 0]
[40, 104857, 0]
[40, 104857, 0]
