[1, 655, 2]
[1, 655, 4]
[1, 655, 5]
[1, 655, 5]
[1, 655, 10]
[1, 655, 6]
[1, 655, 4]
[1, 655, 6]
[1, 655, 5]
[1, 655, 11]
[2, 1310, 8]
[2, 1310, 14]
[2, 1310, 13]
[2, 1310, 21]
[2, 1310, 13]
[2, 1310, 12]
[2, 1310, 8]
[2, 1310, 15]
[2, 1310, 11]
[2, 1310, 15]
[5, 3276, 39]
[5, 3276, 31]
[5, 3276, 38]
[5, 3276, 24]
[5, 3276, 33]
[5, 3276, 28]
[5, 3276, 27]
[5, 3276, 31]
[5, 3276, 36]
[5, 3276, 28]
[10, 6553, 54]
[10, 6553, 57]
[10, 6553, 61]
[10, 6553, 60]
[10, 6553, 54]
[10, 6553, 75]
[10, 6553, 70]
[10, 6553, 51]
[10, 6553, 57]
[10, 6553, 70]
[15, 9830, 84]
[15, 9830, 102]
[15, 9830, 106]
[15, 9830, 89]
[15, 9830, 84]
[15, 9830, 98]
[15, 9830, 98]
[15, 9830, 110]
[15, 9830, 108]
[15, 9830, 101]
[20, 13107, 155]
[20, 13107, 122]
[20, 13107, 127]
[20, 13107, 126]
[20, 13107, 123]
[20, 13107, 114]
[20, 13107, 122]
[20, 13107, 119]
[20, 13107, 112]
[20, 13107, 126]
[25, 16384, 160]
[25, 16384, 167]
[25, 16384, 169]
[25, 16384, 151]
[25, 16384, 161]
[25, 16384, 155]
[25, 16384, 151]
[25, 16384, 180]
[25, 16384, 163]
[25, 16384, 190]
[30, 19660, 194]
[30, 19660, 219]
[30, 19660, 200]
[30, 19660, 179]
[30, 19660, 192]
[30, 19660, 222]
[30, 19660, 180]
[30, 19660, 183]
[30, 19660, 198]
[30, 19660, 202]
[35, 22937, 219]
[35, 22937, 216]
[35, 22937, 218]
[35, 22937, 196]
[35, 22937, 232]
[35, 22937, 215]
[35, 22937, 232]
[35, 22937, 232]
[35, 22937, 228]
[35, 22937, 233]
[40, 26214, 252]
[40, 26214, 246]
[40, 26214, 261]
[40, 26214, 255]
[40, 26214, 244]
[40, 26214, 269]
[40, 26214, 261]
[40, 26214, 240]
[40, 26214, 241]
[40, 26214, 249]
