[1, 655, 0]
[1, 655, 0]
[1, 655, 0]
[1, 655, 0]
[1, 655, 0]
[1, 655, 0]
[1, 655, 0]
[1, 655, 0]
[1, 655, 0]
[1, 655, 0]
[2, 1310, 0]
[2, 1310, 0]
[2, 1310, 0]
[2, 1310, 0]
[2, 1310, 0]
[2, 1310, 0]
[2, 1310, 0]
[2, 1310, 0]
[2, 1310, 0]
[2, 1310, 0]
[5, 3276, 0]
[5, 3276, 0]
[5, 3276, 0]
[5, 3276, 0]
[5, 3276, 0]
[5, 3276, 0]
[5, 3276, 0]
[5, 3276, 0]
[5, 3276, 0]
[5, 3276, 0]
[10, 6553, 0]
[10, 6553, 0]
[10, 6553, 0]
[10, 6553, 0]
[10, 6553, 0]
[10, 6553, 0]
[10, 6553, 0]
[10, 6553, 0]
[10, 6553, 0]
[10, 6553, 0]
[15, 9830, 0]
[15, 9830, 0]
[15, 9830, 0]
[15, 9830, 0]
[15, 9830, 0]
[15, 9830, 0]
[15, 9830, 0]
[15, 9830, 0]
[15, 9830, 0]
[15, 9830, 0]
[20, 13107, 0]
[20, 13107, 0]
[20, 13107, 0]
[20, 13107, 0]
[20, 13107, 0]
[20, 13107, 0]
[20, 13107, 0]
[20, 13107, 0]
[20, 13107, 0]
[20, 13107, 0]
[25, 16384, 0]
[25, 16384, 1]
[25, 16384, 0]
[25, 16384, 0]
[25, 16384, 0]
[25, 16384, 0]
[25, 16384, 0]
[25, 16384, 0]
[25, 16384, 1]
[25, 16384, 0]
[30, 19660, 0]
[30, 19660, 1]
[30, 19660, 0]
[30, 19660, 2]
[30, 19660, 2]
[30, 19660, 2]
[30, 19660, 1]
[30, 19660, 3]
[30, 19660, 1]
[30, 19660, 2]
[35, 22937, 22]
[35, 22937, 13]
[35, 22937, 7]
[35, 22937, 17]
[35, 22937, 14]
[35, 22937, 10]
[35, 22937, 19]
[35, 22937, 8]
[35, 22937, 12]
[35, 22937, 7]
[40, 26214, 47]
[40, 26214, 43]
[40, 26214, 43]
[40, 26214, 33]
[40, 26214, 31]
[40, 26214, 51]
[40, 26214, 31]
[40, 26214, 59]
[40, 26214, 33]
[40, 26214, 33]
