[1, 655, 0]
[1, 655, 0]
[1, 655, 0]
[1, 655, 0]
[1, 655, 0]
[1, 655, 0]
[1, 655, 0]
[1, 655, 0]
[1, 655, 0]
[1, 655, 0]
[2, 1310, 0]
[2, 1310, 0]
[2, 1310, 0]
[2, 1310, 0]
[2, 1310, 0]
[2, 1310, 0]
[2, 1310, 0]
[2, 1310, 0]
[2, 1310, 0]
[2, 1310, 0]
[5, 3276, 0]
[5, 3276, 0]
[5, 3276, 0]
[5, 3276, 0]
[5, 3276, 0]
[5, 3276, 0]
[5, 3276, 0]
[5, 3276, 0]
[5, 3276, 0]
[5, 3276, 0]
[10, 6553, 0]
[10, 6553, 0]
[10, 6553, 0]
[10, 6553, 0]
[10, 6553, 0]
[10, 6553, 0]
[10, 6553, 0]
[10, 6553, 0]
[10, 6553, 0]
[10, 6553, 0]
[15, 9830, 0]
[15, 9830, 0]
[15, 9830, 0]
[15, 9830, 0]
[15, 9830, 0]
[15, 9830, 0]
[15, 9830, 0]
[15, 9830, 0]
[15, 9830, 0]
[15, 9830, 0]
[20, 13107, 0]
[20, 13107, 0]
[20, 13107, 0]
[20, 13107, 0]
[20, 13107, 0]
[20, 13107, 0]
[20, 13107, 0]
[20, 13107, 0]
[20, 13107, 0]
[20, 13107, 0]
[25, 16384, 0]
[25, 16384, 0]
[25, 16384, 0]
[25, 16384, 0]
[25, 16384, 0]
[25, 16384, 0]
[25, 16384, 0]
[25, 16384, 0]
[25, 16384, 0]
[25, 16384, 0]
[30, 19660, 2]
[30, 19660, 8]
[30, 19660, 0]
[30, 19660, 2]
[30, 19660, 5]
[30, 19660, 5]
[30, 19660, 3]
[30, 19660, 7]
[30, 19660, 5]
[30, 19660, 2]
[35, 22937, 30]
[35, 22937, 34]
[35, 22937, 43]
[35, 22937, 48]
[35, 22937, 47]
[35, 22937, 29]
[35, 22937, 36]
[35, 22937, 37]
[35, 22937, 34]
[35, 22937, 40]
[40, 26214, 137]
[40, 26214, 118]
[40, 26214, 150]
[40, 26214, 136]
[40, 26214, 145]
[40, 26214, 138]
[40, 26214, 112]
[40, 26214, 146]
[40, 26214, 137]
[40, 26214, 141]
