[1, 1310, 37]
[1, 1310, 30]
[1, 1310, 24]
[1, 1310, 26]
[1, 1310, 32]
[1, 1310, 43]
[1, 1310, 43]
[1, 1310, 25]
[1, 1310, 34]
[1, 1310, 33]
[2, 2621, 77]
[2, 2621, 74]
[2, 2621, 68]
[2, 2621, 75]
[2, 2621, 75]
[2, 2621, 76]
[2, 2621, 67]
[2, 2621, 57]
[2, 2621, 75]
[2, 2621, 67]
[5, 6553, 263]
[5, 6553, 267]
[5, 6553, 277]
[5, 6553, 278]
[5, 6553, 285]
[5, 6553, 299]
[5, 6553, 247]
[5, 6553, 281]
[5, 6553, 298]
[5, 6553, 268]
[10, 13107, 862]
[10, 13107, 906]
[10, 13107, 891]
[10, 13107, 874]
[10, 13107, 898]
[10, 13107, 868]
[10, 13107, 840]
[10, 13107, 918]
[10, 13107, 873]
[10, 13107, 857]
[15, 19660, 1767]
[15, 19660, 1839]
[15, 19660, 1779]
[15, 19660, 1781]
[15, 19660, 1823]
[15, 19660, 1777]
[15, 19660, 1824]
[15, 19660, 1844]
[15, 19660, 1881]
[15, 19660, 1760]
[20, 26214, 3061]
[20, 26214, 3159]
[20, 26214, 3148]
[20, 26214, 3044]
[20, 26214, 3033]
[20, 26214, 3095]
[20, 26214, 3061]
[20, 26214, 3023]
[20, 26214, 3079]
[20, 26214, 3063]
[25, 32768, 4666]
[25, 32768, 4610]
[25, 32768, 4682]
[25, 32768, 4733]
[25, 32768, 4701]
[25, 32768, 4703]
[25, 32768, 4672]
[25, 32768, 4811]
[25, 32768, 4597]
[25, 32768, 4708]
[30, 39321, 6718]
[30, 39321, 6667]
[30, 39321, 6733]
[30, 39321, 6639]
[30, 39321, 6639]
[30, 39321, 6700]
[30, 39321, 6629]
[30, 39321, 6652]
[30, 39321, 6646]
[30, 39321, 6669]
[35, 45875, 9182]
[35, 45875, 8877]
[35, 45875, 9028]
[35, 45875, 8912]
[35, 45875, 8870]
[35, 45875, 8967]
[35, 45875, 8939]
[35, 45875, 9075]
[35, 45875, 9077]
[35, 45875, 8780]
[40, 52428, 11653]
[40, 52428, 11636]
[40, 52428, 11678]
[40, 52428, 11581]
[40, 52428, 11630]
[40, 52428, 11644]
[40, 52428, 11553]
[40, 52428, 11611]
[40, 52428, 11652]
[40, 52428, 11560]
