[1, 1310, 58]
[1, 1310, 72]
[1, 1310, 62]
[1, 1310, 69]
[1, 1310, 62]
[1, 1310, 73]
[1, 1310, 65]
[1, 1310, 71]
[1, 1310, 75]
[1, 1310, 66]
[2, 2621, 160]
[2, 2621, 171]
[2, 2621, 140]
[2, 2621, 156]
[2, 2621, 149]
[2, 2621, 153]
[2, 2621, 134]
[2, 2621, 160]
[2, 2621, 160]
[2, 2621, 163]
[5, 6553, 471]
[5, 6553, 435]
[5, 6553, 472]
[5, 6553, 480]
[5, 6553, 516]
[5, 6553, 461]
[5, 6553, 477]
[5, 6553, 454]
[5, 6553, 476]
[5, 6553, 463]
[10, 13107, 874]
[10, 13107, 884]
[10, 13107, 902]
[10, 13107, 853]
[10, 13107, 846]
[10, 13107, 892]
[10, 13107, 797]
[10, 13107, 825]
[10, 13107, 788]
[10, 13107, 840]
[15, 19660, 1226]
[15, 19660, 1193]
[15, 19660, 1296]
[15, 19660, 1103]
[15, 19660, 1229]
[15, 19660, 1257]
[15, 19660, 1183]
[15, 19660, 1177]
[15, 19660, 1132]
[15, 19660, 1136]
[20, 26214, 2177]
[20, 26214, 2149]
[20, 26214, 2181]
[20, 26214, 2169]
[20, 26214, 2121]
[20, 26214, 2164]
[20, 26214, 2136]
[20, 26214, 2137]
[20, 26214, 2231]
[20, 26214, 2190]
[25, 32768, 3492]
[25, 32768, 3567]
[25, 32768, 3504]
[25, 32768, 3385]
[25, 32768, 3498]
[25, 32768, 3467]
[25, 32768, 3425]
[25, 32768, 3493]
[25, 32768, 3477]
[25, 32768, 3424]
[30, 39321, 5266]
[30, 39321, 5215]
[30, 39321, 5253]
[30, 39321, 5194]
[30, 39321, 5325]
[30, 39321, 5279]
[30, 39321, 5128]
[30, 39321, 5094]
[30, 39321, 5028]
[30, 39321, 5213]
[35, 45875, 7327]
[35, 45875, 7295]
[35, 45875, 7183]
[35, 45875, 7342]
[35, 45875, 7393]
[35, 45875, 7281]
[35, 45875, 7387]
[35, 45875, 7221]
[35, 45875, 7500]
[35, 45875, 7478]
[40, 52428, 9727]
[40, 52428, 9921]
[40, 52428, 9967]
[40, 52428, 9850]
[40, 52428, 9974]
[40, 52428, 9779]
[40, 52428, 9814]
[40, 52428, 9945]
[40, 52428, 9788]
[40, 52428, 10026]
