[1, 1310, 130]
[1, 1310, 120]
[1, 1310, 131]
[1, 1310, 122]
[1, 1310, 127]
[1, 1310, 118]
[1, 1310, 140]
[1, 1310, 138]
[1, 1310, 133]
[1, 1310, 127]
[2, 2621, 294]
[2, 2621, 251]
[2, 2621, 293]
[2, 2621, 253]
[2, 2621, 261]
[2, 2621, 290]
[2, 2621, 267]
[2, 2621, 268]
[2, 2621, 252]
[2, 2621, 284]
[5, 6553, 800]
[5, 6553, 726]
[5, 6553, 796]
[5, 6553, 778]
[5, 6553, 771]
[5, 6553, 795]
[5, 6553, 773]
[5, 6553, 759]
[5, 6553, 795]
[5, 6553, 755]
[10, 13107, 1423]
[10, 13107, 1447]
[10, 13107, 1478]
[10, 13107, 1453]
[10, 13107, 1499]
[10, 13107, 1434]
[10, 13107, 1441]
[10, 13107, 1477]
[10, 13107, 1468]
[10, 13107, 1519]
[15, 19660, 1491]
[15, 19660, 1447]
[15, 19660, 1553]
[15, 19660, 1469]
[15, 19660, 1506]
[15, 19660, 1541]
[15, 19660, 1509]
[15, 19660, 1512]
[15, 19660, 1497]
[15, 19660, 1541]
[20, 26214, 1840]
[20, 26214, 1829]
[20, 26214, 1812]
[20, 26214, 1770]
[20, 26214, 1877]
[20, 26214, 1877]
[20, 26214, 1885]
[20, 26214, 1847]
[20, 26214, 1827]
[20, 26214, 1840]
[25, 32768, 2904]
[25, 32768, 2885]
[25, 32768, 2857]
[25, 32768, 2940]
[25, 32768, 2972]
[25, 32768, 2953]
[25, 32768, 2938]
[25, 32768, 2901]
[25, 32768, 2885]
[25, 32768, 2814]
[30, 39321, 4328]
[30, 39321, 4503]
[30, 39321, 4354]
[30, 39321, 4479]
[30, 39321, 4486]
[30, 39321, 4459]
[30, 39321, 4451]
[30, 39321, 4352]
[30, 39321, 4329]
[30, 39321, 4380]
[35, 45875, 6241]
[35, 45875, 6260]
[35, 45875, 6241]
[35, 45875, 6186]
[35, 45875, 6485]
[35, 45875, 6338]
[35, 45875, 6236]
[35, 45875, 6142]
[35, 45875, 6280]
[35, 45875, 6257]
[40, 52428, 8621]
[40, 52428, 8533]
[40, 52428, 8629]
[40, 52428, 8605]
[40, 52428, 8540]
[40, 52428, 8561]
[40, 52428, 8635]
[40, 52428, 8605]
[40, 52428, 8626]
[40, 52428, 8743]
