[1, 1310, 25]
[1, 1310, 15]
[1, 1310, 15]
[1, 1310, 14]
[1, 1310, 25]
[1, 1310, 22]
[1, 1310, 10]
[1, 1310, 18]
[1, 1310, 20]
[1, 1310, 17]
[2, 2621, 46]
[2, 2621, 56]
[2, 2621, 61]
[2, 2621, 50]
[2, 2621, 44]
[2, 2621, 51]
[2, 2621, 50]
[2, 2621, 48]
[2, 2621, 44]
[2, 2621, 53]
[5, 6553, 215]
[5, 6553, 234]
[5, 6553, 223]
[5, 6553, 198]
[5, 6553, 204]
[5, 6553, 258]
[5, 6553, 223]
[5, 6553, 219]
[5, 6553, 206]
[5, 6553, 230]
[10, 13107, 700]
[10, 13107, 747]
[10, 13107, 733]
[10, 13107, 723]
[10, 13107, 761]
[10, 13107, 748]
[10, 13107, 754]
[10, 13107, 702]
[10, 13107, 755]
[10, 13107, 767]
[15, 19660, 1655]
[15, 19660, 1602]
[15, 19660, 1628]
[15, 19660, 1618]
[15, 19660, 1614]
[15, 19660, 1625]
[15, 19660, 1651]
[15, 19660, 1659]
[15, 19660, 1655]
[15, 19660, 1622]
[20, 26214, 2835]
[20, 26214, 2738]
[20, 26214, 2807]
[20, 26214, 2869]
[20, 26214, 2893]
[20, 26214, 2797]
[20, 26214, 2761]
[20, 26214, 2939]
[20, 26214, 2870]
[20, 26214, 2802]
[25, 32768, 4404]
[25, 32768, 4393]
[25, 32768, 4392]
[25, 32768, 4414]
[25, 32768, 4383]
[25, 32768, 4357]
[25, 32768, 4418]
[25, 32768, 4453]
[25, 32768, 4310]
[25, 32768, 4408]
[30, 39321, 6229]
[30, 39321, 6241]
[30, 39321, 6260]
[30, 39321, 6336]
[30, 39321, 6268]
[30, 39321, 6394]
[30, 39321, 6374]
[30, 39321, 6255]
[30, 39321, 6340]
[30, 39321, 6324]
[35, 45875, 8538]
[35, 45875, 8555]
[35, 45875, 8295]
[35, 45875, 8571]
[35, 45875, 8690]
[35, 45875, 8692]
[35, 45875, 8675]
[35, 45875, 8589]
[35, 45875, 8618]
[35, 45875, 8632]
[40, 52428, 11294]
[40, 52428, 11280]
[40, 52428, 11222]
[40, 52428, 11279]
[40, 52428, 11332]
[40, 52428, 11175]
[40, 52428, 11263]
[40, 52428, 11414]
[40, 52428, 11241]
[40, 52428, 11070]
