[1, 1310, 101]
[1, 1310, 106]
[1, 1310, 100]
[1, 1310, 109]
[1, 1310, 106]
[1, 1310, 102]
[1, 1310, 119]
[1, 1310, 107]
[1, 1310, 101]
[1, 1310, 86]
[2, 2621, 268]
[2, 2621, 254]
[2, 2621, 222]
[2, 2621, 237]
[2, 2621, 239]
[2, 2621, 231]
[2, 2621, 224]
[2, 2621, 270]
[2, 2621, 256]
[2, 2621, 224]
[5, 6553, 910]
[5, 6553, 912]
[5, 6553, 905]
[5, 6553, 962]
[5, 6553, 925]
[5, 6553, 934]
[5, 6553, 967]
[5, 6553, 968]
[5, 6553, 959]
[5, 6553, 919]
[10, 13107, 2890]
[10, 13107, 2909]
[10, 13107, 3004]
[10, 13107, 2930]
[10, 13107, 2871]
[10, 13107, 2970]
[10, 13107, 3016]
[10, 13107, 2906]
[10, 13107, 2861]
[10, 13107, 2919]
[15, 19660, 6150]
[15, 19660, 6053]
[15, 19660, 6024]
[15, 19660, 6124]
[15, 19660, 6137]
[15, 19660, 6227]
[15, 19660, 6112]
[15, 19660, 6143]
[15, 19660, 6156]
[15, 19660, 6056]
[20, 26214, 10305]
[20, 26214, 10357]
[20, 26214, 10208]
[20, 26214, 10359]
[20, 26214, 10419]
[20, 26214, 10407]
[20, 26214, 10289]
[20, 26214, 10513]
[20, 26214, 10463]
[20, 26214, 10301]
[25, 32768, 15595]
[25, 32768, 15578]
[25, 32768, 15406]
[25, 32768, 15425]
[25, 32768, 15460]
[25, 32768, 15685]
[25, 32768, 15501]
[25, 32768, 15744]
[25, 32768, 15706]
[25, 32768, 15558]
[30, 39321, 21392]
[30, 39321, 21576]
[30, 39321, 21461]
[30, 39321, 21351]
[30, 39321, 21593]
[30, 39321, 21295]
[30, 39321, 21459]
[30, 39321, 21397]
[30, 39321, 21468]
[30, 39321, 21453]
[35, 45875, 27927]
[35, 45875, 27835]
[35, 45875, 27969]
[35, 45875, 28018]
[35, 45875, 27885]
[35, 45875, 28019]
[35, 45875, 27903]
[35, 45875, 27944]
[35, 45875, 28059]
[35, 45875, 28161]
[40, 52428, 35106]
[40, 52428, 34814]
[40, 52428, 34946]
[40, 52428, 35034]
[40, 52428, 35008]
[40, 52428, 34949]
[40, 52428, 34746]
[40, 52428, 34724]
[40, 52428, 34814]
[40, 52428, 34836]
