[1, 1310, 58]
[1, 1310, 70]
[1, 1310, 74]
[1, 1310, 49]
[1, 1310, 46]
[1, 1310, 65]
[1, 1310, 56]
[1, 1310, 62]
[1, 1310, 55]
[1, 1310, 65]
[2, 2621, 165]
[2, 2621, 165]
[2, 2621, 157]
[2, 2621, 184]
[2, 2621, 161]
[2, 2621, 167]
[2, 2621, 178]
[2, 2621, 153]
[2, 2621, 169]
[2, 2621, 162]
[5, 6553, 771]
[5, 6553, 734]
[5, 6553, 705]
[5, 6553, 748]
[5, 6553, 755]
[5, 6553, 767]
[5, 6553, 702]
[5, 6553, 768]
[5, 6553, 727]
[5, 6553, 669]
[10, 13107, 2599]
[10, 13107, 2641]
[10, 13107, 2596]
[10, 13107, 2602]
[10, 13107, 2601]
[10, 13107, 2578]
[10, 13107, 2628]
[10, 13107, 2612]
[10, 13107, 2605]
[10, 13107, 2617]
[15, 19660, 5569]
[15, 19660, 5657]
[15, 19660, 5671]
[15, 19660, 5700]
[15, 19660, 5698]
[15, 19660, 5636]
[15, 19660, 5575]
[15, 19660, 5706]
[15, 19660, 5607]
[15, 19660, 5493]
[20, 26214, 9630]
[20, 26214, 9841]
[20, 26214, 9916]
[20, 26214, 9738]
[20, 26214, 9771]
[20, 26214, 9729]
[20, 26214, 9805]
[20, 26214, 9792]
[20, 26214, 9724]
[20, 26214, 9755]
[25, 32768, 14899]
[25, 32768, 14755]
[25, 32768, 14889]
[25, 32768, 14749]
[25, 32768, 14930]
[25, 32768, 14773]
[25, 32768, 14989]
[25, 32768, 15042]
[25, 32768, 14902]
[25, 32768, 14907]
[30, 39321, 20612]
[30, 39321, 20608]
[30, 39321, 20969]
[30, 39321, 20786]
[30, 39321, 20781]
[30, 39321, 20777]
[30, 39321, 20888]
[30, 39321, 20658]
[30, 39321, 20855]
[30, 39321, 20554]
[35, 45875, 27170]
[35, 45875, 27184]
[35, 45875, 27294]
[35, 45875, 27219]
[35, 45875, 27173]
[35, 45875, 27419]
[35, 45875, 27232]
[35, 45875, 27233]
[35, 45875, 27217]
[35, 45875, 27315]
[40, 52428, 34121]
[40, 52428, 34139]
[40, 52428, 34263]
[40, 52428, 34222]
[40, 52428, 34508]
[40, 52428, 34114]
[40, 52428, 33904]
[40, 52428, 34286]
[40, 52428, 34300]
[40, 52428, 34281]
