[1, 327, 0]
[1, 327, 0]
[1, 327, 0]
[1, 327, 0]
[1, 327, 0]
[1, 327, 0]
[1, 327, 0]
[1, 327, 0]
[1, 327, 0]
[1, 327, 0]
[1, 327, 0]
[1, 327, 0]
[1, 327, 0]
[1, 327, 0]
[1, 327, 0]
[1, 327, 0]
[1, 327, 0]
[1, 327, 0]
[1, 327, 0]
[1, 327, 0]
[1, 327, 0]
[1, 327, 0]
[1, 327, 0]
[1, 327, 0]
[1, 327, 0]
[1, 327, 0]
[1, 327, 0]
[1, 327, 0]
[1, 327, 0]
[1, 327, 0]
[1, 327, 0]
[1, 327, 0]
[1, 327, 0]
[1, 327, 0]
[1, 327, 0]
[1, 327, 0]
[1, 327, 0]
[1, 327, 0]
[1, 327, 0]
[1, 327, 0]
[1, 327, 0]
[1, 327, 0]
[1, 327, 0]
[1, 327, 0]
[1, 327, 0]
[1, 327, 0]
[1, 327, 0]
[1, 327, 0]
[1, 327, 0]
[1, 327, 0]
[1, 327, 0]
[1, 327, 0]
[1, 327, 0]
[1, 327, 0]
[1, 327, 0]
[1, 327, 0]
[1, 327, 0]
[1, 327, 0]
[1, 327, 0]
[1, 327, 0]
[1, 327, 0]
[1, 327, 0]
[1, 327, 0]
[1, 327, 0]
[1, 327, 0]
[1, 327, 0]
[1, 327, 0]
[1, 327, 0]
[1, 327, 0]
[1, 327, 0]
[1, 327, 0]
[1, 327, 0]
[1, 327, 0]
[1, 327, 0]
[1, 327, 0]
[1, 327, 0]
[1, 327, 0]
[1, 327, 0]
[1, 327, 0]
[1, 327, 0]
[1, 327, 0]
[1, 327, 0]
[1, 327, 0]
[1, 327, 0]
[1, 327, 0]
[1, 327, 0]
[1, 327, 0]
[1, 327, 0]
[1, 327, 0]
[1, 327, 0]
[1, 327, 0]
[1, 327, 0]
[1, 327, 0]
[1, 327, 0]
[1, 327, 0]
[1, 327, 0]
[1, 327, 0]
[1, 327, 0]
[1, 327, 0]
[1, 327, 0]
[2, 655, 0]
[2, 655, 0]
[2, 655, 0]
[2, 655, 0]
[2, 655, 0]
[2, 655, 0]
[2, 655, 0]
[2, 655, 0]
[2, 655, 0]
[2, 655, 0]
[2, 655, 0]
[2, 655, 0]
[2, 655, 0]
[2, 655, 0]
[2, 655, 0]
[2, 655, 0]
[2, 655, 0]
[2, 655, 0]
[2, 655, 0]
[2, 655, 0]
[2, 655, 0]
[2, 655, 0]
[2, 655, 0]
[2, 655, 0]
[2, 655, 0]
[2, 655, 0]
[2, 655, 0]
[2, 655, 0]
[2, 655, 0]
[2, 655, 0]
[2, 655, 0]
[2, 655, 0]
[2, 655, 0]
[2, 655, 0]
[2, 655, 0]
[2, 655, 0]
[2, 655, 0]
[2, 655, 0]
[2, 655, 0]
[2, 655, 0]
[2, 655, 0]
[2, 655, 0]
[2, 655, 0]
[2, 655, 0]
[2, 655, 0]
[2, 655, 0]
[2, 655, 0]
[2, 655, 0]
[2, 655, 0]
[2, 655, 0]
[2, 655, 0]
[2, 655, 0]
[2, 655, 0]
[2, 655, 0]
[2, 655, 0]
[2, 655, 0]
[2, 655, 0]
[2, 655, 0]
[2, 655, 0]
[2, 655, 0]
[2, 655, 0]
[2, 655, 0]
[2, 655, 0]
[2, 655, 0]
[2, 655, 0]
[2, 655, 0]
[2, 655, 0]
[2, 655, 0]
[2, 655, 0]
[2, 655, 0]
[2, 655, 0]
[2, 655, 0]
[2, 655, 0]
[2, 655, 0]
[2, 655, 0]
[2, 655, 0]
[2, 655, 0]
[2, 655, 0]
[2, 655, 0]
[2, 655, 0]
[2, 655, 0]
[2, 655, 0]
[2, 655, 0]
[2, 655, 0]
[2, 655, 0]
[2, 655, 0]
[2, 655, 0]
[2, 655, 0]
[2, 655, 0]
[2, 655, 0]
[2, 655, 0]
[2, 655, 0]
[2, 655, 0]
[2, 655, 0]
[2, 655, 0]
[2, 655, 0]
[2, 655, 0]
[2, 655, 0]
[2, 655, 0]
[2, 655, 0]
[5, 1638, 0]
[5, 1638, 0]
[5, 1638, 0]
[5, 1638, 0]
[5, 1638, 0]
[5, 1638, 0]
[5, 1638, 0]
[5, 1638, 0]
[5, 1638, 0]
[5, 1638, 0]
[5, 1638, 0]
[5, 1638, 0]
[5, 1638, 0]
[5, 1638, 0]
[5, 1638, 0]
[5, 1638, 0]
[5, 1638, 0]
[5, 1638, 0]
[5, 1638, 0]
[5, 1638, 0]
[5, 1638, 0]
[5, 1638, 0]
[5, 1638, 0]
[5, 1638, 0]
[5, 1638, 0]
[5, 1638, 0]
[5, 1638, 0]
[5, 1638, 0]
[5, 1638, 0]
[5, 1638, 0]
[5, 1638, 0]
[5, 1638, 0]
[5, 1638, 0]
[5, 1638, 0]
[5, 1638, 0]
[5, 1638, 0]
[5, 1638, 0]
[5, 1638, 0]
[5, 1638, 0]
[5, 1638, 0]
[5, 1638, 0]
[5, 1638, 0]
[5, 1638, 0]
[5, 1638, 0]
[5, 1638, 0]
[5, 1638, 0]
[5, 1638, 0]
[5, 1638, 0]
[5, 1638, 0]
[5, 1638, 0]
[5, 1638, 0]
[5, 1638, 0]
[5, 1638, 0]
[5, 1638, 0]
[5, 1638, 0]
[5, 1638, 0]
[5, 1638, 0]
[5, 1638, 0]
[5, 1638, 0]
[5, 1638, 0]
[5, 1638, 0]
[5, 1638, 0]
[5, 1638, 0]
[5, 1638, 0]
[5, 1638, 0]
[5, 1638, 0]
[5, 1638, 0]
[5, 1638, 0]
[5, 1638, 1]
[5, 1638, 0]
[5, 1638, 0]
[5, 1638, 0]
[5, 1638, 0]
[5, 1638, 0]
[5, 1638, 0]
[5, 1638, 0]
[5, 1638, 0]
[5, 1638, 0]
[5, 1638, 0]
[5, 1638, 0]
[5, 1638, 0]
[5, 1638, 0]
[5, 1638, 0]
[5, 1638, 0]
[5, 1638, 0]
[5, 1638, 0]
[5, 1638, 0]
[5, 1638, 0]
[5, 1638, 0]
[5, 1638, 0]
[5, 1638, 0]
[5, 1638, 0]
[5, 1638, 0]
[5, 1638, 0]
[5, 1638, 0]
[5, 1638, 0]
[5, 1638, 0]
[5, 1638, 0]
[5, 1638, 0]
[5, 1638, 0]
[10, 3276, 0]
[10, 3276, 2]
[10, 3276, 0]
[10, 3276, 0]
[10, 3276, 0]
[10, 3276, 0]
[10, 3276, 0]
[10, 3276, 0]
[10, 3276, 0]
[10, 3276, 0]
[10, 3276, 0]
[10, 3276, 0]
[10, 3276, 0]
[10, 3276, 0]
[10, 3276, 0]
[10, 3276, 0]
[10, 3276, 0]
[10, 3276, 0]
[10, 3276, 0]
[10, 3276, 0]
[10, 3276, 0]
[10, 3276, 0]
[10, 3276, 0]
[10, 3276, 0]
[10, 3276, 0]
[10, 3276, 0]
[10, 3276, 0]
[10, 3276, 0]
[10, 3276, 0]
[10, 3276, 0]
[10, 3276, 0]
[10, 3276, 0]
[10, 3276, 0]
[10, 3276, 0]
[10, 3276, 0]
[10, 3276, 0]
[10, 3276, 0]
[10, 3276, 0]
[10, 3276, 0]
[10, 3276, 0]
[10, 3276, 0]
[10, 3276, 0]
[10, 3276, 0]
[10, 3276, 0]
[10, 3276, 0]
[10, 3276, 0]
[10, 3276, 0]
[10, 3276, 0]
[10, 3276, 0]
[10, 3276, 0]
[10, 3276, 0]
[10, 3276, 0]
[10, 3276, 0]
[10, 3276, 0]
[10, 3276, 0]
[10, 3276, 0]
[10, 3276, 0]
[10, 3276, 0]
[10, 3276, 0]
[10, 3276, 0]
[10, 3276, 0]
[10, 3276, 2]
[10, 3276, 0]
[10, 3276, 0]
[10, 3276, 0]
[10, 3276, 0]
[10, 3276, 0]
[10, 3276, 0]
[10, 3276, 2]
[10, 3276, 0]
[10, 3276, 0]
[10, 3276, 0]
[10, 3276, 0]
[10, 3276, 0]
[10, 3276, 0]
[10, 3276, 0]
[10, 3276, 0]
[10, 3276, 0]
[10, 3276, 0]
[10, 3276, 0]
[10, 3276, 0]
[10, 3276, 0]
[10, 3276, 0]
[10, 3276, 0]
[10, 3276, 1]
[10, 3276, 0]
[10, 3276, 0]
[10, 3276, 0]
[10, 3276, 0]
[10, 3276, 0]
[10, 3276, 0]
[10, 3276, 4]
[10, 3276, 0]
[10, 3276, 0]
[10, 3276, 0]
[10, 3276, 0]
[10, 3276, 0]
[10, 3276, 0]
[10, 3276, 0]
[10, 3276, 0]
[15, 4915, 1]
[15, 4915, 5]
[15, 4915, 2]
[15, 4915, 0]
[15, 4915, 2]
[15, 4915, 1]
[15, 4915, 0]
[15, 4915, 0]
[15, 4915, 0]
[15, 4915, 0]
[15, 4915, 1]
[15, 4915, 0]
[15, 4915, 5]
[15, 4915, 0]
[15, 4915, 0]
[15, 4915, 3]
[15, 4915, 9]
[15, 4915, 0]
[15, 4915, 0]
[15, 4915, 1]
[15, 4915, 0]
[15, 4915, 0]
[15, 4915, 0]
[15, 4915, 0]
[15, 4915, 0]
[15, 4915, 0]
[15, 4915, 0]
[15, 4915, 0]
[15, 4915, 0]
[15, 4915, 2]
[15, 4915, 0]
[15, 4915, 1]
[15, 4915, 0]
[15, 4915, 0]
[15, 4915, 0]
[15, 4915, 0]
[15, 4915, 0]
[15, 4915, 3]
[15, 4915, 0]
[15, 4915, 0]
[15, 4915, 1]
[15, 4915, 1]
[15, 4915, 0]
[15, 4915, 0]
[15, 4915, 0]
[15, 4915, 0]
[15, 4915, 0]
[15, 4915, 0]
[15, 4915, 0]
[15, 4915, 0]
[15, 4915, 0]
[15, 4915, 0]
[15, 4915, 0]
[15, 4915, 0]
[15, 4915, 0]
[15, 4915, 1]
[15, 4915, 0]
[15, 4915, 0]
[15, 4915, 1]
[15, 4915, 0]
[15, 4915, 1]
[15, 4915, 4]
[15, 4915, 3]
[15, 4915, 1]
[15, 4915, 0]
[15, 4915, 0]
[15, 4915, 2]
[15, 4915, 0]
[15, 4915, 2]
[15, 4915, 0]
[15, 4915, 0]
[15, 4915, 0]
[15, 4915, 3]
[15, 4915, 0]
[15, 4915, 0]
[15, 4915, 1]
[15, 4915, 0]
[15, 4915, 0]
[15, 4915, 0]
[15, 4915, 0]
[15, 4915, 0]
[15, 4915, 3]
[15, 4915, 0]
[15, 4915, 0]
[15, 4915, 4]
[15, 4915, 0]
[15, 4915, 0]
[15, 4915, 0]
[15, 4915, 1]
[15, 4915, 1]
[15, 4915, 0]
[15, 4915, 7]
[15, 4915, 0]
[15, 4915, 0]
[15, 4915, 1]
[15, 4915, 1]
[15, 4915, 0]
[15, 4915, 0]
[15, 4915, 0]
[15, 4915, 2]
[20, 6553, 4]
[20, 6553, 12]
[20, 6553, 3]
[20, 6553, 3]
[20, 6553, 3]
[20, 6553, 4]
[20, 6553, 1]
[20, 6553, 4]
[20, 6553, 8]
[20, 6553, 3]
[20, 6553, 7]
[20, 6553, 1]
[20, 6553, 4]
[20, 6553, 9]
[20, 6553, 3]
[20, 6553, 9]
[20, 6553, 5]
[20, 6553, 0]
[20, 6553, 2]
[20, 6553, 7]
[20, 6553, 4]
[20, 6553, 5]
[20, 6553, 0]
[20, 6553, 3]
[20, 6553, 1]
[20, 6553, 3]
[20, 6553, 3]
[20, 6553, 0]
[20, 6553, 0]
[20, 6553, 2]
[20, 6553, 2]
[20, 6553, 1]
[20, 6553, 0]
[20, 6553, 3]
[20, 6553, 4]
[20, 6553, 1]
[20, 6553, 3]
[20, 6553, 7]
[20, 6553, 1]
[20, 6553, 1]
[20, 6553, 3]
[20, 6553, 6]
[20, 6553, 6]
[20, 6553, 0]
[20, 6553, 1]
[20, 6553, 0]
[20, 6553, 3]
[20, 6553, 6]
[20, 6553, 0]
[20, 6553, 6]
[20, 6553, 1]
[20, 6553, 0]
[20, 6553, 3]
[20, 6553, 1]
[20, 6553, 0]
[20, 6553, 3]
[20, 6553, 2]
[20, 6553, 0]
[20, 6553, 7]
[20, 6553, 4]
[20, 6553, 7]
[20, 6553, 4]
[20, 6553, 8]
[20, 6553, 3]
[20, 6553, 4]
[20, 6553, 0]
[20, 6553, 7]
[20, 6553, 1]
[20, 6553, 3]
[20, 6553, 0]
[20, 6553, 2]
[20, 6553, 3]
[20, 6553, 4]
[20, 6553, 2]
[20, 6553, 3]
[20, 6553, 4]
[20, 6553, 4]
[20, 6553, 2]
[20, 6553, 7]
[20, 6553, 4]
[20, 6553, 1]
[20, 6553, 5]
[20, 6553, 1]
[20, 6553, 2]
[20, 6553, 13]
[20, 6553, 4]
[20, 6553, 6]
[20, 6553, 3]
[20, 6553, 5]
[20, 6553, 8]
[20, 6553, 0]
[20, 6553, 6]
[20, 6553, 6]
[20, 6553, 8]
[20, 6553, 3]
[20, 6553, 6]
[20, 6553, 2]
[20, 6553, 2]
[20, 6553, 1]
[20, 6553, 7]
[25, 8192, 12]
[25, 8192, 10]
[25, 8192, 11]
[25, 8192, 9]
[25, 8192, 15]
[25, 8192, 9]
[25, 8192, 10]
[25, 8192, 20]
[25, 8192, 15]
[25, 8192, 6]
[25, 8192, 20]
[25, 8192, 5]
[25, 8192, 16]
[25, 8192, 22]
[25, 8192, 12]
[25, 8192, 17]
[25, 8192, 19]
[25, 8192, 9]
[25, 8192, 12]
[25, 8192, 13]
[25, 8192, 14]
[25, 8192, 8]
[25, 8192, 3]
[25, 8192, 14]
[25, 8192, 14]
[25, 8192, 12]
[25, 8192, 15]
[25, 8192, 9]
[25, 8192, 1]
[25, 8192, 13]
[25, 8192, 15]
[25, 8192, 9]
[25, 8192, 7]
[25, 8192, 10]
[25, 8192, 10]
[25, 8192, 14]
[25, 8192, 24]
[25, 8192, 13]
[25, 8192, 7]
[25, 8192, 8]
[25, 8192, 11]
[25, 8192, 12]
[25, 8192, 22]
[25, 8192, 8]
[25, 8192, 10]
[25, 8192, 4]
[25, 8192, 15]
[25, 8192, 17]
[25, 8192, 8]
[25, 8192, 11]
[25, 8192, 4]
[25, 8192, 8]
[25, 8192, 11]
[25, 8192, 14]
[25, 8192, 4]
[25, 8192, 8]
[25, 8192, 12]
[25, 8192, 8]
[25, 8192, 10]
[25, 8192, 11]
[25, 8192, 14]
[25, 8192, 11]
[25, 8192, 17]
[25, 8192, 8]
[25, 8192, 20]
[25, 8192, 11]
[25, 8192, 10]
[25, 8192, 7]
[25, 8192, 8]
[25, 8192, 16]
[25, 8192, 19]
[25, 8192, 14]
[25, 8192, 10]
[25, 8192, 8]
[25, 8192, 12]
[25, 8192, 13]
[25, 8192, 18]
[25, 8192, 12]
[25, 8192, 17]
[25, 8192, 13]
[25, 8192, 22]
[25, 8192, 21]
[25, 8192, 4]
[25, 8192, 8]
[25, 8192, 19]
[25, 8192, 12]
[25, 8192, 7]
[25, 8192, 5]
[25, 8192, 4]
[25, 8192, 13]
[25, 8192, 13]
[25, 8192, 20]
[25, 8192, 16]
[25, 8192, 19]
[25, 8192, 16]
[25, 8192, 22]
[25, 8192, 14]
[25, 8192, 10]
[25, 8192, 11]
[25, 8192, 22]
[30, 9830, 26]
[30, 9830, 22]
[30, 9830, 37]
[30, 9830, 35]
[30, 9830, 29]
[30, 9830, 31]
[30, 9830, 33]
[30, 9830, 48]
[30, 9830, 27]
[30, 9830, 23]
[30, 9830, 46]
[30, 9830, 21]
[30, 9830, 42]
[30, 9830, 40]
[30, 9830, 33]
[30, 9830, 32]
[30, 9830, 37]
[30, 9830, 46]
[30, 9830, 24]
[30, 9830, 28]
[30, 9830, 45]
[30, 9830, 30]
[30, 9830, 24]
[30, 9830, 23]
[30, 9830, 39]
[30, 9830, 30]
[30, 9830, 39]
[30, 9830, 14]
[30, 9830, 13]
[30, 9830, 32]
[30, 9830, 27]
[30, 9830, 38]
[30, 9830, 25]
[30, 9830, 35]
[30, 9830, 28]
[30, 9830, 49]
[30, 9830, 45]
[30, 9830, 36]
[30, 9830, 21]
[30, 9830, 29]
[30, 9830, 52]
[30, 9830, 36]
[30, 9830, 38]
[30, 9830, 30]
[30, 9830, 32]
[30, 9830, 16]
[30, 9830, 42]
[30, 9830, 47]
[30, 9830, 44]
[30, 9830, 32]
[30, 9830, 24]
[30, 9830, 16]
[30, 9830, 35]
[30, 9830, 25]
[30, 9830, 35]
[30, 9830, 32]
[30, 9830, 38]
[30, 9830, 40]
[30, 9830, 30]
[30, 9830, 36]
[30, 9830, 36]
[30, 9830, 30]
[30, 9830, 46]
[30, 9830, 33]
[30, 9830, 32]
[30, 9830, 26]
[30, 9830, 38]
[30, 9830, 22]
[30, 9830, 32]
[30, 9830, 36]
[30, 9830, 35]
[30, 9830, 30]
[30, 9830, 32]
[30, 9830, 22]
[30, 9830, 33]
[30, 9830, 22]
[30, 9830, 46]
[30, 9830, 16]
[30, 9830, 44]
[30, 9830, 37]
[30, 9830, 38]
[30, 9830, 32]
[30, 9830, 35]
[30, 9830, 34]
[30, 9830, 38]
[30, 9830, 47]
[30, 9830, 23]
[30, 9830, 22]
[30, 9830, 21]
[30, 9830, 29]
[30, 9830, 28]
[30, 9830, 50]
[30, 9830, 39]
[30, 9830, 54]
[30, 9830, 46]
[30, 9830, 48]
[30, 9830, 36]
[30, 9830, 21]
[30, 9830, 27]
[30, 9830, 53]
[35, 11468, 59]
[35, 11468, 74]
[35, 11468, 73]
[35, 11468, 67]
[35, 11468, 77]
[35, 11468, 77]
[35, 11468, 75]
[35, 11468, 86]
[35, 11468, 70]
[35, 11468, 55]
[35, 11468, 85]
[35, 11468, 65]
[35, 11468, 70]
[35, 11468, 85]
[35, 11468, 78]
[35, 11468, 78]
[35, 11468, 75]
[35, 11468, 77]
[35, 11468, 56]
[35, 11468, 67]
[35, 11468, 73]
[35, 11468, 74]
[35, 11468, 59]
[35, 11468, 50]
[35, 11468, 75]
[35, 11468, 73]
[35, 11468, 80]
[35, 11468, 49]
[35, 11468, 73]
[35, 11468, 79]
[35, 11468, 66]
[35, 11468, 78]
[35, 11468, 54]
[35, 11468, 73]
[35, 11468, 72]
[35, 11468, 79]
[35, 11468, 105]
[35, 11468, 67]
[35, 11468, 59]
[35, 11468, 82]
[35, 11468, 77]
[35, 11468, 83]
[35, 11468, 83]
[35, 11468, 56]
[35, 11468, 73]
[35, 11468, 69]
[35, 11468, 94]
[35, 11468, 71]
[35, 11468, 78]
[35, 11468, 81]
[35, 11468, 76]
[35, 11468, 68]
[35, 11468, 97]
[35, 11468, 63]
[35, 11468, 71]
[35, 11468, 74]
[35, 11468, 72]
[35, 11468, 64]
[35, 11468, 64]
[35, 11468, 76]
[35, 11468, 86]
[35, 11468, 71]
[35, 11468, 80]
[35, 11468, 62]
[35, 11468, 59]
[35, 11468, 63]
[35, 11468, 78]
[35, 11468, 46]
[35, 11468, 63]
[35, 11468, 73]
[35, 11468, 73]
[35, 11468, 68]
[35, 11468, 76]
[35, 11468, 58]
[35, 11468, 94]
[35, 11468, 58]
[35, 11468, 88]
[35, 11468, 56]
[35, 11468, 95]
[35, 11468, 78]
[35, 11468, 85]
[35, 11468, 51]
[35, 11468, 55]
[35, 11468, 68]
[35, 11468, 64]
[35, 11468, 89]
[35, 11468, 62]
[35, 11468, 55]
[35, 11468, 67]
[35, 11468, 78]
[35, 11468, 74]
[35, 11468, 89]
[35, 11468, 99]
[35, 11468, 115]
[35, 11468, 80]
[35, 11468, 87]
[35, 11468, 70]
[35, 11468, 55]
[35, 11468, 79]
[35, 11468, 110]
[40, 13107, 146]
[40, 13107, 171]
[40, 13107, 137]
[40, 13107, 129]
[40, 13107, 164]
[40, 13107, 137]
[40, 13107, 156]
[40, 13107, 158]
[40, 13107, 145]
[40, 13107, 111]
[40, 13107, 156]
[40, 13107, 122]
[40, 13107, 138]
[40, 13107, 168]
[40, 13107, 161]
[40, 13107, 160]
[40, 13107, 165]
[40, 13107, 141]
[40, 13107, 131]
[40, 13107, 148]
[40, 13107, 168]
[40, 13107, 167]
[40, 13107, 145]
[40, 13107, 97]
[40, 13107, 164]
[40, 13107, 125]
[40, 13107, 137]
[40, 13107, 107]
[40, 13107, 110]
[40, 13107, 165]
[40, 13107, 143]
[40, 13107, 164]
[40, 13107, 144]
[40, 13107, 143]
[40, 13107, 157]
[40, 13107, 157]
[40, 13107, 217]
[40, 13107, 118]
[40, 13107, 148]
[40, 13107, 153]
[40, 13107, 172]
[40, 13107, 155]
[40, 13107, 175]
[40, 13107, 126]
[40, 13107, 171]
[40, 13107, 157]
[40, 13107, 173]
[40, 13107, 177]
[40, 13107, 142]
[40, 13107, 156]
[40, 13107, 147]
[40, 13107, 155]
[40, 13107, 206]
[40, 13107, 143]
[40, 13107, 159]
[40, 13107, 155]
[40, 13107, 148]
[40, 13107, 145]
[40, 13107, 135]
[40, 13107, 134]
[40, 13107, 147]
[40, 13107, 159]
[40, 13107, 156]
[40, 13107, 120]
[40, 13107, 135]
[40, 13107, 135]
[40, 13107, 182]
[40, 13107, 105]
[40, 13107, 139]
[40, 13107, 159]
[40, 13107, 145]
[40, 13107, 142]
[40, 13107, 160]
[40, 13107, 151]
[40, 13107, 167]
[40, 13107, 144]
[40, 13107, 147]
[40, 13107, 128]
[40, 13107, 198]
[40, 13107, 186]
[40, 13107, 150]
[40, 13107, 150]
[40, 13107, 162]
[40, 13107, 124]
[40, 13107, 150]
[40, 13107, 167]
[40, 13107, 146]
[40, 13107, 124]
[40, 13107, 161]
[40, 13107, 176]
[40, 13107, 180]
[40, 13107, 177]
[40, 13107, 164]
[40, 13107, 186]
[40, 13107, 168]
[40, 13107, 148]
[40, 13107, 188]
[40, 13107, 160]
[40, 13107, 175]
[40, 13107, 187]
