[1, 1310, 0, 0]
[1, 1310, 0, 0]
[1, 1310, 0, 0]
[1, 1310, 0, 0]
[1, 1310, 0, 0]
[1, 1310, 0, 0]
[1, 1310, 0, 0]
[1, 1310, 0, 0]
[1, 1310, 0, 0]
[1, 1310, 0, 0]
[1, 1310, 0, 0]
[1, 1310, 0, 0]
[1, 1310, 0, 0]
[1, 1310, 0, 0]
[1, 1310, 0, 0]
[1, 1310, 0, 0]
[1, 1310, 0, 0]
[1, 1310, 0, 0]
[1, 1310, 0, 0]
[1, 1310, 0, 0]
[1, 1310, 0, 0]
[1, 1310, 0, 0]
[1, 1310, 0, 0]
[1, 1310, 0, 0]
[1, 1310, 0, 0]
[1, 1310, 0, 0]
[1, 1310, 0, 0]
[1, 1310, 0, 0]
[1, 1310, 0, 0]
[1, 1310, 0, 0]
[1, 1310, 0, 0]
[1, 1310, 0, 0]
[1, 1310, 0, 0]
[1, 1310, 0, 0]
[1, 1310, 0, 0]
[1, 1310, 0, 0]
[1, 1310, 0, 0]
[1, 1310, 0, 0]
[1, 1310, 0, 0]
[1, 1310, 0, 0]
[1, 1310, 0, 0]
[1, 1310, 0, 0]
[1, 1310, 0, 0]
[1, 1310, 0, 0]
[1, 1310, 0, 0]
[1, 1310, 0, 0]
[1, 1310, 0, 0]
[1, 1310, 0, 0]
[1, 1310, 0, 0]
[1, 1310, 0, 0]
[1, 1310, 0, 0]
[1, 1310, 0, 0]
[1, 1310, 0, 0]
[1, 1310, 0, 0]
[1, 1310, 0, 0]
[1, 1310, 0, 0]
[1, 1310, 0, 0]
[1, 1310, 0, 0]
[1, 1310, 0, 0]
[1, 1310, 0, 0]
[1, 1310, 0, 0]
[1, 1310, 0, 0]
[1, 1310, 0, 0]
[1, 1310, 0, 0]
[1, 1310, 0, 0]
[1, 1310, 0, 0]
[1, 1310, 0, 0]
[1, 1310, 0, 0]
[1, 1310, 0, 0]
[1, 1310, 0, 0]
[1, 1310, 0, 0]
[1, 1310, 0, 0]
[1, 1310, 0, 0]
[1, 1310, 0, 0]
[1, 1310, 0, 0]
[1, 1310, 0, 0]
[1, 1310, 0, 0]
[1, 1310, 0, 0]
[1, 1310, 0, 0]
[1, 1310, 0, 0]
[1, 1310, 0, 0]
[1, 1310, 0, 0]
[1, 1310, 0, 0]
[1, 1310, 0, 0]
[1, 1310, 0, 0]
[1, 1310, 0, 0]
[1, 1310, 0, 0]
[1, 1310, 0, 0]
[1, 1310, 0, 0]
[1, 1310, 0, 0]
[1, 1310, 0, 0]
[1, 1310, 0, 0]
[1, 1310, 0, 0]
[1, 1310, 0, 0]
[1, 1310, 0, 0]
[1, 1310, 0, 0]
[1, 1310, 0, 0]
[1, 1310, 0, 0]
[1, 1310, 0, 0]
[1, 1310, 0, 0]
[2, 2621, 0, 0]
[2, 2621, 0, 0]
[2, 2621, 0, 0]
[2, 2621, 0, 0]
[2, 2621, 0, 0]
[2, 2621, 0, 0]
[2, 2621, 0, 0]
[2, 2621, 0, 0]
[2, 2621, 0, 0]
[2, 2621, 0, 0]
[2, 2621, 0, 0]
[2, 2621, 0, 0]
[2, 2621, 0, 0]
[2, 2621, 0, 0]
[2, 2621, 0, 0]
[2, 2621, 0, 0]
[2, 2621, 0, 0]
[2, 2621, 0, 0]
[2, 2621, 0, 0]
[2, 2621, 0, 0]
[2, 2621, 0, 0]
[2, 2621, 0, 0]
[2, 2621, 0, 0]
[2, 2621, 0, 0]
[2, 2621, 0, 0]
[2, 2621, 0, 0]
[2, 2621, 0, 0]
[2, 2621, 0, 0]
[2, 2621, 0, 0]
[2, 2621, 0, 0]
[2, 2621, 0, 0]
[2, 2621, 0, 0]
[2, 2621, 0, 0]
[2, 2621, 0, 0]
[2, 2621, 0, 0]
[2, 2621, 0, 0]
[2, 2621, 0, 0]
[2, 2621, 0, 0]
[2, 2621, 0, 0]
[2, 2621, 0, 0]
[2, 2621, 0, 0]
[2, 2621, 0, 0]
[2, 2621, 0, 0]
[2, 2621, 0, 0]
[2, 2621, 0, 0]
[2, 2621, 0, 0]
[2, 2621, 0, 0]
[2, 2621, 0, 0]
[2, 2621, 0, 0]
[2, 2621, 0, 0]
[2, 2621, 0, 0]
[2, 2621, 0, 0]
[2, 2621, 0, 0]
[2, 2621, 0, 0]
[2, 2621, 0, 0]
[2, 2621, 0, 0]
[2, 2621, 0, 0]
[2, 2621, 0, 0]
[2, 2621, 0, 0]
[2, 2621, 0, 0]
[2, 2621, 0, 0]
[2, 2621, 0, 0]
[2, 2621, 0, 0]
[2, 2621, 0, 0]
[2, 2621, 0, 0]
[2, 2621, 0, 0]
[2, 2621, 0, 0]
[2, 2621, 0, 0]
[2, 2621, 0, 0]
[2, 2621, 0, 0]
[2, 2621, 0, 0]
[2, 2621, 0, 0]
[2, 2621, 0, 0]
[2, 2621, 0, 0]
[2, 2621, 0, 0]
[2, 2621, 0, 0]
[2, 2621, 0, 0]
[2, 2621, 0, 0]
[2, 2621, 0, 0]
[2, 2621, 0, 0]
[2, 2621, 0, 0]
[2, 2621, 0, 0]
[2, 2621, 0, 0]
[2, 2621, 0, 0]
[2, 2621, 0, 0]
[2, 2621, 0, 0]
[2, 2621, 0, 0]
[2, 2621, 0, 0]
[2, 2621, 0, 0]
[2, 2621, 0, 0]
[2, 2621, 0, 0]
[2, 2621, 0, 0]
[2, 2621, 0, 0]
[2, 2621, 0, 0]
[2, 2621, 0, 0]
[2, 2621, 0, 0]
[2, 2621, 0, 0]
[2, 2621, 0, 0]
[2, 2621, 0, 0]
[2, 2621, 0, 0]
[5, 6553, 0, 0]
[5, 6553, 0, 0]
[5, 6553, 0, 0]
[5, 6553, 0, 0]
[5, 6553, 0, 0]
[5, 6553, 0, 0]
[5, 6553, 0, 0]
[5, 6553, 0, 0]
[5, 6553, 0, 0]
[5, 6553, 0, 0]
[5, 6553, 0, 0]
[5, 6553, 0, 0]
[5, 6553, 0, 0]
[5, 6553, 0, 0]
[5, 6553, 0, 0]
[5, 6553, 0, 0]
[5, 6553, 0, 0]
[5, 6553, 0, 0]
[5, 6553, 0, 0]
[5, 6553, 0, 0]
[5, 6553, 0, 0]
[5, 6553, 0, 0]
[5, 6553, 0, 0]
[5, 6553, 0, 0]
[5, 6553, 0, 0]
[5, 6553, 0, 0]
[5, 6553, 0, 0]
[5, 6553, 0, 0]
[5, 6553, 0, 0]
[5, 6553, 0, 0]
[5, 6553, 0, 0]
[5, 6553, 0, 0]
[5, 6553, 0, 0]
[5, 6553, 0, 0]
[5, 6553, 0, 0]
[5, 6553, 0, 0]
[5, 6553, 0, 0]
[5, 6553, 0, 0]
[5, 6553, 0, 0]
[5, 6553, 0, 0]
[5, 6553, 0, 0]
[5, 6553, 0, 0]
[5, 6553, 0, 0]
[5, 6553, 0, 0]
[5, 6553, 0, 0]
[5, 6553, 0, 0]
[5, 6553, 0, 0]
[5, 6553, 0, 0]
[5, 6553, 0, 0]
[5, 6553, 0, 0]
[5, 6553, 0, 0]
[5, 6553, 0, 0]
[5, 6553, 0, 0]
[5, 6553, 0, 0]
[5, 6553, 0, 0]
[5, 6553, 0, 0]
[5, 6553, 0, 0]
[5, 6553, 0, 0]
[5, 6553, 0, 0]
[5, 6553, 0, 0]
[5, 6553, 0, 0]
[5, 6553, 0, 0]
[5, 6553, 0, 0]
[5, 6553, 0, 0]
[5, 6553, 0, 0]
[5, 6553, 0, 0]
[5, 6553, 0, 0]
[5, 6553, 0, 0]
[5, 6553, 0, 0]
[5, 6553, 0, 0]
[5, 6553, 0, 0]
[5, 6553, 0, 0]
[5, 6553, 0, 0]
[5, 6553, 0, 0]
[5, 6553, 0, 0]
[5, 6553, 0, 0]
[5, 6553, 0, 0]
[5, 6553, 0, 0]
[5, 6553, 0, 0]
[5, 6553, 0, 0]
[5, 6553, 0, 0]
[5, 6553, 0, 0]
[5, 6553, 0, 0]
[5, 6553, 0, 0]
[5, 6553, 0, 0]
[5, 6553, 0, 0]
[5, 6553, 0, 0]
[5, 6553, 0, 0]
[5, 6553, 0, 0]
[5, 6553, 0, 0]
[5, 6553, 0, 0]
[5, 6553, 0, 0]
[5, 6553, 0, 0]
[5, 6553, 0, 0]
[5, 6553, 0, 0]
[5, 6553, 0, 0]
[5, 6553, 0, 0]
[5, 6553, 0, 0]
[5, 6553, 0, 0]
[5, 6553, 0, 0]
[10, 13107, 0, 0]
[10, 13107, 0, 0]
[10, 13107, 0, 0]
[10, 13107, 0, 0]
[10, 13107, 0, 0]
[10, 13107, 0, 0]
[10, 13107, 0, 0]
[10, 13107, 0, 0]
[10, 13107, 0, 0]
[10, 13107, 0, 0]
[10, 13107, 0, 0]
[10, 13107, 0, 0]
[10, 13107, 0, 0]
[10, 13107, 0, 0]
[10, 13107, 0, 0]
[10, 13107, 0, 0]
[10, 13107, 0, 0]
[10, 13107, 0, 0]
[10, 13107, 0, 0]
[10, 13107, 0, 0]
[10, 13107, 0, 0]
[10, 13107, 0, 0]
[10, 13107, 0, 0]
[10, 13107, 0, 0]
[10, 13107, 0, 0]
[10, 13107, 0, 0]
[10, 13107, 0, 0]
[10, 13107, 0, 0]
[10, 13107, 0, 0]
[10, 13107, 0, 0]
[10, 13107, 0, 0]
[10, 13107, 0, 0]
[10, 13107, 0, 0]
[10, 13107, 0, 0]
[10, 13107, 0, 0]
[10, 13107, 0, 0]
[10, 13107, 0, 0]
[10, 13107, 0, 0]
[10, 13107, 0, 0]
[10, 13107, 0, 0]
[10, 13107, 0, 0]
[10, 13107, 0, 0]
[10, 13107, 0, 0]
[10, 13107, 0, 0]
[10, 13107, 0, 0]
[10, 13107, 0, 0]
[10, 13107, 0, 0]
[10, 13107, 0, 0]
[10, 13107, 0, 0]
[10, 13107, 0, 0]
[10, 13107, 0, 0]
[10, 13107, 0, 0]
[10, 13107, 0, 0]
[10, 13107, 0, 0]
[10, 13107, 0, 0]
[10, 13107, 0, 0]
[10, 13107, 0, 2]
[10, 13107, 0, 0]
[10, 13107, 0, 0]
[10, 13107, 0, 0]
[10, 13107, 0, 0]
[10, 13107, 0, 0]
[10, 13107, 0, 0]
[10, 13107, 0, 0]
[10, 13107, 0, 0]
[10, 13107, 0, 0]
[10, 13107, 0, 0]
[10, 13107, 0, 0]
[10, 13107, 0, 0]
[10, 13107, 0, 0]
[10, 13107, 0, 0]
[10, 13107, 0, 0]
[10, 13107, 0, 0]
[10, 13107, 0, 0]
[10, 13107, 0, 0]
[10, 13107, 0, 0]
[10, 13107, 0, 0]
[10, 13107, 0, 0]
[10, 13107, 0, 0]
[10, 13107, 0, 0]
[10, 13107, 0, 0]
[10, 13107, 0, 0]
[10, 13107, 0, 0]
[10, 13107, 0, 0]
[10, 13107, 0, 0]
[10, 13107, 0, 0]
[10, 13107, 0, 0]
[10, 13107, 0, 0]
[10, 13107, 0, 0]
[10, 13107, 0, 0]
[10, 13107, 0, 0]
[10, 13107, 0, 0]
[10, 13107, 0, 0]
[10, 13107, 0, 0]
[10, 13107, 0, 0]
[10, 13107, 0, 0]
[10, 13107, 0, 0]
[10, 13107, 0, 0]
[10, 13107, 0, 0]
[10, 13107, 0, 0]
[15, 19660, 0, 0]
[15, 19660, 0, 0]
[15, 19660, 0, 0]
[15, 19660, 0, 0]
[15, 19660, 0, 0]
[15, 19660, 2, 0]
[15, 19660, 0, 0]
[15, 19660, 0, 0]
[15, 19660, 0, 0]
[15, 19660, 0, 0]
[15, 19660, 0, 0]
[15, 19660, 0, 0]
[15, 19660, 0, 0]
[15, 19660, 0, 0]
[15, 19660, 1, 0]
[15, 19660, 0, 0]
[15, 19660, 0, 0]
[15, 19660, 0, 0]
[15, 19660, 0, 1]
[15, 19660, 0, 0]
[15, 19660, 1, 3]
[15, 19660, 0, 0]
[15, 19660, 0, 0]
[15, 19660, 0, 0]
[15, 19660, 0, 0]
[15, 19660, 0, 0]
[15, 19660, 0, 1]
[15, 19660, 0, 0]
[15, 19660, 0, 0]
[15, 19660, 0, 0]
[15, 19660, 0, 0]
[15, 19660, 1, 0]
[15, 19660, 0, 0]
[15, 19660, 0, 0]
[15, 19660, 0, 0]
[15, 19660, 0, 0]
[15, 19660, 0, 0]
[15, 19660, 1, 0]
[15, 19660, 0, 2]
[15, 19660, 0, 0]
[15, 19660, 0, 0]
[15, 19660, 0, 0]
[15, 19660, 0, 0]
[15, 19660, 0, 1]
[15, 19660, 0, 0]
[15, 19660, 0, 0]
[15, 19660, 0, 0]
[15, 19660, 0, 0]
[15, 19660, 0, 1]
[15, 19660, 0, 0]
[15, 19660, 0, 0]
[15, 19660, 1, 0]
[15, 19660, 2, 3]
[15, 19660, 0, 0]
[15, 19660, 0, 0]
[15, 19660, 0, 0]
[15, 19660, 0, 1]
[15, 19660, 0, 0]
[15, 19660, 0, 0]
[15, 19660, 0, 0]
[15, 19660, 0, 0]
[15, 19660, 0, 0]
[15, 19660, 0, 0]
[15, 19660, 0, 0]
[15, 19660, 0, 0]
[15, 19660, 0, 0]
[15, 19660, 0, 0]
[15, 19660, 0, 0]
[15, 19660, 0, 0]
[15, 19660, 0, 3]
[15, 19660, 0, 0]
[15, 19660, 0, 0]
[15, 19660, 0, 0]
[15, 19660, 0, 0]
[15, 19660, 0, 0]
[15, 19660, 3, 0]
[15, 19660, 0, 0]
[15, 19660, 0, 0]
[15, 19660, 0, 0]
[15, 19660, 0, 0]
[15, 19660, 0, 0]
[15, 19660, 0, 0]
[15, 19660, 0, 0]
[15, 19660, 0, 0]
[15, 19660, 0, 0]
[15, 19660, 0, 0]
[15, 19660, 0, 0]
[15, 19660, 0, 0]
[15, 19660, 0, 0]
[15, 19660, 1, 0]
[15, 19660, 0, 0]
[15, 19660, 2, 0]
[15, 19660, 0, 0]
[15, 19660, 0, 0]
[15, 19660, 0, 0]
[15, 19660, 0, 0]
[15, 19660, 0, 0]
[15, 19660, 0, 4]
[15, 19660, 2, 0]
[15, 19660, 0, 0]
[20, 26214, 0, 0]
[20, 26214, 0, 1]
[20, 26214, 0, 0]
[20, 26214, 0, 2]
[20, 26214, 0, 0]
[20, 26214, 10, 2]
[20, 26214, 0, 0]
[20, 26214, 0, 2]
[20, 26214, 6, 1]
[20, 26214, 0, 3]
[20, 26214, 0, 1]
[20, 26214, 0, 0]
[20, 26214, 0, 0]
[20, 26214, 0, 1]
[20, 26214, 5, 3]
[20, 26214, 0, 0]
[20, 26214, 0, 5]
[20, 26214, 0, 0]
[20, 26214, 2, 2]
[20, 26214, 0, 3]
[20, 26214, 3, 7]
[20, 26214, 0, 2]
[20, 26214, 0, 1]
[20, 26214, 5, 1]
[20, 26214, 1, 3]
[20, 26214, 0, 3]
[20, 26214, 5, 5]
[20, 26214, 0, 0]
[20, 26214, 1, 0]
[20, 26214, 0, 3]
[20, 26214, 0, 0]
[20, 26214, 4, 2]
[20, 26214, 0, 0]
[20, 26214, 4, 3]
[20, 26214, 0, 0]
[20, 26214, 2, 5]
[20, 26214, 0, 0]
[20, 26214, 5, 0]
[20, 26214, 1, 2]
[20, 26214, 0, 3]
[20, 26214, 0, 0]
[20, 26214, 2, 0]
[20, 26214, 0, 0]
[20, 26214, 3, 1]
[20, 26214, 1, 1]
[20, 26214, 0, 0]
[20, 26214, 0, 0]
[20, 26214, 4, 1]
[20, 26214, 0, 7]
[20, 26214, 2, 3]
[20, 26214, 0, 3]
[20, 26214, 2, 3]
[20, 26214, 7, 4]
[20, 26214, 0, 2]
[20, 26214, 2, 4]
[20, 26214, 0, 0]
[20, 26214, 2, 4]
[20, 26214, 5, 0]
[20, 26214, 0, 0]
[20, 26214, 0, 1]
[20, 26214, 1, 0]
[20, 26214, 0, 3]
[20, 26214, 0, 0]
[20, 26214, 2, 0]
[20, 26214, 0, 0]
[20, 26214, 0, 0]
[20, 26214, 0, 0]
[20, 26214, 0, 0]
[20, 26214, 0, 0]
[20, 26214, 0, 5]
[20, 26214, 0, 0]
[20, 26214, 0, 0]
[20, 26214, 1, 0]
[20, 26214, 0, 0]
[20, 26214, 0, 0]
[20, 26214, 4, 1]
[20, 26214, 0, 0]
[20, 26214, 2, 0]
[20, 26214, 3, 0]
[20, 26214, 0, 0]
[20, 26214, 2, 0]
[20, 26214, 1, 2]
[20, 26214, 3, 0]
[20, 26214, 0, 0]
[20, 26214, 0, 0]
[20, 26214, 0, 2]
[20, 26214, 1, 2]
[20, 26214, 0, 8]
[20, 26214, 6, 0]
[20, 26214, 1, 0]
[20, 26214, 0, 1]
[20, 26214, 4, 4]
[20, 26214, 4, 0]
[20, 26214, 1, 0]
[20, 26214, 0, 0]
[20, 26214, 0, 0]
[20, 26214, 0, 0]
[20, 26214, 2, 6]
[20, 26214, 3, 0]
[20, 26214, 1, 0]
[25, 32768, 3, 1]
[25, 32768, 5, 1]
[25, 32768, 1, 6]
[25, 32768, 3, 5]
[25, 32768, 4, 0]
[25, 32768, 11, 4]
[25, 32768, 3, 14]
[25, 32768, 3, 10]
[25, 32768, 5, 6]
[25, 32768, 0, 4]
[25, 32768, 4, 8]
[25, 32768, 0, 2]
[25, 32768, 5, 7]
[25, 32768, 6, 2]
[25, 32768, 7, 11]
[25, 32768, 8, 3]
[25, 32768, 0, 10]
[25, 32768, 6, 10]
[25, 32768, 5, 5]
[25, 32768, 0, 9]
[25, 32768, 8, 8]
[25, 32768, 4, 4]
[25, 32768, 10, 2]
[25, 32768, 11, 5]
[25, 32768, 4, 7]
[25, 32768, 10, 4]
[25, 32768, 8, 10]
[25, 32768, 9, 0]
[25, 32768, 7, 6]
[25, 32768, 3, 12]
[25, 32768, 2, 5]
[25, 32768, 7, 16]
[25, 32768, 3, 3]
[25, 32768, 1, 2]
[25, 32768, 3, 3]
[25, 32768, 2, 9]
[25, 32768, 7, 0]
[25, 32768, 13, 5]
[25, 32768, 10, 11]
[25, 32768, 3, 4]
[25, 32768, 0, 3]
[25, 32768, 9, 2]
[25, 32768, 0, 3]
[25, 32768, 7, 7]
[25, 32768, 4, 3]
[25, 32768, 4, 1]
[25, 32768, 10, 2]
[25, 32768, 7, 4]
[25, 32768, 4, 8]
[25, 32768, 5, 16]
[25, 32768, 3, 10]
[25, 32768, 6, 5]
[25, 32768, 5, 15]
[25, 32768, 1, 12]
[25, 32768, 6, 8]
[25, 32768, 8, 6]
[25, 32768, 4, 10]
[25, 32768, 12, 2]
[25, 32768, 5, 8]
[25, 32768, 2, 8]
[25, 32768, 11, 2]
[25, 32768, 0, 5]
[25, 32768, 10, 0]
[25, 32768, 9, 3]
[25, 32768, 3, 5]
[25, 32768, 5, 1]
[25, 32768, 2, 1]
[25, 32768, 5, 4]
[25, 32768, 10, 11]
[25, 32768, 10, 14]
[25, 32768, 1, 3]
[25, 32768, 1, 8]
[25, 32768, 6, 8]
[25, 32768, 1, 1]
[25, 32768, 6, 0]
[25, 32768, 7, 3]
[25, 32768, 4, 1]
[25, 32768, 2, 6]
[25, 32768, 7, 2]
[25, 32768, 2, 2]
[25, 32768, 6, 0]
[25, 32768, 8, 7]
[25, 32768, 4, 3]
[25, 32768, 5, 3]
[25, 32768, 5, 3]
[25, 32768, 0, 4]
[25, 32768, 9, 7]
[25, 32768, 5, 7]
[25, 32768, 7, 0]
[25, 32768, 5, 1]
[25, 32768, 3, 9]
[25, 32768, 4, 6]
[25, 32768, 7, 3]
[25, 32768, 5, 3]
[25, 32768, 3, 7]
[25, 32768, 1, 0]
[25, 32768, 2, 0]
[25, 32768, 6, 6]
[25, 32768, 6, 9]
[25, 32768, 10, 2]
[30, 39321, 18, 10]
[30, 39321, 17, 12]
[30, 39321, 30, 16]
[30, 39321, 11, 16]
[30, 39321, 20, 11]
[30, 39321, 11, 18]
[30, 39321, 17, 20]
[30, 39321, 19, 19]
[30, 39321, 11, 5]
[30, 39321, 21, 22]
[30, 39321, 8, 23]
[30, 39321, 9, 9]
[30, 39321, 12, 34]
[30, 39321, 18, 29]
[30, 39321, 13, 23]
[30, 39321, 13, 13]
[30, 39321, 20, 24]
[30, 39321, 19, 25]
[30, 39321, 31, 30]
[30, 39321, 21, 14]
[30, 39321, 28, 39]
[30, 39321, 26, 28]
[30, 39321, 29, 12]
[30, 39321, 36, 24]
[30, 39321, 10, 18]
[30, 39321, 25, 20]
[30, 39321, 28, 22]
[30, 39321, 16, 12]
[30, 39321, 18, 12]
[30, 39321, 16, 40]
[30, 39321, 24, 26]
[30, 39321, 19, 26]
[30, 39321, 9, 23]
[30, 39321, 14, 21]
[30, 39321, 14, 10]
[30, 39321, 10, 27]
[30, 39321, 12, 11]
[30, 39321, 22, 17]
[30, 39321, 33, 19]
[30, 39321, 23, 18]
[30, 39321, 11, 15]
[30, 39321, 19, 16]
[30, 39321, 20, 19]
[30, 39321, 28, 22]
[30, 39321, 9, 13]
[30, 39321, 14, 12]
[30, 39321, 22, 14]
[30, 39321, 23, 32]
[30, 39321, 19, 30]
[30, 39321, 23, 32]
[30, 39321, 25, 26]
[30, 39321, 17, 25]
[30, 39321, 13, 39]
[30, 39321, 9, 20]
[30, 39321, 24, 28]
[30, 39321, 21, 10]
[30, 39321, 32, 28]
[30, 39321, 32, 22]
[30, 39321, 20, 18]
[30, 39321, 17, 10]
[30, 39321, 17, 11]
[30, 39321, 4, 16]
[30, 39321, 25, 15]
[30, 39321, 21, 25]
[30, 39321, 17, 21]
[30, 39321, 22, 14]
[30, 39321, 9, 19]
[30, 39321, 18, 17]
[30, 39321, 21, 31]
[30, 39321, 22, 50]
[30, 39321, 16, 23]
[30, 39321, 9, 27]
[30, 39321, 13, 21]
[30, 39321, 20, 8]
[30, 39321, 11, 12]
[30, 39321, 26, 15]
[30, 39321, 11, 15]
[30, 39321, 7, 20]
[30, 39321, 38, 23]
[30, 39321, 25, 12]
[30, 39321, 18, 8]
[30, 39321, 20, 12]
[30, 39321, 29, 17]
[30, 39321, 19, 14]
[30, 39321, 13, 21]
[30, 39321, 8, 23]
[30, 39321, 21, 13]
[30, 39321, 26, 22]
[30, 39321, 32, 16]
[30, 39321, 15, 12]
[30, 39321, 22, 21]
[30, 39321, 14, 21]
[30, 39321, 32, 17]
[30, 39321, 19, 15]
[30, 39321, 24, 25]
[30, 39321, 12, 19]
[30, 39321, 16, 9]
[30, 39321, 19, 17]
[30, 39321, 20, 27]
[30, 39321, 34, 13]
[35, 45875, 64, 38]
[35, 45875, 53, 47]
[35, 45875, 58, 59]
[35, 45875, 40, 52]
[35, 45875, 46, 40]
[35, 45875, 33, 54]
[35, 45875, 69, 49]
[35, 45875, 53, 60]
[35, 45875, 47, 53]
[35, 45875, 51, 75]
[35, 45875, 50, 67]
[35, 45875, 55, 49]
[35, 45875, 59, 63]
[35, 45875, 72, 69]
[35, 45875, 49, 60]
[35, 45875, 41, 50]
[35, 45875, 73, 69]
[35, 45875, 53, 43]
[35, 45875, 66, 58]
[35, 45875, 44, 46]
[35, 45875, 56, 85]
[35, 45875, 49, 77]
[35, 45875, 56, 44]
[35, 45875, 90, 60]
[35, 45875, 42, 32]
[35, 45875, 64, 68]
[35, 45875, 63, 69]
[35, 45875, 60, 56]
[35, 45875, 48, 50]
[35, 45875, 40, 63]
[35, 45875, 61, 52]
[35, 45875, 57, 77]
[35, 45875, 35, 66]
[35, 45875, 43, 75]
[35, 45875, 39, 35]
[35, 45875, 35, 76]
[35, 45875, 56, 50]
[35, 45875, 57, 74]
[35, 45875, 94, 57]
[35, 45875, 56, 57]
[35, 45875, 49, 53]
[35, 45875, 59, 43]
[35, 45875, 51, 68]
[35, 45875, 57, 77]
[35, 45875, 49, 44]
[35, 45875, 45, 56]
[35, 45875, 66, 44]
[35, 45875, 59, 59]
[35, 45875, 67, 63]
[35, 45875, 51, 66]
[35, 45875, 67, 59]
[35, 45875, 62, 62]
[35, 45875, 31, 72]
[35, 45875, 69, 66]
[35, 45875, 79, 67]
[35, 45875, 53, 57]
[35, 45875, 84, 47]
[35, 45875, 60, 49]
[35, 45875, 55, 53]
[35, 45875, 46, 57]
[35, 45875, 74, 43]
[35, 45875, 43, 39]
[35, 45875, 51, 44]
[35, 45875, 53, 51]
[35, 45875, 62, 63]
[35, 45875, 56, 39]
[35, 45875, 46, 71]
[35, 45875, 53, 46]
[35, 45875, 57, 66]
[35, 45875, 56, 65]
[35, 45875, 57, 76]
[35, 45875, 39, 65]
[35, 45875, 52, 52]
[35, 45875, 75, 45]
[35, 45875, 49, 45]
[35, 45875, 74, 63]
[35, 45875, 65, 52]
[35, 45875, 35, 32]
[35, 45875, 71, 64]
[35, 45875, 76, 45]
[35, 45875, 69, 44]
[35, 45875, 63, 45]
[35, 45875, 71, 54]
[35, 45875, 47, 49]
[35, 45875, 59, 61]
[35, 45875, 26, 72]
[35, 45875, 83, 81]
[35, 45875, 64, 57]
[35, 45875, 77, 52]
[35, 45875, 50, 58]
[35, 45875, 60, 69]
[35, 45875, 64, 78]
[35, 45875, 56, 41]
[35, 45875, 46, 47]
[35, 45875, 47, 59]
[35, 45875, 52, 39]
[35, 45875, 54, 50]
[35, 45875, 55, 48]
[35, 45875, 41, 73]
[35, 45875, 74, 49]
[40, 52428, 171, 135]
[40, 52428, 119, 124]
[40, 52428, 120, 155]
[40, 52428, 115, 141]
[40, 52428, 139, 105]
[40, 52428, 130, 132]
[40, 52428, 134, 115]
[40, 52428, 142, 138]
[40, 52428, 121, 129]
[40, 52428, 95, 132]
[40, 52428, 132, 153]
[40, 52428, 120, 139]
[40, 52428, 126, 159]
[40, 52428, 142, 120]
[40, 52428, 154, 141]
[40, 52428, 120, 141]
[40, 52428, 137, 147]
[40, 52428, 138, 117]
[40, 52428, 179, 114]
[40, 52428, 140, 131]
[40, 52428, 129, 174]
[40, 52428, 130, 147]
[40, 52428, 112, 117]
[40, 52428, 197, 128]
[40, 52428, 136, 104]
[40, 52428, 115, 134]
[40, 52428, 149, 149]
[40, 52428, 122, 123]
[40, 52428, 106, 95]
[40, 52428, 99, 121]
[40, 52428, 154, 114]
[40, 52428, 133, 154]
[40, 52428, 106, 158]
[40, 52428, 102, 137]
[40, 52428, 111, 133]
[40, 52428, 114, 181]
[40, 52428, 132, 134]
[40, 52428, 140, 156]
[40, 52428, 160, 128]
[40, 52428, 118, 147]
[40, 52428, 117, 119]
[40, 52428, 145, 132]
[40, 52428, 118, 143]
[40, 52428, 128, 169]
[40, 52428, 133, 111]
[40, 52428, 109, 127]
[40, 52428, 134, 104]
[40, 52428, 161, 150]
[40, 52428, 158, 139]
[40, 52428, 122, 152]
[40, 52428, 138, 143]
[40, 52428, 119, 147]
[40, 52428, 92, 161]
[40, 52428, 161, 150]
[40, 52428, 164, 145]
[40, 52428, 127, 133]
[40, 52428, 150, 137]
[40, 52428, 122, 111]
[40, 52428, 128, 141]
[40, 52428, 130, 135]
[40, 52428, 159, 131]
[40, 52428, 105, 126]
[40, 52428, 161, 134]
[40, 52428, 128, 135]
[40, 52428, 169, 162]
[40, 52428, 110, 115]
[40, 52428, 102, 184]
[40, 52428, 131, 129]
[40, 52428, 125, 151]
[40, 52428, 117, 159]
[40, 52428, 136, 190]
[40, 52428, 152, 142]
[40, 52428, 109, 127]
[40, 52428, 146, 115]
[40, 52428, 116, 137]
[40, 52428, 138, 137]
[40, 52428, 132, 128]
[40, 52428, 133, 124]
[40, 52428, 123, 131]
[40, 52428, 168, 154]
[40, 52428, 139, 125]
[40, 52428, 136, 123]
[40, 52428, 139, 132]
[40, 52428, 126, 122]
[40, 52428, 120, 154]
[40, 52428, 107, 158]
[40, 52428, 158, 184]
[40, 52428, 146, 145]
[40, 52428, 126, 150]
[40, 52428, 134, 147]
[40, 52428, 147, 152]
[40, 52428, 152, 145]
[40, 52428, 144, 145]
[40, 52428, 129, 99]
[40, 52428, 109, 110]
[40, 52428, 130, 106]
[40, 52428, 135, 121]
[40, 52428, 130, 134]
[40, 52428, 132, 142]
[40, 52428, 161, 124]
