[1, 1310, 0]
[1, 1310, 0]
[1, 1310, 0]
[1, 1310, 0]
[1, 1310, 0]
[1, 1310, 0]
[1, 1310, 0]
[1, 1310, 0]
[1, 1310, 0]
[1, 1310, 0]
[1, 1310, 0]
[1, 1310, 0]
[1, 1310, 0]
[1, 1310, 0]
[1, 1310, 0]
[1, 1310, 0]
[1, 1310, 0]
[1, 1310, 0]
[1, 1310, 0]
[1, 1310, 0]
[1, 1310, 0]
[1, 1310, 0]
[1, 1310, 0]
[1, 1310, 0]
[1, 1310, 0]
[1, 1310, 0]
[1, 1310, 0]
[1, 1310, 0]
[1, 1310, 0]
[1, 1310, 0]
[1, 1310, 0]
[1, 1310, 0]
[1, 1310, 0]
[1, 1310, 0]
[1, 1310, 0]
[1, 1310, 0]
[1, 1310, 0]
[1, 1310, 0]
[1, 1310, 0]
[1, 1310, 0]
[1, 1310, 0]
[1, 1310, 0]
[1, 1310, 0]
[1, 1310, 0]
[1, 1310, 0]
[1, 1310, 0]
[1, 1310, 0]
[1, 1310, 0]
[1, 1310, 0]
[1, 1310, 0]
[1, 1310, 0]
[1, 1310, 0]
[1, 1310, 0]
[1, 1310, 0]
[1, 1310, 0]
[1, 1310, 0]
[1, 1310, 0]
[1, 1310, 0]
[1, 1310, 0]
[1, 1310, 0]
[1, 1310, 0]
[1, 1310, 0]
[1, 1310, 0]
[1, 1310, 0]
[1, 1310, 0]
[1, 1310, 0]
[1, 1310, 0]
[1, 1310, 0]
[1, 1310, 0]
[1, 1310, 0]
[1, 1310, 0]
[1, 1310, 0]
[1, 1310, 0]
[1, 1310, 0]
[1, 1310, 0]
[1, 1310, 0]
[1, 1310, 0]
[1, 1310, 0]
[1, 1310, 0]
[1, 1310, 0]
[1, 1310, 0]
[1, 1310, 0]
[1, 1310, 0]
[1, 1310, 0]
[1, 1310, 0]
[1, 1310, 0]
[1, 1310, 0]
[1, 1310, 0]
[1, 1310, 0]
[1, 1310, 0]
[1, 1310, 0]
[1, 1310, 0]
[1, 1310, 0]
[1, 1310, 0]
[1, 1310, 0]
[1, 1310, 0]
[1, 1310, 0]
[1, 1310, 0]
[1, 1310, 0]
[1, 1310, 0]
[2, 2621, 0]
[2, 2621, 0]
[2, 2621, 0]
[2, 2621, 0]
[2, 2621, 0]
[2, 2621, 0]
[2, 2621, 0]
[2, 2621, 0]
[2, 2621, 0]
[2, 2621, 0]
[2, 2621, 0]
[2, 2621, 0]
[2, 2621, 0]
[2, 2621, 0]
[2, 2621, 0]
[2, 2621, 0]
[2, 2621, 0]
[2, 2621, 0]
[2, 2621, 0]
[2, 2621, 0]
[2, 2621, 0]
[2, 2621, 0]
[2, 2621, 0]
[2, 2621, 0]
[2, 2621, 0]
[2, 2621, 0]
[2, 2621, 0]
[2, 2621, 0]
[2, 2621, 0]
[2, 2621, 0]
[2, 2621, 0]
[2, 2621, 0]
[2, 2621, 0]
[2, 2621, 0]
[2, 2621, 0]
[2, 2621, 0]
[2, 2621, 0]
[2, 2621, 0]
[2, 2621, 0]
[2, 2621, 0]
[2, 2621, 0]
[2, 2621, 0]
[2, 2621, 0]
[2, 2621, 0]
[2, 2621, 0]
[2, 2621, 0]
[2, 2621, 0]
[2, 2621, 0]
[2, 2621, 0]
[2, 2621, 0]
[2, 2621, 0]
[2, 2621, 0]
[2, 2621, 0]
[2, 2621, 0]
[2, 2621, 0]
[2, 2621, 0]
[2, 2621, 0]
[2, 2621, 0]
[2, 2621, 0]
[2, 2621, 1]
[2, 2621, 0]
[2, 2621, 0]
[2, 2621, 0]
[2, 2621, 0]
[2, 2621, 0]
[2, 2621, 0]
[2, 2621, 0]
[2, 2621, 0]
[2, 2621, 0]
[2, 2621, 0]
[2, 2621, 0]
[2, 2621, 0]
[2, 2621, 0]
[2, 2621, 0]
[2, 2621, 0]
[2, 2621, 0]
[2, 2621, 0]
[2, 2621, 0]
[2, 2621, 0]
[2, 2621, 0]
[2, 2621, 0]
[2, 2621, 0]
[2, 2621, 0]
[2, 2621, 0]
[2, 2621, 0]
[2, 2621, 0]
[2, 2621, 0]
[2, 2621, 0]
[2, 2621, 0]
[2, 2621, 0]
[2, 2621, 0]
[2, 2621, 1]
[2, 2621, 0]
[2, 2621, 0]
[2, 2621, 0]
[2, 2621, 0]
[2, 2621, 0]
[2, 2621, 0]
[2, 2621, 0]
[2, 2621, 0]
[5, 6553, 1]
[5, 6553, 1]
[5, 6553, 0]
[5, 6553, 0]
[5, 6553, 0]
[5, 6553, 1]
[5, 6553, 0]
[5, 6553, 0]
[5, 6553, 0]
[5, 6553, 0]
[5, 6553, 1]
[5, 6553, 0]
[5, 6553, 0]
[5, 6553, 0]
[5, 6553, 0]
[5, 6553, 0]
[5, 6553, 0]
[5, 6553, 0]
[5, 6553, 0]
[5, 6553, 0]
[5, 6553, 0]
[5, 6553, 0]
[5, 6553, 0]
[5, 6553, 1]
[5, 6553, 0]
[5, 6553, 1]
[5, 6553, 0]
[5, 6553, 0]
[5, 6553, 0]
[5, 6553, 0]
[5, 6553, 0]
[5, 6553, 0]
[5, 6553, 0]
[5, 6553, 3]
[5, 6553, 0]
[5, 6553, 0]
[5, 6553, 0]
[5, 6553, 2]
[5, 6553, 0]
[5, 6553, 0]
[5, 6553, 0]
[5, 6553, 0]
[5, 6553, 0]
[5, 6553, 0]
[5, 6553, 0]
[5, 6553, 0]
[5, 6553, 1]
[5, 6553, 0]
[5, 6553, 1]
[5, 6553, 0]
[5, 6553, 1]
[5, 6553, 1]
[5, 6553, 0]
[5, 6553, 1]
[5, 6553, 0]
[5, 6553, 0]
[5, 6553, 1]
[5, 6553, 0]
[5, 6553, 0]
[5, 6553, 0]
[5, 6553, 0]
[5, 6553, 0]
[5, 6553, 0]
[5, 6553, 0]
[5, 6553, 2]
[5, 6553, 0]
[5, 6553, 0]
[5, 6553, 1]
[5, 6553, 0]
[5, 6553, 1]
[5, 6553, 1]
[5, 6553, 0]
[5, 6553, 0]
[5, 6553, 0]
[5, 6553, 1]
[5, 6553, 1]
[5, 6553, 0]
[5, 6553, 0]
[5, 6553, 2]
[5, 6553, 0]
[5, 6553, 0]
[5, 6553, 0]
[5, 6553, 0]
[5, 6553, 1]
[5, 6553, 0]
[5, 6553, 1]
[5, 6553, 0]
[5, 6553, 0]
[5, 6553, 0]
[5, 6553, 0]
[5, 6553, 0]
[5, 6553, 0]
[5, 6553, 0]
[5, 6553, 0]
[5, 6553, 4]
[5, 6553, 0]
[5, 6553, 0]
[5, 6553, 0]
[5, 6553, 0]
[5, 6553, 1]
[10, 13107, 5]
[10, 13107, 1]
[10, 13107, 9]
[10, 13107, 9]
[10, 13107, 6]
[10, 13107, 8]
[10, 13107, 10]
[10, 13107, 3]
[10, 13107, 9]
[10, 13107, 7]
[10, 13107, 11]
[10, 13107, 2]
[10, 13107, 6]
[10, 13107, 2]
[10, 13107, 8]
[10, 13107, 4]
[10, 13107, 4]
[10, 13107, 4]
[10, 13107, 5]
[10, 13107, 2]
[10, 13107, 6]
[10, 13107, 10]
[10, 13107, 9]
[10, 13107, 9]
[10, 13107, 3]
[10, 13107, 8]
[10, 13107, 6]
[10, 13107, 4]
[10, 13107, 4]
[10, 13107, 9]
[10, 13107, 4]
[10, 13107, 5]
[10, 13107, 4]
[10, 13107, 1]
[10, 13107, 13]
[10, 13107, 3]
[10, 13107, 11]
[10, 13107, 11]
[10, 13107, 6]
[10, 13107, 7]
[10, 13107, 5]
[10, 13107, 3]
[10, 13107, 5]
[10, 13107, 7]
[10, 13107, 7]
[10, 13107, 8]
[10, 13107, 3]
[10, 13107, 12]
[10, 13107, 11]
[10, 13107, 2]
[10, 13107, 5]
[10, 13107, 4]
[10, 13107, 7]
[10, 13107, 4]
[10, 13107, 6]
[10, 13107, 2]
[10, 13107, 3]
[10, 13107, 9]
[10, 13107, 10]
[10, 13107, 7]
[10, 13107, 5]
[10, 13107, 4]
[10, 13107, 6]
[10, 13107, 4]
[10, 13107, 3]
[10, 13107, 8]
[10, 13107, 2]
[10, 13107, 4]
[10, 13107, 0]
[10, 13107, 4]
[10, 13107, 7]
[10, 13107, 6]
[10, 13107, 8]
[10, 13107, 3]
[10, 13107, 8]
[10, 13107, 6]
[10, 13107, 6]
[10, 13107, 8]
[10, 13107, 4]
[10, 13107, 3]
[10, 13107, 5]
[10, 13107, 13]
[10, 13107, 15]
[10, 13107, 2]
[10, 13107, 7]
[10, 13107, 12]
[10, 13107, 8]
[10, 13107, 1]
[10, 13107, 4]
[10, 13107, 9]
[10, 13107, 4]
[10, 13107, 3]
[10, 13107, 4]
[10, 13107, 5]
[10, 13107, 5]
[10, 13107, 6]
[10, 13107, 1]
[10, 13107, 4]
[10, 13107, 6]
[10, 13107, 8]
[15, 19660, 49]
[15, 19660, 39]
[15, 19660, 21]
[15, 19660, 42]
[15, 19660, 33]
[15, 19660, 30]
[15, 19660, 39]
[15, 19660, 36]
[15, 19660, 42]
[15, 19660, 25]
[15, 19660, 19]
[15, 19660, 31]
[15, 19660, 34]
[15, 19660, 36]
[15, 19660, 35]
[15, 19660, 33]
[15, 19660, 38]
[15, 19660, 39]
[15, 19660, 30]
[15, 19660, 21]
[15, 19660, 32]
[15, 19660, 31]
[15, 19660, 30]
[15, 19660, 42]
[15, 19660, 34]
[15, 19660, 22]
[15, 19660, 41]
[15, 19660, 27]
[15, 19660, 36]
[15, 19660, 40]
[15, 19660, 44]
[15, 19660, 51]
[15, 19660, 35]
[15, 19660, 25]
[15, 19660, 42]
[15, 19660, 21]
[15, 19660, 34]
[15, 19660, 23]
[15, 19660, 17]
[15, 19660, 33]
[15, 19660, 31]
[15, 19660, 26]
[15, 19660, 24]
[15, 19660, 27]
[15, 19660, 21]
[15, 19660, 29]
[15, 19660, 25]
[15, 19660, 35]
[15, 19660, 19]
[15, 19660, 30]
[15, 19660, 22]
[15, 19660, 49]
[15, 19660, 41]
[15, 19660, 35]
[15, 19660, 36]
[15, 19660, 47]
[15, 19660, 29]
[15, 19660, 28]
[15, 19660, 25]
[15, 19660, 29]
[15, 19660, 29]
[15, 19660, 32]
[15, 19660, 22]
[15, 19660, 39]
[15, 19660, 35]
[15, 19660, 41]
[15, 19660, 61]
[15, 19660, 39]
[15, 19660, 47]
[15, 19660, 33]
[15, 19660, 36]
[15, 19660, 49]
[15, 19660, 45]
[15, 19660, 41]
[15, 19660, 34]
[15, 19660, 40]
[15, 19660, 23]
[15, 19660, 32]
[15, 19660, 34]
[15, 19660, 44]
[15, 19660, 33]
[15, 19660, 27]
[15, 19660, 24]
[15, 19660, 31]
[15, 19660, 22]
[15, 19660, 35]
[15, 19660, 29]
[15, 19660, 34]
[15, 19660, 26]
[15, 19660, 37]
[15, 19660, 45]
[15, 19660, 29]
[15, 19660, 41]
[15, 19660, 23]
[15, 19660, 33]
[15, 19660, 13]
[15, 19660, 33]
[15, 19660, 43]
[15, 19660, 30]
[15, 19660, 38]
[20, 26214, 147]
[20, 26214, 80]
[20, 26214, 120]
[20, 26214, 126]
[20, 26214, 93]
[20, 26214, 103]
[20, 26214, 105]
[20, 26214, 123]
[20, 26214, 102]
[20, 26214, 102]
[20, 26214, 82]
[20, 26214, 126]
[20, 26214, 107]
[20, 26214, 81]
[20, 26214, 107]
[20, 26214, 92]
[20, 26214, 109]
[20, 26214, 89]
[20, 26214, 110]
[20, 26214, 107]
[20, 26214, 92]
[20, 26214, 93]
[20, 26214, 92]
[20, 26214, 111]
[20, 26214, 100]
[20, 26214, 96]
[20, 26214, 90]
[20, 26214, 84]
[20, 26214, 85]
[20, 26214, 100]
[20, 26214, 107]
[20, 26214, 85]
[20, 26214, 139]
[20, 26214, 117]
[20, 26214, 89]
[20, 26214, 97]
[20, 26214, 81]
[20, 26214, 121]
[20, 26214, 91]
[20, 26214, 84]
[20, 26214, 143]
[20, 26214, 100]
[20, 26214, 85]
[20, 26214, 102]
[20, 26214, 108]
[20, 26214, 105]
[20, 26214, 108]
[20, 26214, 101]
[20, 26214, 112]
[20, 26214, 92]
[20, 26214, 112]
[20, 26214, 109]
[20, 26214, 74]
[20, 26214, 103]
[20, 26214, 125]
[20, 26214, 98]
[20, 26214, 104]
[20, 26214, 118]
[20, 26214, 114]
[20, 26214, 107]
[20, 26214, 116]
[20, 26214, 114]
[20, 26214, 92]
[20, 26214, 104]
[20, 26214, 113]
[20, 26214, 89]
[20, 26214, 89]
[20, 26214, 86]
[20, 26214, 119]
[20, 26214, 90]
[20, 26214, 104]
[20, 26214, 99]
[20, 26214, 118]
[20, 26214, 147]
[20, 26214, 94]
[20, 26214, 87]
[20, 26214, 105]
[20, 26214, 112]
[20, 26214, 79]
[20, 26214, 107]
[20, 26214, 104]
[20, 26214, 106]
[20, 26214, 91]
[20, 26214, 115]
[20, 26214, 112]
[20, 26214, 101]
[20, 26214, 145]
[20, 26214, 83]
[20, 26214, 88]
[20, 26214, 143]
[20, 26214, 123]
[20, 26214, 121]
[20, 26214, 85]
[20, 26214, 84]
[20, 26214, 111]
[20, 26214, 108]
[20, 26214, 97]
[20, 26214, 105]
[20, 26214, 95]
[20, 26214, 92]
[25, 32768, 281]
[25, 32768, 224]
[25, 32768, 236]
[25, 32768, 210]
[25, 32768, 281]
[25, 32768, 243]
[25, 32768, 270]
[25, 32768, 297]
[25, 32768, 253]
[25, 32768, 261]
[25, 32768, 262]
[25, 32768, 269]
[25, 32768, 278]
[25, 32768, 245]
[25, 32768, 260]
[25, 32768, 255]
[25, 32768, 235]
[25, 32768, 253]
[25, 32768, 274]
[25, 32768, 254]
[25, 32768, 244]
[25, 32768, 251]
[25, 32768, 242]
[25, 32768, 224]
[25, 32768, 240]
[25, 32768, 221]
[25, 32768, 245]
[25, 32768, 303]
[25, 32768, 266]
[25, 32768, 288]
[25, 32768, 266]
[25, 32768, 210]
[25, 32768, 253]
[25, 32768, 246]
[25, 32768, 282]
[25, 32768, 271]
[25, 32768, 264]
[25, 32768, 275]
[25, 32768, 254]
[25, 32768, 242]
[25, 32768, 254]
[25, 32768, 265]
[25, 32768, 247]
[25, 32768, 257]
[25, 32768, 288]
[25, 32768, 239]
[25, 32768, 234]
[25, 32768, 244]
[25, 32768, 257]
[25, 32768, 247]
[25, 32768, 237]
[25, 32768, 274]
[25, 32768, 254]
[25, 32768, 222]
[25, 32768, 205]
[25, 32768, 303]
[25, 32768, 260]
[25, 32768, 277]
[25, 32768, 300]
[25, 32768, 297]
[25, 32768, 253]
[25, 32768, 257]
[25, 32768, 278]
[25, 32768, 244]
[25, 32768, 273]
[25, 32768, 267]
[25, 32768, 276]
[25, 32768, 263]
[25, 32768, 248]
[25, 32768, 268]
[25, 32768, 260]
[25, 32768, 281]
[25, 32768, 282]
[25, 32768, 285]
[25, 32768, 271]
[25, 32768, 241]
[25, 32768, 241]
[25, 32768, 249]
[25, 32768, 240]
[25, 32768, 267]
[25, 32768, 271]
[25, 32768, 260]
[25, 32768, 235]
[25, 32768, 300]
[25, 32768, 254]
[25, 32768, 268]
[25, 32768, 272]
[25, 32768, 238]
[25, 32768, 277]
[25, 32768, 268]
[25, 32768, 269]
[25, 32768, 214]
[25, 32768, 256]
[25, 32768, 261]
[25, 32768, 247]
[25, 32768, 257]
[25, 32768, 257]
[25, 32768, 275]
[25, 32768, 262]
[25, 32768, 253]
[30, 39321, 500]
[30, 39321, 521]
[30, 39321, 489]
[30, 39321, 551]
[30, 39321, 577]
[30, 39321, 513]
[30, 39321, 555]
[30, 39321, 550]
[30, 39321, 517]
[30, 39321, 566]
[30, 39321, 519]
[30, 39321, 511]
[30, 39321, 526]
[30, 39321, 473]
[30, 39321, 540]
[30, 39321, 534]
[30, 39321, 568]
[30, 39321, 573]
[30, 39321, 553]
[30, 39321, 518]
[30, 39321, 576]
[30, 39321, 532]
[30, 39321, 510]
[30, 39321, 533]
[30, 39321, 527]
[30, 39321, 503]
[30, 39321, 511]
[30, 39321, 506]
[30, 39321, 491]
[30, 39321, 532]
[30, 39321, 539]
[30, 39321, 498]
[30, 39321, 589]
[30, 39321, 534]
[30, 39321, 561]
[30, 39321, 607]
[30, 39321, 544]
[30, 39321, 488]
[30, 39321, 530]
[30, 39321, 555]
[30, 39321, 546]
[30, 39321, 532]
[30, 39321, 535]
[30, 39321, 512]
[30, 39321, 549]
[30, 39321, 569]
[30, 39321, 512]
[30, 39321, 595]
[30, 39321, 546]
[30, 39321, 512]
[30, 39321, 570]
[30, 39321, 591]
[30, 39321, 542]
[30, 39321, 518]
[30, 39321, 513]
[30, 39321, 582]
[30, 39321, 543]
[30, 39321, 546]
[30, 39321, 544]
[30, 39321, 589]
[30, 39321, 539]
[30, 39321, 504]
[30, 39321, 526]
[30, 39321, 510]
[30, 39321, 545]
[30, 39321, 583]
[30, 39321, 492]
[30, 39321, 521]
[30, 39321, 566]
[30, 39321, 516]
[30, 39321, 582]
[30, 39321, 550]
[30, 39321, 573]
[30, 39321, 543]
[30, 39321, 516]
[30, 39321, 510]
[30, 39321, 558]
[30, 39321, 525]
[30, 39321, 531]
[30, 39321, 494]
[30, 39321, 557]
[30, 39321, 521]
[30, 39321, 520]
[30, 39321, 609]
[30, 39321, 540]
[30, 39321, 589]
[30, 39321, 513]
[30, 39321, 525]
[30, 39321, 517]
[30, 39321, 556]
[30, 39321, 560]
[30, 39321, 534]
[30, 39321, 533]
[30, 39321, 481]
[30, 39321, 610]
[30, 39321, 542]
[30, 39321, 517]
[30, 39321, 509]
[30, 39321, 526]
[30, 39321, 530]
[35, 45875, 1044]
[35, 45875, 987]
[35, 45875, 1099]
[35, 45875, 995]
[35, 45875, 869]
[35, 45875, 966]
[35, 45875, 954]
[35, 45875, 1018]
[35, 45875, 974]
[35, 45875, 941]
[35, 45875, 1001]
[35, 45875, 995]
[35, 45875, 1059]
[35, 45875, 979]
[35, 45875, 968]
[35, 45875, 1016]
[35, 45875, 1063]
[35, 45875, 1045]
[35, 45875, 970]
[35, 45875, 971]
[35, 45875, 1025]
[35, 45875, 1048]
[35, 45875, 1010]
[35, 45875, 1002]
[35, 45875, 954]
[35, 45875, 1037]
[35, 45875, 977]
[35, 45875, 965]
[35, 45875, 992]
[35, 45875, 999]
[35, 45875, 1038]
[35, 45875, 1027]
[35, 45875, 1010]
[35, 45875, 1047]
[35, 45875, 1004]
[35, 45875, 1026]
[35, 45875, 952]
[35, 45875, 1013]
[35, 45875, 994]
[35, 45875, 1054]
[35, 45875, 951]
[35, 45875, 986]
[35, 45875, 1004]
[35, 45875, 1064]
[35, 45875, 1027]
[35, 45875, 1003]
[35, 45875, 937]
[35, 45875, 998]
[35, 45875, 1057]
[35, 45875, 1047]
[35, 45875, 1034]
[35, 45875, 1007]
[35, 45875, 1016]
[35, 45875, 951]
[35, 45875, 972]
[35, 45875, 1018]
[35, 45875, 985]
[35, 45875, 1051]
[35, 45875, 915]
[35, 45875, 970]
[35, 45875, 993]
[35, 45875, 978]
[35, 45875, 965]
[35, 45875, 1006]
[35, 45875, 942]
[35, 45875, 956]
[35, 45875, 1020]
[35, 45875, 1012]
[35, 45875, 1038]
[35, 45875, 993]
[35, 45875, 1048]
[35, 45875, 1069]
[35, 45875, 955]
[35, 45875, 1015]
[35, 45875, 980]
[35, 45875, 1035]
[35, 45875, 905]
[35, 45875, 950]
[35, 45875, 1013]
[35, 45875, 962]
[35, 45875, 999]
[35, 45875, 948]
[35, 45875, 955]
[35, 45875, 938]
[35, 45875, 1093]
[35, 45875, 991]
[35, 45875, 1032]
[35, 45875, 1008]
[35, 45875, 1058]
[35, 45875, 965]
[35, 45875, 1026]
[35, 45875, 973]
[35, 45875, 1055]
[35, 45875, 972]
[35, 45875, 960]
[35, 45875, 1022]
[35, 45875, 983]
[35, 45875, 979]
[35, 45875, 998]
[35, 45875, 1014]
[40, 52428, 1703]
[40, 52428, 1645]
[40, 52428, 1756]
[40, 52428, 1709]
[40, 52428, 1643]
[40, 52428, 1670]
[40, 52428, 1693]
[40, 52428, 1745]
[40, 52428, 1717]
[40, 52428, 1701]
[40, 52428, 1609]
[40, 52428, 1790]
[40, 52428, 1704]
[40, 52428, 1658]
[40, 52428, 1632]
[40, 52428, 1582]
[40, 52428, 1761]
[40, 52428, 1641]
[40, 52428, 1675]
[40, 52428, 1650]
[40, 52428, 1673]
[40, 52428, 1721]
[40, 52428, 1635]
[40, 52428, 1633]
[40, 52428, 1724]
[40, 52428, 1619]
[40, 52428, 1715]
[40, 52428, 1668]
[40, 52428, 1647]
[40, 52428, 1685]
[40, 52428, 1676]
[40, 52428, 1665]
[40, 52428, 1668]
[40, 52428, 1686]
[40, 52428, 1730]
[40, 52428, 1690]
[40, 52428, 1687]
[40, 52428, 1737]
[40, 52428, 1663]
[40, 52428, 1817]
[40, 52428, 1721]
[40, 52428, 1527]
[40, 52428, 1751]
[40, 52428, 1720]
[40, 52428, 1662]
[40, 52428, 1749]
[40, 52428, 1750]
[40, 52428, 1669]
[40, 52428, 1708]
[40, 52428, 1637]
[40, 52428, 1607]
[40, 52428, 1632]
[40, 52428, 1683]
[40, 52428, 1613]
[40, 52428, 1695]
[40, 52428, 1651]
[40, 52428, 1671]
[40, 52428, 1633]
[40, 52428, 1615]
[40, 52428, 1797]
[40, 52428, 1773]
[40, 52428, 1688]
[40, 52428, 1743]
[40, 52428, 1687]
[40, 52428, 1684]
[40, 52428, 1591]
[40, 52428, 1662]
[40, 52428, 1720]
[40, 52428, 1667]
[40, 52428, 1629]
[40, 52428, 1783]
[40, 52428, 1715]
[40, 52428, 1706]
[40, 52428, 1718]
[40, 52428, 1728]
[40, 52428, 1728]
[40, 52428, 1569]
[40, 52428, 1678]
[40, 52428, 1701]
[40, 52428, 1671]
[40, 52428, 1626]
[40, 52428, 1634]
[40, 52428, 1729]
[40, 52428, 1745]
[40, 52428, 1754]
[40, 52428, 1618]
[40, 52428, 1672]
[40, 52428, 1627]
[40, 52428, 1731]
[40, 52428, 1737]
[40, 52428, 1657]
[40, 52428, 1664]
[40, 52428, 1746]
[40, 52428, 1729]
[40, 52428, 1608]
[40, 52428, 1649]
[40, 52428, 1711]
[40, 52428, 1628]
[40, 52428, 1627]
[40, 52428, 1642]
