[1, 1310, 28]
[1, 1310, 22]
[1, 1310, 27]
[1, 1310, 21]
[1, 1310, 19]
[1, 1310, 21]
[1, 1310, 22]
[1, 1310, 30]
[1, 1310, 21]
[1, 1310, 18]
[1, 1310, 12]
[1, 1310, 29]
[1, 1310, 26]
[1, 1310, 18]
[1, 1310, 25]
[1, 1310, 22]
[1, 1310, 23]
[1, 1310, 26]
[1, 1310, 23]
[1, 1310, 20]
[1, 1310, 25]
[1, 1310, 15]
[1, 1310, 20]
[1, 1310, 30]
[1, 1310, 21]
[1, 1310, 23]
[1, 1310, 21]
[1, 1310, 19]
[1, 1310, 20]
[1, 1310, 26]
[1, 1310, 35]
[1, 1310, 15]
[1, 1310, 17]
[1, 1310, 30]
[1, 1310, 24]
[1, 1310, 21]
[1, 1310, 24]
[1, 1310, 18]
[1, 1310, 20]
[1, 1310, 16]
[1, 1310, 24]
[1, 1310, 21]
[1, 1310, 22]
[1, 1310, 25]
[1, 1310, 19]
[1, 1310, 26]
[1, 1310, 17]
[1, 1310, 28]
[1, 1310, 22]
[1, 1310, 20]
[1, 1310, 24]
[1, 1310, 21]
[1, 1310, 19]
[1, 1310, 10]
[1, 1310, 23]
[1, 1310, 19]
[1, 1310, 14]
[1, 1310, 29]
[1, 1310, 21]
[1, 1310, 23]
[1, 1310, 24]
[1, 1310, 29]
[1, 1310, 17]
[1, 1310, 18]
[1, 1310, 15]
[1, 1310, 27]
[1, 1310, 14]
[1, 1310, 22]
[1, 1310, 28]
[1, 1310, 29]
[1, 1310, 34]
[1, 1310, 24]
[1, 1310, 15]
[1, 1310, 20]
[1, 1310, 24]
[1, 1310, 21]
[1, 1310, 23]
[1, 1310, 30]
[1, 1310, 30]
[1, 1310, 20]
[1, 1310, 18]
[1, 1310, 20]
[1, 1310, 22]
[1, 1310, 24]
[1, 1310, 21]
[1, 1310, 21]
[1, 1310, 20]
[1, 1310, 33]
[1, 1310, 21]
[1, 1310, 27]
[1, 1310, 31]
[1, 1310, 21]
[1, 1310, 25]
[1, 1310, 22]
[1, 1310, 27]
[1, 1310, 22]
[1, 1310, 19]
[1, 1310, 10]
[1, 1310, 15]
[1, 1310, 20]
[2, 2621, 79]
[2, 2621, 61]
[2, 2621, 72]
[2, 2621, 56]
[2, 2621, 61]
[2, 2621, 47]
[2, 2621, 70]
[2, 2621, 68]
[2, 2621, 65]
[2, 2621, 52]
[2, 2621, 56]
[2, 2621, 68]
[2, 2621, 63]
[2, 2621, 58]
[2, 2621, 48]
[2, 2621, 56]
[2, 2621, 66]
[2, 2621, 76]
[2, 2621, 82]
[2, 2621, 68]
[2, 2621, 43]
[2, 2621, 59]
[2, 2621, 54]
[2, 2621, 78]
[2, 2621, 65]
[2, 2621, 64]
[2, 2621, 48]
[2, 2621, 66]
[2, 2621, 73]
[2, 2621, 49]
[2, 2621, 66]
[2, 2621, 66]
[2, 2621, 51]
[2, 2621, 65]
[2, 2621, 65]
[2, 2621, 55]
[2, 2621, 70]
[2, 2621, 41]
[2, 2621, 76]
[2, 2621, 59]
[2, 2621, 72]
[2, 2621, 54]
[2, 2621, 40]
[2, 2621, 77]
[2, 2621, 71]
[2, 2621, 57]
[2, 2621, 68]
[2, 2621, 70]
[2, 2621, 87]
[2, 2621, 71]
[2, 2621, 71]
[2, 2621, 75]
[2, 2621, 52]
[2, 2621, 63]
[2, 2621, 54]
[2, 2621, 72]
[2, 2621, 55]
[2, 2621, 76]
[2, 2621, 60]
[2, 2621, 57]
[2, 2621, 85]
[2, 2621, 82]
[2, 2621, 69]
[2, 2621, 56]
[2, 2621, 56]
[2, 2621, 63]
[2, 2621, 80]
[2, 2621, 47]
[2, 2621, 63]
[2, 2621, 62]
[2, 2621, 71]
[2, 2621, 65]
[2, 2621, 53]
[2, 2621, 55]
[2, 2621, 70]
[2, 2621, 64]
[2, 2621, 70]
[2, 2621, 58]
[2, 2621, 59]
[2, 2621, 62]
[2, 2621, 68]
[2, 2621, 66]
[2, 2621, 49]
[2, 2621, 62]
[2, 2621, 65]
[2, 2621, 54]
[2, 2621, 60]
[2, 2621, 70]
[2, 2621, 64]
[2, 2621, 52]
[2, 2621, 62]
[2, 2621, 68]
[2, 2621, 49]
[2, 2621, 57]
[2, 2621, 89]
[2, 2621, 79]
[2, 2621, 61]
[2, 2621, 75]
[2, 2621, 57]
[2, 2621, 46]
[5, 6553, 274]
[5, 6553, 306]
[5, 6553, 324]
[5, 6553, 299]
[5, 6553, 284]
[5, 6553, 295]
[5, 6553, 328]
[5, 6553, 284]
[5, 6553, 306]
[5, 6553, 330]
[5, 6553, 327]
[5, 6553, 311]
[5, 6553, 330]
[5, 6553, 315]
[5, 6553, 260]
[5, 6553, 297]
[5, 6553, 298]
[5, 6553, 280]
[5, 6553, 313]
[5, 6553, 298]
[5, 6553, 293]
[5, 6553, 268]
[5, 6553, 293]
[5, 6553, 275]
[5, 6553, 305]
[5, 6553, 316]
[5, 6553, 238]
[5, 6553, 298]
[5, 6553, 284]
[5, 6553, 272]
[5, 6553, 298]
[5, 6553, 346]
[5, 6553, 304]
[5, 6553, 344]
[5, 6553, 310]
[5, 6553, 302]
[5, 6553, 297]
[5, 6553, 351]
[5, 6553, 290]
[5, 6553, 313]
[5, 6553, 293]
[5, 6553, 335]
[5, 6553, 315]
[5, 6553, 284]
[5, 6553, 311]
[5, 6553, 317]
[5, 6553, 321]
[5, 6553, 313]
[5, 6553, 330]
[5, 6553, 314]
[5, 6553, 339]
[5, 6553, 309]
[5, 6553, 278]
[5, 6553, 267]
[5, 6553, 336]
[5, 6553, 352]
[5, 6553, 284]
[5, 6553, 317]
[5, 6553, 290]
[5, 6553, 280]
[5, 6553, 311]
[5, 6553, 311]
[5, 6553, 290]
[5, 6553, 301]
[5, 6553, 327]
[5, 6553, 293]
[5, 6553, 335]
[5, 6553, 297]
[5, 6553, 323]
[5, 6553, 274]
[5, 6553, 275]
[5, 6553, 291]
[5, 6553, 308]
[5, 6553, 325]
[5, 6553, 335]
[5, 6553, 293]
[5, 6553, 283]
[5, 6553, 303]
[5, 6553, 317]
[5, 6553, 301]
[5, 6553, 315]
[5, 6553, 321]
[5, 6553, 323]
[5, 6553, 268]
[5, 6553, 292]
[5, 6553, 310]
[5, 6553, 281]
[5, 6553, 298]
[5, 6553, 287]
[5, 6553, 288]
[5, 6553, 297]
[5, 6553, 321]
[5, 6553, 295]
[5, 6553, 313]
[5, 6553, 284]
[5, 6553, 308]
[5, 6553, 323]
[5, 6553, 300]
[5, 6553, 286]
[5, 6553, 324]
[10, 13107, 978]
[10, 13107, 1083]
[10, 13107, 1047]
[10, 13107, 1134]
[10, 13107, 1133]
[10, 13107, 1057]
[10, 13107, 1096]
[10, 13107, 1071]
[10, 13107, 1043]
[10, 13107, 1128]
[10, 13107, 1037]
[10, 13107, 1059]
[10, 13107, 1131]
[10, 13107, 1098]
[10, 13107, 1013]
[10, 13107, 1066]
[10, 13107, 1095]
[10, 13107, 1155]
[10, 13107, 1158]
[10, 13107, 1068]
[10, 13107, 1051]
[10, 13107, 1034]
[10, 13107, 1053]
[10, 13107, 1100]
[10, 13107, 1041]
[10, 13107, 1050]
[10, 13107, 1068]
[10, 13107, 1109]
[10, 13107, 1106]
[10, 13107, 1066]
[10, 13107, 1083]
[10, 13107, 1067]
[10, 13107, 992]
[10, 13107, 1097]
[10, 13107, 1000]
[10, 13107, 1086]
[10, 13107, 1004]
[10, 13107, 1141]
[10, 13107, 1020]
[10, 13107, 1139]
[10, 13107, 1086]
[10, 13107, 1078]
[10, 13107, 1060]
[10, 13107, 1140]
[10, 13107, 1040]
[10, 13107, 1099]
[10, 13107, 1094]
[10, 13107, 1074]
[10, 13107, 1110]
[10, 13107, 1094]
[10, 13107, 1142]
[10, 13107, 1113]
[10, 13107, 1086]
[10, 13107, 1070]
[10, 13107, 1073]
[10, 13107, 1104]
[10, 13107, 1091]
[10, 13107, 1117]
[10, 13107, 1113]
[10, 13107, 984]
[10, 13107, 1101]
[10, 13107, 1070]
[10, 13107, 1069]
[10, 13107, 1014]
[10, 13107, 1076]
[10, 13107, 1128]
[10, 13107, 1106]
[10, 13107, 1039]
[10, 13107, 1078]
[10, 13107, 1018]
[10, 13107, 1085]
[10, 13107, 997]
[10, 13107, 1066]
[10, 13107, 994]
[10, 13107, 1121]
[10, 13107, 1049]
[10, 13107, 1025]
[10, 13107, 1093]
[10, 13107, 1108]
[10, 13107, 1099]
[10, 13107, 1023]
[10, 13107, 1110]
[10, 13107, 1046]
[10, 13107, 1083]
[10, 13107, 1033]
[10, 13107, 1030]
[10, 13107, 1060]
[10, 13107, 984]
[10, 13107, 1102]
[10, 13107, 1073]
[10, 13107, 1087]
[10, 13107, 1072]
[10, 13107, 1066]
[10, 13107, 994]
[10, 13107, 1057]
[10, 13107, 1024]
[10, 13107, 1121]
[10, 13107, 1066]
[10, 13107, 1055]
[10, 13107, 1087]
[15, 19660, 2278]
[15, 19660, 2293]
[15, 19660, 2228]
[15, 19660, 2355]
[15, 19660, 2421]
[15, 19660, 2290]
[15, 19660, 2282]
[15, 19660, 2328]
[15, 19660, 2286]
[15, 19660, 2348]
[15, 19660, 2230]
[15, 19660, 2332]
[15, 19660, 2340]
[15, 19660, 2333]
[15, 19660, 2174]
[15, 19660, 2293]
[15, 19660, 2219]
[15, 19660, 2266]
[15, 19660, 2256]
[15, 19660, 2314]
[15, 19660, 2268]
[15, 19660, 2197]
[15, 19660, 2232]
[15, 19660, 2287]
[15, 19660, 2305]
[15, 19660, 2207]
[15, 19660, 2267]
[15, 19660, 2284]
[15, 19660, 2270]
[15, 19660, 2221]
[15, 19660, 2312]
[15, 19660, 2348]
[15, 19660, 2257]
[15, 19660, 2242]
[15, 19660, 2229]
[15, 19660, 2354]
[15, 19660, 2151]
[15, 19660, 2360]
[15, 19660, 2248]
[15, 19660, 2357]
[15, 19660, 2227]
[15, 19660, 2152]
[15, 19660, 2307]
[15, 19660, 2343]
[15, 19660, 2180]
[15, 19660, 2309]
[15, 19660, 2231]
[15, 19660, 2277]
[15, 19660, 2323]
[15, 19660, 2218]
[15, 19660, 2182]
[15, 19660, 2293]
[15, 19660, 2297]
[15, 19660, 2304]
[15, 19660, 2310]
[15, 19660, 2306]
[15, 19660, 2331]
[15, 19660, 2268]
[15, 19660, 2231]
[15, 19660, 2272]
[15, 19660, 2327]
[15, 19660, 2276]
[15, 19660, 2316]
[15, 19660, 2320]
[15, 19660, 2289]
[15, 19660, 2155]
[15, 19660, 2207]
[15, 19660, 2215]
[15, 19660, 2259]
[15, 19660, 2307]
[15, 19660, 2143]
[15, 19660, 2304]
[15, 19660, 2273]
[15, 19660, 2244]
[15, 19660, 2381]
[15, 19660, 2298]
[15, 19660, 2220]
[15, 19660, 2207]
[15, 19660, 2295]
[15, 19660, 2285]
[15, 19660, 2268]
[15, 19660, 2361]
[15, 19660, 2268]
[15, 19660, 2240]
[15, 19660, 2156]
[15, 19660, 2283]
[15, 19660, 2232]
[15, 19660, 2213]
[15, 19660, 2292]
[15, 19660, 2161]
[15, 19660, 2261]
[15, 19660, 2357]
[15, 19660, 2253]
[15, 19660, 2357]
[15, 19660, 2288]
[15, 19660, 2244]
[15, 19660, 2301]
[15, 19660, 2284]
[15, 19660, 2243]
[15, 19660, 2291]
[20, 26214, 3772]
[20, 26214, 3883]
[20, 26214, 3784]
[20, 26214, 3897]
[20, 26214, 3939]
[20, 26214, 3894]
[20, 26214, 3842]
[20, 26214, 3790]
[20, 26214, 3826]
[20, 26214, 3793]
[20, 26214, 3703]
[20, 26214, 3964]
[20, 26214, 4029]
[20, 26214, 3993]
[20, 26214, 3651]
[20, 26214, 3835]
[20, 26214, 3857]
[20, 26214, 3920]
[20, 26214, 3821]
[20, 26214, 3843]
[20, 26214, 3859]
[20, 26214, 3832]
[20, 26214, 3788]
[20, 26214, 3931]
[20, 26214, 3895]
[20, 26214, 3806]
[20, 26214, 3925]
[20, 26214, 3798]
[20, 26214, 3856]
[20, 26214, 3805]
[20, 26214, 3888]
[20, 26214, 4067]
[20, 26214, 3809]
[20, 26214, 3759]
[20, 26214, 3863]
[20, 26214, 3949]
[20, 26214, 3719]
[20, 26214, 3851]
[20, 26214, 3840]
[20, 26214, 3953]
[20, 26214, 3897]
[20, 26214, 3842]
[20, 26214, 3884]
[20, 26214, 3777]
[20, 26214, 3744]
[20, 26214, 3869]
[20, 26214, 3805]
[20, 26214, 3824]
[20, 26214, 4025]
[20, 26214, 3888]
[20, 26214, 3913]
[20, 26214, 3941]
[20, 26214, 3878]
[20, 26214, 3838]
[20, 26214, 3712]
[20, 26214, 3955]
[20, 26214, 3898]
[20, 26214, 3906]
[20, 26214, 3899]
[20, 26214, 3944]
[20, 26214, 4007]
[20, 26214, 3857]
[20, 26214, 3900]
[20, 26214, 3717]
[20, 26214, 3942]
[20, 26214, 3813]
[20, 26214, 3738]
[20, 26214, 3818]
[20, 26214, 3937]
[20, 26214, 3906]
[20, 26214, 3684]
[20, 26214, 3804]
[20, 26214, 3927]
[20, 26214, 3926]
[20, 26214, 3990]
[20, 26214, 3752]
[20, 26214, 3752]
[20, 26214, 3936]
[20, 26214, 3834]
[20, 26214, 3835]
[20, 26214, 3803]
[20, 26214, 4082]
[20, 26214, 4009]
[20, 26214, 3726]
[20, 26214, 3820]
[20, 26214, 3823]
[20, 26214, 3947]
[20, 26214, 3906]
[20, 26214, 3766]
[20, 26214, 3811]
[20, 26214, 3943]
[20, 26214, 3861]
[20, 26214, 3790]
[20, 26214, 3940]
[20, 26214, 3917]
[20, 26214, 3619]
[20, 26214, 3891]
[20, 26214, 3810]
[20, 26214, 3793]
[20, 26214, 4000]
[25, 32768, 5800]
[25, 32768, 5899]
[25, 32768, 5778]
[25, 32768, 5856]
[25, 32768, 5956]
[25, 32768, 5829]
[25, 32768, 5816]
[25, 32768, 5801]
[25, 32768, 5827]
[25, 32768, 5871]
[25, 32768, 5778]
[25, 32768, 5909]
[25, 32768, 5831]
[25, 32768, 5825]
[25, 32768, 5753]
[25, 32768, 5753]
[25, 32768, 5831]
[25, 32768, 5834]
[25, 32768, 5839]
[25, 32768, 5984]
[25, 32768, 5829]
[25, 32768, 5886]
[25, 32768, 5860]
[25, 32768, 5813]
[25, 32768, 5842]
[25, 32768, 5762]
[25, 32768, 5810]
[25, 32768, 5901]
[25, 32768, 5857]
[25, 32768, 5664]
[25, 32768, 5897]
[25, 32768, 6032]
[25, 32768, 5746]
[25, 32768, 5791]
[25, 32768, 5833]
[25, 32768, 6061]
[25, 32768, 5801]
[25, 32768, 5842]
[25, 32768, 5825]
[25, 32768, 5809]
[25, 32768, 5810]
[25, 32768, 5921]
[25, 32768, 5876]
[25, 32768, 5891]
[25, 32768, 5714]
[25, 32768, 5761]
[25, 32768, 5864]
[25, 32768, 5658]
[25, 32768, 6074]
[25, 32768, 5973]
[25, 32768, 5811]
[25, 32768, 5749]
[25, 32768, 5832]
[25, 32768, 5859]
[25, 32768, 5872]
[25, 32768, 5950]
[25, 32768, 5906]
[25, 32768, 5870]
[25, 32768, 5850]
[25, 32768, 5702]
[25, 32768, 5951]
[25, 32768, 5872]
[25, 32768, 5874]
[25, 32768, 5639]
[25, 32768, 5787]
[25, 32768, 5672]
[25, 32768, 5731]
[25, 32768, 5893]
[25, 32768, 5855]
[25, 32768, 5663]
[25, 32768, 5751]
[25, 32768, 5831]
[25, 32768, 5848]
[25, 32768, 5829]
[25, 32768, 5841]
[25, 32768, 5705]
[25, 32768, 5681]
[25, 32768, 5960]
[25, 32768, 5835]
[25, 32768, 5769]
[25, 32768, 5784]
[25, 32768, 6021]
[25, 32768, 6006]
[25, 32768, 5796]
[25, 32768, 5733]
[25, 32768, 5734]
[25, 32768, 5910]
[25, 32768, 5876]
[25, 32768, 5842]
[25, 32768, 5724]
[25, 32768, 5848]
[25, 32768, 5991]
[25, 32768, 5763]
[25, 32768, 5825]
[25, 32768, 5849]
[25, 32768, 5681]
[25, 32768, 5876]
[25, 32768, 5883]
[25, 32768, 5752]
[25, 32768, 5827]
[30, 39321, 8076]
[30, 39321, 8315]
[30, 39321, 8078]
[30, 39321, 8197]
[30, 39321, 8191]
[30, 39321, 8043]
[30, 39321, 7903]
[30, 39321, 8141]
[30, 39321, 8127]
[30, 39321, 8007]
[30, 39321, 8016]
[30, 39321, 8071]
[30, 39321, 8279]
[30, 39321, 8190]
[30, 39321, 8179]
[30, 39321, 7967]
[30, 39321, 8185]
[30, 39321, 8028]
[30, 39321, 8249]
[30, 39321, 8219]
[30, 39321, 8236]
[30, 39321, 7943]
[30, 39321, 7926]
[30, 39321, 8284]
[30, 39321, 8263]
[30, 39321, 8067]
[30, 39321, 8358]
[30, 39321, 8220]
[30, 39321, 8270]
[30, 39321, 8131]
[30, 39321, 8101]
[30, 39321, 8263]
[30, 39321, 8079]
[30, 39321, 8062]
[30, 39321, 8199]
[30, 39321, 8326]
[30, 39321, 7928]
[30, 39321, 8032]
[30, 39321, 8070]
[30, 39321, 8307]
[30, 39321, 8181]
[30, 39321, 8130]
[30, 39321, 8163]
[30, 39321, 8152]
[30, 39321, 7967]
[30, 39321, 8142]
[30, 39321, 8184]
[30, 39321, 8072]
[30, 39321, 8193]
[30, 39321, 8109]
[30, 39321, 8086]
[30, 39321, 8208]
[30, 39321, 8037]
[30, 39321, 8123]
[30, 39321, 8054]
[30, 39321, 8077]
[30, 39321, 8178]
[30, 39321, 8099]
[30, 39321, 8080]
[30, 39321, 8031]
[30, 39321, 8108]
[30, 39321, 8234]
[30, 39321, 8156]
[30, 39321, 8041]
[30, 39321, 8155]
[30, 39321, 8026]
[30, 39321, 8064]
[30, 39321, 8028]
[30, 39321, 8065]
[30, 39321, 7830]
[30, 39321, 8073]
[30, 39321, 7999]
[30, 39321, 8209]
[30, 39321, 8167]
[30, 39321, 8115]
[30, 39321, 7970]
[30, 39321, 8110]
[30, 39321, 8221]
[30, 39321, 8089]
[30, 39321, 8111]
[30, 39321, 7979]
[30, 39321, 8362]
[30, 39321, 8276]
[30, 39321, 7983]
[30, 39321, 8017]
[30, 39321, 8177]
[30, 39321, 8167]
[30, 39321, 8109]
[30, 39321, 8041]
[30, 39321, 7998]
[30, 39321, 8159]
[30, 39321, 8096]
[30, 39321, 8132]
[30, 39321, 8244]
[30, 39321, 8123]
[30, 39321, 7764]
[30, 39321, 8171]
[30, 39321, 8194]
[30, 39321, 8087]
[30, 39321, 8326]
[35, 45875, 10631]
[35, 45875, 10765]
[35, 45875, 10722]
[35, 45875, 10778]
[35, 45875, 10805]
[35, 45875, 10760]
[35, 45875, 10694]
[35, 45875, 10732]
[35, 45875, 10637]
[35, 45875, 10545]
[35, 45875, 10574]
[35, 45875, 10792]
[35, 45875, 10719]
[35, 45875, 10780]
[35, 45875, 10528]
[35, 45875, 10692]
[35, 45875, 10649]
[35, 45875, 10711]
[35, 45875, 10725]
[35, 45875, 10588]
[35, 45875, 10615]
[35, 45875, 10661]
[35, 45875, 10342]
[35, 45875, 10714]
[35, 45875, 10832]
[35, 45875, 10682]
[35, 45875, 10765]
[35, 45875, 10858]
[35, 45875, 10749]
[35, 45875, 10757]
[35, 45875, 10800]
[35, 45875, 10887]
[35, 45875, 10553]
[35, 45875, 10565]
[35, 45875, 10741]
[35, 45875, 10813]
[35, 45875, 10480]
[35, 45875, 10647]
[35, 45875, 10709]
[35, 45875, 10748]
[35, 45875, 10613]
[35, 45875, 10715]
[35, 45875, 10700]
[35, 45875, 10621]
[35, 45875, 10641]
[35, 45875, 10665]
[35, 45875, 10641]
[35, 45875, 10563]
[35, 45875, 10846]
[35, 45875, 10795]
[35, 45875, 10694]
[35, 45875, 10829]
[35, 45875, 10743]
[35, 45875, 10693]
[35, 45875, 10668]
[35, 45875, 10602]
[35, 45875, 10643]
[35, 45875, 10755]
[35, 45875, 10570]
[35, 45875, 10582]
[35, 45875, 10635]
[35, 45875, 10892]
[35, 45875, 10855]
[35, 45875, 10545]
[35, 45875, 10735]
[35, 45875, 10664]
[35, 45875, 10609]
[35, 45875, 10650]
[35, 45875, 10692]
[35, 45875, 10472]
[35, 45875, 10723]
[35, 45875, 10553]
[35, 45875, 10775]
[35, 45875, 10824]
[35, 45875, 10769]
[35, 45875, 10704]
[35, 45875, 10655]
[35, 45875, 10906]
[35, 45875, 10657]
[35, 45875, 10637]
[35, 45875, 10667]
[35, 45875, 10904]
[35, 45875, 10814]
[35, 45875, 10688]
[35, 45875, 10450]
[35, 45875, 10606]
[35, 45875, 10853]
[35, 45875, 10570]
[35, 45875, 10783]
[35, 45875, 10412]
[35, 45875, 10866]
[35, 45875, 10690]
[35, 45875, 10598]
[35, 45875, 10725]
[35, 45875, 10618]
[35, 45875, 10489]
[35, 45875, 10748]
[35, 45875, 10800]
[35, 45875, 10615]
[35, 45875, 10745]
[40, 52428, 13484]
[40, 52428, 13573]
[40, 52428, 13477]
[40, 52428, 13658]
[40, 52428, 13685]
[40, 52428, 13597]
[40, 52428, 13458]
[40, 52428, 13510]
[40, 52428, 13305]
[40, 52428, 13498]
[40, 52428, 13611]
[40, 52428, 13572]
[40, 52428, 13612]
[40, 52428, 13650]
[40, 52428, 13385]
[40, 52428, 13389]
[40, 52428, 13424]
[40, 52428, 13487]
[40, 52428, 13515]
[40, 52428, 13468]
[40, 52428, 13644]
[40, 52428, 13545]
[40, 52428, 13190]
[40, 52428, 13584]
[40, 52428, 13711]
[40, 52428, 13500]
[40, 52428, 13502]
[40, 52428, 13547]
[40, 52428, 13520]
[40, 52428, 13456]
[40, 52428, 13529]
[40, 52428, 13744]
[40, 52428, 13428]
[40, 52428, 13366]
[40, 52428, 13606]
[40, 52428, 13793]
[40, 52428, 13246]
[40, 52428, 13518]
[40, 52428, 13584]
[40, 52428, 13422]
[40, 52428, 13429]
[40, 52428, 13450]
[40, 52428, 13654]
[40, 52428, 13520]
[40, 52428, 13337]
[40, 52428, 13500]
[40, 52428, 13668]
[40, 52428, 13678]
[40, 52428, 13625]
[40, 52428, 13817]
[40, 52428, 13625]
[40, 52428, 13592]
[40, 52428, 13349]
[40, 52428, 13539]
[40, 52428, 13383]
[40, 52428, 13490]
[40, 52428, 13605]
[40, 52428, 13608]
[40, 52428, 13458]
[40, 52428, 13498]
[40, 52428, 13556]
[40, 52428, 13703]
[40, 52428, 13532]
[40, 52428, 13123]
[40, 52428, 13507]
[40, 52428, 13510]
[40, 52428, 13413]
[40, 52428, 13481]
[40, 52428, 13441]
[40, 52428, 13342]
[40, 52428, 13473]
[40, 52428, 13384]
[40, 52428, 13670]
[40, 52428, 13516]
[40, 52428, 13613]
[40, 52428, 13292]
[40, 52428, 13425]
[40, 52428, 13614]
[40, 52428, 13402]
[40, 52428, 13510]
[40, 52428, 13422]
[40, 52428, 13705]
[40, 52428, 13624]
[40, 52428, 13525]
[40, 52428, 13416]
[40, 52428, 13317]
[40, 52428, 13617]
[40, 52428, 13431]
[40, 52428, 13585]
[40, 52428, 13455]
[40, 52428, 13636]
[40, 52428, 13499]
[40, 52428, 13462]
[40, 52428, 13706]
[40, 52428, 13553]
[40, 52428, 13161]
[40, 52428, 13483]
[40, 52428, 13537]
[40, 52428, 13501]
[40, 52428, 13561]
