[1, 1310, 0]
[1, 1310, 0]
[1, 1310, 0]
[1, 1310, 0]
[1, 1310, 0]
[1, 1310, 0]
[1, 1310, 0]
[1, 1310, 0]
[1, 1310, 0]
[1, 1310, 0]
[1, 1310, 0]
[1, 1310, 1]
[1, 1310, 0]
[1, 1310, 0]
[1, 1310, 2]
[1, 1310, 1]
[1, 1310, 1]
[1, 1310, 0]
[1, 1310, 2]
[1, 1310, 2]
[1, 1310, 0]
[1, 1310, 0]
[1, 1310, 0]
[1, 1310, 2]
[1, 1310, 0]
[1, 1310, 0]
[1, 1310, 1]
[1, 1310, 2]
[1, 1310, 0]
[1, 1310, 0]
[1, 1310, 0]
[1, 1310, 0]
[1, 1310, 1]
[1, 1310, 0]
[1, 1310, 0]
[1, 1310, 1]
[1, 1310, 1]
[1, 1310, 2]
[1, 1310, 1]
[1, 1310, 1]
[1, 1310, 0]
[1, 1310, 2]
[1, 1310, 1]
[1, 1310, 0]
[1, 1310, 0]
[1, 1310, 1]
[1, 1310, 0]
[1, 1310, 0]
[1, 1310, 0]
[1, 1310, 0]
[1, 1310, 1]
[1, 1310, 4]
[1, 1310, 0]
[1, 1310, 1]
[1, 1310, 0]
[1, 1310, 0]
[1, 1310, 0]
[1, 1310, 1]
[1, 1310, 0]
[1, 1310, 1]
[1, 1310, 2]
[1, 1310, 2]
[1, 1310, 2]
[1, 1310, 1]
[1, 1310, 0]
[1, 1310, 2]
[1, 1310, 1]
[1, 1310, 0]
[1, 1310, 0]
[1, 1310, 1]
[1, 1310, 0]
[1, 1310, 0]
[1, 1310, 3]
[1, 1310, 0]
[1, 1310, 0]
[1, 1310, 0]
[1, 1310, 1]
[1, 1310, 0]
[1, 1310, 0]
[1, 1310, 1]
[1, 1310, 0]
[1, 1310, 1]
[1, 1310, 2]
[1, 1310, 1]
[1, 1310, 0]
[1, 1310, 1]
[1, 1310, 0]
[1, 1310, 0]
[1, 1310, 3]
[1, 1310, 0]
[1, 1310, 2]
[1, 1310, 0]
[1, 1310, 0]
[1, 1310, 0]
[1, 1310, 2]
[1, 1310, 1]
[1, 1310, 0]
[1, 1310, 0]
[1, 1310, 1]
[1, 1310, 0]
[2, 2621, 2]
[2, 2621, 1]
[2, 2621, 4]
[2, 2621, 0]
[2, 2621, 1]
[2, 2621, 4]
[2, 2621, 2]
[2, 2621, 0]
[2, 2621, 5]
[2, 2621, 2]
[2, 2621, 2]
[2, 2621, 1]
[2, 2621, 3]
[2, 2621, 1]
[2, 2621, 3]
[2, 2621, 4]
[2, 2621, 0]
[2, 2621, 3]
[2, 2621, 4]
[2, 2621, 6]
[2, 2621, 3]
[2, 2621, 1]
[2, 2621, 1]
[2, 2621, 2]
[2, 2621, 0]
[2, 2621, 1]
[2, 2621, 7]
[2, 2621, 5]
[2, 2621, 2]
[2, 2621, 0]
[2, 2621, 3]
[2, 2621, 3]
[2, 2621, 1]
[2, 2621, 4]
[2, 2621, 0]
[2, 2621, 2]
[2, 2621, 0]
[2, 2621, 2]
[2, 2621, 3]
[2, 2621, 2]
[2, 2621, 3]
[2, 2621, 1]
[2, 2621, 1]
[2, 2621, 3]
[2, 2621, 3]
[2, 2621, 3]
[2, 2621, 2]
[2, 2621, 3]
[2, 2621, 3]
[2, 2621, 1]
[2, 2621, 2]
[2, 2621, 2]
[2, 2621, 3]
[2, 2621, 3]
[2, 2621, 0]
[2, 2621, 4]
[2, 2621, 4]
[2, 2621, 3]
[2, 2621, 3]
[2, 2621, 2]
[2, 2621, 3]
[2, 2621, 3]
[2, 2621, 2]
[2, 2621, 2]
[2, 2621, 0]
[2, 2621, 6]
[2, 2621, 1]
[2, 2621, 2]
[2, 2621, 2]
[2, 2621, 0]
[2, 2621, 2]
[2, 2621, 4]
[2, 2621, 1]
[2, 2621, 2]
[2, 2621, 0]
[2, 2621, 3]
[2, 2621, 0]
[2, 2621, 5]
[2, 2621, 4]
[2, 2621, 4]
[2, 2621, 1]
[2, 2621, 2]
[2, 2621, 2]
[2, 2621, 0]
[2, 2621, 1]
[2, 2621, 1]
[2, 2621, 2]
[2, 2621, 1]
[2, 2621, 0]
[2, 2621, 1]
[2, 2621, 1]
[2, 2621, 2]
[2, 2621, 1]
[2, 2621, 5]
[2, 2621, 3]
[2, 2621, 2]
[2, 2621, 2]
[2, 2621, 3]
[2, 2621, 4]
[2, 2621, 2]
[5, 6553, 18]
[5, 6553, 17]
[5, 6553, 15]
[5, 6553, 18]
[5, 6553, 10]
[5, 6553, 11]
[5, 6553, 12]
[5, 6553, 24]
[5, 6553, 16]
[5, 6553, 15]
[5, 6553, 23]
[5, 6553, 14]
[5, 6553, 21]
[5, 6553, 17]
[5, 6553, 19]
[5, 6553, 17]
[5, 6553, 11]
[5, 6553, 10]
[5, 6553, 16]
[5, 6553, 14]
[5, 6553, 16]
[5, 6553, 12]
[5, 6553, 11]
[5, 6553, 12]
[5, 6553, 24]
[5, 6553, 6]
[5, 6553, 13]
[5, 6553, 8]
[5, 6553, 7]
[5, 6553, 15]
[5, 6553, 18]
[5, 6553, 11]
[5, 6553, 23]
[5, 6553, 9]
[5, 6553, 13]
[5, 6553, 15]
[5, 6553, 10]
[5, 6553, 9]
[5, 6553, 19]
[5, 6553, 15]
[5, 6553, 9]
[5, 6553, 13]
[5, 6553, 14]
[5, 6553, 12]
[5, 6553, 18]
[5, 6553, 18]
[5, 6553, 10]
[5, 6553, 17]
[5, 6553, 12]
[5, 6553, 17]
[5, 6553, 13]
[5, 6553, 18]
[5, 6553, 10]
[5, 6553, 14]
[5, 6553, 16]
[5, 6553, 17]
[5, 6553, 8]
[5, 6553, 17]
[5, 6553, 4]
[5, 6553, 9]
[5, 6553, 8]
[5, 6553, 10]
[5, 6553, 18]
[5, 6553, 15]
[5, 6553, 16]
[5, 6553, 22]
[5, 6553, 11]
[5, 6553, 5]
[5, 6553, 12]
[5, 6553, 17]
[5, 6553, 13]
[5, 6553, 11]
[5, 6553, 18]
[5, 6553, 20]
[5, 6553, 14]
[5, 6553, 9]
[5, 6553, 6]
[5, 6553, 10]
[5, 6553, 17]
[5, 6553, 14]
[5, 6553, 8]
[5, 6553, 21]
[5, 6553, 16]
[5, 6553, 13]
[5, 6553, 10]
[5, 6553, 21]
[5, 6553, 12]
[5, 6553, 12]
[5, 6553, 18]
[5, 6553, 17]
[5, 6553, 15]
[5, 6553, 12]
[5, 6553, 10]
[5, 6553, 10]
[5, 6553, 11]
[5, 6553, 11]
[5, 6553, 15]
[5, 6553, 11]
[5, 6553, 13]
[5, 6553, 13]
[10, 13107, 90]
[10, 13107, 74]
[10, 13107, 77]
[10, 13107, 95]
[10, 13107, 85]
[10, 13107, 89]
[10, 13107, 85]
[10, 13107, 93]
[10, 13107, 78]
[10, 13107, 81]
[10, 13107, 107]
[10, 13107, 87]
[10, 13107, 74]
[10, 13107, 90]
[10, 13107, 102]
[10, 13107, 88]
[10, 13107, 79]
[10, 13107, 94]
[10, 13107, 96]
[10, 13107, 70]
[10, 13107, 80]
[10, 13107, 67]
[10, 13107, 60]
[10, 13107, 80]
[10, 13107, 99]
[10, 13107, 66]
[10, 13107, 70]
[10, 13107, 82]
[10, 13107, 84]
[10, 13107, 84]
[10, 13107, 86]
[10, 13107, 70]
[10, 13107, 73]
[10, 13107, 67]
[10, 13107, 77]
[10, 13107, 87]
[10, 13107, 54]
[10, 13107, 79]
[10, 13107, 79]
[10, 13107, 76]
[10, 13107, 96]
[10, 13107, 68]
[10, 13107, 57]
[10, 13107, 84]
[10, 13107, 88]
[10, 13107, 96]
[10, 13107, 97]
[10, 13107, 75]
[10, 13107, 81]
[10, 13107, 76]
[10, 13107, 87]
[10, 13107, 105]
[10, 13107, 90]
[10, 13107, 86]
[10, 13107, 70]
[10, 13107, 76]
[10, 13107, 86]
[10, 13107, 86]
[10, 13107, 84]
[10, 13107, 94]
[10, 13107, 86]
[10, 13107, 69]
[10, 13107, 102]
[10, 13107, 104]
[10, 13107, 81]
[10, 13107, 82]
[10, 13107, 86]
[10, 13107, 87]
[10, 13107, 94]
[10, 13107, 73]
[10, 13107, 85]
[10, 13107, 76]
[10, 13107, 75]
[10, 13107, 104]
[10, 13107, 80]
[10, 13107, 78]
[10, 13107, 87]
[10, 13107, 98]
[10, 13107, 90]
[10, 13107, 98]
[10, 13107, 96]
[10, 13107, 87]
[10, 13107, 73]
[10, 13107, 80]
[10, 13107, 90]
[10, 13107, 105]
[10, 13107, 61]
[10, 13107, 66]
[10, 13107, 81]
[10, 13107, 70]
[10, 13107, 70]
[10, 13107, 63]
[10, 13107, 93]
[10, 13107, 102]
[10, 13107, 97]
[10, 13107, 67]
[10, 13107, 84]
[10, 13107, 91]
[10, 13107, 98]
[10, 13107, 92]
[15, 19660, 262]
[15, 19660, 252]
[15, 19660, 237]
[15, 19660, 226]
[15, 19660, 242]
[15, 19660, 229]
[15, 19660, 215]
[15, 19660, 224]
[15, 19660, 236]
[15, 19660, 251]
[15, 19660, 277]
[15, 19660, 252]
[15, 19660, 255]
[15, 19660, 241]
[15, 19660, 232]
[15, 19660, 250]
[15, 19660, 215]
[15, 19660, 231]
[15, 19660, 245]
[15, 19660, 215]
[15, 19660, 249]
[15, 19660, 245]
[15, 19660, 243]
[15, 19660, 224]
[15, 19660, 225]
[15, 19660, 253]
[15, 19660, 232]
[15, 19660, 220]
[15, 19660, 247]
[15, 19660, 227]
[15, 19660, 252]
[15, 19660, 224]
[15, 19660, 242]
[15, 19660, 233]
[15, 19660, 221]
[15, 19660, 236]
[15, 19660, 226]
[15, 19660, 231]
[15, 19660, 228]
[15, 19660, 258]
[15, 19660, 213]
[15, 19660, 267]
[15, 19660, 211]
[15, 19660, 243]
[15, 19660, 219]
[15, 19660, 259]
[15, 19660, 223]
[15, 19660, 196]
[15, 19660, 222]
[15, 19660, 234]
[15, 19660, 239]
[15, 19660, 234]
[15, 19660, 259]
[15, 19660, 200]
[15, 19660, 241]
[15, 19660, 225]
[15, 19660, 239]
[15, 19660, 243]
[15, 19660, 234]
[15, 19660, 259]
[15, 19660, 219]
[15, 19660, 285]
[15, 19660, 243]
[15, 19660, 217]
[15, 19660, 201]
[15, 19660, 232]
[15, 19660, 200]
[15, 19660, 241]
[15, 19660, 219]
[15, 19660, 204]
[15, 19660, 237]
[15, 19660, 226]
[15, 19660, 225]
[15, 19660, 249]
[15, 19660, 222]
[15, 19660, 255]
[15, 19660, 234]
[15, 19660, 264]
[15, 19660, 203]
[15, 19660, 241]
[15, 19660, 238]
[15, 19660, 246]
[15, 19660, 296]
[15, 19660, 222]
[15, 19660, 246]
[15, 19660, 236]
[15, 19660, 266]
[15, 19660, 220]
[15, 19660, 233]
[15, 19660, 230]
[15, 19660, 238]
[15, 19660, 213]
[15, 19660, 237]
[15, 19660, 239]
[15, 19660, 215]
[15, 19660, 285]
[15, 19660, 237]
[15, 19660, 225]
[15, 19660, 249]
[15, 19660, 237]
[20, 26214, 527]
[20, 26214, 503]
[20, 26214, 517]
[20, 26214, 516]
[20, 26214, 501]
[20, 26214, 512]
[20, 26214, 485]
[20, 26214, 478]
[20, 26214, 485]
[20, 26214, 531]
[20, 26214, 508]
[20, 26214, 526]
[20, 26214, 480]
[20, 26214, 446]
[20, 26214, 559]
[20, 26214, 498]
[20, 26214, 539]
[20, 26214, 507]
[20, 26214, 538]
[20, 26214, 512]
[20, 26214, 501]
[20, 26214, 524]
[20, 26214, 477]
[20, 26214, 517]
[20, 26214, 564]
[20, 26214, 491]
[20, 26214, 490]
[20, 26214, 445]
[20, 26214, 527]
[20, 26214, 482]
[20, 26214, 471]
[20, 26214, 480]
[20, 26214, 529]
[20, 26214, 519]
[20, 26214, 489]
[20, 26214, 526]
[20, 26214, 476]
[20, 26214, 496]
[20, 26214, 516]
[20, 26214, 539]
[20, 26214, 473]
[20, 26214, 489]
[20, 26214, 482]
[20, 26214, 473]
[20, 26214, 472]
[20, 26214, 584]
[20, 26214, 531]
[20, 26214, 531]
[20, 26214, 499]
[20, 26214, 528]
[20, 26214, 497]
[20, 26214, 542]
[20, 26214, 476]
[20, 26214, 499]
[20, 26214, 503]
[20, 26214, 533]
[20, 26214, 500]
[20, 26214, 534]
[20, 26214, 505]
[20, 26214, 458]
[20, 26214, 448]
[20, 26214, 483]
[20, 26214, 487]
[20, 26214, 499]
[20, 26214, 561]
[20, 26214, 467]
[20, 26214, 509]
[20, 26214, 492]
[20, 26214, 492]
[20, 26214, 434]
[20, 26214, 562]
[20, 26214, 474]
[20, 26214, 503]
[20, 26214, 473]
[20, 26214, 489]
[20, 26214, 457]
[20, 26214, 500]
[20, 26214, 513]
[20, 26214, 519]
[20, 26214, 464]
[20, 26214, 513]
[20, 26214, 472]
[20, 26214, 478]
[20, 26214, 491]
[20, 26214, 494]
[20, 26214, 518]
[20, 26214, 460]
[20, 26214, 497]
[20, 26214, 501]
[20, 26214, 502]
[20, 26214, 524]
[20, 26214, 473]
[20, 26214, 533]
[20, 26214, 491]
[20, 26214, 517]
[20, 26214, 485]
[20, 26214, 518]
[20, 26214, 545]
[20, 26214, 469]
[20, 26214, 508]
[25, 32768, 908]
[25, 32768, 900]
[25, 32768, 892]
[25, 32768, 930]
[25, 32768, 881]
[25, 32768, 894]
[25, 32768, 850]
[25, 32768, 841]
[25, 32768, 838]
[25, 32768, 877]
[25, 32768, 945]
[25, 32768, 869]
[25, 32768, 821]
[25, 32768, 940]
[25, 32768, 923]
[25, 32768, 928]
[25, 32768, 887]
[25, 32768, 924]
[25, 32768, 949]
[25, 32768, 853]
[25, 32768, 909]
[25, 32768, 950]
[25, 32768, 846]
[25, 32768, 890]
[25, 32768, 893]
[25, 32768, 963]
[25, 32768, 942]
[25, 32768, 876]
[25, 32768, 910]
[25, 32768, 871]
[25, 32768, 949]
[25, 32768, 838]
[25, 32768, 902]
[25, 32768, 913]
[25, 32768, 888]
[25, 32768, 975]
[25, 32768, 925]
[25, 32768, 900]
[25, 32768, 925]
[25, 32768, 877]
[25, 32768, 885]
[25, 32768, 934]
[25, 32768, 855]
[25, 32768, 867]
[25, 32768, 957]
[25, 32768, 1002]
[25, 32768, 890]
[25, 32768, 867]
[25, 32768, 908]
[25, 32768, 830]
[25, 32768, 841]
[25, 32768, 911]
[25, 32768, 890]
[25, 32768, 823]
[25, 32768, 879]
[25, 32768, 929]
[25, 32768, 913]
[25, 32768, 899]
[25, 32768, 906]
[25, 32768, 932]
[25, 32768, 901]
[25, 32768, 982]
[25, 32768, 873]
[25, 32768, 926]
[25, 32768, 908]
[25, 32768, 871]
[25, 32768, 852]
[25, 32768, 907]
[25, 32768, 918]
[25, 32768, 842]
[25, 32768, 895]
[25, 32768, 873]
[25, 32768, 820]
[25, 32768, 884]
[25, 32768, 908]
[25, 32768, 828]
[25, 32768, 994]
[25, 32768, 963]
[25, 32768, 900]
[25, 32768, 918]
[25, 32768, 935]
[25, 32768, 927]
[25, 32768, 917]
[25, 32768, 936]
[25, 32768, 921]
[25, 32768, 908]
[25, 32768, 862]
[25, 32768, 882]
[25, 32768, 913]
[25, 32768, 827]
[25, 32768, 876]
[25, 32768, 932]
[25, 32768, 953]
[25, 32768, 875]
[25, 32768, 913]
[25, 32768, 962]
[25, 32768, 866]
[25, 32768, 906]
[25, 32768, 870]
[25, 32768, 942]
[30, 39321, 1451]
[30, 39321, 1523]
[30, 39321, 1464]
[30, 39321, 1468]
[30, 39321, 1402]
[30, 39321, 1375]
[30, 39321, 1439]
[30, 39321, 1439]
[30, 39321, 1493]
[30, 39321, 1406]
[30, 39321, 1476]
[30, 39321, 1454]
[30, 39321, 1421]
[30, 39321, 1445]
[30, 39321, 1455]
[30, 39321, 1411]
[30, 39321, 1458]
[30, 39321, 1560]
[30, 39321, 1488]
[30, 39321, 1421]
[30, 39321, 1489]
[30, 39321, 1493]
[30, 39321, 1380]
[30, 39321, 1486]
[30, 39321, 1547]
[30, 39321, 1514]
[30, 39321, 1489]
[30, 39321, 1480]
[30, 39321, 1453]
[30, 39321, 1519]
[30, 39321, 1412]
[30, 39321, 1447]
[30, 39321, 1479]
[30, 39321, 1471]
[30, 39321, 1394]
[30, 39321, 1502]
[30, 39321, 1479]
[30, 39321, 1466]
[30, 39321, 1512]
[30, 39321, 1447]
[30, 39321, 1438]
[30, 39321, 1530]
[30, 39321, 1438]
[30, 39321, 1476]
[30, 39321, 1486]
[30, 39321, 1511]
[30, 39321, 1451]
[30, 39321, 1344]
[30, 39321, 1490]
[30, 39321, 1415]
[30, 39321, 1448]
[30, 39321, 1429]
[30, 39321, 1430]
[30, 39321, 1427]
[30, 39321, 1407]
[30, 39321, 1475]
[30, 39321, 1440]
[30, 39321, 1453]
[30, 39321, 1483]
[30, 39321, 1375]
[30, 39321, 1445]
[30, 39321, 1560]
[30, 39321, 1424]
[30, 39321, 1474]
[30, 39321, 1441]
[30, 39321, 1415]
[30, 39321, 1512]
[30, 39321, 1392]
[30, 39321, 1387]
[30, 39321, 1396]
[30, 39321, 1519]
[30, 39321, 1401]
[30, 39321, 1436]
[30, 39321, 1511]
[30, 39321, 1353]
[30, 39321, 1533]
[30, 39321, 1496]
[30, 39321, 1510]
[30, 39321, 1518]
[30, 39321, 1406]
[30, 39321, 1452]
[30, 39321, 1509]
[30, 39321, 1441]
[30, 39321, 1502]
[30, 39321, 1436]
[30, 39321, 1444]
[30, 39321, 1503]
[30, 39321, 1445]
[30, 39321, 1397]
[30, 39321, 1496]
[30, 39321, 1469]
[30, 39321, 1472]
[30, 39321, 1413]
[30, 39321, 1475]
[30, 39321, 1437]
[30, 39321, 1461]
[30, 39321, 1379]
[30, 39321, 1386]
[30, 39321, 1468]
[30, 39321, 1413]
[35, 45875, 2174]
[35, 45875, 2119]
[35, 45875, 2188]
[35, 45875, 2241]
[35, 45875, 2220]
[35, 45875, 2161]
[35, 45875, 2135]
[35, 45875, 2131]
[35, 45875, 2255]
[35, 45875, 2123]
[35, 45875, 2249]
[35, 45875, 2213]
[35, 45875, 2106]
[35, 45875, 2092]
[35, 45875, 2129]
[35, 45875, 2155]
[35, 45875, 2168]
[35, 45875, 2177]
[35, 45875, 2240]
[35, 45875, 2210]
[35, 45875, 2222]
[35, 45875, 2137]
[35, 45875, 2141]
[35, 45875, 2172]
[35, 45875, 2164]
[35, 45875, 2206]
[35, 45875, 2200]
[35, 45875, 2123]
[35, 45875, 2094]
[35, 45875, 2174]
[35, 45875, 2188]
[35, 45875, 2087]
[35, 45875, 2191]
[35, 45875, 2136]
[35, 45875, 2138]
[35, 45875, 2231]
[35, 45875, 2149]
[35, 45875, 2226]
[35, 45875, 2180]
[35, 45875, 2177]
[35, 45875, 2189]
[35, 45875, 2183]
[35, 45875, 2189]
[35, 45875, 2305]
[35, 45875, 2193]
[35, 45875, 2248]
[35, 45875, 2215]
[35, 45875, 2139]
[35, 45875, 2180]
[35, 45875, 2140]
[35, 45875, 2132]
[35, 45875, 2206]
[35, 45875, 2147]
[35, 45875, 2137]
[35, 45875, 2127]
[35, 45875, 2193]
[35, 45875, 2222]
[35, 45875, 2198]
[35, 45875, 2248]
[35, 45875, 2074]
[35, 45875, 2179]
[35, 45875, 2221]
[35, 45875, 2132]
[35, 45875, 2126]
[35, 45875, 2123]
[35, 45875, 2238]
[35, 45875, 2078]
[35, 45875, 2234]
[35, 45875, 2116]
[35, 45875, 2088]
[35, 45875, 2226]
[35, 45875, 2135]
[35, 45875, 2095]
[35, 45875, 2164]
[35, 45875, 2107]
[35, 45875, 2246]
[35, 45875, 2196]
[35, 45875, 2269]
[35, 45875, 2157]
[35, 45875, 2256]
[35, 45875, 2187]
[35, 45875, 2177]
[35, 45875, 2236]
[35, 45875, 2186]
[35, 45875, 2172]
[35, 45875, 2176]
[35, 45875, 2281]
[35, 45875, 2154]
[35, 45875, 2190]
[35, 45875, 2233]
[35, 45875, 2142]
[35, 45875, 2208]
[35, 45875, 2174]
[35, 45875, 2146]
[35, 45875, 2138]
[35, 45875, 2277]
[35, 45875, 2167]
[35, 45875, 2155]
[35, 45875, 2221]
[35, 45875, 2294]
[40, 52428, 3011]
[40, 52428, 3177]
[40, 52428, 3085]
[40, 52428, 3274]
[40, 52428, 3111]
[40, 52428, 3159]
[40, 52428, 2992]
[40, 52428, 3014]
[40, 52428, 3146]
[40, 52428, 3201]
[40, 52428, 3221]
[40, 52428, 3173]
[40, 52428, 3028]
[40, 52428, 3022]
[40, 52428, 3154]
[40, 52428, 3047]
[40, 52428, 3170]
[40, 52428, 3247]
[40, 52428, 3087]
[40, 52428, 3059]
[40, 52428, 3159]
[40, 52428, 3193]
[40, 52428, 3033]
[40, 52428, 3112]
[40, 52428, 3154]
[40, 52428, 3267]
[40, 52428, 3024]
[40, 52428, 3177]
[40, 52428, 3076]
[40, 52428, 3105]
[40, 52428, 3130]
[40, 52428, 2998]
[40, 52428, 3047]
[40, 52428, 2963]
[40, 52428, 3005]
[40, 52428, 3125]
[40, 52428, 3043]
[40, 52428, 3091]
[40, 52428, 3082]
[40, 52428, 3243]
[40, 52428, 3156]
[40, 52428, 3124]
[40, 52428, 3188]
[40, 52428, 3079]
[40, 52428, 3022]
[40, 52428, 3151]
[40, 52428, 3023]
[40, 52428, 3128]
[40, 52428, 3034]
[40, 52428, 3100]
[40, 52428, 3036]
[40, 52428, 3124]
[40, 52428, 3046]
[40, 52428, 3096]
[40, 52428, 3002]
[40, 52428, 3123]
[40, 52428, 3117]
[40, 52428, 2918]
[40, 52428, 3154]
[40, 52428, 3047]
[40, 52428, 2929]
[40, 52428, 3156]
[40, 52428, 3067]
[40, 52428, 3011]
[40, 52428, 3005]
[40, 52428, 3102]
[40, 52428, 2998]
[40, 52428, 3024]
[40, 52428, 3055]
[40, 52428, 3055]
[40, 52428, 3165]
[40, 52428, 3060]
[40, 52428, 2986]
[40, 52428, 3128]
[40, 52428, 3006]
[40, 52428, 3223]
[40, 52428, 3182]
[40, 52428, 3157]
[40, 52428, 3139]
[40, 52428, 3038]
[40, 52428, 2996]
[40, 52428, 3028]
[40, 52428, 3155]
[40, 52428, 3034]
[40, 52428, 3015]
[40, 52428, 3084]
[40, 52428, 3057]
[40, 52428, 3124]
[40, 52428, 3177]
[40, 52428, 2966]
[40, 52428, 3143]
[40, 52428, 3090]
[40, 52428, 3017]
[40, 52428, 3195]
[40, 52428, 3060]
[40, 52428, 3143]
[40, 52428, 3072]
[40, 52428, 3107]
[40, 52428, 3132]
[40, 52428, 3087]
