[1, 1310, 0, 0]
[1, 1310, 0, 0]
[1, 1310, 0, 0]
[1, 1310, 0, 0]
[1, 1310, 0, 0]
[1, 1310, 0, 0]
[1, 1310, 0, 0]
[1, 1310, 0, 0]
[1, 1310, 0, 0]
[1, 1310, 0, 0]
[1, 1310, 0, 0]
[1, 1310, 0, 0]
[1, 1310, 0, 0]
[1, 1310, 0, 0]
[1, 1310, 0, 0]
[1, 1310, 0, 0]
[1, 1310, 0, 0]
[1, 1310, 0, 0]
[1, 1310, 0, 0]
[1, 1310, 0, 0]
[1, 1310, 0, 0]
[1, 1310, 0, 0]
[1, 1310, 0, 0]
[1, 1310, 0, 0]
[1, 1310, 0, 0]
[1, 1310, 0, 0]
[1, 1310, 0, 0]
[1, 1310, 0, 0]
[1, 1310, 0, 0]
[1, 1310, 0, 0]
[1, 1310, 0, 0]
[1, 1310, 0, 0]
[1, 1310, 0, 0]
[1, 1310, 0, 0]
[1, 1310, 0, 0]
[1, 1310, 0, 0]
[1, 1310, 0, 0]
[1, 1310, 0, 0]
[1, 1310, 0, 0]
[1, 1310, 0, 0]
[1, 1310, 0, 0]
[1, 1310, 0, 0]
[1, 1310, 0, 0]
[1, 1310, 0, 0]
[1, 1310, 0, 0]
[1, 1310, 0, 0]
[1, 1310, 0, 0]
[1, 1310, 0, 0]
[1, 1310, 0, 0]
[1, 1310, 0, 0]
[1, 1310, 0, 0]
[1, 1310, 0, 0]
[1, 1310, 0, 0]
[1, 1310, 0, 0]
[1, 1310, 0, 0]
[1, 1310, 0, 0]
[1, 1310, 0, 0]
[1, 1310, 0, 0]
[1, 1310, 0, 0]
[1, 1310, 0, 0]
[1, 1310, 0, 0]
[1, 1310, 0, 0]
[1, 1310, 0, 0]
[1, 1310, 0, 0]
[1, 1310, 0, 0]
[1, 1310, 0, 0]
[1, 1310, 0, 0]
[1, 1310, 0, 0]
[1, 1310, 0, 0]
[1, 1310, 0, 0]
[1, 1310, 0, 0]
[1, 1310, 0, 0]
[1, 1310, 0, 0]
[1, 1310, 0, 0]
[1, 1310, 0, 0]
[1, 1310, 0, 0]
[1, 1310, 0, 0]
[1, 1310, 0, 0]
[1, 1310, 0, 0]
[1, 1310, 0, 0]
[1, 1310, 0, 0]
[1, 1310, 0, 0]
[1, 1310, 0, 0]
[1, 1310, 0, 0]
[1, 1310, 0, 0]
[1, 1310, 0, 0]
[1, 1310, 0, 0]
[1, 1310, 0, 0]
[1, 1310, 0, 0]
[1, 1310, 0, 0]
[1, 1310, 0, 0]
[1, 1310, 0, 0]
[1, 1310, 0, 0]
[1, 1310, 0, 0]
[1, 1310, 0, 0]
[1, 1310, 0, 0]
[1, 1310, 0, 0]
[1, 1310, 0, 0]
[1, 1310, 0, 0]
[1, 1310, 0, 0]
[2, 2621, 0, 0]
[2, 2621, 0, 0]
[2, 2621, 0, 0]
[2, 2621, 0, 0]
[2, 2621, 0, 0]
[2, 2621, 0, 0]
[2, 2621, 0, 0]
[2, 2621, 0, 0]
[2, 2621, 0, 0]
[2, 2621, 0, 0]
[2, 2621, 0, 0]
[2, 2621, 0, 0]
[2, 2621, 0, 0]
[2, 2621, 0, 0]
[2, 2621, 0, 0]
[2, 2621, 0, 0]
[2, 2621, 0, 0]
[2, 2621, 0, 0]
[2, 2621, 0, 0]
[2, 2621, 0, 0]
[2, 2621, 0, 0]
[2, 2621, 0, 0]
[2, 2621, 0, 0]
[2, 2621, 0, 0]
[2, 2621, 0, 0]
[2, 2621, 0, 0]
[2, 2621, 0, 0]
[2, 2621, 0, 0]
[2, 2621, 0, 0]
[2, 2621, 0, 0]
[2, 2621, 0, 0]
[2, 2621, 0, 0]
[2, 2621, 0, 0]
[2, 2621, 0, 0]
[2, 2621, 0, 0]
[2, 2621, 0, 0]
[2, 2621, 0, 0]
[2, 2621, 0, 0]
[2, 2621, 0, 0]
[2, 2621, 0, 0]
[2, 2621, 0, 0]
[2, 2621, 0, 0]
[2, 2621, 0, 0]
[2, 2621, 0, 0]
[2, 2621, 0, 0]
[2, 2621, 0, 0]
[2, 2621, 0, 0]
[2, 2621, 0, 0]
[2, 2621, 0, 0]
[2, 2621, 0, 0]
[2, 2621, 0, 0]
[2, 2621, 0, 0]
[2, 2621, 0, 0]
[2, 2621, 0, 0]
[2, 2621, 0, 0]
[2, 2621, 0, 0]
[2, 2621, 0, 0]
[2, 2621, 0, 0]
[2, 2621, 0, 0]
[2, 2621, 0, 0]
[2, 2621, 0, 0]
[2, 2621, 0, 0]
[2, 2621, 0, 0]
[2, 2621, 0, 0]
[2, 2621, 0, 0]
[2, 2621, 0, 0]
[2, 2621, 0, 0]
[2, 2621, 0, 0]
[2, 2621, 0, 0]
[2, 2621, 0, 0]
[2, 2621, 0, 0]
[2, 2621, 0, 0]
[2, 2621, 0, 0]
[2, 2621, 0, 0]
[2, 2621, 0, 0]
[2, 2621, 0, 0]
[2, 2621, 0, 0]
[2, 2621, 0, 0]
[2, 2621, 0, 0]
[2, 2621, 0, 0]
[2, 2621, 0, 0]
[2, 2621, 0, 0]
[2, 2621, 0, 0]
[2, 2621, 0, 0]
[2, 2621, 0, 0]
[2, 2621, 0, 0]
[2, 2621, 0, 0]
[2, 2621, 0, 0]
[2, 2621, 0, 0]
[2, 2621, 0, 0]
[2, 2621, 0, 0]
[2, 2621, 0, 0]
[2, 2621, 0, 0]
[2, 2621, 0, 0]
[2, 2621, 0, 0]
[2, 2621, 0, 0]
[2, 2621, 0, 0]
[2, 2621, 0, 0]
[2, 2621, 0, 0]
[2, 2621, 0, 0]
[5, 6553, 0, 0]
[5, 6553, 0, 0]
[5, 6553, 0, 0]
[5, 6553, 0, 0]
[5, 6553, 0, 0]
[5, 6553, 1, 0]
[5, 6553, 0, 0]
[5, 6553, 1, 0]
[5, 6553, 0, 0]
[5, 6553, 0, 0]
[5, 6553, 0, 0]
[5, 6553, 0, 0]
[5, 6553, 1, 0]
[5, 6553, 0, 0]
[5, 6553, 0, 1]
[5, 6553, 0, 0]
[5, 6553, 1, 0]
[5, 6553, 0, 0]
[5, 6553, 0, 0]
[5, 6553, 0, 0]
[5, 6553, 0, 0]
[5, 6553, 1, 0]
[5, 6553, 0, 0]
[5, 6553, 0, 0]
[5, 6553, 0, 0]
[5, 6553, 0, 0]
[5, 6553, 0, 0]
[5, 6553, 0, 0]
[5, 6553, 0, 0]
[5, 6553, 0, 0]
[5, 6553, 0, 0]
[5, 6553, 0, 0]
[5, 6553, 0, 0]
[5, 6553, 0, 0]
[5, 6553, 0, 0]
[5, 6553, 0, 0]
[5, 6553, 0, 0]
[5, 6553, 0, 0]
[5, 6553, 2, 0]
[5, 6553, 0, 0]
[5, 6553, 0, 0]
[5, 6553, 0, 0]
[5, 6553, 0, 0]
[5, 6553, 0, 0]
[5, 6553, 0, 0]
[5, 6553, 0, 1]
[5, 6553, 0, 0]
[5, 6553, 0, 0]
[5, 6553, 0, 1]
[5, 6553, 0, 0]
[5, 6553, 0, 0]
[5, 6553, 0, 0]
[5, 6553, 0, 0]
[5, 6553, 1, 0]
[5, 6553, 0, 1]
[5, 6553, 1, 0]
[5, 6553, 0, 0]
[5, 6553, 0, 0]
[5, 6553, 0, 0]
[5, 6553, 0, 0]
[5, 6553, 0, 0]
[5, 6553, 0, 0]
[5, 6553, 0, 1]
[5, 6553, 2, 0]
[5, 6553, 0, 0]
[5, 6553, 0, 0]
[5, 6553, 0, 0]
[5, 6553, 0, 0]
[5, 6553, 0, 0]
[5, 6553, 0, 0]
[5, 6553, 0, 0]
[5, 6553, 0, 0]
[5, 6553, 0, 1]
[5, 6553, 0, 0]
[5, 6553, 0, 0]
[5, 6553, 0, 1]
[5, 6553, 0, 0]
[5, 6553, 2, 0]
[5, 6553, 0, 0]
[5, 6553, 1, 1]
[5, 6553, 0, 0]
[5, 6553, 0, 0]
[5, 6553, 0, 0]
[5, 6553, 0, 0]
[5, 6553, 0, 0]
[5, 6553, 0, 0]
[5, 6553, 0, 0]
[5, 6553, 0, 2]
[5, 6553, 0, 0]
[5, 6553, 0, 0]
[5, 6553, 0, 0]
[5, 6553, 0, 0]
[5, 6553, 1, 0]
[5, 6553, 0, 0]
[5, 6553, 0, 1]
[5, 6553, 0, 0]
[5, 6553, 0, 0]
[5, 6553, 0, 0]
[5, 6553, 0, 0]
[5, 6553, 0, 0]
[10, 13107, 6, 2]
[10, 13107, 3, 6]
[10, 13107, 2, 2]
[10, 13107, 2, 3]
[10, 13107, 3, 0]
[10, 13107, 8, 3]
[10, 13107, 5, 7]
[10, 13107, 5, 2]
[10, 13107, 7, 5]
[10, 13107, 10, 1]
[10, 13107, 0, 3]
[10, 13107, 6, 8]
[10, 13107, 3, 3]
[10, 13107, 8, 4]
[10, 13107, 1, 2]
[10, 13107, 1, 4]
[10, 13107, 0, 5]
[10, 13107, 0, 1]
[10, 13107, 1, 1]
[10, 13107, 2, 1]
[10, 13107, 2, 2]
[10, 13107, 1, 1]
[10, 13107, 7, 0]
[10, 13107, 2, 3]
[10, 13107, 3, 3]
[10, 13107, 6, 1]
[10, 13107, 4, 7]
[10, 13107, 5, 4]
[10, 13107, 2, 2]
[10, 13107, 3, 2]
[10, 13107, 1, 10]
[10, 13107, 2, 1]
[10, 13107, 5, 2]
[10, 13107, 2, 8]
[10, 13107, 1, 5]
[10, 13107, 4, 2]
[10, 13107, 2, 1]
[10, 13107, 1, 2]
[10, 13107, 4, 5]
[10, 13107, 1, 4]
[10, 13107, 5, 0]
[10, 13107, 5, 4]
[10, 13107, 1, 1]
[10, 13107, 0, 0]
[10, 13107, 2, 0]
[10, 13107, 1, 6]
[10, 13107, 1, 2]
[10, 13107, 6, 5]
[10, 13107, 2, 7]
[10, 13107, 1, 9]
[10, 13107, 5, 1]
[10, 13107, 5, 0]
[10, 13107, 2, 0]
[10, 13107, 2, 8]
[10, 13107, 6, 2]
[10, 13107, 5, 1]
[10, 13107, 3, 1]
[10, 13107, 7, 5]
[10, 13107, 2, 7]
[10, 13107, 6, 2]
[10, 13107, 9, 0]
[10, 13107, 0, 2]
[10, 13107, 1, 1]
[10, 13107, 3, 6]
[10, 13107, 5, 3]
[10, 13107, 5, 8]
[10, 13107, 3, 3]
[10, 13107, 9, 0]
[10, 13107, 3, 1]
[10, 13107, 1, 2]
[10, 13107, 2, 3]
[10, 13107, 0, 4]
[10, 13107, 1, 4]
[10, 13107, 3, 1]
[10, 13107, 3, 5]
[10, 13107, 3, 3]
[10, 13107, 3, 5]
[10, 13107, 6, 3]
[10, 13107, 3, 2]
[10, 13107, 0, 1]
[10, 13107, 2, 6]
[10, 13107, 6, 2]
[10, 13107, 4, 1]
[10, 13107, 4, 4]
[10, 13107, 8, 0]
[10, 13107, 2, 2]
[10, 13107, 4, 3]
[10, 13107, 4, 2]
[10, 13107, 3, 2]
[10, 13107, 4, 4]
[10, 13107, 3, 1]
[10, 13107, 9, 1]
[10, 13107, 4, 1]
[10, 13107, 3, 4]
[10, 13107, 4, 1]
[10, 13107, 1, 1]
[10, 13107, 6, 4]
[10, 13107, 5, 1]
[10, 13107, 0, 3]
[10, 13107, 2, 5]
[15, 19660, 21, 29]
[15, 19660, 4, 8]
[15, 19660, 11, 17]
[15, 19660, 6, 12]
[15, 19660, 13, 15]
[15, 19660, 11, 8]
[15, 19660, 23, 16]
[15, 19660, 16, 20]
[15, 19660, 10, 28]
[15, 19660, 12, 32]
[15, 19660, 13, 25]
[15, 19660, 13, 19]
[15, 19660, 10, 18]
[15, 19660, 15, 12]
[15, 19660, 11, 12]
[15, 19660, 6, 22]
[15, 19660, 11, 10]
[15, 19660, 14, 11]
[15, 19660, 8, 18]
[15, 19660, 16, 20]
[15, 19660, 14, 24]
[15, 19660, 17, 16]
[15, 19660, 19, 14]
[15, 19660, 15, 16]
[15, 19660, 19, 12]
[15, 19660, 9, 20]
[15, 19660, 12, 16]
[15, 19660, 12, 7]
[15, 19660, 20, 5]
[15, 19660, 14, 18]
[15, 19660, 12, 20]
[15, 19660, 12, 13]
[15, 19660, 22, 20]
[15, 19660, 9, 21]
[15, 19660, 17, 26]
[15, 19660, 12, 7]
[15, 19660, 16, 17]
[15, 19660, 23, 13]
[15, 19660, 14, 16]
[15, 19660, 15, 21]
[15, 19660, 23, 14]
[15, 19660, 16, 5]
[15, 19660, 20, 26]
[15, 19660, 18, 21]
[15, 19660, 21, 20]
[15, 19660, 8, 18]
[15, 19660, 16, 9]
[15, 19660, 18, 18]
[15, 19660, 8, 31]
[15, 19660, 15, 14]
[15, 19660, 11, 7]
[15, 19660, 7, 15]
[15, 19660, 17, 26]
[15, 19660, 16, 20]
[15, 19660, 11, 10]
[15, 19660, 13, 16]
[15, 19660, 18, 15]
[15, 19660, 8, 14]
[15, 19660, 18, 17]
[15, 19660, 19, 14]
[15, 19660, 18, 18]
[15, 19660, 13, 15]
[15, 19660, 13, 14]
[15, 19660, 19, 17]
[15, 19660, 22, 17]
[15, 19660, 21, 14]
[15, 19660, 11, 19]
[15, 19660, 16, 11]
[15, 19660, 11, 8]
[15, 19660, 13, 16]
[15, 19660, 9, 19]
[15, 19660, 27, 14]
[15, 19660, 18, 13]
[15, 19660, 8, 14]
[15, 19660, 19, 8]
[15, 19660, 8, 19]
[15, 19660, 20, 11]
[15, 19660, 10, 9]
[15, 19660, 16, 23]
[15, 19660, 25, 21]
[15, 19660, 12, 9]
[15, 19660, 26, 17]
[15, 19660, 9, 9]
[15, 19660, 15, 14]
[15, 19660, 20, 13]
[15, 19660, 13, 12]
[15, 19660, 19, 7]
[15, 19660, 17, 9]
[15, 19660, 18, 7]
[15, 19660, 22, 18]
[15, 19660, 14, 14]
[15, 19660, 25, 15]
[15, 19660, 23, 17]
[15, 19660, 15, 16]
[15, 19660, 25, 17]
[15, 19660, 14, 16]
[15, 19660, 19, 11]
[15, 19660, 11, 17]
[15, 19660, 21, 15]
[15, 19660, 10, 13]
[20, 26214, 61, 48]
[20, 26214, 32, 40]
[20, 26214, 60, 57]
[20, 26214, 50, 46]
[20, 26214, 54, 52]
[20, 26214, 75, 55]
[20, 26214, 45, 61]
[20, 26214, 49, 43]
[20, 26214, 53, 55]
[20, 26214, 39, 71]
[20, 26214, 69, 43]
[20, 26214, 54, 60]
[20, 26214, 63, 52]
[20, 26214, 62, 55]
[20, 26214, 46, 55]
[20, 26214, 51, 48]
[20, 26214, 41, 68]
[20, 26214, 48, 46]
[20, 26214, 52, 48]
[20, 26214, 64, 54]
[20, 26214, 50, 40]
[20, 26214, 45, 50]
[20, 26214, 48, 40]
[20, 26214, 59, 61]
[20, 26214, 43, 50]
[20, 26214, 50, 69]
[20, 26214, 42, 66]
[20, 26214, 30, 48]
[20, 26214, 43, 50]
[20, 26214, 52, 32]
[20, 26214, 43, 41]
[20, 26214, 61, 66]
[20, 26214, 60, 50]
[20, 26214, 48, 47]
[20, 26214, 65, 61]
[20, 26214, 59, 56]
[20, 26214, 58, 58]
[20, 26214, 60, 59]
[20, 26214, 44, 53]
[20, 26214, 55, 50]
[20, 26214, 56, 37]
[20, 26214, 49, 74]
[20, 26214, 64, 63]
[20, 26214, 56, 41]
[20, 26214, 60, 60]
[20, 26214, 72, 41]
[20, 26214, 57, 35]
[20, 26214, 51, 56]
[20, 26214, 43, 44]
[20, 26214, 34, 74]
[20, 26214, 67, 41]
[20, 26214, 63, 51]
[20, 26214, 41, 46]
[20, 26214, 64, 37]
[20, 26214, 58, 35]
[20, 26214, 50, 42]
[20, 26214, 61, 75]
[20, 26214, 53, 75]
[20, 26214, 60, 41]
[20, 26214, 47, 58]
[20, 26214, 59, 56]
[20, 26214, 73, 39]
[20, 26214, 46, 67]
[20, 26214, 51, 65]
[20, 26214, 44, 56]
[20, 26214, 66, 58]
[20, 26214, 64, 65]
[20, 26214, 59, 39]
[20, 26214, 53, 65]
[20, 26214, 42, 55]
[20, 26214, 36, 61]
[20, 26214, 58, 53]
[20, 26214, 72, 62]
[20, 26214, 45, 26]
[20, 26214, 45, 41]
[20, 26214, 43, 51]
[20, 26214, 57, 32]
[20, 26214, 53, 46]
[20, 26214, 44, 48]
[20, 26214, 59, 52]
[20, 26214, 50, 57]
[20, 26214, 53, 67]
[20, 26214, 44, 60]
[20, 26214, 65, 47]
[20, 26214, 52, 65]
[20, 26214, 44, 42]
[20, 26214, 52, 38]
[20, 26214, 67, 48]
[20, 26214, 64, 60]
[20, 26214, 44, 57]
[20, 26214, 62, 46]
[20, 26214, 64, 44]
[20, 26214, 64, 55]
[20, 26214, 37, 82]
[20, 26214, 48, 47]
[20, 26214, 57, 48]
[20, 26214, 53, 44]
[20, 26214, 44, 44]
[20, 26214, 64, 45]
[20, 26214, 42, 63]
[25, 32768, 101, 129]
[25, 32768, 113, 117]
[25, 32768, 134, 107]
[25, 32768, 115, 139]
[25, 32768, 136, 143]
[25, 32768, 131, 106]
[25, 32768, 122, 144]
[25, 32768, 111, 131]
[25, 32768, 153, 125]
[25, 32768, 150, 106]
[25, 32768, 127, 135]
[25, 32768, 150, 152]
[25, 32768, 126, 138]
[25, 32768, 130, 157]
[25, 32768, 141, 132]
[25, 32768, 135, 141]
[25, 32768, 124, 122]
[25, 32768, 128, 112]
[25, 32768, 121, 87]
[25, 32768, 111, 144]
[25, 32768, 165, 123]
[25, 32768, 132, 143]
[25, 32768, 111, 144]
[25, 32768, 146, 165]
[25, 32768, 127, 116]
[25, 32768, 141, 117]
[25, 32768, 142, 151]
[25, 32768, 127, 117]
[25, 32768, 125, 118]
[25, 32768, 118, 143]
[25, 32768, 120, 102]
[25, 32768, 118, 128]
[25, 32768, 151, 106]
[25, 32768, 118, 129]
[25, 32768, 141, 131]
[25, 32768, 101, 129]
[25, 32768, 133, 108]
[25, 32768, 107, 140]
[25, 32768, 138, 120]
[25, 32768, 126, 144]
[25, 32768, 157, 106]
[25, 32768, 130, 144]
[25, 32768, 126, 126]
[25, 32768, 108, 135]
[25, 32768, 100, 120]
[25, 32768, 116, 127]
[25, 32768, 132, 126]
[25, 32768, 174, 108]
[25, 32768, 145, 112]
[25, 32768, 110, 158]
[25, 32768, 125, 152]
[25, 32768, 127, 118]
[25, 32768, 140, 145]
[25, 32768, 157, 114]
[25, 32768, 125, 130]
[25, 32768, 135, 119]
[25, 32768, 119, 119]
[25, 32768, 115, 139]
[25, 32768, 130, 150]
[25, 32768, 121, 135]
[25, 32768, 122, 123]
[25, 32768, 113, 133]
[25, 32768, 134, 147]
[25, 32768, 122, 109]
[25, 32768, 128, 124]
[25, 32768, 149, 132]
[25, 32768, 113, 123]
[25, 32768, 146, 125]
[25, 32768, 127, 168]
[25, 32768, 143, 144]
[25, 32768, 118, 128]
[25, 32768, 142, 137]
[25, 32768, 156, 126]
[25, 32768, 118, 108]
[25, 32768, 170, 107]
[25, 32768, 103, 134]
[25, 32768, 121, 136]
[25, 32768, 125, 119]
[25, 32768, 125, 127]
[25, 32768, 130, 116]
[25, 32768, 130, 140]
[25, 32768, 126, 132]
[25, 32768, 101, 117]
[25, 32768, 143, 131]
[25, 32768, 138, 152]
[25, 32768, 125, 105]
[25, 32768, 134, 112]
[25, 32768, 158, 130]
[25, 32768, 142, 140]
[25, 32768, 127, 111]
[25, 32768, 146, 151]
[25, 32768, 165, 118]
[25, 32768, 133, 133]
[25, 32768, 138, 129]
[25, 32768, 118, 130]
[25, 32768, 127, 119]
[25, 32768, 128, 133]
[25, 32768, 121, 103]
[25, 32768, 139, 103]
[25, 32768, 133, 155]
[30, 39321, 250, 263]
[30, 39321, 233, 272]
[30, 39321, 255, 278]
[30, 39321, 211, 281]
[30, 39321, 303, 234]
[30, 39321, 304, 289]
[30, 39321, 273, 275]
[30, 39321, 271, 263]
[30, 39321, 278, 277]
[30, 39321, 321, 251]
[30, 39321, 260, 292]
[30, 39321, 305, 246]
[30, 39321, 261, 285]
[30, 39321, 235, 296]
[30, 39321, 253, 306]
[30, 39321, 277, 320]
[30, 39321, 297, 288]
[30, 39321, 252, 224]
[30, 39321, 302, 236]
[30, 39321, 284, 258]
[30, 39321, 324, 263]
[30, 39321, 263, 296]
[30, 39321, 253, 295]
[30, 39321, 252, 271]
[30, 39321, 282, 247]
[30, 39321, 255, 273]
[30, 39321, 276, 268]
[30, 39321, 266, 283]
[30, 39321, 263, 225]
[30, 39321, 258, 261]
[30, 39321, 295, 268]
[30, 39321, 307, 247]
[30, 39321, 270, 238]
[30, 39321, 262, 243]
[30, 39321, 263, 242]
[30, 39321, 293, 270]
[30, 39321, 212, 249]
[30, 39321, 280, 312]
[30, 39321, 246, 241]
[30, 39321, 239, 238]
[30, 39321, 273, 268]
[30, 39321, 332, 329]
[30, 39321, 273, 292]
[30, 39321, 291, 296]
[30, 39321, 292, 266]
[30, 39321, 317, 346]
[30, 39321, 268, 223]
[30, 39321, 317, 280]
[30, 39321, 269, 268]
[30, 39321, 244, 314]
[30, 39321, 281, 275]
[30, 39321, 269, 252]
[30, 39321, 295, 278]
[30, 39321, 231, 316]
[30, 39321, 265, 259]
[30, 39321, 278, 266]
[30, 39321, 262, 261]
[30, 39321, 294, 296]
[30, 39321, 295, 277]
[30, 39321, 279, 258]
[30, 39321, 297, 264]
[30, 39321, 273, 239]
[30, 39321, 254, 251]
[30, 39321, 247, 302]
[30, 39321, 242, 268]
[30, 39321, 283, 286]
[30, 39321, 237, 267]
[30, 39321, 295, 225]
[30, 39321, 281, 268]
[30, 39321, 227, 263]
[30, 39321, 270, 261]
[30, 39321, 265, 233]
[30, 39321, 266, 276]
[30, 39321, 265, 255]
[30, 39321, 249, 231]
[30, 39321, 251, 294]
[30, 39321, 263, 278]
[30, 39321, 256, 270]
[30, 39321, 265, 257]
[30, 39321, 258, 306]
[30, 39321, 255, 264]
[30, 39321, 261, 235]
[30, 39321, 244, 293]
[30, 39321, 277, 248]
[30, 39321, 280, 271]
[30, 39321, 274, 242]
[30, 39321, 293, 255]
[30, 39321, 250, 219]
[30, 39321, 294, 273]
[30, 39321, 254, 252]
[30, 39321, 253, 259]
[30, 39321, 283, 269]
[30, 39321, 264, 263]
[30, 39321, 226, 316]
[30, 39321, 267, 271]
[30, 39321, 236, 289]
[30, 39321, 296, 291]
[30, 39321, 260, 246]
[30, 39321, 262, 283]
[30, 39321, 256, 275]
[35, 45875, 543, 519]
[35, 45875, 438, 525]
[35, 45875, 499, 479]
[35, 45875, 452, 558]
[35, 45875, 497, 474]
[35, 45875, 447, 526]
[35, 45875, 521, 528]
[35, 45875, 488, 513]
[35, 45875, 485, 475]
[35, 45875, 548, 477]
[35, 45875, 495, 507]
[35, 45875, 489, 540]
[35, 45875, 453, 487]
[35, 45875, 484, 565]
[35, 45875, 458, 578]
[35, 45875, 467, 510]
[35, 45875, 516, 467]
[35, 45875, 493, 508]
[35, 45875, 525, 517]
[35, 45875, 527, 512]
[35, 45875, 490, 525]
[35, 45875, 525, 548]
[35, 45875, 461, 490]
[35, 45875, 536, 466]
[35, 45875, 512, 549]
[35, 45875, 512, 497]
[35, 45875, 465, 519]
[35, 45875, 517, 467]
[35, 45875, 553, 467]
[35, 45875, 492, 438]
[35, 45875, 521, 486]
[35, 45875, 500, 572]
[35, 45875, 548, 553]
[35, 45875, 513, 436]
[35, 45875, 527, 481]
[35, 45875, 508, 483]
[35, 45875, 525, 446]
[35, 45875, 464, 512]
[35, 45875, 484, 497]
[35, 45875, 511, 518]
[35, 45875, 521, 470]
[35, 45875, 518, 497]
[35, 45875, 524, 481]
[35, 45875, 473, 476]
[35, 45875, 456, 504]
[35, 45875, 519, 502]
[35, 45875, 486, 448]
[35, 45875, 512, 463]
[35, 45875, 433, 475]
[35, 45875, 445, 548]
[35, 45875, 546, 466]
[35, 45875, 508, 507]
[35, 45875, 515, 518]
[35, 45875, 471, 484]
[35, 45875, 546, 488]
[35, 45875, 562, 457]
[35, 45875, 460, 458]
[35, 45875, 534, 503]
[35, 45875, 522, 538]
[35, 45875, 461, 546]
[35, 45875, 507, 488]
[35, 45875, 495, 450]
[35, 45875, 476, 513]
[35, 45875, 474, 547]
[35, 45875, 529, 471]
[35, 45875, 519, 486]
[35, 45875, 507, 467]
[35, 45875, 503, 519]
[35, 45875, 537, 554]
[35, 45875, 517, 419]
[35, 45875, 559, 532]
[35, 45875, 503, 465]
[35, 45875, 524, 549]
[35, 45875, 523, 468]
[35, 45875, 528, 516]
[35, 45875, 490, 453]
[35, 45875, 474, 483]
[35, 45875, 513, 488]
[35, 45875, 488, 532]
[35, 45875, 501, 447]
[35, 45875, 495, 499]
[35, 45875, 542, 494]
[35, 45875, 464, 516]
[35, 45875, 535, 491]
[35, 45875, 523, 496]
[35, 45875, 516, 487]
[35, 45875, 535, 441]
[35, 45875, 494, 455]
[35, 45875, 545, 458]
[35, 45875, 477, 470]
[35, 45875, 475, 485]
[35, 45875, 505, 463]
[35, 45875, 474, 469]
[35, 45875, 483, 518]
[35, 45875, 481, 518]
[35, 45875, 471, 495]
[35, 45875, 532, 419]
[35, 45875, 484, 442]
[35, 45875, 506, 451]
[35, 45875, 486, 506]
[40, 52428, 814, 855]
[40, 52428, 852, 908]
[40, 52428, 801, 797]
[40, 52428, 785, 859]
[40, 52428, 834, 881]
[40, 52428, 833, 854]
[40, 52428, 864, 872]
[40, 52428, 878, 770]
[40, 52428, 900, 828]
[40, 52428, 815, 824]
[40, 52428, 790, 854]
[40, 52428, 866, 903]
[40, 52428, 799, 851]
[40, 52428, 866, 816]
[40, 52428, 809, 910]
[40, 52428, 820, 852]
[40, 52428, 772, 875]
[40, 52428, 865, 835]
[40, 52428, 840, 820]
[40, 52428, 815, 840]
[40, 52428, 880, 857]
[40, 52428, 830, 806]
[40, 52428, 827, 837]
[40, 52428, 887, 740]
[40, 52428, 886, 884]
[40, 52428, 836, 873]
[40, 52428, 792, 876]
[40, 52428, 812, 858]
[40, 52428, 797, 781]
[40, 52428, 824, 835]
[40, 52428, 825, 837]
[40, 52428, 836, 931]
[40, 52428, 888, 812]
[40, 52428, 863, 843]
[40, 52428, 806, 818]
[40, 52428, 868, 871]
[40, 52428, 884, 898]
[40, 52428, 922, 808]
[40, 52428, 794, 849]
[40, 52428, 795, 855]
[40, 52428, 834, 848]
[40, 52428, 871, 815]
[40, 52428, 948, 813]
[40, 52428, 880, 834]
[40, 52428, 805, 877]
[40, 52428, 754, 812]
[40, 52428, 852, 787]
[40, 52428, 901, 840]
[40, 52428, 802, 798]
[40, 52428, 783, 906]
[40, 52428, 794, 855]
[40, 52428, 913, 873]
[40, 52428, 818, 824]
[40, 52428, 842, 838]
[40, 52428, 801, 839]
[40, 52428, 887, 773]
[40, 52428, 795, 848]
[40, 52428, 896, 884]
[40, 52428, 828, 861]
[40, 52428, 771, 884]
[40, 52428, 806, 889]
[40, 52428, 811, 896]
[40, 52428, 805, 756]
[40, 52428, 781, 826]
[40, 52428, 821, 845]
[40, 52428, 833, 840]
[40, 52428, 755, 803]
[40, 52428, 901, 823]
[40, 52428, 869, 950]
[40, 52428, 824, 893]
[40, 52428, 804, 836]
[40, 52428, 778, 871]
[40, 52428, 832, 921]
[40, 52428, 813, 784]
[40, 52428, 858, 810]
[40, 52428, 751, 853]
[40, 52428, 823, 847]
[40, 52428, 860, 799]
[40, 52428, 856, 816]
[40, 52428, 834, 804]
[40, 52428, 864, 796]
[40, 52428, 854, 865]
[40, 52428, 768, 892]
[40, 52428, 798, 790]
[40, 52428, 803, 784]
[40, 52428, 850, 819]
[40, 52428, 916, 818]
[40, 52428, 829, 882]
[40, 52428, 880, 831]
[40, 52428, 866, 805]
[40, 52428, 906, 829]
[40, 52428, 906, 798]
[40, 52428, 861, 944]
[40, 52428, 861, 889]
[40, 52428, 836, 856]
[40, 52428, 790, 883]
[40, 52428, 862, 793]
[40, 52428, 807, 881]
[40, 52428, 874, 804]
[40, 52428, 849, 852]
