[1, 1310, 8, 6, 3, 3]
[1, 1310, 6, 9, 5, 9]
[1, 1310, 5, 7, 6, 8]
[1, 1310, 7, 6, 6, 9]
[1, 1310, 8, 11, 4, 9]
[1, 1310, 7, 4, 7, 10]
[1, 1310, 6, 11, 4, 4]
[1, 1310, 1, 5, 4, 9]
[1, 1310, 7, 4, 2, 3]
[1, 1310, 8, 7, 3, 5]
[1, 1310, 6, 5, 6, 4]
[1, 1310, 4, 2, 1, 5]
[1, 1310, 6, 2, 3, 3]
[1, 1310, 4, 18, 6, 5]
[1, 1310, 3, 9, 5, 9]
[1, 1310, 7, 6, 7, 4]
[1, 1310, 7, 4, 1, 10]
[1, 1310, 11, 5, 6, 5]
[1, 1310, 2, 6, 7, 8]
[1, 1310, 9, 1, 4, 4]
[1, 1310, 2, 6, 13, 5]
[1, 1310, 14, 4, 1, 9]
[1, 1310, 2, 7, 6, 11]
[1, 1310, 9, 8, 1, 3]
[1, 1310, 9, 3, 6, 4]
[1, 1310, 7, 8, 8, 7]
[1, 1310, 6, 8, 4, 4]
[1, 1310, 8, 7, 6, 8]
[1, 1310, 5, 3, 14, 3]
[1, 1310, 5, 6, 2, 8]
[1, 1310, 11, 6, 3, 2]
[1, 1310, 9, 11, 4, 4]
[1, 1310, 2, 5, 3, 6]
[1, 1310, 2, 3, 3, 3]
[1, 1310, 11, 6, 7, 6]
[1, 1310, 8, 11, 9, 4]
[1, 1310, 8, 4, 7, 11]
[1, 1310, 5, 3, 1, 6]
[1, 1310, 4, 3, 2, 3]
[1, 1310, 5, 8, 8, 5]
[1, 1310, 10, 5, 10, 3]
[1, 1310, 2, 9, 3, 7]
[1, 1310, 6, 5, 9, 6]
[1, 1310, 4, 7, 1, 2]
[1, 1310, 3, 6, 7, 7]
[1, 1310, 10, 12, 8, 6]
[1, 1310, 5, 7, 5, 8]
[1, 1310, 5, 4, 4, 7]
[1, 1310, 3, 5, 12, 8]
[1, 1310, 9, 5, 8, 5]
[1, 1310, 4, 1, 4, 9]
[1, 1310, 2, 4, 9, 5]
[1, 1310, 4, 4, 14, 5]
[1, 1310, 6, 5, 8, 4]
[1, 1310, 3, 7, 6, 5]
[1, 1310, 4, 6, 10, 9]
[1, 1310, 13, 5, 6, 4]
[1, 1310, 10, 5, 9, 8]
[1, 1310, 7, 3, 10, 12]
[1, 1310, 5, 6, 6, 7]
[1, 1310, 9, 5, 3, 6]
[1, 1310, 11, 5, 3, 4]
[1, 1310, 4, 10, 3, 2]
[1, 1310, 3, 4, 7, 5]
[1, 1310, 4, 5, 3, 9]
[1, 1310, 6, 7, 8, 0]
[1, 1310, 4, 6, 6, 5]
[1, 1310, 4, 5, 3, 8]
[1, 1310, 11, 3, 2, 1]
[1, 1310, 6, 4, 7, 8]
[1, 1310, 8, 6, 5, 5]
[1, 1310, 5, 4, 7, 3]
[1, 1310, 5, 3, 4, 10]
[1, 1310, 3, 6, 5, 3]
[1, 1310, 9, 6, 3, 8]
[1, 1310, 7, 12, 6, 3]
[1, 1310, 7, 7, 5, 3]
[1, 1310, 6, 3, 13, 7]
[1, 1310, 1, 5, 9, 3]
[1, 1310, 7, 10, 4, 7]
[1, 1310, 5, 7, 6, 6]
[1, 1310, 6, 6, 16, 6]
[1, 1310, 13, 3, 4, 4]
[1, 1310, 5, 5, 10, 8]
[1, 1310, 6, 3, 10, 5]
[1, 1310, 11, 8, 3, 8]
[1, 1310, 4, 6, 9, 7]
[1, 1310, 8, 4, 3, 6]
[1, 1310, 5, 3, 10, 2]
[1, 1310, 4, 3, 4, 2]
[1, 1310, 9, 8, 4, 7]
[1, 1310, 2, 6, 8, 13]
[1, 1310, 7, 4, 3, 3]
[1, 1310, 8, 1, 5, 3]
[1, 1310, 8, 2, 10, 7]
[1, 1310, 10, 3, 4, 5]
[1, 1310, 4, 4, 7, 5]
[1, 1310, 4, 6, 14, 7]
[1, 1310, 3, 9, 8, 8]
[1, 1310, 2, 2, 8, 9]
[2, 2621, 17, 18, 17, 18]
[2, 2621, 12, 16, 15, 17]
[2, 2621, 17, 12, 12, 5]
[2, 2621, 11, 20, 18, 9]
[2, 2621, 19, 15, 10, 17]
[2, 2621, 11, 21, 16, 22]
[2, 2621, 16, 22, 16, 15]
[2, 2621, 17, 17, 9, 19]
[2, 2621, 17, 20, 14, 19]
[2, 2621, 18, 9, 19, 15]
[2, 2621, 14, 13, 14, 20]
[2, 2621, 12, 12, 11, 19]
[2, 2621, 19, 12, 20, 19]
[2, 2621, 19, 21, 16, 15]
[2, 2621, 13, 11, 21, 16]
[2, 2621, 12, 12, 18, 12]
[2, 2621, 13, 23, 16, 21]
[2, 2621, 15, 23, 24, 18]
[2, 2621, 13, 12, 26, 22]
[2, 2621, 21, 17, 21, 23]
[2, 2621, 24, 20, 23, 13]
[2, 2621, 18, 12, 18, 19]
[2, 2621, 14, 14, 14, 14]
[2, 2621, 18, 13, 9, 25]
[2, 2621, 18, 13, 21, 16]
[2, 2621, 8, 12, 16, 12]
[2, 2621, 21, 19, 11, 18]
[2, 2621, 14, 18, 28, 11]
[2, 2621, 17, 18, 19, 21]
[2, 2621, 16, 18, 8, 21]
[2, 2621, 21, 8, 16, 19]
[2, 2621, 14, 22, 18, 12]
[2, 2621, 6, 17, 12, 24]
[2, 2621, 11, 24, 9, 17]
[2, 2621, 18, 12, 17, 14]
[2, 2621, 20, 19, 19, 16]
[2, 2621, 15, 8, 23, 11]
[2, 2621, 15, 10, 7, 18]
[2, 2621, 12, 16, 15, 10]
[2, 2621, 16, 19, 27, 12]
[2, 2621, 21, 13, 10, 19]
[2, 2621, 20, 24, 12, 11]
[2, 2621, 14, 11, 22, 18]
[2, 2621, 18, 9, 17, 10]
[2, 2621, 14, 17, 20, 14]
[2, 2621, 16, 15, 22, 11]
[2, 2621, 10, 19, 16, 17]
[2, 2621, 16, 19, 21, 16]
[2, 2621, 11, 17, 16, 9]
[2, 2621, 17, 15, 16, 11]
[2, 2621, 5, 20, 13, 18]
[2, 2621, 21, 12, 13, 17]
[2, 2621, 14, 11, 13, 20]
[2, 2621, 15, 22, 16, 14]
[2, 2621, 21, 19, 23, 21]
[2, 2621, 13, 13, 16, 25]
[2, 2621, 18, 18, 15, 19]
[2, 2621, 22, 7, 21, 16]
[2, 2621, 15, 14, 28, 16]
[2, 2621, 19, 19, 13, 23]
[2, 2621, 18, 16, 18, 17]
[2, 2621, 16, 22, 14, 15]
[2, 2621, 25, 21, 16, 10]
[2, 2621, 19, 11, 20, 24]
[2, 2621, 21, 13, 8, 15]
[2, 2621, 15, 19, 22, 10]
[2, 2621, 5, 14, 8, 11]
[2, 2621, 12, 28, 24, 26]
[2, 2621, 19, 12, 17, 15]
[2, 2621, 14, 10, 10, 19]
[2, 2621, 17, 13, 10, 11]
[2, 2621, 19, 28, 19, 19]
[2, 2621, 15, 24, 18, 17]
[2, 2621, 19, 16, 16, 21]
[2, 2621, 19, 15, 16, 17]
[2, 2621, 17, 23, 13, 10]
[2, 2621, 19, 24, 11, 18]
[2, 2621, 12, 10, 25, 8]
[2, 2621, 13, 16, 18, 10]
[2, 2621, 12, 13, 15, 10]
[2, 2621, 14, 13, 19, 20]
[2, 2621, 11, 18, 16, 18]
[2, 2621, 18, 27, 15, 15]
[2, 2621, 22, 12, 26, 22]
[2, 2621, 18, 18, 22, 10]
[2, 2621, 17, 16, 20, 11]
[2, 2621, 13, 13, 12, 22]
[2, 2621, 21, 19, 13, 21]
[2, 2621, 16, 22, 22, 14]
[2, 2621, 12, 15, 11, 9]
[2, 2621, 20, 21, 18, 18]
[2, 2621, 18, 15, 6, 17]
[2, 2621, 21, 28, 15, 18]
[2, 2621, 22, 14, 20, 21]
[2, 2621, 16, 15, 20, 18]
[2, 2621, 28, 18, 13, 19]
[2, 2621, 20, 12, 17, 13]
[2, 2621, 19, 13, 13, 25]
[2, 2621, 20, 15, 12, 11]
[2, 2621, 22, 12, 19, 13]
[5, 6553, 94, 78, 65, 87]
[5, 6553, 84, 59, 87, 81]
[5, 6553, 90, 65, 62, 63]
[5, 6553, 71, 74, 72, 94]
[5, 6553, 84, 66, 82, 95]
[5, 6553, 64, 68, 67, 79]
[5, 6553, 88, 67, 67, 76]
[5, 6553, 77, 71, 88, 93]
[5, 6553, 67, 76, 76, 85]
[5, 6553, 90, 68, 73, 87]
[5, 6553, 70, 62, 70, 65]
[5, 6553, 74, 70, 71, 78]
[5, 6553, 65, 83, 82, 74]
[5, 6553, 93, 80, 61, 55]
[5, 6553, 81, 94, 83, 76]
[5, 6553, 68, 85, 61, 66]
[5, 6553, 77, 68, 91, 99]
[5, 6553, 68, 78, 82, 104]
[5, 6553, 72, 69, 80, 74]
[5, 6553, 82, 91, 82, 81]
[5, 6553, 70, 81, 86, 71]
[5, 6553, 89, 88, 74, 79]
[5, 6553, 76, 70, 106, 94]
[5, 6553, 92, 90, 90, 80]
[5, 6553, 81, 84, 79, 88]
[5, 6553, 88, 81, 60, 75]
[5, 6553, 80, 57, 81, 75]
[5, 6553, 82, 101, 89, 84]
[5, 6553, 67, 79, 64, 69]
[5, 6553, 69, 80, 69, 69]
[5, 6553, 78, 52, 88, 69]
[5, 6553, 85, 82, 80, 79]
[5, 6553, 72, 64, 104, 99]
[5, 6553, 61, 82, 90, 70]
[5, 6553, 91, 67, 71, 95]
[5, 6553, 79, 61, 67, 65]
[5, 6553, 70, 67, 85, 69]
[5, 6553, 81, 57, 76, 105]
[5, 6553, 82, 70, 57, 79]
[5, 6553, 73, 65, 70, 67]
[5, 6553, 82, 70, 52, 72]
[5, 6553, 58, 69, 73, 65]
[5, 6553, 68, 84, 91, 76]
[5, 6553, 82, 69, 88, 71]
[5, 6553, 56, 69, 77, 93]
[5, 6553, 78, 73, 86, 74]
[5, 6553, 79, 92, 80, 87]
[5, 6553, 69, 67, 80, 81]
[5, 6553, 73, 94, 61, 88]
[5, 6553, 80, 73, 70, 54]
[5, 6553, 89, 65, 70, 69]
[5, 6553, 87, 77, 66, 76]
[5, 6553, 75, 66, 70, 59]
[5, 6553, 66, 79, 70, 71]
[5, 6553, 60, 76, 79, 84]
[5, 6553, 62, 76, 76, 103]
[5, 6553, 76, 62, 90, 85]
[5, 6553, 74, 59, 105, 87]
[5, 6553, 63, 75, 82, 70]
[5, 6553, 83, 81, 70, 78]
[5, 6553, 85, 75, 62, 75]
[5, 6553, 66, 78, 78, 69]
[5, 6553, 85, 55, 71, 78]
[5, 6553, 76, 70, 75, 85]
[5, 6553, 80, 77, 69, 57]
[5, 6553, 76, 73, 77, 79]
[5, 6553, 75, 84, 46, 66]
[5, 6553, 85, 70, 70, 75]
[5, 6553, 78, 77, 82, 70]
[5, 6553, 78, 77, 59, 68]
[5, 6553, 60, 98, 77, 72]
[5, 6553, 73, 88, 51, 76]
[5, 6553, 92, 72, 90, 94]
[5, 6553, 76, 81, 72, 67]
[5, 6553, 81, 60, 91, 78]
[5, 6553, 59, 92, 71, 87]
[5, 6553, 74, 73, 86, 85]
[5, 6553, 60, 71, 62, 63]
[5, 6553, 67, 87, 71, 80]
[5, 6553, 71, 74, 86, 75]
[5, 6553, 86, 86, 94, 72]
[5, 6553, 80, 77, 80, 86]
[5, 6553, 99, 67, 48, 73]
[5, 6553, 81, 63, 81, 78]
[5, 6553, 69, 85, 71, 58]
[5, 6553, 98, 86, 67, 94]
[5, 6553, 72, 71, 77, 65]
[5, 6553, 95, 75, 72, 82]
[5, 6553, 82, 65, 95, 66]
[5, 6553, 88, 103, 67, 80]
[5, 6553, 73, 80, 68, 89]
[5, 6553, 79, 92, 69, 75]
[5, 6553, 66, 86, 64, 69]
[5, 6553, 91, 81, 91, 90]
[5, 6553, 79, 70, 66, 100]
[5, 6553, 79, 92, 98, 85]
[5, 6553, 84, 104, 95, 64]
[5, 6553, 81, 69, 69, 71]
[5, 6553, 67, 104, 77, 72]
[5, 6553, 77, 76, 97, 66]
[10, 13107, 283, 257, 259, 276]
[10, 13107, 253, 254, 277, 264]
[10, 13107, 276, 244, 286, 233]
[10, 13107, 228, 265, 275, 266]
[10, 13107, 270, 237, 268, 272]
[10, 13107, 285, 277, 261, 284]
[10, 13107, 261, 301, 270, 288]
[10, 13107, 269, 321, 283, 285]
[10, 13107, 308, 255, 271, 315]
[10, 13107, 294, 220, 287, 305]
[10, 13107, 262, 298, 267, 287]
[10, 13107, 279, 273, 316, 250]
[10, 13107, 268, 287, 268, 265]
[10, 13107, 286, 321, 270, 276]
[10, 13107, 258, 253, 262, 280]
[10, 13107, 276, 271, 250, 276]
[10, 13107, 296, 269, 304, 304]
[10, 13107, 261, 256, 284, 234]
[10, 13107, 240, 286, 265, 302]
[10, 13107, 275, 296, 283, 249]
[10, 13107, 268, 283, 306, 241]
[10, 13107, 246, 287, 233, 268]
[10, 13107, 271, 265, 271, 295]
[10, 13107, 301, 303, 254, 247]
[10, 13107, 258, 300, 314, 270]
[10, 13107, 295, 268, 220, 266]
[10, 13107, 283, 280, 284, 270]
[10, 13107, 264, 299, 314, 289]
[10, 13107, 239, 238, 290, 281]
[10, 13107, 292, 300, 223, 249]
[10, 13107, 283, 293, 254, 262]
[10, 13107, 285, 297, 286, 230]
[10, 13107, 300, 285, 251, 279]
[10, 13107, 254, 289, 286, 286]
[10, 13107, 283, 261, 315, 266]
[10, 13107, 300, 258, 295, 258]
[10, 13107, 233, 224, 306, 261]
[10, 13107, 313, 252, 281, 275]
[10, 13107, 301, 288, 239, 278]
[10, 13107, 294, 238, 256, 231]
[10, 13107, 227, 245, 218, 274]
[10, 13107, 269, 272, 273, 260]
[10, 13107, 277, 274, 319, 243]
[10, 13107, 289, 259, 279, 303]
[10, 13107, 278, 279, 254, 262]
[10, 13107, 239, 269, 294, 295]
[10, 13107, 268, 294, 252, 251]
[10, 13107, 280, 294, 274, 254]
[10, 13107, 244, 302, 268, 282]
[10, 13107, 267, 251, 256, 264]
[10, 13107, 260, 279, 283, 246]
[10, 13107, 268, 244, 267, 244]
[10, 13107, 299, 282, 262, 233]
[10, 13107, 274, 276, 288, 253]
[10, 13107, 285, 282, 314, 307]
[10, 13107, 297, 291, 250, 303]
[10, 13107, 303, 286, 266, 294]
[10, 13107, 247, 249, 288, 266]
[10, 13107, 276, 288, 282, 219]
[10, 13107, 261, 255, 285, 275]
[10, 13107, 240, 236, 276, 243]
[10, 13107, 292, 285, 235, 287]
[10, 13107, 282, 243, 260, 254]
[10, 13107, 240, 229, 246, 260]
[10, 13107, 286, 255, 267, 240]
[10, 13107, 275, 262, 273, 262]
[10, 13107, 250, 271, 257, 258]
[10, 13107, 302, 262, 264, 284]
[10, 13107, 275, 264, 292, 280]
[10, 13107, 240, 285, 278, 248]
[10, 13107, 275, 267, 278, 303]
[10, 13107, 237, 278, 276, 269]
[10, 13107, 272, 280, 280, 274]
[10, 13107, 290, 280, 262, 248]
[10, 13107, 264, 261, 269, 294]
[10, 13107, 276, 269, 241, 290]
[10, 13107, 282, 279, 277, 280]
[10, 13107, 273, 256, 267, 252]
[10, 13107, 243, 289, 288, 254]
[10, 13107, 288, 248, 270, 279]
[10, 13107, 267, 264, 296, 246]
[10, 13107, 264, 297, 272, 279]
[10, 13107, 265, 277, 239, 253]
[10, 13107, 291, 272, 285, 277]
[10, 13107, 274, 294, 249, 243]
[10, 13107, 279, 255, 279, 264]
[10, 13107, 247, 286, 272, 267]
[10, 13107, 271, 261, 291, 285]
[10, 13107, 283, 262, 291, 272]
[10, 13107, 268, 301, 293, 295]
[10, 13107, 287, 234, 296, 238]
[10, 13107, 275, 297, 269, 249]
[10, 13107, 287, 256, 254, 259]
[10, 13107, 252, 271, 259, 282]
[10, 13107, 288, 247, 282, 300]
[10, 13107, 273, 234, 274, 323]
[10, 13107, 248, 255, 314, 276]
[10, 13107, 289, 279, 263, 248]
[10, 13107, 279, 293, 271, 273]
[10, 13107, 281, 264, 298, 289]
[15, 19660, 583, 590, 610, 569]
[15, 19660, 582, 571, 603, 597]
[15, 19660, 579, 539, 570, 555]
[15, 19660, 589, 603, 579, 564]
[15, 19660, 674, 552, 591, 597]
[15, 19660, 580, 585, 573, 599]
[15, 19660, 516, 568, 556, 593]
[15, 19660, 599, 568, 536, 578]
[15, 19660, 554, 590, 586, 615]
[15, 19660, 619, 562, 594, 597]
[15, 19660, 634, 601, 507, 597]
[15, 19660, 598, 582, 586, 594]
[15, 19660, 613, 603, 561, 619]
[15, 19660, 588, 660, 579, 555]
[15, 19660, 590, 562, 585, 603]
[15, 19660, 634, 658, 556, 555]
[15, 19660, 579, 577, 573, 604]
[15, 19660, 583, 608, 607, 564]
[15, 19660, 575, 563, 599, 626]
[15, 19660, 618, 558, 599, 532]
[15, 19660, 603, 598, 560, 531]
[15, 19660, 556, 592, 624, 608]
[15, 19660, 563, 617, 581, 574]
[15, 19660, 609, 639, 568, 549]
[15, 19660, 525, 642, 546, 597]
[15, 19660, 664, 570, 564, 612]
[15, 19660, 577, 571, 637, 547]
[15, 19660, 555, 632, 623, 619]
[15, 19660, 564, 571, 638, 567]
[15, 19660, 581, 605, 549, 582]
[15, 19660, 589, 566, 600, 566]
[15, 19660, 549, 602, 580, 548]
[15, 19660, 549, 566, 564, 576]
[15, 19660, 540, 600, 616, 624]
[15, 19660, 609, 564, 613, 594]
[15, 19660, 622, 572, 601, 617]
[15, 19660, 574, 529, 620, 576]
[15, 19660, 625, 565, 556, 605]
[15, 19660, 608, 572, 508, 593]
[15, 19660, 622, 633, 574, 567]
[15, 19660, 619, 530, 587, 604]
[15, 19660, 606, 544, 603, 526]
[15, 19660, 585, 568, 619, 548]
[15, 19660, 590, 557, 611, 586]
[15, 19660, 556, 562, 575, 542]
[15, 19660, 578, 619, 624, 561]
[15, 19660, 558, 631, 591, 565]
[15, 19660, 565, 588, 571, 577]
[15, 19660, 589, 630, 582, 578]
[15, 19660, 563, 564, 597, 593]
[15, 19660, 616, 612, 604, 524]
[15, 19660, 590, 604, 508, 556]
[15, 19660, 575, 589, 570, 526]
[15, 19660, 585, 573, 561, 595]
[15, 19660, 568, 593, 575, 645]
[15, 19660, 637, 583, 544, 604]
[15, 19660, 596, 575, 606, 602]
[15, 19660, 556, 651, 605, 517]
[15, 19660, 594, 576, 584, 550]
[15, 19660, 566, 628, 565, 595]
[15, 19660, 552, 610, 518, 574]
[15, 19660, 627, 632, 549, 632]
[15, 19660, 597, 569, 591, 606]
[15, 19660, 608, 563, 573, 573]
[15, 19660, 573, 653, 590, 532]
[15, 19660, 574, 547, 586, 628]
[15, 19660, 573, 602, 554, 629]
[15, 19660, 650, 600, 607, 596]
[15, 19660, 577, 571, 623, 599]
[15, 19660, 581, 615, 576, 581]
[15, 19660, 560, 591, 581, 573]
[15, 19660, 545, 593, 615, 605]
[15, 19660, 630, 604, 618, 605]
[15, 19660, 602, 594, 601, 603]
[15, 19660, 620, 567, 566, 658]
[15, 19660, 606, 571, 572, 570]
[15, 19660, 590, 582, 574, 581]
[15, 19660, 576, 567, 610, 597]
[15, 19660, 561, 612, 614, 624]
[15, 19660, 552, 572, 564, 583]
[15, 19660, 554, 553, 588, 589]
[15, 19660, 590, 612, 655, 601]
[15, 19660, 567, 657, 550, 528]
[15, 19660, 605, 552, 585, 615]
[15, 19660, 613, 559, 554, 582]
[15, 19660, 612, 551, 597, 586]
[15, 19660, 618, 586, 554, 601]
[15, 19660, 579, 580, 564, 614]
[15, 19660, 629, 619, 592, 634]
[15, 19660, 606, 571, 581, 605]
[15, 19660, 600, 532, 626, 539]
[15, 19660, 569, 661, 587, 606]
[15, 19660, 597, 572, 606, 536]
[15, 19660, 596, 583, 538, 595]
[15, 19660, 548, 600, 601, 569]
[15, 19660, 524, 527, 605, 622]
[15, 19660, 571, 563, 631, 555]
[15, 19660, 562, 609, 569, 565]
[15, 19660, 585, 637, 537, 652]
[15, 19660, 584, 575, 639, 595]
[20, 26214, 1070, 991, 1067, 1006]
[20, 26214, 1022, 1017, 1029, 1070]
[20, 26214, 1021, 1012, 950, 958]
[20, 26214, 963, 1009, 1057, 1055]
[20, 26214, 1061, 1008, 984, 1068]
[20, 26214, 982, 980, 1034, 1015]
[20, 26214, 1050, 1068, 1025, 1039]
[20, 26214, 1038, 965, 1011, 1042]
[20, 26214, 1072, 992, 1071, 1040]
[20, 26214, 1043, 1079, 968, 1047]
[20, 26214, 940, 1071, 961, 1057]
[20, 26214, 949, 999, 1049, 1070]
[20, 26214, 1076, 1004, 983, 1048]
[20, 26214, 1011, 1128, 1053, 941]
[20, 26214, 1033, 963, 990, 1059]
[20, 26214, 962, 1073, 1017, 1009]
[20, 26214, 1046, 1019, 1075, 1021]
[20, 26214, 1032, 1020, 1056, 959]
[20, 26214, 971, 1028, 1070, 1074]
[20, 26214, 1017, 1041, 970, 935]
[20, 26214, 1075, 951, 1074, 940]
[20, 26214, 1003, 1015, 974, 1037]
[20, 26214, 1057, 1000, 1038, 1003]
[20, 26214, 1074, 1075, 1015, 944]
[20, 26214, 1081, 1056, 951, 1043]
[20, 26214, 1060, 1029, 982, 1049]
[20, 26214, 1039, 1034, 1040, 974]
[20, 26214, 964, 990, 1017, 1074]
[20, 26214, 971, 958, 1059, 994]
[20, 26214, 964, 949, 988, 1046]
[20, 26214, 1036, 1092, 1008, 1016]
[20, 26214, 993, 1051, 968, 997]
[20, 26214, 983, 1005, 1091, 1043]
[20, 26214, 968, 1039, 1012, 926]
[20, 26214, 923, 970, 1069, 986]
[20, 26214, 1095, 1053, 1062, 1002]
[20, 26214, 991, 982, 1131, 954]
[20, 26214, 1036, 1053, 1055, 1060]
[20, 26214, 978, 1115, 982, 1024]
[20, 26214, 1014, 1093, 931, 1013]
[20, 26214, 962, 965, 1019, 980]
[20, 26214, 1036, 1010, 997, 1018]
[20, 26214, 1055, 974, 1074, 1007]
[20, 26214, 954, 1008, 1036, 1021]
[20, 26214, 1069, 978, 994, 964]
[20, 26214, 989, 1025, 1030, 932]
[20, 26214, 1082, 999, 1033, 1008]
[20, 26214, 1031, 1026, 1035, 990]
[20, 26214, 949, 1003, 1001, 1011]
[20, 26214, 1011, 975, 1042, 978]
[20, 26214, 972, 993, 1028, 930]
[20, 26214, 1020, 1066, 985, 1063]
[20, 26214, 977, 994, 1016, 970]
[20, 26214, 980, 1050, 973, 1034]
[20, 26214, 988, 1007, 1112, 1092]
[20, 26214, 1059, 1052, 956, 1085]
[20, 26214, 1016, 1038, 1046, 991]
[20, 26214, 970, 1095, 1024, 876]
[20, 26214, 979, 1012, 983, 999]
[20, 26214, 1001, 1046, 998, 1035]
[20, 26214, 960, 1037, 1023, 1063]
[20, 26214, 1027, 1087, 935, 1009]
[20, 26214, 969, 931, 959, 1015]
[20, 26214, 993, 1009, 986, 1053]
[20, 26214, 1023, 984, 1017, 982]
[20, 26214, 1007, 924, 1011, 1040]
[20, 26214, 1025, 1011, 963, 980]
[20, 26214, 1037, 955, 997, 1013]
[20, 26214, 1044, 985, 1024, 1011]
[20, 26214, 1055, 1042, 923, 1007]
[20, 26214, 1026, 1032, 1025, 1035]
[20, 26214, 1001, 974, 1033, 1094]
[20, 26214, 982, 959, 1051, 1035]
[20, 26214, 1078, 973, 1041, 973]
[20, 26214, 1020, 1015, 1014, 993]
[20, 26214, 1073, 1012, 1055, 978]
[20, 26214, 989, 969, 1007, 1017]
[20, 26214, 985, 1062, 976, 983]
[20, 26214, 1007, 1044, 1020, 1049]
[20, 26214, 997, 1064, 1043, 1035]
[20, 26214, 1011, 1023, 1032, 1090]
[20, 26214, 1023, 1033, 985, 1023]
[20, 26214, 1002, 1098, 975, 932]
[20, 26214, 982, 1051, 1018, 1057]
[20, 26214, 1004, 1068, 1008, 976]
[20, 26214, 1091, 1041, 958, 1026]
[20, 26214, 1010, 1049, 964, 1027]
[20, 26214, 1040, 1015, 1012, 1047]
[20, 26214, 1022, 1012, 1075, 1043]
[20, 26214, 1021, 1039, 995, 968]
[20, 26214, 1022, 1045, 1008, 1056]
[20, 26214, 1020, 1110, 961, 1009]
[20, 26214, 1048, 944, 994, 995]
[20, 26214, 1050, 1011, 957, 1041]
[20, 26214, 1038, 992, 1121, 967]
[20, 26214, 987, 912, 1049, 990]
[20, 26214, 998, 978, 1063, 992]
[20, 26214, 1020, 1047, 1021, 973]
[20, 26214, 982, 1006, 997, 1036]
[20, 26214, 927, 1007, 1062, 969]
[25, 32768, 1608, 1537, 1553, 1548]
[25, 32768, 1562, 1486, 1547, 1555]
[25, 32768, 1583, 1531, 1511, 1550]
[25, 32768, 1423, 1554, 1669, 1552]
[25, 32768, 1523, 1529, 1513, 1498]
[25, 32768, 1517, 1460, 1606, 1522]
[25, 32768, 1504, 1597, 1486, 1628]
[25, 32768, 1548, 1533, 1445, 1556]
[25, 32768, 1563, 1485, 1494, 1622]
[25, 32768, 1599, 1572, 1525, 1618]
[25, 32768, 1588, 1550, 1476, 1559]
[25, 32768, 1497, 1517, 1563, 1620]
[25, 32768, 1650, 1587, 1513, 1544]
[25, 32768, 1589, 1607, 1618, 1524]
[25, 32768, 1594, 1583, 1577, 1541]
[25, 32768, 1574, 1584, 1546, 1567]
[25, 32768, 1608, 1547, 1535, 1578]
[25, 32768, 1465, 1601, 1595, 1514]
[25, 32768, 1567, 1530, 1591, 1550]
[25, 32768, 1523, 1586, 1554, 1461]
[25, 32768, 1620, 1485, 1605, 1571]
[25, 32768, 1514, 1578, 1630, 1516]
[25, 32768, 1491, 1535, 1607, 1490]
[25, 32768, 1622, 1640, 1497, 1449]
[25, 32768, 1552, 1579, 1424, 1551]
[25, 32768, 1500, 1574, 1573, 1562]
[25, 32768, 1638, 1568, 1616, 1503]
[25, 32768, 1540, 1597, 1506, 1552]
[25, 32768, 1511, 1530, 1528, 1453]
[25, 32768, 1541, 1530, 1475, 1565]
[25, 32768, 1614, 1675, 1488, 1508]
[25, 32768, 1504, 1605, 1546, 1517]
[25, 32768, 1587, 1548, 1620, 1519]
[25, 32768, 1541, 1533, 1617, 1616]
[25, 32768, 1529, 1553, 1564, 1554]
[25, 32768, 1610, 1549, 1538, 1467]
[25, 32768, 1491, 1603, 1527, 1526]
[25, 32768, 1574, 1595, 1537, 1566]
[25, 32768, 1534, 1634, 1512, 1578]
[25, 32768, 1515, 1573, 1522, 1507]
[25, 32768, 1517, 1485, 1483, 1569]
[25, 32768, 1549, 1482, 1516, 1485]
[25, 32768, 1522, 1550, 1533, 1557]
[25, 32768, 1494, 1508, 1589, 1485]
[25, 32768, 1530, 1444, 1554, 1553]
[25, 32768, 1533, 1522, 1625, 1442]
[25, 32768, 1552, 1579, 1616, 1488]
[25, 32768, 1558, 1487, 1530, 1491]
[25, 32768, 1574, 1505, 1509, 1548]
[25, 32768, 1524, 1627, 1638, 1499]
[25, 32768, 1602, 1614, 1464, 1538]
[25, 32768, 1549, 1609, 1479, 1558]
[25, 32768, 1509, 1536, 1469, 1513]
[25, 32768, 1535, 1490, 1525, 1565]
[25, 32768, 1492, 1587, 1565, 1629]
[25, 32768, 1501, 1604, 1563, 1675]
[25, 32768, 1595, 1573, 1492, 1501]
[25, 32768, 1526, 1550, 1581, 1407]
[25, 32768, 1551, 1554, 1567, 1474]
[25, 32768, 1572, 1566, 1561, 1548]
[25, 32768, 1611, 1532, 1561, 1586]
[25, 32768, 1539, 1601, 1529, 1591]
[25, 32768, 1487, 1572, 1536, 1495]
[25, 32768, 1603, 1517, 1497, 1597]
[25, 32768, 1561, 1556, 1574, 1488]
[25, 32768, 1546, 1500, 1538, 1569]
[25, 32768, 1537, 1518, 1507, 1558]
[25, 32768, 1609, 1617, 1518, 1556]
[25, 32768, 1545, 1554, 1592, 1556]
[25, 32768, 1568, 1500, 1498, 1493]
[25, 32768, 1601, 1563, 1638, 1531]
[25, 32768, 1462, 1545, 1550, 1558]
[25, 32768, 1520, 1439, 1569, 1588]
[25, 32768, 1560, 1493, 1474, 1596]
[25, 32768, 1573, 1496, 1536, 1528]
[25, 32768, 1518, 1575, 1611, 1492]
[25, 32768, 1595, 1530, 1462, 1549]
[25, 32768, 1490, 1548, 1545, 1553]
[25, 32768, 1521, 1573, 1578, 1570]
[25, 32768, 1564, 1490, 1566, 1585]
[25, 32768, 1508, 1543, 1566, 1657]
[25, 32768, 1558, 1582, 1526, 1463]
[25, 32768, 1463, 1620, 1498, 1563]
[25, 32768, 1542, 1551, 1545, 1500]
[25, 32768, 1571, 1510, 1515, 1483]
[25, 32768, 1629, 1545, 1554, 1582]
[25, 32768, 1570, 1520, 1556, 1570]
[25, 32768, 1554, 1574, 1621, 1476]
[25, 32768, 1627, 1542, 1594, 1618]
[25, 32768, 1554, 1566, 1529, 1536]
[25, 32768, 1595, 1540, 1607, 1516]
[25, 32768, 1535, 1619, 1567, 1564]
[25, 32768, 1595, 1589, 1488, 1592]
[25, 32768, 1641, 1544, 1556, 1528]
[25, 32768, 1511, 1548, 1585, 1492]
[25, 32768, 1488, 1564, 1545, 1485]
[25, 32768, 1487, 1483, 1643, 1630]
[25, 32768, 1499, 1573, 1554, 1545]
[25, 32768, 1528, 1622, 1550, 1553]
[25, 32768, 1513, 1588, 1573, 1544]
[30, 39321, 2211, 2202, 2233, 2216]
[30, 39321, 2232, 2156, 2283, 2210]
[30, 39321, 2104, 2157, 2138, 2106]
[30, 39321, 2077, 2090, 2229, 2277]
[30, 39321, 2307, 2126, 2225, 2250]
[30, 39321, 2099, 2151, 2208, 2193]
[30, 39321, 2142, 2297, 2144, 2169]
[30, 39321, 2231, 2186, 2170, 2217]
[30, 39321, 2176, 2173, 2245, 2162]
[30, 39321, 2191, 2236, 2181, 2229]
[30, 39321, 2180, 2246, 2132, 2231]
[30, 39321, 2102, 2141, 2169, 2204]
[30, 39321, 2312, 2214, 2276, 2262]
[30, 39321, 2164, 2250, 2140, 2094]
[30, 39321, 2220, 2148, 2226, 2190]
[30, 39321, 2221, 2202, 2139, 2237]
[30, 39321, 2243, 2069, 2126, 2226]
[30, 39321, 2125, 2145, 2226, 2213]
[30, 39321, 2134, 2198, 2130, 2162]
[30, 39321, 2200, 2241, 2169, 2177]
[30, 39321, 2237, 2155, 2219, 2225]
[30, 39321, 2120, 2293, 2140, 2178]
[30, 39321, 2235, 2239, 2285, 2142]
[30, 39321, 2157, 2198, 2220, 2148]
[30, 39321, 2228, 2268, 2076, 2105]
[30, 39321, 2106, 2174, 2158, 2253]
[30, 39321, 2126, 2240, 2226, 2120]
[30, 39321, 2132, 2281, 2130, 2207]
[30, 39321, 2084, 2153, 2252, 2133]
[30, 39321, 2254, 2202, 2163, 2224]
[30, 39321, 2117, 2249, 2189, 2118]
[30, 39321, 2137, 2197, 2254, 2106]
[30, 39321, 2237, 2093, 2224, 2241]
[30, 39321, 2230, 2210, 2218, 2261]
[30, 39321, 2149, 2252, 2265, 2089]
[30, 39321, 2274, 2182, 2297, 2160]
[30, 39321, 2120, 2151, 2169, 2168]
[30, 39321, 2189, 2191, 2071, 2224]
[30, 39321, 2202, 2274, 2096, 2144]
[30, 39321, 2058, 2141, 2154, 2238]
[30, 39321, 2201, 2140, 2158, 2239]
[30, 39321, 2126, 2160, 2200, 2227]
[30, 39321, 2185, 2163, 2121, 2167]
[30, 39321, 2118, 2102, 2259, 2160]
[30, 39321, 2153, 2267, 2215, 2138]
[30, 39321, 2142, 2216, 2237, 2148]
[30, 39321, 2252, 2107, 2173, 2033]
[30, 39321, 2228, 2097, 2192, 2283]
[30, 39321, 2165, 2201, 2278, 2138]
[30, 39321, 2139, 2239, 2256, 2213]
[30, 39321, 2265, 2269, 2139, 2120]
[30, 39321, 2176, 2167, 2103, 2149]
[30, 39321, 2184, 2179, 2236, 2092]
[30, 39321, 2216, 2168, 2135, 2197]
[30, 39321, 2105, 2187, 2090, 2298]
[30, 39321, 2096, 2255, 2154, 2305]
[30, 39321, 2256, 2238, 2200, 2041]
[30, 39321, 2167, 2289, 2216, 2112]
[30, 39321, 2170, 2154, 2208, 2072]
[30, 39321, 2015, 2183, 2188, 2192]
[30, 39321, 2109, 2122, 2210, 2293]
[30, 39321, 2158, 2267, 2072, 2207]
[30, 39321, 2182, 2159, 2164, 2278]
[30, 39321, 2247, 2239, 2171, 2237]
[30, 39321, 2128, 2158, 2147, 2213]
[30, 39321, 2112, 2108, 2196, 2282]
[30, 39321, 2193, 2184, 2081, 2206]
[30, 39321, 2210, 2213, 2109, 2131]
[30, 39321, 2161, 2139, 2221, 2149]
[30, 39321, 2198, 2133, 2181, 2184]
[30, 39321, 2193, 2169, 2287, 2135]
[30, 39321, 2025, 2124, 2210, 2312]
[30, 39321, 2201, 2091, 2289, 2168]
[30, 39321, 2180, 2195, 2213, 2235]
[30, 39321, 2290, 2114, 2247, 2261]
[30, 39321, 2115, 2117, 2201, 2207]
[30, 39321, 2164, 2143, 2236, 2317]
[30, 39321, 2215, 2141, 2168, 2270]
[30, 39321, 2096, 2189, 2221, 2264]
[30, 39321, 2162, 2109, 2250, 2169]
[30, 39321, 2255, 2104, 2130, 2276]
[30, 39321, 2092, 2281, 2204, 2163]
[30, 39321, 2125, 2159, 2144, 2260]
[30, 39321, 2224, 2193, 2154, 2188]
[30, 39321, 2166, 2135, 2188, 2181]
[30, 39321, 2253, 2288, 2203, 2169]
[30, 39321, 2137, 2186, 2206, 2168]
[30, 39321, 2183, 2235, 2146, 2225]
[30, 39321, 2141, 2183, 2171, 2191]
[30, 39321, 2192, 2163, 2232, 2160]
[30, 39321, 2261, 2214, 2211, 2192]
[30, 39321, 2121, 2305, 2229, 2164]
[30, 39321, 2242, 2276, 2139, 2175]
[30, 39321, 2361, 2198, 2203, 2269]
[30, 39321, 2203, 2169, 2229, 2073]
[30, 39321, 2203, 2105, 2171, 2194]
[30, 39321, 2121, 2170, 2209, 2191]
[30, 39321, 2213, 2164, 2105, 2260]
[30, 39321, 2201, 2284, 2107, 2168]
[30, 39321, 2168, 2226, 2185, 2157]
[35, 45875, 2906, 2934, 2931, 2941]
[35, 45875, 3021, 2952, 2927, 2924]
[35, 45875, 2934, 2905, 2885, 2907]
[35, 45875, 2802, 3107, 3032, 2891]
[35, 45875, 3002, 2948, 2899, 3023]
[35, 45875, 2837, 2884, 2840, 2982]
[35, 45875, 2874, 3021, 2849, 2967]
[35, 45875, 2823, 2826, 2927, 2985]
[35, 45875, 2947, 2968, 2899, 2977]
[35, 45875, 2932, 2895, 2983, 2917]
[35, 45875, 2952, 2872, 2904, 2959]
[35, 45875, 2950, 2979, 2975, 2983]
[35, 45875, 3033, 3008, 2923, 2908]
[35, 45875, 2946, 2946, 2882, 2885]
[35, 45875, 2976, 2924, 3000, 2936]
[35, 45875, 3026, 2882, 2836, 3007]
[35, 45875, 3044, 2728, 2903, 3043]
[35, 45875, 2875, 2870, 3014, 2891]
[35, 45875, 2913, 2815, 2945, 2964]
[35, 45875, 2939, 3048, 2873, 2948]
[35, 45875, 2893, 2964, 2964, 2908]
[35, 45875, 2944, 2980, 2947, 3038]
[35, 45875, 2875, 2906, 2923, 2813]
[35, 45875, 3008, 3019, 2919, 2883]
[35, 45875, 2977, 3006, 2817, 2863]
[35, 45875, 2907, 2969, 2811, 3125]
[35, 45875, 2972, 3023, 3077, 2818]
[35, 45875, 2986, 2919, 2888, 2867]
[35, 45875, 2824, 2973, 2836, 2906]
[35, 45875, 2926, 2904, 2876, 3023]
[35, 45875, 2947, 2967, 2949, 2964]
[35, 45875, 2983, 2943, 3060, 2831]
[35, 45875, 2888, 2872, 3003, 2956]
[35, 45875, 2877, 2912, 2882, 2956]
[35, 45875, 2817, 2954, 2971, 2894]
[35, 45875, 2945, 2974, 2993, 2915]
[35, 45875, 2856, 2864, 2922, 2889]
[35, 45875, 2926, 3056, 2926, 2985]
[35, 45875, 2842, 3062, 2805, 2959]
[35, 45875, 2794, 2951, 2905, 2980]
[35, 45875, 2904, 2923, 2964, 2985]
[35, 45875, 2936, 2932, 3052, 2882]
[35, 45875, 2980, 2947, 2894, 2910]
[35, 45875, 2829, 2846, 2894, 2916]
[35, 45875, 3025, 3015, 3041, 2913]
[35, 45875, 2870, 2946, 3087, 2751]
[35, 45875, 3080, 2924, 2995, 2800]
[35, 45875, 2906, 2958, 2986, 3021]
[35, 45875, 2893, 2951, 2851, 2871]
[35, 45875, 2910, 2882, 3028, 2933]
[35, 45875, 2970, 2960, 2969, 2915]
[35, 45875, 2926, 2961, 2807, 2805]
[35, 45875, 2902, 2988, 2907, 2778]
[35, 45875, 2881, 2892, 2915, 2987]
[35, 45875, 2856, 2885, 3040, 3073]
[35, 45875, 2936, 2988, 2850, 3017]
[35, 45875, 3100, 2919, 2854, 2939]
[35, 45875, 2985, 3070, 3003, 2821]
[35, 45875, 2895, 2921, 2859, 2835]
[35, 45875, 2864, 2922, 2927, 2963]
[35, 45875, 2907, 2965, 2831, 3052]
[35, 45875, 2901, 2980, 2839, 2905]
[35, 45875, 2968, 2930, 2995, 2944]
[35, 45875, 2987, 2943, 2972, 3006]
[35, 45875, 2827, 2924, 3008, 2836]
[35, 45875, 2832, 2915, 3073, 2968]
[35, 45875, 2932, 2899, 2887, 2933]
[35, 45875, 2907, 2940, 2844, 2894]
[35, 45875, 2955, 2965, 2911, 2899]
[35, 45875, 2930, 2860, 2762, 3015]
[35, 45875, 2923, 2972, 2979, 2858]
[35, 45875, 2785, 2763, 3034, 3030]
[35, 45875, 2913, 2926, 2899, 2965]
[35, 45875, 3000, 2947, 2879, 3028]
[35, 45875, 2829, 2892, 3012, 2886]
[35, 45875, 2965, 2930, 2889, 2903]
[35, 45875, 2942, 2940, 3021, 3002]
[35, 45875, 2909, 2890, 2985, 2946]
[35, 45875, 2867, 2967, 2866, 2966]
[35, 45875, 2884, 2901, 2914, 2920]
[35, 45875, 2899, 2893, 2942, 3012]
[35, 45875, 2896, 3092, 2843, 2973]
[35, 45875, 2900, 2994, 3001, 2934]
[35, 45875, 3003, 2883, 3017, 2957]
[35, 45875, 2924, 2932, 2966, 2974]
[35, 45875, 3027, 2869, 2922, 2885]
[35, 45875, 2995, 2981, 2913, 2876]
[35, 45875, 3020, 2958, 2933, 2867]
[35, 45875, 2947, 2993, 2933, 2908]
[35, 45875, 2916, 2895, 2809, 2964]
[35, 45875, 3004, 2981, 2949, 2841]
[35, 45875, 2916, 2954, 2948, 3010]
[35, 45875, 2932, 2922, 2865, 2882]
[35, 45875, 2972, 3006, 2908, 2926]
[35, 45875, 2994, 2893, 3044, 2877]
[35, 45875, 3007, 2921, 2979, 2862]
[35, 45875, 2914, 2912, 2956, 2853]
[35, 45875, 2910, 2967, 2908, 3000]
[35, 45875, 2938, 3027, 2889, 2985]
[35, 45875, 2900, 2942, 2906, 2958]
[40, 52428, 3728, 3739, 3726, 3791]
[40, 52428, 3861, 3774, 3727, 3785]
[40, 52428, 3792, 3744, 3714, 3645]
[40, 52428, 3638, 3694, 3921, 3738]
[40, 52428, 3901, 3697, 3752, 3878]
[40, 52428, 3647, 3796, 3762, 3886]
[40, 52428, 3684, 3806, 3843, 3789]
[40, 52428, 3789, 3878, 3708, 3787]
[40, 52428, 3797, 3724, 3736, 3835]
[40, 52428, 3652, 3739, 3817, 3757]
[40, 52428, 3733, 3688, 3615, 3847]
[40, 52428, 3701, 3673, 3699, 3816]
[40, 52428, 3960, 3799, 3718, 3755]
[40, 52428, 3797, 3951, 3765, 3687]
[40, 52428, 3777, 3763, 3777, 3823]
[40, 52428, 3821, 3705, 3701, 3778]
[40, 52428, 3821, 3560, 3682, 3861]
[40, 52428, 3747, 3667, 3761, 3892]
[40, 52428, 3769, 3840, 3760, 3663]
[40, 52428, 3691, 3902, 3750, 3790]
[40, 52428, 3696, 3734, 3895, 3871]
[40, 52428, 3772, 3778, 3763, 3829]
[40, 52428, 3700, 3899, 3845, 3689]
[40, 52428, 3902, 3882, 3845, 3813]
[40, 52428, 3903, 3890, 3697, 3725]
[40, 52428, 3689, 3764, 3663, 3876]
[40, 52428, 3643, 3797, 3850, 3754]
[40, 52428, 3707, 3776, 3813, 3743]
[40, 52428, 3734, 3780, 3787, 3822]
[40, 52428, 3852, 3758, 3805, 3818]
[40, 52428, 3768, 3766, 3786, 3783]
[40, 52428, 3830, 3762, 3894, 3714]
[40, 52428, 3737, 3808, 3788, 3844]
[40, 52428, 3745, 3813, 3934, 3933]
[40, 52428, 3796, 3692, 3800, 3633]
[40, 52428, 3853, 3800, 3759, 3837]
[40, 52428, 3792, 3684, 3685, 3804]
[40, 52428, 3797, 3721, 3755, 3782]
[40, 52428, 3842, 3892, 3698, 3916]
[40, 52428, 3726, 3747, 3880, 3814]
[40, 52428, 3747, 3753, 3681, 3829]
[40, 52428, 3825, 3895, 3728, 3749]
[40, 52428, 3870, 3753, 3747, 3791]
[40, 52428, 3815, 3769, 3869, 3700]
[40, 52428, 3724, 3688, 3876, 3690]
[40, 52428, 3747, 3805, 3820, 3588]
[40, 52428, 3953, 3741, 3821, 3763]
[40, 52428, 3673, 3819, 3797, 3813]
[40, 52428, 3657, 3665, 3766, 3786]
[40, 52428, 3768, 3739, 3939, 3841]
[40, 52428, 3859, 3790, 3746, 3684]
[40, 52428, 3856, 3910, 3613, 3667]
[40, 52428, 3852, 3836, 3775, 3616]
[40, 52428, 3695, 3810, 3687, 3838]
[40, 52428, 3677, 3625, 3743, 3878]
[40, 52428, 3794, 3823, 3687, 3920]
[40, 52428, 3860, 3823, 3791, 3646]
[40, 52428, 3834, 3979, 3842, 3681]
[40, 52428, 3844, 3709, 3662, 3793]
[40, 52428, 3730, 3755, 3679, 3779]
[40, 52428, 3798, 3686, 3801, 3896]
[40, 52428, 3796, 3910, 3734, 3751]
[40, 52428, 3682, 3864, 3853, 3798]
[40, 52428, 3729, 3748, 3693, 3754]
[40, 52428, 3819, 3659, 3896, 3792]
[40, 52428, 3704, 3776, 3884, 3757]
[40, 52428, 3785, 3743, 3754, 3732]
[40, 52428, 3885, 3786, 3731, 3798]
[40, 52428, 3732, 3833, 3789, 3680]
[40, 52428, 3738, 3791, 3744, 3806]
[40, 52428, 3660, 3803, 3775, 3741]
[40, 52428, 3605, 3628, 3842, 4026]
[40, 52428, 3768, 3682, 3756, 3671]
[40, 52428, 3820, 3728, 3733, 3843]
[40, 52428, 3677, 3746, 3840, 3701]
[40, 52428, 3729, 3682, 3894, 3683]
[40, 52428, 3711, 3740, 3873, 3811]
[40, 52428, 3754, 3728, 3664, 3880]
[40, 52428, 3626, 3746, 3797, 3837]
[40, 52428, 3652, 3594, 3772, 3822]
[40, 52428, 3786, 3695, 3794, 3950]
[40, 52428, 3744, 3824, 3772, 3725]
[40, 52428, 3641, 3781, 3720, 3781]
[40, 52428, 3813, 3800, 3732, 3759]
[40, 52428, 3723, 3788, 3790, 3742]
[40, 52428, 3785, 3777, 3788, 3854]
[40, 52428, 3785, 3814, 3637, 3871]
[40, 52428, 3857, 3716, 3799, 3693]
[40, 52428, 3807, 3739, 3828, 3815]
[40, 52428, 3738, 3735, 3750, 3859]
[40, 52428, 3718, 3703, 3928, 3733]
[40, 52428, 3822, 3855, 3806, 3819]
[40, 52428, 3811, 3830, 3764, 3721]
[40, 52428, 3756, 3752, 3807, 3806]
[40, 52428, 3927, 3815, 3826, 3666]
[40, 52428, 3761, 3727, 3933, 3746]
[40, 52428, 3838, 3712, 3749, 3858]
[40, 52428, 3757, 3772, 3733, 3892]
[40, 52428, 3778, 3712, 3780, 3778]
[40, 52428, 3740, 3711, 3662, 3835]
