[1, 1310, 1]
[1, 1310, 0]
[1, 1310, 0]
[1, 1310, 0]
[1, 1310, 0]
[1, 1310, 0]
[1, 1310, 1]
[1, 1310, 0]
[1, 1310, 0]
[1, 1310, 0]
[1, 1310, 0]
[1, 1310, 0]
[1, 1310, 0]
[1, 1310, 0]
[1, 1310, 0]
[1, 1310, 0]
[1, 1310, 0]
[1, 1310, 0]
[1, 1310, 1]
[1, 1310, 0]
[1, 1310, 1]
[1, 1310, 1]
[1, 1310, 0]
[1, 1310, 0]
[1, 1310, 0]
[1, 1310, 0]
[1, 1310, 0]
[1, 1310, 0]
[1, 1310, 0]
[1, 1310, 0]
[1, 1310, 0]
[1, 1310, 3]
[1, 1310, 0]
[1, 1310, 0]
[1, 1310, 0]
[1, 1310, 1]
[1, 1310, 0]
[1, 1310, 4]
[1, 1310, 0]
[1, 1310, 0]
[1, 1310, 2]
[1, 1310, 0]
[1, 1310, 0]
[1, 1310, 0]
[1, 1310, 0]
[1, 1310, 0]
[1, 1310, 0]
[1, 1310, 2]
[1, 1310, 0]
[1, 1310, 0]
[1, 1310, 1]
[1, 1310, 2]
[1, 1310, 0]
[1, 1310, 1]
[1, 1310, 0]
[1, 1310, 0]
[1, 1310, 0]
[1, 1310, 0]
[1, 1310, 1]
[1, 1310, 1]
[1, 1310, 2]
[1, 1310, 0]
[1, 1310, 0]
[1, 1310, 0]
[1, 1310, 0]
[1, 1310, 0]
[1, 1310, 0]
[1, 1310, 0]
[1, 1310, 0]
[1, 1310, 0]
[1, 1310, 0]
[1, 1310, 0]
[1, 1310, 0]
[1, 1310, 0]
[1, 1310, 0]
[1, 1310, 1]
[1, 1310, 0]
[1, 1310, 0]
[1, 1310, 0]
[1, 1310, 0]
[1, 1310, 0]
[1, 1310, 0]
[1, 1310, 0]
[1, 1310, 0]
[1, 1310, 0]
[1, 1310, 0]
[1, 1310, 1]
[1, 1310, 1]
[1, 1310, 0]
[1, 1310, 1]
[1, 1310, 0]
[1, 1310, 0]
[1, 1310, 0]
[1, 1310, 0]
[1, 1310, 1]
[1, 1310, 0]
[1, 1310, 1]
[1, 1310, 0]
[1, 1310, 0]
[1, 1310, 0]
[2, 2621, 3]
[2, 2621, 1]
[2, 2621, 0]
[2, 2621, 0]
[2, 2621, 0]
[2, 2621, 0]
[2, 2621, 1]
[2, 2621, 2]
[2, 2621, 0]
[2, 2621, 0]
[2, 2621, 0]
[2, 2621, 2]
[2, 2621, 3]
[2, 2621, 1]
[2, 2621, 1]
[2, 2621, 3]
[2, 2621, 1]
[2, 2621, 0]
[2, 2621, 1]
[2, 2621, 3]
[2, 2621, 0]
[2, 2621, 0]
[2, 2621, 1]
[2, 2621, 5]
[2, 2621, 4]
[2, 2621, 1]
[2, 2621, 1]
[2, 2621, 5]
[2, 2621, 0]
[2, 2621, 5]
[2, 2621, 0]
[2, 2621, 0]
[2, 2621, 0]
[2, 2621, 1]
[2, 2621, 1]
[2, 2621, 0]
[2, 2621, 1]
[2, 2621, 5]
[2, 2621, 1]
[2, 2621, 0]
[2, 2621, 0]
[2, 2621, 0]
[2, 2621, 1]
[2, 2621, 2]
[2, 2621, 2]
[2, 2621, 2]
[2, 2621, 0]
[2, 2621, 2]
[2, 2621, 0]
[2, 2621, 2]
[2, 2621, 1]
[2, 2621, 1]
[2, 2621, 2]
[2, 2621, 2]
[2, 2621, 0]
[2, 2621, 1]
[2, 2621, 1]
[2, 2621, 0]
[2, 2621, 2]
[2, 2621, 0]
[2, 2621, 0]
[2, 2621, 0]
[2, 2621, 2]
[2, 2621, 3]
[2, 2621, 1]
[2, 2621, 0]
[2, 2621, 0]
[2, 2621, 0]
[2, 2621, 2]
[2, 2621, 2]
[2, 2621, 1]
[2, 2621, 0]
[2, 2621, 1]
[2, 2621, 2]
[2, 2621, 1]
[2, 2621, 0]
[2, 2621, 2]
[2, 2621, 1]
[2, 2621, 1]
[2, 2621, 0]
[2, 2621, 2]
[2, 2621, 7]
[2, 2621, 1]
[2, 2621, 0]
[2, 2621, 3]
[2, 2621, 1]
[2, 2621, 1]
[2, 2621, 2]
[2, 2621, 2]
[2, 2621, 1]
[2, 2621, 3]
[2, 2621, 0]
[2, 2621, 0]
[2, 2621, 1]
[2, 2621, 2]
[2, 2621, 1]
[2, 2621, 0]
[2, 2621, 0]
[2, 2621, 0]
[2, 2621, 1]
[5, 6553, 9]
[5, 6553, 12]
[5, 6553, 4]
[5, 6553, 15]
[5, 6553, 11]
[5, 6553, 4]
[5, 6553, 8]
[5, 6553, 7]
[5, 6553, 13]
[5, 6553, 6]
[5, 6553, 4]
[5, 6553, 8]
[5, 6553, 12]
[5, 6553, 10]
[5, 6553, 8]
[5, 6553, 8]
[5, 6553, 14]
[5, 6553, 13]
[5, 6553, 28]
[5, 6553, 8]
[5, 6553, 15]
[5, 6553, 12]
[5, 6553, 9]
[5, 6553, 16]
[5, 6553, 10]
[5, 6553, 18]
[5, 6553, 11]
[5, 6553, 19]
[5, 6553, 12]
[5, 6553, 16]
[5, 6553, 13]
[5, 6553, 16]
[5, 6553, 10]
[5, 6553, 14]
[5, 6553, 9]
[5, 6553, 13]
[5, 6553, 13]
[5, 6553, 8]
[5, 6553, 20]
[5, 6553, 9]
[5, 6553, 14]
[5, 6553, 8]
[5, 6553, 4]
[5, 6553, 14]
[5, 6553, 8]
[5, 6553, 12]
[5, 6553, 16]
[5, 6553, 17]
[5, 6553, 14]
[5, 6553, 12]
[5, 6553, 13]
[5, 6553, 6]
[5, 6553, 13]
[5, 6553, 16]
[5, 6553, 15]
[5, 6553, 13]
[5, 6553, 18]
[5, 6553, 8]
[5, 6553, 6]
[5, 6553, 16]
[5, 6553, 15]
[5, 6553, 12]
[5, 6553, 7]
[5, 6553, 8]
[5, 6553, 19]
[5, 6553, 15]
[5, 6553, 13]
[5, 6553, 20]
[5, 6553, 11]
[5, 6553, 9]
[5, 6553, 19]
[5, 6553, 3]
[5, 6553, 6]
[5, 6553, 6]
[5, 6553, 9]
[5, 6553, 14]
[5, 6553, 11]
[5, 6553, 7]
[5, 6553, 5]
[5, 6553, 12]
[5, 6553, 12]
[5, 6553, 9]
[5, 6553, 14]
[5, 6553, 6]
[5, 6553, 6]
[5, 6553, 7]
[5, 6553, 5]
[5, 6553, 8]
[5, 6553, 8]
[5, 6553, 9]
[5, 6553, 8]
[5, 6553, 12]
[5, 6553, 7]
[5, 6553, 7]
[5, 6553, 11]
[5, 6553, 15]
[5, 6553, 6]
[5, 6553, 15]
[5, 6553, 17]
[5, 6553, 12]
[10, 13107, 70]
[10, 13107, 77]
[10, 13107, 59]
[10, 13107, 61]
[10, 13107, 89]
[10, 13107, 63]
[10, 13107, 60]
[10, 13107, 66]
[10, 13107, 82]
[10, 13107, 84]
[10, 13107, 86]
[10, 13107, 68]
[10, 13107, 70]
[10, 13107, 63]
[10, 13107, 71]
[10, 13107, 87]
[10, 13107, 55]
[10, 13107, 60]
[10, 13107, 65]
[10, 13107, 52]
[10, 13107, 82]
[10, 13107, 60]
[10, 13107, 58]
[10, 13107, 49]
[10, 13107, 56]
[10, 13107, 65]
[10, 13107, 76]
[10, 13107, 74]
[10, 13107, 72]
[10, 13107, 77]
[10, 13107, 63]
[10, 13107, 64]
[10, 13107, 87]
[10, 13107, 67]
[10, 13107, 66]
[10, 13107, 67]
[10, 13107, 43]
[10, 13107, 87]
[10, 13107, 64]
[10, 13107, 55]
[10, 13107, 68]
[10, 13107, 71]
[10, 13107, 69]
[10, 13107, 80]
[10, 13107, 61]
[10, 13107, 87]
[10, 13107, 69]
[10, 13107, 54]
[10, 13107, 58]
[10, 13107, 72]
[10, 13107, 76]
[10, 13107, 85]
[10, 13107, 75]
[10, 13107, 53]
[10, 13107, 64]
[10, 13107, 66]
[10, 13107, 68]
[10, 13107, 62]
[10, 13107, 56]
[10, 13107, 65]
[10, 13107, 62]
[10, 13107, 58]
[10, 13107, 74]
[10, 13107, 86]
[10, 13107, 71]
[10, 13107, 57]
[10, 13107, 85]
[10, 13107, 83]
[10, 13107, 63]
[10, 13107, 83]
[10, 13107, 75]
[10, 13107, 69]
[10, 13107, 68]
[10, 13107, 83]
[10, 13107, 42]
[10, 13107, 74]
[10, 13107, 54]
[10, 13107, 76]
[10, 13107, 69]
[10, 13107, 66]
[10, 13107, 74]
[10, 13107, 62]
[10, 13107, 78]
[10, 13107, 83]
[10, 13107, 73]
[10, 13107, 71]
[10, 13107, 65]
[10, 13107, 78]
[10, 13107, 44]
[10, 13107, 59]
[10, 13107, 64]
[10, 13107, 72]
[10, 13107, 70]
[10, 13107, 89]
[10, 13107, 47]
[10, 13107, 68]
[10, 13107, 67]
[10, 13107, 64]
[10, 13107, 95]
[10, 13107, 73]
[15, 19660, 195]
[15, 19660, 213]
[15, 19660, 217]
[15, 19660, 204]
[15, 19660, 209]
[15, 19660, 282]
[15, 19660, 197]
[15, 19660, 190]
[15, 19660, 188]
[15, 19660, 225]
[15, 19660, 206]
[15, 19660, 188]
[15, 19660, 208]
[15, 19660, 193]
[15, 19660, 231]
[15, 19660, 224]
[15, 19660, 203]
[15, 19660, 224]
[15, 19660, 238]
[15, 19660, 179]
[15, 19660, 239]
[15, 19660, 187]
[15, 19660, 193]
[15, 19660, 194]
[15, 19660, 201]
[15, 19660, 189]
[15, 19660, 210]
[15, 19660, 192]
[15, 19660, 212]
[15, 19660, 174]
[15, 19660, 231]
[15, 19660, 170]
[15, 19660, 209]
[15, 19660, 213]
[15, 19660, 244]
[15, 19660, 267]
[15, 19660, 205]
[15, 19660, 202]
[15, 19660, 216]
[15, 19660, 232]
[15, 19660, 215]
[15, 19660, 216]
[15, 19660, 197]
[15, 19660, 206]
[15, 19660, 215]
[15, 19660, 221]
[15, 19660, 201]
[15, 19660, 208]
[15, 19660, 208]
[15, 19660, 191]
[15, 19660, 229]
[15, 19660, 231]
[15, 19660, 184]
[15, 19660, 193]
[15, 19660, 193]
[15, 19660, 205]
[15, 19660, 188]
[15, 19660, 198]
[15, 19660, 190]
[15, 19660, 180]
[15, 19660, 195]
[15, 19660, 222]
[15, 19660, 213]
[15, 19660, 227]
[15, 19660, 200]
[15, 19660, 185]
[15, 19660, 213]
[15, 19660, 171]
[15, 19660, 213]
[15, 19660, 192]
[15, 19660, 248]
[15, 19660, 244]
[15, 19660, 198]
[15, 19660, 200]
[15, 19660, 224]
[15, 19660, 204]
[15, 19660, 195]
[15, 19660, 231]
[15, 19660, 197]
[15, 19660, 239]
[15, 19660, 217]
[15, 19660, 185]
[15, 19660, 232]
[15, 19660, 187]
[15, 19660, 188]
[15, 19660, 206]
[15, 19660, 223]
[15, 19660, 214]
[15, 19660, 217]
[15, 19660, 233]
[15, 19660, 193]
[15, 19660, 229]
[15, 19660, 198]
[15, 19660, 208]
[15, 19660, 218]
[15, 19660, 214]
[15, 19660, 189]
[15, 19660, 195]
[15, 19660, 191]
[15, 19660, 206]
[20, 26214, 411]
[20, 26214, 472]
[20, 26214, 424]
[20, 26214, 485]
[20, 26214, 491]
[20, 26214, 487]
[20, 26214, 413]
[20, 26214, 453]
[20, 26214, 442]
[20, 26214, 425]
[20, 26214, 510]
[20, 26214, 457]
[20, 26214, 485]
[20, 26214, 451]
[20, 26214, 466]
[20, 26214, 467]
[20, 26214, 481]
[20, 26214, 404]
[20, 26214, 447]
[20, 26214, 433]
[20, 26214, 530]
[20, 26214, 463]
[20, 26214, 393]
[20, 26214, 453]
[20, 26214, 482]
[20, 26214, 509]
[20, 26214, 433]
[20, 26214, 503]
[20, 26214, 438]
[20, 26214, 421]
[20, 26214, 466]
[20, 26214, 393]
[20, 26214, 480]
[20, 26214, 425]
[20, 26214, 433]
[20, 26214, 450]
[20, 26214, 438]
[20, 26214, 416]
[20, 26214, 484]
[20, 26214, 461]
[20, 26214, 448]
[20, 26214, 466]
[20, 26214, 413]
[20, 26214, 431]
[20, 26214, 482]
[20, 26214, 481]
[20, 26214, 390]
[20, 26214, 444]
[20, 26214, 418]
[20, 26214, 505]
[20, 26214, 476]
[20, 26214, 486]
[20, 26214, 400]
[20, 26214, 413]
[20, 26214, 465]
[20, 26214, 445]
[20, 26214, 464]
[20, 26214, 465]
[20, 26214, 459]
[20, 26214, 443]
[20, 26214, 439]
[20, 26214, 476]
[20, 26214, 463]
[20, 26214, 467]
[20, 26214, 474]
[20, 26214, 457]
[20, 26214, 453]
[20, 26214, 420]
[20, 26214, 460]
[20, 26214, 431]
[20, 26214, 472]
[20, 26214, 414]
[20, 26214, 428]
[20, 26214, 463]
[20, 26214, 469]
[20, 26214, 441]
[20, 26214, 465]
[20, 26214, 453]
[20, 26214, 501]
[20, 26214, 470]
[20, 26214, 469]
[20, 26214, 427]
[20, 26214, 431]
[20, 26214, 426]
[20, 26214, 447]
[20, 26214, 471]
[20, 26214, 495]
[20, 26214, 439]
[20, 26214, 457]
[20, 26214, 481]
[20, 26214, 465]
[20, 26214, 453]
[20, 26214, 478]
[20, 26214, 441]
[20, 26214, 441]
[20, 26214, 502]
[20, 26214, 437]
[20, 26214, 451]
[20, 26214, 468]
[20, 26214, 422]
[25, 32768, 772]
[25, 32768, 803]
[25, 32768, 919]
[25, 32768, 898]
[25, 32768, 819]
[25, 32768, 823]
[25, 32768, 812]
[25, 32768, 782]
[25, 32768, 836]
[25, 32768, 827]
[25, 32768, 878]
[25, 32768, 876]
[25, 32768, 816]
[25, 32768, 808]
[25, 32768, 906]
[25, 32768, 791]
[25, 32768, 890]
[25, 32768, 868]
[25, 32768, 903]
[25, 32768, 847]
[25, 32768, 878]
[25, 32768, 873]
[25, 32768, 838]
[25, 32768, 802]
[25, 32768, 773]
[25, 32768, 830]
[25, 32768, 842]
[25, 32768, 813]
[25, 32768, 933]
[25, 32768, 837]
[25, 32768, 779]
[25, 32768, 808]
[25, 32768, 851]
[25, 32768, 827]
[25, 32768, 797]
[25, 32768, 821]
[25, 32768, 767]
[25, 32768, 871]
[25, 32768, 866]
[25, 32768, 797]
[25, 32768, 822]
[25, 32768, 900]
[25, 32768, 850]
[25, 32768, 811]
[25, 32768, 818]
[25, 32768, 904]
[25, 32768, 826]
[25, 32768, 802]
[25, 32768, 836]
[25, 32768, 834]
[25, 32768, 812]
[25, 32768, 861]
[25, 32768, 815]
[25, 32768, 840]
[25, 32768, 845]
[25, 32768, 792]
[25, 32768, 805]
[25, 32768, 797]
[25, 32768, 887]
[25, 32768, 787]
[25, 32768, 726]
[25, 32768, 869]
[25, 32768, 803]
[25, 32768, 833]
[25, 32768, 901]
[25, 32768, 817]
[25, 32768, 866]
[25, 32768, 816]
[25, 32768, 797]
[25, 32768, 748]
[25, 32768, 865]
[25, 32768, 820]
[25, 32768, 763]
[25, 32768, 811]
[25, 32768, 758]
[25, 32768, 867]
[25, 32768, 808]
[25, 32768, 844]
[25, 32768, 854]
[25, 32768, 883]
[25, 32768, 827]
[25, 32768, 846]
[25, 32768, 879]
[25, 32768, 833]
[25, 32768, 879]
[25, 32768, 906]
[25, 32768, 812]
[25, 32768, 804]
[25, 32768, 859]
[25, 32768, 862]
[25, 32768, 798]
[25, 32768, 810]
[25, 32768, 867]
[25, 32768, 794]
[25, 32768, 829]
[25, 32768, 913]
[25, 32768, 836]
[25, 32768, 828]
[25, 32768, 821]
[25, 32768, 842]
[30, 39321, 1417]
[30, 39321, 1474]
[30, 39321, 1327]
[30, 39321, 1458]
[30, 39321, 1358]
[30, 39321, 1286]
[30, 39321, 1266]
[30, 39321, 1327]
[30, 39321, 1288]
[30, 39321, 1435]
[30, 39321, 1337]
[30, 39321, 1400]
[30, 39321, 1342]
[30, 39321, 1379]
[30, 39321, 1294]
[30, 39321, 1370]
[30, 39321, 1441]
[30, 39321, 1382]
[30, 39321, 1425]
[30, 39321, 1372]
[30, 39321, 1513]
[30, 39321, 1350]
[30, 39321, 1370]
[30, 39321, 1498]
[30, 39321, 1427]
[30, 39321, 1484]
[30, 39321, 1395]
[30, 39321, 1328]
[30, 39321, 1393]
[30, 39321, 1434]
[30, 39321, 1372]
[30, 39321, 1305]
[30, 39321, 1374]
[30, 39321, 1405]
[30, 39321, 1398]
[30, 39321, 1479]
[30, 39321, 1329]
[30, 39321, 1374]
[30, 39321, 1518]
[30, 39321, 1507]
[30, 39321, 1386]
[30, 39321, 1460]
[30, 39321, 1411]
[30, 39321, 1384]
[30, 39321, 1325]
[30, 39321, 1483]
[30, 39321, 1300]
[30, 39321, 1340]
[30, 39321, 1327]
[30, 39321, 1310]
[30, 39321, 1251]
[30, 39321, 1369]
[30, 39321, 1275]
[30, 39321, 1379]
[30, 39321, 1370]
[30, 39321, 1395]
[30, 39321, 1321]
[30, 39321, 1395]
[30, 39321, 1334]
[30, 39321, 1280]
[30, 39321, 1274]
[30, 39321, 1381]
[30, 39321, 1337]
[30, 39321, 1399]
[30, 39321, 1404]
[30, 39321, 1395]
[30, 39321, 1369]
[30, 39321, 1318]
[30, 39321, 1321]
[30, 39321, 1308]
[30, 39321, 1402]
[30, 39321, 1279]
[30, 39321, 1363]
[30, 39321, 1471]
[30, 39321, 1330]
[30, 39321, 1360]
[30, 39321, 1460]
[30, 39321, 1488]
[30, 39321, 1339]
[30, 39321, 1298]
[30, 39321, 1371]
[30, 39321, 1468]
[30, 39321, 1348]
[30, 39321, 1331]
[30, 39321, 1316]
[30, 39321, 1327]
[30, 39321, 1380]
[30, 39321, 1378]
[30, 39321, 1434]
[30, 39321, 1381]
[30, 39321, 1386]
[30, 39321, 1371]
[30, 39321, 1362]
[30, 39321, 1366]
[30, 39321, 1371]
[30, 39321, 1396]
[30, 39321, 1289]
[30, 39321, 1369]
[30, 39321, 1363]
[30, 39321, 1326]
[35, 45875, 2095]
[35, 45875, 2086]
[35, 45875, 2066]
[35, 45875, 2037]
[35, 45875, 2031]
[35, 45875, 2102]
[35, 45875, 1978]
[35, 45875, 1982]
[35, 45875, 2052]
[35, 45875, 2096]
[35, 45875, 2092]
[35, 45875, 2183]
[35, 45875, 1964]
[35, 45875, 1990]
[35, 45875, 2119]
[35, 45875, 2032]
[35, 45875, 2196]
[35, 45875, 2079]
[35, 45875, 2179]
[35, 45875, 2083]
[35, 45875, 2104]
[35, 45875, 2103]
[35, 45875, 1908]
[35, 45875, 2065]
[35, 45875, 2172]
[35, 45875, 2104]
[35, 45875, 1965]
[35, 45875, 2141]
[35, 45875, 2025]
[35, 45875, 2056]
[35, 45875, 2007]
[35, 45875, 1995]
[35, 45875, 2135]
[35, 45875, 2063]
[35, 45875, 2119]
[35, 45875, 2208]
[35, 45875, 2078]
[35, 45875, 2115]
[35, 45875, 2073]
[35, 45875, 2084]
[35, 45875, 2042]
[35, 45875, 2181]
[35, 45875, 2139]
[35, 45875, 2071]
[35, 45875, 2039]
[35, 45875, 2063]
[35, 45875, 2125]
[35, 45875, 2030]
[35, 45875, 2039]
[35, 45875, 1982]
[35, 45875, 2052]
[35, 45875, 2146]
[35, 45875, 2107]
[35, 45875, 2017]
[35, 45875, 2035]
[35, 45875, 2192]
[35, 45875, 2137]
[35, 45875, 1995]
[35, 45875, 2190]
[35, 45875, 1918]
[35, 45875, 1912]
[35, 45875, 2034]
[35, 45875, 2003]
[35, 45875, 2016]
[35, 45875, 1984]
[35, 45875, 2026]
[35, 45875, 2087]
[35, 45875, 1891]
[35, 45875, 2101]
[35, 45875, 2038]
[35, 45875, 2208]
[35, 45875, 2004]
[35, 45875, 2026]
[35, 45875, 2168]
[35, 45875, 1966]
[35, 45875, 1993]
[35, 45875, 2093]
[35, 45875, 2185]
[35, 45875, 2162]
[35, 45875, 2069]
[35, 45875, 1999]
[35, 45875, 2090]
[35, 45875, 2055]
[35, 45875, 2045]
[35, 45875, 2051]
[35, 45875, 1961]
[35, 45875, 2069]
[35, 45875, 2202]
[35, 45875, 2104]
[35, 45875, 2112]
[35, 45875, 2059]
[35, 45875, 2119]
[35, 45875, 2059]
[35, 45875, 2064]
[35, 45875, 1973]
[35, 45875, 2148]
[35, 45875, 2081]
[35, 45875, 1948]
[35, 45875, 2041]
[35, 45875, 2051]
[40, 52428, 2937]
[40, 52428, 3002]
[40, 52428, 2947]
[40, 52428, 3030]
[40, 52428, 2993]
[40, 52428, 2896]
[40, 52428, 2948]
[40, 52428, 2796]
[40, 52428, 2869]
[40, 52428, 3034]
[40, 52428, 3074]
[40, 52428, 2960]
[40, 52428, 2892]
[40, 52428, 2932]
[40, 52428, 2958]
[40, 52428, 2867]
[40, 52428, 2960]
[40, 52428, 2868]
[40, 52428, 3098]
[40, 52428, 2893]
[40, 52428, 2958]
[40, 52428, 3085]
[40, 52428, 2796]
[40, 52428, 2885]
[40, 52428, 2942]
[40, 52428, 3002]
[40, 52428, 2869]
[40, 52428, 2871]
[40, 52428, 2925]
[40, 52428, 2847]
[40, 52428, 2980]
[40, 52428, 2899]
[40, 52428, 3057]
[40, 52428, 2954]
[40, 52428, 3001]
[40, 52428, 3115]
[40, 52428, 2918]
[40, 52428, 2972]
[40, 52428, 2911]
[40, 52428, 2989]
[40, 52428, 2844]
[40, 52428, 2900]
[40, 52428, 2970]
[40, 52428, 2955]
[40, 52428, 2886]
[40, 52428, 2914]
[40, 52428, 2992]
[40, 52428, 2888]
[40, 52428, 2981]
[40, 52428, 2876]
[40, 52428, 2942]
[40, 52428, 3005]
[40, 52428, 2978]
[40, 52428, 3114]
[40, 52428, 2823]
[40, 52428, 2902]
[40, 52428, 3071]
[40, 52428, 2939]
[40, 52428, 2946]
[40, 52428, 2771]
[40, 52428, 2971]
[40, 52428, 2901]
[40, 52428, 2788]
[40, 52428, 2966]
[40, 52428, 2959]
[40, 52428, 2953]
[40, 52428, 2878]
[40, 52428, 2974]
[40, 52428, 2933]
[40, 52428, 2822]
[40, 52428, 3050]
[40, 52428, 2941]
[40, 52428, 2939]
[40, 52428, 3038]
[40, 52428, 2885]
[40, 52428, 2954]
[40, 52428, 3109]
[40, 52428, 3075]
[40, 52428, 3017]
[40, 52428, 2898]
[40, 52428, 2836]
[40, 52428, 2865]
[40, 52428, 2949]
[40, 52428, 2948]
[40, 52428, 3040]
[40, 52428, 2971]
[40, 52428, 2987]
[40, 52428, 2941]
[40, 52428, 2934]
[40, 52428, 2867]
[40, 52428, 2984]
[40, 52428, 3069]
[40, 52428, 2876]
[40, 52428, 2902]
[40, 52428, 2895]
[40, 52428, 2902]
[40, 52428, 2850]
[40, 52428, 2889]
[40, 52428, 2983]
[40, 52428, 3017]
