[1, 1310, 0, 2]
[1, 1310, 0, 0]
[1, 1310, 0, 0]
[1, 1310, 0, 0]
[1, 1310, 2, 0]
[1, 1310, 0, 0]
[1, 1310, 0, 1]
[1, 1310, 0, 1]
[1, 1310, 0, 0]
[1, 1310, 0, 0]
[1, 1310, 0, 0]
[1, 1310, 0, 0]
[1, 1310, 0, 1]
[1, 1310, 0, 0]
[1, 1310, 0, 1]
[1, 1310, 2, 0]
[1, 1310, 0, 0]
[1, 1310, 0, 0]
[1, 1310, 2, 1]
[1, 1310, 0, 0]
[1, 1310, 1, 1]
[1, 1310, 0, 0]
[1, 1310, 0, 0]
[1, 1310, 0, 0]
[1, 1310, 0, 0]
[1, 1310, 0, 0]
[1, 1310, 1, 0]
[1, 1310, 0, 0]
[1, 1310, 0, 0]
[1, 1310, 0, 0]
[1, 1310, 0, 0]
[1, 1310, 0, 0]
[1, 1310, 0, 1]
[1, 1310, 1, 0]
[1, 1310, 3, 3]
[1, 1310, 0, 0]
[1, 1310, 1, 0]
[1, 1310, 1, 0]
[1, 1310, 0, 0]
[1, 1310, 0, 0]
[1, 1310, 0, 0]
[1, 1310, 0, 0]
[1, 1310, 1, 0]
[1, 1310, 0, 0]
[1, 1310, 0, 0]
[1, 1310, 0, 1]
[1, 1310, 0, 0]
[1, 1310, 0, 1]
[1, 1310, 0, 0]
[1, 1310, 0, 0]
[1, 1310, 0, 0]
[1, 1310, 0, 1]
[1, 1310, 2, 1]
[1, 1310, 0, 1]
[1, 1310, 0, 0]
[1, 1310, 1, 1]
[1, 1310, 0, 0]
[1, 1310, 0, 0]
[1, 1310, 2, 1]
[1, 1310, 2, 0]
[1, 1310, 0, 0]
[1, 1310, 1, 0]
[1, 1310, 0, 0]
[1, 1310, 0, 0]
[1, 1310, 0, 0]
[1, 1310, 0, 0]
[1, 1310, 0, 0]
[1, 1310, 1, 0]
[1, 1310, 0, 0]
[1, 1310, 1, 0]
[1, 1310, 0, 2]
[1, 1310, 0, 0]
[1, 1310, 0, 2]
[1, 1310, 1, 0]
[1, 1310, 0, 0]
[1, 1310, 0, 0]
[1, 1310, 0, 0]
[1, 1310, 0, 0]
[1, 1310, 0, 1]
[1, 1310, 1, 0]
[1, 1310, 0, 0]
[1, 1310, 0, 0]
[1, 1310, 0, 1]
[1, 1310, 0, 0]
[1, 1310, 0, 0]
[1, 1310, 1, 0]
[1, 1310, 0, 1]
[1, 1310, 0, 0]
[1, 1310, 0, 0]
[1, 1310, 0, 0]
[1, 1310, 0, 0]
[1, 1310, 0, 1]
[1, 1310, 0, 1]
[1, 1310, 1, 0]
[1, 1310, 0, 1]
[1, 1310, 0, 0]
[1, 1310, 0, 0]
[1, 1310, 0, 1]
[1, 1310, 0, 0]
[1, 1310, 0, 0]
[2, 2621, 0, 0]
[2, 2621, 3, 2]
[2, 2621, 1, 1]
[2, 2621, 2, 3]
[2, 2621, 2, 1]
[2, 2621, 4, 1]
[2, 2621, 2, 0]
[2, 2621, 0, 2]
[2, 2621, 0, 1]
[2, 2621, 3, 1]
[2, 2621, 0, 2]
[2, 2621, 0, 2]
[2, 2621, 1, 0]
[2, 2621, 1, 0]
[2, 2621, 2, 3]
[2, 2621, 1, 0]
[2, 2621, 1, 0]
[2, 2621, 1, 0]
[2, 2621, 2, 1]
[2, 2621, 0, 1]
[2, 2621, 1, 1]
[2, 2621, 0, 1]
[2, 2621, 1, 0]
[2, 2621, 0, 1]
[2, 2621, 4, 0]
[2, 2621, 1, 0]
[2, 2621, 2, 1]
[2, 2621, 3, 0]
[2, 2621, 2, 0]
[2, 2621, 0, 0]
[2, 2621, 1, 3]
[2, 2621, 0, 0]
[2, 2621, 4, 2]
[2, 2621, 0, 0]
[2, 2621, 0, 1]
[2, 2621, 1, 1]
[2, 2621, 0, 1]
[2, 2621, 3, 1]
[2, 2621, 0, 1]
[2, 2621, 2, 0]
[2, 2621, 0, 1]
[2, 2621, 2, 0]
[2, 2621, 6, 3]
[2, 2621, 1, 1]
[2, 2621, 0, 2]
[2, 2621, 0, 5]
[2, 2621, 0, 2]
[2, 2621, 0, 3]
[2, 2621, 0, 0]
[2, 2621, 1, 3]
[2, 2621, 3, 2]
[2, 2621, 0, 3]
[2, 2621, 0, 2]
[2, 2621, 1, 3]
[2, 2621, 5, 2]
[2, 2621, 1, 0]
[2, 2621, 1, 0]
[2, 2621, 0, 0]
[2, 2621, 3, 0]
[2, 2621, 2, 1]
[2, 2621, 0, 2]
[2, 2621, 0, 2]
[2, 2621, 1, 1]
[2, 2621, 0, 0]
[2, 2621, 0, 2]
[2, 2621, 0, 2]
[2, 2621, 0, 0]
[2, 2621, 1, 5]
[2, 2621, 2, 1]
[2, 2621, 2, 4]
[2, 2621, 1, 0]
[2, 2621, 3, 0]
[2, 2621, 0, 0]
[2, 2621, 3, 0]
[2, 2621, 1, 2]
[2, 2621, 1, 0]
[2, 2621, 0, 0]
[2, 2621, 0, 0]
[2, 2621, 5, 0]
[2, 2621, 3, 0]
[2, 2621, 1, 0]
[2, 2621, 2, 0]
[2, 2621, 0, 0]
[2, 2621, 1, 2]
[2, 2621, 2, 0]
[2, 2621, 1, 0]
[2, 2621, 0, 0]
[2, 2621, 2, 0]
[2, 2621, 1, 2]
[2, 2621, 1, 0]
[2, 2621, 2, 3]
[2, 2621, 0, 3]
[2, 2621, 1, 1]
[2, 2621, 1, 1]
[2, 2621, 0, 2]
[2, 2621, 1, 0]
[2, 2621, 0, 2]
[2, 2621, 0, 1]
[2, 2621, 1, 3]
[2, 2621, 2, 0]
[5, 6553, 9, 12]
[5, 6553, 8, 9]
[5, 6553, 8, 11]
[5, 6553, 3, 6]
[5, 6553, 16, 7]
[5, 6553, 11, 14]
[5, 6553, 13, 7]
[5, 6553, 13, 9]
[5, 6553, 19, 16]
[5, 6553, 11, 13]
[5, 6553, 10, 10]
[5, 6553, 7, 11]
[5, 6553, 11, 7]
[5, 6553, 6, 6]
[5, 6553, 5, 7]
[5, 6553, 12, 15]
[5, 6553, 8, 11]
[5, 6553, 8, 10]
[5, 6553, 8, 7]
[5, 6553, 6, 7]
[5, 6553, 17, 20]
[5, 6553, 9, 16]
[5, 6553, 11, 12]
[5, 6553, 9, 6]
[5, 6553, 14, 14]
[5, 6553, 8, 9]
[5, 6553, 7, 8]
[5, 6553, 15, 14]
[5, 6553, 25, 16]
[5, 6553, 12, 10]
[5, 6553, 14, 15]
[5, 6553, 9, 14]
[5, 6553, 14, 4]
[5, 6553, 13, 5]
[5, 6553, 8, 9]
[5, 6553, 4, 10]
[5, 6553, 18, 15]
[5, 6553, 14, 12]
[5, 6553, 13, 8]
[5, 6553, 6, 5]
[5, 6553, 7, 13]
[5, 6553, 17, 5]
[5, 6553, 12, 14]
[5, 6553, 6, 7]
[5, 6553, 15, 3]
[5, 6553, 20, 7]
[5, 6553, 7, 8]
[5, 6553, 7, 13]
[5, 6553, 11, 15]
[5, 6553, 9, 16]
[5, 6553, 10, 13]
[5, 6553, 11, 10]
[5, 6553, 17, 14]
[5, 6553, 5, 9]
[5, 6553, 13, 8]
[5, 6553, 13, 13]
[5, 6553, 13, 10]
[5, 6553, 11, 7]
[5, 6553, 13, 11]
[5, 6553, 14, 10]
[5, 6553, 8, 15]
[5, 6553, 7, 14]
[5, 6553, 13, 15]
[5, 6553, 5, 7]
[5, 6553, 13, 16]
[5, 6553, 13, 7]
[5, 6553, 8, 10]
[5, 6553, 15, 15]
[5, 6553, 14, 12]
[5, 6553, 12, 11]
[5, 6553, 9, 8]
[5, 6553, 9, 15]
[5, 6553, 10, 8]
[5, 6553, 8, 15]
[5, 6553, 16, 24]
[5, 6553, 6, 9]
[5, 6553, 13, 13]
[5, 6553, 14, 15]
[5, 6553, 10, 11]
[5, 6553, 9, 6]
[5, 6553, 14, 13]
[5, 6553, 7, 7]
[5, 6553, 13, 2]
[5, 6553, 9, 12]
[5, 6553, 11, 13]
[5, 6553, 15, 11]
[5, 6553, 22, 7]
[5, 6553, 17, 12]
[5, 6553, 15, 6]
[5, 6553, 15, 8]
[5, 6553, 6, 12]
[5, 6553, 6, 12]
[5, 6553, 6, 8]
[5, 6553, 18, 12]
[5, 6553, 7, 19]
[5, 6553, 6, 9]
[5, 6553, 6, 13]
[5, 6553, 10, 12]
[5, 6553, 15, 9]
[5, 6553, 6, 13]
[10, 13107, 70, 100]
[10, 13107, 87, 88]
[10, 13107, 57, 67]
[10, 13107, 62, 89]
[10, 13107, 48, 65]
[10, 13107, 75, 62]
[10, 13107, 46, 72]
[10, 13107, 76, 70]
[10, 13107, 68, 85]
[10, 13107, 53, 69]
[10, 13107, 80, 69]
[10, 13107, 71, 66]
[10, 13107, 58, 64]
[10, 13107, 64, 63]
[10, 13107, 66, 77]
[10, 13107, 91, 66]
[10, 13107, 71, 92]
[10, 13107, 85, 66]
[10, 13107, 70, 78]
[10, 13107, 69, 80]
[10, 13107, 73, 87]
[10, 13107, 62, 59]
[10, 13107, 85, 75]
[10, 13107, 62, 74]
[10, 13107, 73, 73]
[10, 13107, 81, 72]
[10, 13107, 78, 61]
[10, 13107, 59, 68]
[10, 13107, 66, 79]
[10, 13107, 59, 53]
[10, 13107, 71, 77]
[10, 13107, 65, 72]
[10, 13107, 73, 71]
[10, 13107, 65, 59]
[10, 13107, 63, 78]
[10, 13107, 70, 68]
[10, 13107, 84, 95]
[10, 13107, 71, 57]
[10, 13107, 64, 72]
[10, 13107, 90, 78]
[10, 13107, 63, 69]
[10, 13107, 55, 76]
[10, 13107, 66, 68]
[10, 13107, 61, 71]
[10, 13107, 67, 71]
[10, 13107, 77, 58]
[10, 13107, 49, 64]
[10, 13107, 64, 71]
[10, 13107, 56, 95]
[10, 13107, 72, 70]
[10, 13107, 61, 68]
[10, 13107, 61, 64]
[10, 13107, 75, 93]
[10, 13107, 61, 65]
[10, 13107, 82, 61]
[10, 13107, 63, 74]
[10, 13107, 49, 64]
[10, 13107, 74, 56]
[10, 13107, 87, 79]
[10, 13107, 63, 93]
[10, 13107, 55, 61]
[10, 13107, 73, 57]
[10, 13107, 74, 78]
[10, 13107, 62, 65]
[10, 13107, 68, 93]
[10, 13107, 68, 67]
[10, 13107, 64, 97]
[10, 13107, 53, 82]
[10, 13107, 89, 87]
[10, 13107, 78, 65]
[10, 13107, 76, 87]
[10, 13107, 65, 87]
[10, 13107, 83, 64]
[10, 13107, 61, 81]
[10, 13107, 76, 68]
[10, 13107, 54, 66]
[10, 13107, 80, 67]
[10, 13107, 75, 95]
[10, 13107, 55, 58]
[10, 13107, 67, 64]
[10, 13107, 88, 61]
[10, 13107, 91, 51]
[10, 13107, 78, 89]
[10, 13107, 66, 72]
[10, 13107, 69, 68]
[10, 13107, 64, 77]
[10, 13107, 68, 82]
[10, 13107, 87, 57]
[10, 13107, 64, 65]
[10, 13107, 59, 77]
[10, 13107, 68, 74]
[10, 13107, 56, 78]
[10, 13107, 53, 58]
[10, 13107, 82, 56]
[10, 13107, 68, 68]
[10, 13107, 68, 78]
[10, 13107, 60, 80]
[10, 13107, 60, 72]
[10, 13107, 57, 74]
[10, 13107, 70, 71]
[15, 19660, 204, 248]
[15, 19660, 223, 200]
[15, 19660, 199, 236]
[15, 19660, 225, 209]
[15, 19660, 169, 220]
[15, 19660, 224, 208]
[15, 19660, 207, 214]
[15, 19660, 231, 178]
[15, 19660, 219, 198]
[15, 19660, 217, 210]
[15, 19660, 233, 202]
[15, 19660, 219, 228]
[15, 19660, 258, 203]
[15, 19660, 216, 204]
[15, 19660, 208, 204]
[15, 19660, 215, 229]
[15, 19660, 192, 225]
[15, 19660, 249, 194]
[15, 19660, 220, 198]
[15, 19660, 203, 235]
[15, 19660, 223, 214]
[15, 19660, 182, 232]
[15, 19660, 172, 188]
[15, 19660, 214, 201]
[15, 19660, 197, 186]
[15, 19660, 188, 208]
[15, 19660, 214, 215]
[15, 19660, 209, 184]
[15, 19660, 240, 227]
[15, 19660, 225, 194]
[15, 19660, 211, 235]
[15, 19660, 211, 183]
[15, 19660, 200, 205]
[15, 19660, 201, 236]
[15, 19660, 231, 195]
[15, 19660, 201, 209]
[15, 19660, 222, 203]
[15, 19660, 224, 194]
[15, 19660, 229, 187]
[15, 19660, 164, 217]
[15, 19660, 200, 228]
[15, 19660, 203, 197]
[15, 19660, 234, 197]
[15, 19660, 186, 205]
[15, 19660, 201, 216]
[15, 19660, 215, 199]
[15, 19660, 214, 200]
[15, 19660, 189, 206]
[15, 19660, 190, 200]
[15, 19660, 185, 229]
[15, 19660, 188, 211]
[15, 19660, 201, 210]
[15, 19660, 215, 219]
[15, 19660, 203, 231]
[15, 19660, 230, 241]
[15, 19660, 206, 176]
[15, 19660, 193, 211]
[15, 19660, 229, 202]
[15, 19660, 211, 198]
[15, 19660, 208, 180]
[15, 19660, 225, 204]
[15, 19660, 192, 217]
[15, 19660, 231, 195]
[15, 19660, 192, 186]
[15, 19660, 188, 234]
[15, 19660, 187, 182]
[15, 19660, 191, 222]
[15, 19660, 222, 228]
[15, 19660, 217, 207]
[15, 19660, 246, 201]
[15, 19660, 245, 236]
[15, 19660, 249, 204]
[15, 19660, 259, 197]
[15, 19660, 200, 207]
[15, 19660, 212, 202]
[15, 19660, 180, 195]
[15, 19660, 200, 208]
[15, 19660, 188, 211]
[15, 19660, 224, 200]
[15, 19660, 203, 204]
[15, 19660, 226, 213]
[15, 19660, 198, 192]
[15, 19660, 217, 190]
[15, 19660, 202, 237]
[15, 19660, 238, 195]
[15, 19660, 203, 195]
[15, 19660, 238, 200]
[15, 19660, 203, 210]
[15, 19660, 244, 212]
[15, 19660, 228, 197]
[15, 19660, 218, 197]
[15, 19660, 194, 221]
[15, 19660, 175, 207]
[15, 19660, 203, 196]
[15, 19660, 203, 211]
[15, 19660, 198, 174]
[15, 19660, 191, 210]
[15, 19660, 212, 168]
[15, 19660, 175, 216]
[15, 19660, 198, 212]
[20, 26214, 472, 464]
[20, 26214, 414, 446]
[20, 26214, 429, 443]
[20, 26214, 476, 470]
[20, 26214, 471, 472]
[20, 26214, 431, 497]
[20, 26214, 429, 470]
[20, 26214, 458, 462]
[20, 26214, 476, 421]
[20, 26214, 391, 425]
[20, 26214, 428, 465]
[20, 26214, 504, 482]
[20, 26214, 452, 450]
[20, 26214, 494, 427]
[20, 26214, 451, 513]
[20, 26214, 525, 448]
[20, 26214, 428, 501]
[20, 26214, 440, 403]
[20, 26214, 470, 461]
[20, 26214, 421, 452]
[20, 26214, 473, 460]
[20, 26214, 413, 449]
[20, 26214, 432, 444]
[20, 26214, 469, 475]
[20, 26214, 477, 430]
[20, 26214, 433, 426]
[20, 26214, 450, 428]
[20, 26214, 474, 438]
[20, 26214, 455, 456]
[20, 26214, 479, 475]
[20, 26214, 440, 440]
[20, 26214, 429, 440]
[20, 26214, 510, 447]
[20, 26214, 451, 461]
[20, 26214, 517, 471]
[20, 26214, 410, 460]
[20, 26214, 464, 434]
[20, 26214, 458, 410]
[20, 26214, 489, 498]
[20, 26214, 465, 477]
[20, 26214, 417, 506]
[20, 26214, 495, 443]
[20, 26214, 464, 435]
[20, 26214, 440, 451]
[20, 26214, 493, 462]
[20, 26214, 405, 474]
[20, 26214, 461, 480]
[20, 26214, 456, 407]
[20, 26214, 472, 481]
[20, 26214, 424, 474]
[20, 26214, 451, 453]
[20, 26214, 432, 410]
[20, 26214, 461, 497]
[20, 26214, 457, 448]
[20, 26214, 491, 459]
[20, 26214, 486, 415]
[20, 26214, 527, 455]
[20, 26214, 433, 411]
[20, 26214, 504, 427]
[20, 26214, 485, 419]
[20, 26214, 448, 445]
[20, 26214, 447, 416]
[20, 26214, 436, 411]
[20, 26214, 437, 452]
[20, 26214, 430, 481]
[20, 26214, 450, 473]
[20, 26214, 472, 471]
[20, 26214, 459, 470]
[20, 26214, 445, 451]
[20, 26214, 390, 468]
[20, 26214, 453, 426]
[20, 26214, 478, 436]
[20, 26214, 483, 435]
[20, 26214, 407, 451]
[20, 26214, 495, 453]
[20, 26214, 452, 473]
[20, 26214, 520, 455]
[20, 26214, 473, 462]
[20, 26214, 493, 479]
[20, 26214, 463, 408]
[20, 26214, 473, 442]
[20, 26214, 420, 421]
[20, 26214, 428, 466]
[20, 26214, 449, 476]
[20, 26214, 421, 435]
[20, 26214, 432, 463]
[20, 26214, 448, 429]
[20, 26214, 446, 490]
[20, 26214, 467, 469]
[20, 26214, 470, 454]
[20, 26214, 438, 503]
[20, 26214, 495, 473]
[20, 26214, 448, 497]
[20, 26214, 425, 425]
[20, 26214, 451, 443]
[20, 26214, 443, 474]
[20, 26214, 423, 482]
[20, 26214, 480, 462]
[20, 26214, 415, 494]
[20, 26214, 412, 433]
[25, 32768, 825, 899]
[25, 32768, 881, 777]
[25, 32768, 822, 838]
[25, 32768, 871, 871]
[25, 32768, 858, 864]
[25, 32768, 821, 804]
[25, 32768, 844, 822]
[25, 32768, 853, 822]
[25, 32768, 837, 794]
[25, 32768, 870, 844]
[25, 32768, 784, 859]
[25, 32768, 862, 827]
[25, 32768, 826, 859]
[25, 32768, 902, 868]
[25, 32768, 751, 893]
[25, 32768, 886, 813]
[25, 32768, 824, 839]
[25, 32768, 852, 835]
[25, 32768, 878, 808]
[25, 32768, 785, 806]
[25, 32768, 875, 853]
[25, 32768, 789, 856]
[25, 32768, 806, 775]
[25, 32768, 826, 867]
[25, 32768, 833, 794]
[25, 32768, 781, 864]
[25, 32768, 802, 895]
[25, 32768, 803, 831]
[25, 32768, 729, 894]
[25, 32768, 863, 854]
[25, 32768, 899, 802]
[25, 32768, 832, 798]
[25, 32768, 918, 820]
[25, 32768, 831, 790]
[25, 32768, 883, 851]
[25, 32768, 766, 840]
[25, 32768, 850, 836]
[25, 32768, 923, 846]
[25, 32768, 811, 848]
[25, 32768, 839, 868]
[25, 32768, 810, 840]
[25, 32768, 868, 791]
[25, 32768, 811, 844]
[25, 32768, 865, 801]
[25, 32768, 880, 823]
[25, 32768, 809, 735]
[25, 32768, 872, 879]
[25, 32768, 860, 818]
[25, 32768, 784, 823]
[25, 32768, 867, 896]
[25, 32768, 859, 812]
[25, 32768, 823, 835]
[25, 32768, 811, 866]
[25, 32768, 791, 802]
[25, 32768, 818, 897]
[25, 32768, 903, 825]
[25, 32768, 867, 837]
[25, 32768, 869, 864]
[25, 32768, 894, 793]
[25, 32768, 895, 762]
[25, 32768, 832, 820]
[25, 32768, 831, 827]
[25, 32768, 866, 875]
[25, 32768, 798, 808]
[25, 32768, 814, 885]
[25, 32768, 781, 813]
[25, 32768, 840, 867]
[25, 32768, 849, 827]
[25, 32768, 822, 769]
[25, 32768, 822, 812]
[25, 32768, 833, 835]
[25, 32768, 878, 762]
[25, 32768, 803, 865]
[25, 32768, 789, 816]
[25, 32768, 762, 795]
[25, 32768, 786, 712]
[25, 32768, 862, 874]
[25, 32768, 907, 764]
[25, 32768, 803, 851]
[25, 32768, 793, 793]
[25, 32768, 821, 765]
[25, 32768, 886, 802]
[25, 32768, 899, 877]
[25, 32768, 800, 882]
[25, 32768, 797, 832]
[25, 32768, 750, 791]
[25, 32768, 795, 868]
[25, 32768, 798, 887]
[25, 32768, 802, 830]
[25, 32768, 842, 874]
[25, 32768, 776, 888]
[25, 32768, 837, 898]
[25, 32768, 822, 829]
[25, 32768, 842, 839]
[25, 32768, 807, 841]
[25, 32768, 801, 875]
[25, 32768, 838, 919]
[25, 32768, 777, 802]
[25, 32768, 804, 844]
[25, 32768, 875, 768]
[30, 39321, 1381, 1501]
[30, 39321, 1399, 1403]
[30, 39321, 1362, 1413]
[30, 39321, 1356, 1444]
[30, 39321, 1359, 1324]
[30, 39321, 1282, 1390]
[30, 39321, 1353, 1295]
[30, 39321, 1395, 1355]
[30, 39321, 1355, 1347]
[30, 39321, 1356, 1446]
[30, 39321, 1349, 1405]
[30, 39321, 1438, 1370]
[30, 39321, 1430, 1364]
[30, 39321, 1455, 1342]
[30, 39321, 1285, 1419]
[30, 39321, 1374, 1356]
[30, 39321, 1339, 1438]
[30, 39321, 1453, 1299]
[30, 39321, 1323, 1421]
[30, 39321, 1357, 1338]
[30, 39321, 1468, 1344]
[30, 39321, 1353, 1396]
[30, 39321, 1255, 1322]
[30, 39321, 1339, 1384]
[30, 39321, 1339, 1268]
[30, 39321, 1410, 1315]
[30, 39321, 1352, 1341]
[30, 39321, 1336, 1411]
[30, 39321, 1293, 1358]
[30, 39321, 1365, 1452]
[30, 39321, 1367, 1261]
[30, 39321, 1370, 1374]
[30, 39321, 1432, 1399]
[30, 39321, 1355, 1365]
[30, 39321, 1391, 1394]
[30, 39321, 1280, 1333]
[30, 39321, 1291, 1365]
[30, 39321, 1342, 1386]
[30, 39321, 1377, 1402]
[30, 39321, 1363, 1378]
[30, 39321, 1352, 1282]
[30, 39321, 1414, 1379]
[30, 39321, 1359, 1339]
[30, 39321, 1335, 1382]
[30, 39321, 1400, 1413]
[30, 39321, 1324, 1271]
[30, 39321, 1372, 1360]
[30, 39321, 1413, 1351]
[30, 39321, 1370, 1458]
[30, 39321, 1364, 1403]
[30, 39321, 1346, 1326]
[30, 39321, 1337, 1407]
[30, 39321, 1273, 1373]
[30, 39321, 1423, 1431]
[30, 39321, 1394, 1380]
[30, 39321, 1404, 1333]
[30, 39321, 1372, 1359]
[30, 39321, 1306, 1406]
[30, 39321, 1380, 1282]
[30, 39321, 1411, 1290]
[30, 39321, 1410, 1335]
[30, 39321, 1397, 1340]
[30, 39321, 1451, 1343]
[30, 39321, 1305, 1331]
[30, 39321, 1396, 1291]
[30, 39321, 1412, 1396]
[30, 39321, 1276, 1344]
[30, 39321, 1419, 1393]
[30, 39321, 1375, 1380]
[30, 39321, 1283, 1326]
[30, 39321, 1355, 1339]
[30, 39321, 1411, 1326]
[30, 39321, 1445, 1360]
[30, 39321, 1364, 1274]
[30, 39321, 1381, 1466]
[30, 39321, 1402, 1338]
[30, 39321, 1504, 1415]
[30, 39321, 1395, 1342]
[30, 39321, 1439, 1292]
[30, 39321, 1389, 1332]
[30, 39321, 1374, 1271]
[30, 39321, 1328, 1262]
[30, 39321, 1405, 1351]
[30, 39321, 1368, 1306]
[30, 39321, 1339, 1416]
[30, 39321, 1297, 1427]
[30, 39321, 1436, 1311]
[30, 39321, 1366, 1470]
[30, 39321, 1419, 1392]
[30, 39321, 1305, 1431]
[30, 39321, 1314, 1403]
[30, 39321, 1421, 1313]
[30, 39321, 1429, 1413]
[30, 39321, 1371, 1366]
[30, 39321, 1405, 1360]
[30, 39321, 1365, 1355]
[30, 39321, 1371, 1378]
[30, 39321, 1351, 1415]
[30, 39321, 1359, 1423]
[30, 39321, 1421, 1337]
[35, 45875, 2046, 2092]
[35, 45875, 2066, 2046]
[35, 45875, 2047, 2039]
[35, 45875, 2036, 2083]
[35, 45875, 2112, 2022]
[35, 45875, 2055, 2082]
[35, 45875, 2020, 2069]
[35, 45875, 2025, 2096]
[35, 45875, 2064, 1919]
[35, 45875, 2101, 2175]
[35, 45875, 2041, 2113]
[35, 45875, 2175, 1965]
[35, 45875, 2075, 2162]
[35, 45875, 2047, 2083]
[35, 45875, 2088, 2195]
[35, 45875, 2127, 1999]
[35, 45875, 2068, 2133]
[35, 45875, 2140, 1906]
[35, 45875, 2074, 2110]
[35, 45875, 2025, 2029]
[35, 45875, 2038, 2092]
[35, 45875, 1947, 1963]
[35, 45875, 2088, 2051]
[35, 45875, 2058, 2095]
[35, 45875, 1981, 2071]
[35, 45875, 2094, 2043]
[35, 45875, 2041, 2109]
[35, 45875, 2172, 2021]
[35, 45875, 1959, 2112]
[35, 45875, 2021, 2081]
[35, 45875, 2107, 2033]
[35, 45875, 2101, 2132]
[35, 45875, 2146, 2058]
[35, 45875, 2136, 2030]
[35, 45875, 2030, 2088]
[35, 45875, 2040, 2049]
[35, 45875, 2081, 2074]
[35, 45875, 2057, 2091]
[35, 45875, 1993, 1951]
[35, 45875, 1974, 2044]
[35, 45875, 2028, 2020]
[35, 45875, 1981, 2056]
[35, 45875, 2074, 1970]
[35, 45875, 1972, 2072]
[35, 45875, 2063, 2055]
[35, 45875, 2042, 2106]
[35, 45875, 2004, 2170]
[35, 45875, 2092, 1996]
[35, 45875, 2078, 2091]
[35, 45875, 2063, 2080]
[35, 45875, 2072, 2060]
[35, 45875, 2063, 2114]
[35, 45875, 2045, 2057]
[35, 45875, 2141, 2113]
[35, 45875, 2008, 2061]
[35, 45875, 2066, 1991]
[35, 45875, 2058, 1954]
[35, 45875, 2075, 2102]
[35, 45875, 2106, 2011]
[35, 45875, 2180, 1925]
[35, 45875, 2104, 2013]
[35, 45875, 2131, 2022]
[35, 45875, 2072, 2042]
[35, 45875, 1969, 2096]
[35, 45875, 2041, 2070]
[35, 45875, 1988, 2114]
[35, 45875, 1994, 2109]
[35, 45875, 2113, 2098]
[35, 45875, 2110, 1995]
[35, 45875, 1969, 2060]
[35, 45875, 2076, 2090]
[35, 45875, 2045, 1930]
[35, 45875, 2021, 2017]
[35, 45875, 2084, 2013]
[35, 45875, 2140, 2065]
[35, 45875, 2110, 2031]
[35, 45875, 2126, 2010]
[35, 45875, 2114, 2109]
[35, 45875, 2131, 2015]
[35, 45875, 2130, 2036]
[35, 45875, 2105, 2092]
[35, 45875, 2180, 1941]
[35, 45875, 2025, 2108]
[35, 45875, 2039, 2137]
[35, 45875, 2223, 2098]
[35, 45875, 2065, 2090]
[35, 45875, 2093, 1949]
[35, 45875, 2027, 2089]
[35, 45875, 2059, 2080]
[35, 45875, 2108, 1998]
[35, 45875, 2183, 2028]
[35, 45875, 2056, 1971]
[35, 45875, 2060, 2137]
[35, 45875, 2106, 2094]
[35, 45875, 2135, 2086]
[35, 45875, 2110, 2049]
[35, 45875, 2010, 2078]
[35, 45875, 2084, 2034]
[35, 45875, 2019, 2106]
[35, 45875, 2104, 2023]
[40, 52428, 2813, 2923]
[40, 52428, 2912, 2932]
[40, 52428, 2925, 2944]
[40, 52428, 2852, 2983]
[40, 52428, 2976, 3008]
[40, 52428, 3026, 2950]
[40, 52428, 2763, 2962]
[40, 52428, 2839, 2917]
[40, 52428, 3139, 2929]
[40, 52428, 3000, 2827]
[40, 52428, 2899, 3012]
[40, 52428, 3011, 2992]
[40, 52428, 2808, 3015]
[40, 52428, 3001, 2835]
[40, 52428, 2886, 2921]
[40, 52428, 3028, 2926]
[40, 52428, 2924, 2986]
[40, 52428, 2996, 2944]
[40, 52428, 2849, 2901]
[40, 52428, 2855, 2975]
[40, 52428, 2907, 3046]
[40, 52428, 2956, 2941]
[40, 52428, 2910, 2919]
[40, 52428, 2857, 2867]
[40, 52428, 3003, 2948]
[40, 52428, 2895, 2905]
[40, 52428, 2875, 2935]
[40, 52428, 2923, 2905]
[40, 52428, 2812, 2898]
[40, 52428, 2906, 2939]
[40, 52428, 3091, 2767]
[40, 52428, 2928, 2819]
[40, 52428, 2970, 2776]
[40, 52428, 2944, 3004]
[40, 52428, 3027, 2920]
[40, 52428, 2990, 2898]
[40, 52428, 3015, 2883]
[40, 52428, 2977, 2934]
[40, 52428, 2916, 3066]
[40, 52428, 3042, 2940]
[40, 52428, 2968, 2864]
[40, 52428, 2834, 3006]
[40, 52428, 2974, 3000]
[40, 52428, 2951, 2971]
[40, 52428, 2956, 2875]
[40, 52428, 2980, 2946]
[40, 52428, 2770, 3077]
[40, 52428, 2996, 2922]
[40, 52428, 2973, 2930]
[40, 52428, 2852, 2847]
[40, 52428, 3032, 2882]
[40, 52428, 2829, 2996]
[40, 52428, 3041, 3028]
[40, 52428, 3082, 2944]
[40, 52428, 2914, 2933]
[40, 52428, 2904, 2823]
[40, 52428, 3040, 2864]
[40, 52428, 2914, 2986]
[40, 52428, 3021, 2810]
[40, 52428, 2909, 2986]
[40, 52428, 3002, 2849]
[40, 52428, 2809, 2951]
[40, 52428, 3017, 2908]
[40, 52428, 2928, 2948]
[40, 52428, 2959, 2900]
[40, 52428, 2887, 2882]
[40, 52428, 2817, 3004]
[40, 52428, 2986, 3057]
[40, 52428, 2923, 2863]
[40, 52428, 2968, 3064]
[40, 52428, 2898, 2922]
[40, 52428, 3052, 2897]
[40, 52428, 3049, 2966]
[40, 52428, 3009, 2932]
[40, 52428, 3040, 2912]
[40, 52428, 2914, 2908]
[40, 52428, 2979, 2907]
[40, 52428, 3031, 2933]
[40, 52428, 2920, 2972]
[40, 52428, 3098, 3015]
[40, 52428, 3010, 2876]
[40, 52428, 2998, 2855]
[40, 52428, 2892, 2867]
[40, 52428, 2926, 2879]
[40, 52428, 2994, 3012]
[40, 52428, 2936, 2911]
[40, 52428, 2879, 2994]
[40, 52428, 2866, 3012]
[40, 52428, 3026, 2865]
[40, 52428, 2973, 2983]
[40, 52428, 3053, 2959]
[40, 52428, 2911, 3000]
[40, 52428, 2915, 3015]
[40, 52428, 2945, 2988]
[40, 52428, 2849, 2909]
[40, 52428, 2984, 2916]
[40, 52428, 2963, 2971]
[40, 52428, 2949, 2843]
[40, 52428, 2834, 2999]
[40, 52428, 2941, 2812]
