[1, 1310, 12, 7, 6, 8]
[1, 1310, 6, 11, 11, 9]
[1, 1310, 14, 9, 5, 10]
[1, 1310, 7, 11, 9, 9]
[1, 1310, 14, 8, 7, 11]
[1, 1310, 13, 7, 12, 8]
[1, 1310, 13, 7, 3, 7]
[1, 1310, 6, 6, 10, 8]
[1, 1310, 7, 5, 6, 6]
[1, 1310, 14, 3, 15, 8]
[1, 1310, 11, 11, 6, 10]
[1, 1310, 4, 6, 10, 5]
[1, 1310, 4, 5, 9, 7]
[1, 1310, 10, 14, 7, 6]
[1, 1310, 15, 6, 8, 11]
[1, 1310, 3, 7, 11, 12]
[1, 1310, 11, 12, 8, 8]
[1, 1310, 9, 8, 9, 17]
[1, 1310, 11, 9, 10, 13]
[1, 1310, 14, 10, 9, 11]
[1, 1310, 12, 6, 9, 10]
[1, 1310, 8, 3, 11, 7]
[1, 1310, 8, 5, 9, 9]
[1, 1310, 11, 9, 10, 9]
[1, 1310, 11, 7, 4, 14]
[1, 1310, 11, 8, 10, 5]
[1, 1310, 4, 10, 15, 7]
[1, 1310, 12, 12, 6, 4]
[1, 1310, 9, 10, 8, 8]
[1, 1310, 10, 12, 3, 16]
[1, 1310, 9, 11, 4, 8]
[1, 1310, 12, 8, 11, 11]
[1, 1310, 11, 12, 12, 16]
[1, 1310, 2, 8, 2, 6]
[1, 1310, 6, 8, 14, 7]
[1, 1310, 12, 13, 9, 9]
[1, 1310, 10, 4, 8, 16]
[1, 1310, 9, 5, 11, 10]
[1, 1310, 5, 8, 6, 8]
[1, 1310, 7, 15, 11, 10]
[1, 1310, 10, 14, 6, 9]
[1, 1310, 3, 15, 7, 21]
[1, 1310, 6, 4, 7, 10]
[1, 1310, 6, 10, 4, 5]
[1, 1310, 2, 13, 8, 11]
[1, 1310, 8, 6, 11, 5]
[1, 1310, 6, 12, 4, 13]
[1, 1310, 4, 6, 8, 8]
[1, 1310, 6, 6, 14, 13]
[1, 1310, 13, 9, 10, 6]
[1, 1310, 9, 9, 9, 11]
[1, 1310, 11, 6, 12, 8]
[1, 1310, 14, 5, 10, 6]
[1, 1310, 13, 3, 8, 6]
[1, 1310, 7, 8, 8, 9]
[1, 1310, 12, 11, 11, 11]
[1, 1310, 9, 10, 11, 11]
[1, 1310, 8, 4, 16, 5]
[1, 1310, 7, 12, 11, 8]
[1, 1310, 6, 9, 13, 19]
[1, 1310, 5, 4, 11, 6]
[1, 1310, 10, 9, 5, 9]
[1, 1310, 8, 11, 12, 4]
[1, 1310, 11, 7, 13, 9]
[1, 1310, 9, 8, 7, 13]
[1, 1310, 3, 12, 6, 7]
[1, 1310, 4, 7, 5, 14]
[1, 1310, 1, 9, 4, 13]
[1, 1310, 8, 7, 6, 8]
[1, 1310, 7, 3, 8, 11]
[1, 1310, 10, 6, 7, 13]
[1, 1310, 2, 12, 5, 8]
[1, 1310, 3, 8, 7, 11]
[1, 1310, 12, 5, 9, 6]
[1, 1310, 13, 5, 5, 10]
[1, 1310, 16, 11, 7, 6]
[1, 1310, 6, 9, 5, 6]
[1, 1310, 7, 13, 15, 4]
[1, 1310, 5, 3, 11, 5]
[1, 1310, 5, 5, 12, 10]
[1, 1310, 9, 9, 12, 12]
[1, 1310, 7, 11, 15, 5]
[1, 1310, 14, 15, 8, 6]
[1, 1310, 8, 15, 14, 7]
[1, 1310, 8, 11, 14, 14]
[1, 1310, 13, 9, 7, 10]
[1, 1310, 1, 9, 5, 8]
[1, 1310, 7, 10, 6, 8]
[1, 1310, 9, 10, 13, 8]
[1, 1310, 6, 8, 8, 8]
[1, 1310, 13, 18, 10, 11]
[1, 1310, 7, 8, 4, 6]
[1, 1310, 10, 9, 5, 5]
[1, 1310, 6, 8, 9, 6]
[1, 1310, 11, 9, 10, 10]
[1, 1310, 15, 8, 6, 10]
[1, 1310, 7, 10, 9, 7]
[1, 1310, 7, 9, 16, 13]
[1, 1310, 12, 11, 12, 9]
[1, 1310, 14, 6, 10, 10]
[2, 2621, 28, 14, 18, 23]
[2, 2621, 19, 24, 24, 25]
[2, 2621, 29, 19, 24, 22]
[2, 2621, 25, 24, 31, 30]
[2, 2621, 21, 17, 19, 29]
[2, 2621, 28, 33, 26, 24]
[2, 2621, 19, 24, 14, 29]
[2, 2621, 14, 22, 23, 29]
[2, 2621, 15, 24, 15, 22]
[2, 2621, 37, 24, 23, 18]
[2, 2621, 22, 18, 26, 29]
[2, 2621, 29, 12, 18, 17]
[2, 2621, 24, 24, 26, 19]
[2, 2621, 33, 30, 21, 18]
[2, 2621, 21, 26, 20, 27]
[2, 2621, 20, 10, 13, 20]
[2, 2621, 23, 18, 24, 26]
[2, 2621, 13, 22, 18, 25]
[2, 2621, 29, 25, 27, 29]
[2, 2621, 20, 16, 24, 36]
[2, 2621, 30, 29, 24, 30]
[2, 2621, 25, 19, 26, 32]
[2, 2621, 24, 19, 21, 22]
[2, 2621, 16, 30, 27, 30]
[2, 2621, 17, 31, 15, 23]
[2, 2621, 26, 25, 22, 24]
[2, 2621, 19, 27, 17, 18]
[2, 2621, 31, 22, 31, 22]
[2, 2621, 20, 22, 22, 19]
[2, 2621, 21, 30, 13, 24]
[2, 2621, 24, 12, 22, 18]
[2, 2621, 18, 15, 27, 22]
[2, 2621, 18, 17, 19, 21]
[2, 2621, 16, 32, 22, 19]
[2, 2621, 28, 20, 29, 28]
[2, 2621, 29, 21, 22, 18]
[2, 2621, 15, 19, 18, 21]
[2, 2621, 19, 21, 16, 24]
[2, 2621, 24, 27, 15, 18]
[2, 2621, 19, 18, 21, 34]
[2, 2621, 29, 19, 25, 14]
[2, 2621, 21, 26, 15, 20]
[2, 2621, 15, 27, 25, 25]
[2, 2621, 30, 29, 22, 25]
[2, 2621, 17, 35, 25, 17]
[2, 2621, 17, 19, 28, 18]
[2, 2621, 19, 27, 18, 30]
[2, 2621, 20, 28, 29, 21]
[2, 2621, 20, 22, 21, 17]
[2, 2621, 24, 26, 21, 27]
[2, 2621, 23, 22, 28, 22]
[2, 2621, 25, 14, 36, 16]
[2, 2621, 27, 22, 24, 21]
[2, 2621, 17, 21, 25, 28]
[2, 2621, 21, 27, 10, 28]
[2, 2621, 17, 22, 17, 26]
[2, 2621, 20, 22, 20, 32]
[2, 2621, 22, 21, 30, 20]
[2, 2621, 27, 17, 26, 27]
[2, 2621, 17, 24, 37, 26]
[2, 2621, 26, 22, 27, 18]
[2, 2621, 25, 25, 21, 29]
[2, 2621, 30, 21, 23, 19]
[2, 2621, 23, 22, 26, 24]
[2, 2621, 21, 22, 22, 25]
[2, 2621, 19, 19, 17, 24]
[2, 2621, 15, 19, 13, 27]
[2, 2621, 26, 23, 21, 20]
[2, 2621, 21, 28, 27, 17]
[2, 2621, 18, 14, 23, 18]
[2, 2621, 21, 17, 17, 21]
[2, 2621, 13, 29, 29, 30]
[2, 2621, 27, 20, 12, 21]
[2, 2621, 26, 16, 20, 21]
[2, 2621, 35, 28, 20, 36]
[2, 2621, 18, 30, 23, 27]
[2, 2621, 19, 24, 24, 18]
[2, 2621, 36, 17, 30, 16]
[2, 2621, 20, 9, 29, 22]
[2, 2621, 9, 25, 21, 18]
[2, 2621, 17, 26, 25, 26]
[2, 2621, 19, 24, 28, 29]
[2, 2621, 34, 26, 22, 19]
[2, 2621, 23, 31, 20, 29]
[2, 2621, 28, 24, 23, 11]
[2, 2621, 29, 27, 26, 29]
[2, 2621, 24, 18, 22, 22]
[2, 2621, 19, 23, 18, 33]
[2, 2621, 23, 20, 26, 30]
[2, 2621, 24, 25, 17, 19]
[2, 2621, 20, 28, 20, 24]
[2, 2621, 23, 21, 17, 21]
[2, 2621, 31, 28, 18, 19]
[2, 2621, 35, 18, 15, 27]
[2, 2621, 17, 19, 29, 17]
[2, 2621, 23, 21, 23, 21]
[2, 2621, 17, 17, 29, 22]
[2, 2621, 16, 12, 30, 25]
[2, 2621, 25, 29, 28, 20]
[2, 2621, 14, 15, 24, 29]
[5, 6553, 97, 100, 88, 76]
[5, 6553, 89, 89, 67, 95]
[5, 6553, 116, 82, 93, 87]
[5, 6553, 75, 102, 106, 88]
[5, 6553, 105, 78, 89, 115]
[5, 6553, 106, 121, 86, 94]
[5, 6553, 88, 94, 98, 91]
[5, 6553, 98, 84, 96, 100]
[5, 6553, 76, 93, 83, 114]
[5, 6553, 125, 73, 84, 92]
[5, 6553, 92, 68, 86, 108]
[5, 6553, 89, 94, 123, 88]
[5, 6553, 94, 105, 93, 106]
[5, 6553, 91, 93, 86, 87]
[5, 6553, 85, 97, 91, 93]
[5, 6553, 75, 88, 82, 86]
[5, 6553, 91, 91, 98, 100]
[5, 6553, 83, 100, 88, 82]
[5, 6553, 89, 88, 89, 101]
[5, 6553, 93, 77, 94, 85]
[5, 6553, 81, 104, 97, 103]
[5, 6553, 87, 101, 90, 80]
[5, 6553, 77, 80, 101, 101]
[5, 6553, 110, 88, 92, 99]
[5, 6553, 94, 79, 90, 69]
[5, 6553, 98, 103, 111, 95]
[5, 6553, 112, 102, 93, 85]
[5, 6553, 95, 111, 82, 89]
[5, 6553, 79, 67, 89, 71]
[5, 6553, 81, 100, 66, 91]
[5, 6553, 81, 85, 93, 89]
[5, 6553, 84, 118, 92, 102]
[5, 6553, 98, 79, 105, 106]
[5, 6553, 89, 89, 98, 104]
[5, 6553, 90, 100, 101, 85]
[5, 6553, 95, 67, 98, 90]
[5, 6553, 79, 90, 100, 75]
[5, 6553, 93, 68, 96, 100]
[5, 6553, 95, 94, 86, 92]
[5, 6553, 98, 91, 90, 99]
[5, 6553, 99, 96, 88, 81]
[5, 6553, 100, 105, 82, 66]
[5, 6553, 102, 94, 93, 90]
[5, 6553, 93, 82, 88, 98]
[5, 6553, 94, 86, 109, 80]
[5, 6553, 73, 93, 123, 93]
[5, 6553, 85, 86, 106, 95]
[5, 6553, 100, 102, 79, 99]
[5, 6553, 87, 117, 76, 81]
[5, 6553, 86, 81, 96, 101]
[5, 6553, 88, 104, 83, 98]
[5, 6553, 84, 87, 103, 98]
[5, 6553, 94, 100, 84, 80]
[5, 6553, 98, 83, 80, 95]
[5, 6553, 86, 86, 104, 98]
[5, 6553, 101, 93, 70, 101]
[5, 6553, 105, 94, 96, 100]
[5, 6553, 98, 80, 103, 91]
[5, 6553, 85, 86, 81, 102]
[5, 6553, 98, 106, 88, 104]
[5, 6553, 91, 89, 99, 90]
[5, 6553, 97, 96, 89, 69]
[5, 6553, 86, 93, 82, 82]
[5, 6553, 84, 93, 93, 82]
[5, 6553, 99, 84, 85, 89]
[5, 6553, 111, 93, 76, 71]
[5, 6553, 90, 113, 95, 115]
[5, 6553, 107, 89, 97, 111]
[5, 6553, 95, 83, 92, 92]
[5, 6553, 76, 84, 101, 97]
[5, 6553, 64, 97, 93, 80]
[5, 6553, 76, 91, 83, 100]
[5, 6553, 100, 87, 93, 93]
[5, 6553, 104, 90, 96, 87]
[5, 6553, 91, 75, 95, 106]
[5, 6553, 87, 114, 92, 90]
[5, 6553, 76, 82, 98, 96]
[5, 6553, 75, 95, 96, 105]
[5, 6553, 89, 75, 88, 92]
[5, 6553, 107, 69, 107, 76]
[5, 6553, 92, 88, 94, 92]
[5, 6553, 102, 106, 113, 106]
[5, 6553, 107, 100, 77, 86]
[5, 6553, 91, 91, 96, 100]
[5, 6553, 98, 85, 79, 86]
[5, 6553, 100, 79, 84, 93]
[5, 6553, 79, 101, 77, 120]
[5, 6553, 104, 85, 76, 75]
[5, 6553, 91, 80, 93, 86]
[5, 6553, 93, 108, 109, 89]
[5, 6553, 91, 82, 76, 80]
[5, 6553, 101, 136, 87, 78]
[5, 6553, 104, 87, 92, 82]
[5, 6553, 107, 95, 102, 89]
[5, 6553, 100, 82, 100, 85]
[5, 6553, 99, 83, 75, 78]
[5, 6553, 81, 77, 101, 91]
[5, 6553, 99, 82, 91, 99]
[5, 6553, 103, 96, 98, 56]
[5, 6553, 94, 89, 104, 96]
[10, 13107, 291, 289, 342, 310]
[10, 13107, 305, 302, 297, 312]
[10, 13107, 299, 296, 324, 271]
[10, 13107, 293, 291, 271, 329]
[10, 13107, 285, 264, 326, 325]
[10, 13107, 291, 308, 309, 304]
[10, 13107, 290, 302, 318, 285]
[10, 13107, 320, 316, 277, 326]
[10, 13107, 328, 304, 287, 324]
[10, 13107, 343, 280, 275, 309]
[10, 13107, 300, 322, 266, 296]
[10, 13107, 323, 277, 310, 278]
[10, 13107, 343, 296, 294, 300]
[10, 13107, 320, 330, 318, 305]
[10, 13107, 267, 285, 287, 299]
[10, 13107, 309, 272, 320, 272]
[10, 13107, 296, 304, 330, 334]
[10, 13107, 319, 293, 324, 281]
[10, 13107, 308, 277, 273, 324]
[10, 13107, 285, 299, 296, 266]
[10, 13107, 306, 307, 331, 300]
[10, 13107, 299, 343, 306, 296]
[10, 13107, 288, 288, 313, 302]
[10, 13107, 318, 313, 266, 301]
[10, 13107, 262, 307, 267, 353]
[10, 13107, 370, 325, 241, 284]
[10, 13107, 315, 316, 314, 300]
[10, 13107, 298, 301, 329, 293]
[10, 13107, 289, 284, 322, 303]
[10, 13107, 277, 350, 294, 280]
[10, 13107, 290, 305, 339, 326]
[10, 13107, 328, 312, 285, 291]
[10, 13107, 329, 295, 293, 299]
[10, 13107, 288, 298, 300, 301]
[10, 13107, 293, 287, 353, 323]
[10, 13107, 292, 293, 312, 303]
[10, 13107, 314, 276, 321, 282]
[10, 13107, 319, 284, 276, 278]
[10, 13107, 337, 312, 282, 303]
[10, 13107, 326, 308, 309, 291]
[10, 13107, 307, 274, 244, 275]
[10, 13107, 339, 309, 308, 289]
[10, 13107, 342, 305, 331, 285]
[10, 13107, 295, 331, 291, 311]
[10, 13107, 307, 291, 324, 257]
[10, 13107, 332, 320, 282, 296]
[10, 13107, 295, 306, 317, 327]
[10, 13107, 293, 301, 295, 322]
[10, 13107, 306, 302, 296, 272]
[10, 13107, 286, 316, 285, 303]
[10, 13107, 300, 311, 301, 278]
[10, 13107, 274, 299, 313, 291]
[10, 13107, 306, 320, 280, 271]
[10, 13107, 288, 275, 312, 297]
[10, 13107, 306, 292, 352, 362]
[10, 13107, 300, 316, 282, 339]
[10, 13107, 327, 317, 327, 290]
[10, 13107, 305, 321, 340, 287]
[10, 13107, 334, 328, 334, 283]
[10, 13107, 259, 313, 334, 336]
[10, 13107, 290, 313, 307, 321]
[10, 13107, 273, 283, 282, 306]
[10, 13107, 275, 298, 273, 299]
[10, 13107, 303, 276, 319, 298]
[10, 13107, 288, 299, 303, 271]
[10, 13107, 333, 328, 305, 309]
[10, 13107, 300, 317, 275, 342]
[10, 13107, 326, 288, 308, 301]
[10, 13107, 320, 293, 323, 303]
[10, 13107, 301, 288, 282, 303]
[10, 13107, 290, 285, 308, 306]
[10, 13107, 295, 303, 288, 302]
[10, 13107, 301, 321, 318, 343]
[10, 13107, 310, 309, 336, 306]
[10, 13107, 304, 282, 315, 338]
[10, 13107, 305, 332, 305, 313]
[10, 13107, 296, 279, 326, 338]
[10, 13107, 302, 310, 300, 291]
[10, 13107, 296, 339, 328, 338]
[10, 13107, 302, 296, 331, 264]
[10, 13107, 294, 327, 328, 320]
[10, 13107, 277, 283, 301, 321]
[10, 13107, 289, 344, 269, 281]
[10, 13107, 263, 277, 305, 296]
[10, 13107, 315, 330, 319, 292]
[10, 13107, 299, 290, 329, 341]
[10, 13107, 318, 328, 309, 323]
[10, 13107, 325, 291, 310, 270]
[10, 13107, 322, 317, 340, 300]
[10, 13107, 303, 277, 321, 317]
[10, 13107, 303, 295, 338, 290]
[10, 13107, 286, 336, 306, 301]
[10, 13107, 303, 303, 307, 320]
[10, 13107, 270, 294, 284, 274]
[10, 13107, 319, 315, 306, 325]
[10, 13107, 271, 328, 303, 303]
[10, 13107, 290, 312, 341, 308]
[10, 13107, 299, 293, 272, 308]
[10, 13107, 262, 346, 281, 288]
[10, 13107, 280, 316, 308, 335]
[15, 19660, 620, 652, 690, 588]
[15, 19660, 638, 644, 621, 603]
[15, 19660, 609, 603, 608, 595]
[15, 19660, 657, 606, 638, 631]
[15, 19660, 635, 629, 602, 694]
[15, 19660, 621, 610, 594, 622]
[15, 19660, 612, 675, 642, 621]
[15, 19660, 648, 564, 586, 573]
[15, 19660, 652, 595, 626, 669]
[15, 19660, 629, 645, 606, 662]
[15, 19660, 596, 677, 641, 594]
[15, 19660, 571, 685, 654, 635]
[15, 19660, 695, 634, 618, 645]
[15, 19660, 643, 638, 652, 571]
[15, 19660, 649, 593, 620, 669]
[15, 19660, 600, 630, 622, 648]
[15, 19660, 637, 548, 696, 676]
[15, 19660, 587, 584, 652, 569]
[15, 19660, 653, 677, 691, 670]
[15, 19660, 647, 647, 648, 582]
[15, 19660, 637, 612, 650, 585]
[15, 19660, 702, 600, 620, 620]
[15, 19660, 646, 558, 625, 601]
[15, 19660, 671, 692, 611, 595]
[15, 19660, 611, 681, 594, 635]
[15, 19660, 684, 665, 569, 702]
[15, 19660, 629, 628, 634, 608]
[15, 19660, 634, 643, 631, 648]
[15, 19660, 584, 600, 628, 640]
[15, 19660, 626, 649, 633, 603]
[15, 19660, 614, 628, 644, 639]
[15, 19660, 635, 651, 652, 638]
[15, 19660, 613, 661, 634, 685]
[15, 19660, 602, 630, 701, 676]
[15, 19660, 668, 625, 640, 591]
[15, 19660, 659, 560, 719, 593]
[15, 19660, 608, 627, 631, 605]
[15, 19660, 692, 655, 622, 656]
[15, 19660, 645, 617, 574, 631]
[15, 19660, 648, 618, 633, 584]
[15, 19660, 644, 602, 602, 636]
[15, 19660, 656, 602, 591, 595]
[15, 19660, 642, 592, 595, 656]
[15, 19660, 578, 647, 608, 632]
[15, 19660, 601, 638, 602, 577]
[15, 19660, 631, 619, 682, 598]
[15, 19660, 607, 664, 622, 598]
[15, 19660, 566, 657, 644, 648]
[15, 19660, 613, 630, 615, 601]
[15, 19660, 617, 600, 638, 630]
[15, 19660, 604, 650, 644, 582]
[15, 19660, 630, 641, 599, 648]
[15, 19660, 612, 659, 649, 606]
[15, 19660, 690, 632, 592, 646]
[15, 19660, 599, 646, 615, 694]
[15, 19660, 654, 643, 574, 744]
[15, 19660, 600, 631, 658, 618]
[15, 19660, 650, 663, 654, 586]
[15, 19660, 634, 635, 664, 588]
[15, 19660, 600, 601, 652, 588]
[15, 19660, 570, 620, 631, 606]
[15, 19660, 668, 654, 582, 626]
[15, 19660, 582, 599, 620, 666]
[15, 19660, 660, 625, 643, 641]
[15, 19660, 640, 674, 661, 602]
[15, 19660, 631, 619, 607, 643]
[15, 19660, 657, 637, 636, 622]
[15, 19660, 686, 597, 647, 671]
[15, 19660, 631, 631, 664, 650]
[15, 19660, 610, 674, 621, 643]
[15, 19660, 578, 672, 679, 653]
[15, 19660, 563, 614, 646, 711]
[15, 19660, 616, 593, 633, 669]
[15, 19660, 575, 641, 657, 680]
[15, 19660, 649, 617, 625, 644]
[15, 19660, 655, 593, 581, 616]
[15, 19660, 625, 579, 684, 670]
[15, 19660, 612, 622, 638, 626]
[15, 19660, 536, 638, 684, 669]
[15, 19660, 660, 659, 633, 606]
[15, 19660, 603, 536, 654, 628]
[15, 19660, 589, 651, 648, 622]
[15, 19660, 644, 636, 625, 616]
[15, 19660, 601, 607, 601, 669]
[15, 19660, 628, 617, 580, 574]
[15, 19660, 659, 603, 599, 637]
[15, 19660, 622, 616, 616, 748]
[15, 19660, 612, 644, 658, 617]
[15, 19660, 700, 623, 637, 647]
[15, 19660, 616, 659, 655, 632]
[15, 19660, 628, 618, 631, 619]
[15, 19660, 569, 687, 607, 635]
[15, 19660, 636, 632, 667, 580]
[15, 19660, 619, 667, 650, 648]
[15, 19660, 605, 592, 651, 643]
[15, 19660, 598, 605, 660, 615]
[15, 19660, 611, 545, 638, 636]
[15, 19660, 601, 643, 633, 623]
[15, 19660, 641, 632, 587, 641]
[15, 19660, 592, 669, 666, 629]
[20, 26214, 1078, 1030, 1078, 1014]
[20, 26214, 1003, 1036, 1052, 1018]
[20, 26214, 1081, 1030, 1011, 1028]
[20, 26214, 1073, 1033, 1068, 1110]
[20, 26214, 1078, 1026, 1046, 1084]
[20, 26214, 1058, 1054, 1101, 1083]
[20, 26214, 997, 1126, 1028, 1082]
[20, 26214, 1053, 1078, 1034, 1084]
[20, 26214, 1125, 1053, 1019, 1041]
[20, 26214, 1069, 1042, 1096, 1035]
[20, 26214, 1081, 1087, 1005, 1119]
[20, 26214, 1056, 1071, 1086, 1163]
[20, 26214, 1121, 1085, 974, 1068]
[20, 26214, 1095, 1167, 1035, 1058]
[20, 26214, 1050, 1018, 1105, 1061]
[20, 26214, 1026, 1095, 1066, 1050]
[20, 26214, 1040, 1012, 1080, 1110]
[20, 26214, 1057, 1014, 1068, 1059]
[20, 26214, 1063, 1037, 1104, 1096]
[20, 26214, 1020, 1133, 1087, 1026]
[20, 26214, 1086, 1101, 1076, 1015]
[20, 26214, 1024, 1133, 1072, 1053]
[20, 26214, 1033, 1049, 1079, 1054]
[20, 26214, 1125, 1087, 1043, 1065]
[20, 26214, 1050, 1050, 1060, 1104]
[20, 26214, 1119, 1042, 1040, 1100]
[20, 26214, 1072, 1131, 1083, 1014]
[20, 26214, 1063, 1149, 1077, 1134]
[20, 26214, 1057, 1014, 1151, 1083]
[20, 26214, 1031, 1086, 1040, 1080]
[20, 26214, 1026, 1152, 1038, 965]
[20, 26214, 1019, 1104, 1115, 1088]
[20, 26214, 1093, 1029, 1125, 1114]
[20, 26214, 1028, 1077, 1085, 1109]
[20, 26214, 1019, 1088, 1121, 1017]
[20, 26214, 1036, 1048, 1134, 1011]
[20, 26214, 1051, 1021, 1090, 1027]
[20, 26214, 1031, 1052, 1071, 1081]
[20, 26214, 1099, 1029, 975, 1083]
[20, 26214, 1014, 1126, 984, 1063]
[20, 26214, 1029, 1005, 1070, 1116]
[20, 26214, 1048, 1040, 1071, 1079]
[20, 26214, 1053, 1012, 1058, 1118]
[20, 26214, 1037, 1052, 1147, 1023]
[20, 26214, 1079, 1098, 1079, 1049]
[20, 26214, 1047, 1102, 1139, 1004]
[20, 26214, 1097, 1095, 1068, 1050]
[20, 26214, 1054, 1063, 1087, 1018]
[20, 26214, 1019, 1083, 1075, 1080]
[20, 26214, 1046, 1041, 1129, 1083]
[20, 26214, 1097, 1051, 1066, 1049]
[20, 26214, 1074, 1102, 998, 1047]
[20, 26214, 1029, 1051, 1040, 1063]
[20, 26214, 1028, 1123, 1038, 1083]
[20, 26214, 1054, 1075, 1074, 1223]
[20, 26214, 1103, 1127, 974, 1149]
[20, 26214, 1123, 1100, 1136, 1073]
[20, 26214, 1096, 1099, 1187, 1014]
[20, 26214, 1101, 1042, 1055, 1018]
[20, 26214, 986, 1088, 1064, 1048]
[20, 26214, 1050, 1075, 1063, 1124]
[20, 26214, 1091, 1142, 1048, 1079]
[20, 26214, 1105, 1008, 1080, 983]
[20, 26214, 1049, 1058, 1084, 1092]
[20, 26214, 1087, 1065, 1049, 1061]
[20, 26214, 1011, 1050, 1087, 1118]
[20, 26214, 1101, 1084, 1025, 1122]
[20, 26214, 1077, 1008, 1008, 1088]
[20, 26214, 1092, 1016, 1083, 1076]
[20, 26214, 987, 1086, 1037, 1080]
[20, 26214, 1060, 1085, 1074, 1113]
[20, 26214, 1003, 1091, 1053, 1123]
[20, 26214, 1069, 1074, 1097, 1056]
[20, 26214, 1068, 1115, 1052, 1051]
[20, 26214, 1049, 1069, 1067, 1082]
[20, 26214, 1086, 1100, 1124, 1081]
[20, 26214, 1076, 1078, 1127, 1069]
[20, 26214, 1025, 1039, 1099, 1023]
[20, 26214, 1023, 1131, 1070, 1122]
[20, 26214, 1015, 1049, 1055, 1129]
[20, 26214, 1068, 1025, 1111, 1140]
[20, 26214, 1075, 1089, 1048, 1046]
[20, 26214, 1062, 1156, 1013, 1078]
[20, 26214, 1140, 1012, 1051, 1116]
[20, 26214, 1032, 1049, 1017, 994]
[20, 26214, 1165, 1099, 1048, 1127]
[20, 26214, 1073, 1156, 1017, 1059]
[20, 26214, 1050, 1091, 1033, 1056]
[20, 26214, 1060, 1045, 1139, 1119]
[20, 26214, 1165, 1167, 991, 1076]
[20, 26214, 1088, 1069, 1095, 1064]
[20, 26214, 1030, 1182, 1038, 1035]
[20, 26214, 1136, 1102, 1076, 1012]
[20, 26214, 1088, 1105, 1079, 1044]
[20, 26214, 1105, 1023, 1098, 1035]
[20, 26214, 1023, 1032, 1118, 1081]
[20, 26214, 1045, 987, 1076, 1075]
[20, 26214, 1092, 1056, 1067, 1085]
[20, 26214, 1072, 1114, 1128, 1161]
[20, 26214, 1057, 1092, 1107, 1018]
[25, 32768, 1648, 1669, 1678, 1614]
[25, 32768, 1534, 1605, 1659, 1623]
[25, 32768, 1611, 1624, 1632, 1609]
[25, 32768, 1595, 1625, 1674, 1573]
[25, 32768, 1719, 1560, 1568, 1610]
[25, 32768, 1604, 1611, 1644, 1596]
[25, 32768, 1631, 1603, 1528, 1695]
[25, 32768, 1629, 1608, 1564, 1660]
[25, 32768, 1621, 1487, 1628, 1672]
[25, 32768, 1570, 1609, 1604, 1627]
[25, 32768, 1631, 1637, 1609, 1632]
[25, 32768, 1485, 1557, 1651, 1711]
[25, 32768, 1706, 1619, 1625, 1644]
[25, 32768, 1641, 1732, 1600, 1591]
[25, 32768, 1657, 1583, 1623, 1642]
[25, 32768, 1609, 1627, 1560, 1612]
[25, 32768, 1627, 1643, 1646, 1661]
[25, 32768, 1618, 1559, 1678, 1571]
[25, 32768, 1610, 1630, 1600, 1665]
[25, 32768, 1554, 1648, 1536, 1635]
[25, 32768, 1681, 1571, 1726, 1614]
[25, 32768, 1676, 1713, 1589, 1619]
[25, 32768, 1592, 1551, 1700, 1630]
[25, 32768, 1577, 1681, 1669, 1560]
[25, 32768, 1672, 1681, 1552, 1583]
[25, 32768, 1582, 1624, 1584, 1685]
[25, 32768, 1640, 1622, 1654, 1549]
[25, 32768, 1612, 1649, 1623, 1717]
[25, 32768, 1584, 1624, 1755, 1557]
[25, 32768, 1627, 1622, 1608, 1617]
[25, 32768, 1531, 1726, 1642, 1591]
[25, 32768, 1569, 1644, 1542, 1590]
[25, 32768, 1583, 1617, 1603, 1694]
[25, 32768, 1597, 1622, 1630, 1599]
[25, 32768, 1582, 1692, 1726, 1570]
[25, 32768, 1716, 1672, 1617, 1572]
[25, 32768, 1560, 1534, 1650, 1631]
[25, 32768, 1634, 1684, 1681, 1640]
[25, 32768, 1722, 1660, 1535, 1614]
[25, 32768, 1556, 1669, 1585, 1633]
[25, 32768, 1629, 1537, 1537, 1717]
[25, 32768, 1702, 1536, 1600, 1613]
[25, 32768, 1613, 1596, 1647, 1576]
[25, 32768, 1581, 1580, 1658, 1608]
[25, 32768, 1624, 1530, 1640, 1569]
[25, 32768, 1536, 1629, 1657, 1503]
[25, 32768, 1641, 1587, 1710, 1571]
[25, 32768, 1619, 1557, 1613, 1588]
[25, 32768, 1529, 1521, 1595, 1589]
[25, 32768, 1592, 1631, 1692, 1678]
[25, 32768, 1640, 1663, 1605, 1578]
[25, 32768, 1644, 1679, 1603, 1647]
[25, 32768, 1535, 1657, 1579, 1673]
[25, 32768, 1632, 1593, 1566, 1620]
[25, 32768, 1589, 1645, 1668, 1639]
[25, 32768, 1597, 1618, 1572, 1723]
[25, 32768, 1694, 1627, 1599, 1586]
[25, 32768, 1657, 1727, 1650, 1498]
[25, 32768, 1630, 1581, 1620, 1601]
[25, 32768, 1600, 1589, 1559, 1649]
[25, 32768, 1605, 1621, 1490, 1624]
[25, 32768, 1591, 1755, 1579, 1661]
[25, 32768, 1574, 1716, 1593, 1592]
[25, 32768, 1660, 1653, 1552, 1699]
[25, 32768, 1607, 1634, 1627, 1529]
[25, 32768, 1574, 1600, 1665, 1601]
[25, 32768, 1654, 1646, 1613, 1700]
[25, 32768, 1769, 1678, 1576, 1621]
[25, 32768, 1636, 1712, 1607, 1592]
[25, 32768, 1692, 1598, 1610, 1641]
[25, 32768, 1587, 1601, 1686, 1658]
[25, 32768, 1508, 1639, 1637, 1753]
[25, 32768, 1663, 1534, 1599, 1643]
[25, 32768, 1603, 1608, 1612, 1629]
[25, 32768, 1664, 1571, 1626, 1650]
[25, 32768, 1578, 1653, 1708, 1526]
[25, 32768, 1540, 1572, 1589, 1711]
[25, 32768, 1643, 1608, 1648, 1596]
[25, 32768, 1536, 1581, 1515, 1671]
[25, 32768, 1610, 1569, 1633, 1629]
[25, 32768, 1600, 1643, 1628, 1732]
[25, 32768, 1628, 1756, 1628, 1605]
[25, 32768, 1650, 1759, 1551, 1587]
[25, 32768, 1706, 1536, 1651, 1595]
[25, 32768, 1620, 1547, 1560, 1585]
[25, 32768, 1690, 1611, 1570, 1577]
[25, 32768, 1627, 1641, 1598, 1676]
[25, 32768, 1710, 1580, 1603, 1577]
[25, 32768, 1622, 1649, 1621, 1680]
[25, 32768, 1583, 1655, 1563, 1621]
[25, 32768, 1596, 1632, 1595, 1658]
[25, 32768, 1621, 1649, 1605, 1634]
[25, 32768, 1588, 1676, 1590, 1579]
[25, 32768, 1736, 1631, 1580, 1591]
[25, 32768, 1603, 1593, 1695, 1569]
[25, 32768, 1544, 1680, 1549, 1558]
[25, 32768, 1598, 1542, 1684, 1704]
[25, 32768, 1527, 1573, 1599, 1661]
[25, 32768, 1553, 1681, 1567, 1591]
[25, 32768, 1560, 1612, 1649, 1608]
[30, 39321, 2327, 2159, 2348, 2318]
[30, 39321, 2277, 2308, 2311, 2244]
[30, 39321, 2260, 2314, 2374, 2208]
[30, 39321, 2152, 2322, 2393, 2276]
[30, 39321, 2356, 2203, 2219, 2331]
[30, 39321, 2248, 2293, 2128, 2200]
[30, 39321, 2281, 2282, 2243, 2230]
[30, 39321, 2273, 2293, 2253, 2254]
[30, 39321, 2288, 2186, 2272, 2293]
[30, 39321, 2172, 2362, 2254, 2234]
[30, 39321, 2292, 2342, 2296, 2358]
[30, 39321, 2252, 2218, 2310, 2313]
[30, 39321, 2366, 2358, 2294, 2282]
[30, 39321, 2272, 2340, 2280, 2297]
[30, 39321, 2273, 2229, 2311, 2230]
[30, 39321, 2312, 2292, 2323, 2253]
[30, 39321, 2349, 2201, 2191, 2297]
[30, 39321, 2180, 2199, 2327, 2307]
[30, 39321, 2327, 2229, 2227, 2312]
[30, 39321, 2198, 2389, 2159, 2187]
[30, 39321, 2269, 2240, 2246, 2200]
[30, 39321, 2287, 2301, 2265, 2329]
[30, 39321, 2206, 2317, 2371, 2243]
[30, 39321, 2258, 2278, 2236, 2213]
[30, 39321, 2380, 2395, 2284, 2283]
[30, 39321, 2292, 2254, 2237, 2354]
[30, 39321, 2312, 2274, 2366, 2159]
[30, 39321, 2213, 2375, 2269, 2242]
[30, 39321, 2216, 2264, 2247, 2247]
[30, 39321, 2209, 2316, 2223, 2331]
[30, 39321, 2234, 2327, 2286, 2268]
[30, 39321, 2282, 2390, 2271, 2231]
[30, 39321, 2245, 2186, 2312, 2314]
[30, 39321, 2223, 2240, 2380, 2356]
[30, 39321, 2147, 2298, 2281, 2126]
[30, 39321, 2265, 2305, 2356, 2254]
[30, 39321, 2262, 2228, 2349, 2349]
[30, 39321, 2295, 2338, 2321, 2363]
[30, 39321, 2330, 2347, 2295, 2231]
[30, 39321, 2232, 2228, 2276, 2318]
[30, 39321, 2205, 2233, 2256, 2364]
[30, 39321, 2203, 2201, 2295, 2238]
[30, 39321, 2340, 2282, 2226, 2272]
[30, 39321, 2224, 2231, 2271, 2232]
[30, 39321, 2160, 2294, 2363, 2188]
[30, 39321, 2273, 2393, 2393, 2211]
[30, 39321, 2298, 2290, 2330, 2162]
[30, 39321, 2319, 2262, 2295, 2254]
[30, 39321, 2236, 2269, 2300, 2266]
[30, 39321, 2243, 2284, 2444, 2281]
[30, 39321, 2331, 2315, 2253, 2139]
[30, 39321, 2227, 2396, 2251, 2260]
[30, 39321, 2138, 2294, 2323, 2127]
[30, 39321, 2237, 2345, 2267, 2274]
[30, 39321, 2300, 2246, 2355, 2386]
[30, 39321, 2282, 2289, 2154, 2342]
[30, 39321, 2339, 2316, 2269, 2204]
[30, 39321, 2319, 2401, 2272, 2201]
[30, 39321, 2309, 2223, 2282, 2223]
[30, 39321, 2176, 2312, 2257, 2322]
[30, 39321, 2312, 2226, 2174, 2430]
[30, 39321, 2320, 2414, 2159, 2340]
[30, 39321, 2140, 2337, 2274, 2293]
[30, 39321, 2241, 2247, 2224, 2347]
[30, 39321, 2347, 2217, 2246, 2184]
[30, 39321, 2184, 2210, 2322, 2277]
[30, 39321, 2267, 2275, 2199, 2217]
[30, 39321, 2328, 2261, 2211, 2331]
[30, 39321, 2283, 2297, 2343, 2258]
[30, 39321, 2293, 2301, 2195, 2395]
[30, 39321, 2235, 2303, 2389, 2192]
[30, 39321, 2137, 2227, 2302, 2466]
[30, 39321, 2298, 2276, 2281, 2228]
[30, 39321, 2416, 2263, 2177, 2307]
[30, 39321, 2209, 2260, 2305, 2194]
[30, 39321, 2234, 2259, 2261, 2188]
[30, 39321, 2200, 2275, 2248, 2309]
[30, 39321, 2197, 2252, 2285, 2326]
[30, 39321, 2166, 2261, 2311, 2426]
[30, 39321, 2265, 2227, 2233, 2229]
[30, 39321, 2276, 2221, 2273, 2307]
[30, 39321, 2200, 2372, 2228, 2246]
[30, 39321, 2230, 2397, 2208, 2354]
[30, 39321, 2328, 2209, 2268, 2278]
[30, 39321, 2265, 2281, 2231, 2244]
[30, 39321, 2336, 2343, 2303, 2238]
[30, 39321, 2275, 2276, 2244, 2304]
[30, 39321, 2353, 2343, 2289, 2241]
[30, 39321, 2381, 2235, 2265, 2312]
[30, 39321, 2267, 2265, 2215, 2267]
[30, 39321, 2240, 2204, 2257, 2261]
[30, 39321, 2251, 2332, 2335, 2333]
[30, 39321, 2339, 2348, 2212, 2261]
[30, 39321, 2301, 2259, 2330, 2210]
[30, 39321, 2217, 2309, 2324, 2254]
[30, 39321, 2297, 2245, 2365, 2261]
[30, 39321, 2255, 2258, 2356, 2273]
[30, 39321, 2271, 2260, 2195, 2381]
[30, 39321, 2281, 2305, 2211, 2297]
[30, 39321, 2205, 2284, 2313, 2272]
[35, 45875, 3157, 3010, 3081, 3049]
[35, 45875, 3035, 2999, 3008, 2990]
[35, 45875, 2987, 2982, 3010, 2938]
[35, 45875, 2868, 3025, 3161, 3051]
[35, 45875, 3005, 3037, 3079, 3087]
[35, 45875, 2942, 3017, 3077, 3011]
[35, 45875, 3041, 3035, 3011, 3040]
[35, 45875, 3076, 2885, 3015, 3040]
[35, 45875, 2966, 3112, 3003, 3078]
[35, 45875, 3062, 3064, 3031, 3074]
[35, 45875, 2950, 3000, 2915, 3051]
[35, 45875, 3033, 2984, 3042, 3088]
[35, 45875, 3123, 3152, 3013, 3020]
[35, 45875, 3078, 3187, 2959, 2981]
[35, 45875, 3027, 3077, 3128, 3048]
[35, 45875, 3076, 2991, 2969, 3127]
[35, 45875, 3005, 2986, 2967, 3089]
[35, 45875, 2974, 2973, 3116, 3064]
[35, 45875, 2936, 2900, 3127, 2983]
[35, 45875, 2995, 2990, 2973, 3054]
[35, 45875, 3011, 2947, 3092, 3002]
[35, 45875, 3017, 3047, 3054, 3078]
[35, 45875, 3033, 3080, 3044, 3119]
[35, 45875, 3105, 3060, 2997, 2912]
[35, 45875, 3107, 3116, 2953, 3070]
[35, 45875, 2947, 3070, 2897, 3198]
[35, 45875, 3030, 3011, 3124, 2971]
[35, 45875, 2990, 2999, 3130, 3015]
[35, 45875, 3058, 3001, 3106, 3151]
[35, 45875, 3046, 3029, 3002, 3176]
[35, 45875, 3064, 3201, 3119, 2979]
[35, 45875, 3053, 2995, 3002, 2918]
[35, 45875, 3058, 2943, 3046, 3073]
[35, 45875, 3005, 3106, 3041, 3086]
[35, 45875, 2917, 3064, 3101, 2967]
[35, 45875, 3093, 3142, 3127, 3074]
[35, 45875, 3003, 2975, 3059, 2925]
[35, 45875, 3070, 3158, 2988, 2977]
[35, 45875, 2983, 3151, 2979, 3046]
[35, 45875, 3030, 3023, 2980, 3040]
[35, 45875, 3017, 3004, 3090, 3055]
[35, 45875, 3050, 2926, 3034, 2984]
[35, 45875, 3079, 2966, 2865, 2942]
[35, 45875, 2918, 2995, 3082, 3009]
[35, 45875, 2972, 2991, 3139, 2968]
[35, 45875, 2903, 3035, 3081, 2892]
[35, 45875, 3126, 2882, 3129, 2889]
[35, 45875, 3000, 3011, 2965, 3029]
[35, 45875, 2981, 2900, 3093, 2922]
[35, 45875, 3020, 2997, 3170, 3036]
[35, 45875, 3113, 3068, 2962, 2958]
[35, 45875, 3074, 3120, 2943, 2952]
[35, 45875, 2990, 3036, 3042, 2931]
[35, 45875, 3068, 3071, 2932, 3134]
[35, 45875, 2914, 2940, 3073, 3146]
[35, 45875, 2952, 2995, 2916, 3087]
[35, 45875, 3091, 3031, 2952, 2925]
[35, 45875, 3040, 3251, 2995, 2925]
[35, 45875, 3010, 3005, 2992, 2876]
[35, 45875, 2954, 2996, 3171, 3096]
[35, 45875, 2963, 2968, 2968, 3018]
[35, 45875, 2950, 3051, 2943, 2976]
[35, 45875, 2990, 3031, 3086, 3118]
[35, 45875, 2981, 3014, 3000, 2979]
[35, 45875, 2992, 2935, 3020, 3003]
[35, 45875, 2992, 3007, 3139, 2949]
[35, 45875, 3004, 3076, 2984, 3064]
[35, 45875, 3009, 2985, 3051, 2958]
[35, 45875, 3134, 3024, 3112, 3023]
[35, 45875, 3073, 3059, 2935, 3086]
[35, 45875, 3008, 3023, 3010, 3024]
[35, 45875, 2953, 2831, 3108, 3180]
[35, 45875, 3074, 2898, 3074, 3058]
[35, 45875, 3096, 3014, 2954, 3088]
[35, 45875, 2970, 2827, 3092, 3029]
[35, 45875, 2997, 3007, 2967, 3053]
[35, 45875, 2960, 3012, 3026, 3088]
[35, 45875, 3110, 3059, 2934, 2984]
[35, 45875, 2960, 3136, 3033, 3121]
[35, 45875, 3064, 2927, 3044, 3054]
[35, 45875, 2999, 3030, 3043, 3158]
[35, 45875, 2980, 3018, 3007, 2973]
[35, 45875, 2929, 3061, 2893, 3030]
[35, 45875, 3136, 2936, 2941, 3050]
[35, 45875, 2914, 3092, 3045, 3044]
[35, 45875, 3055, 3013, 3029, 2954]
[35, 45875, 3036, 3060, 3019, 2904]
[35, 45875, 3070, 3131, 3063, 2894]
[35, 45875, 3046, 2967, 3028, 2995]
[35, 45875, 2863, 2963, 2970, 3134]
[35, 45875, 2971, 3050, 3145, 2938]
[35, 45875, 3008, 3120, 2914, 3074]
[35, 45875, 3142, 3065, 3047, 3013]
[35, 45875, 2950, 2983, 3085, 3029]
[35, 45875, 3013, 3019, 3154, 2923]
[35, 45875, 3056, 3090, 3054, 2979]
[35, 45875, 3020, 2945, 3000, 3078]
[35, 45875, 3058, 3135, 3090, 3060]
[35, 45875, 2980, 3173, 2971, 3064]
[35, 45875, 2943, 3043, 3063, 3028]
[40, 52428, 3856, 3795, 3759, 3870]
[40, 52428, 3881, 3887, 3834, 3978]
[40, 52428, 3861, 3824, 3866, 3763]
[40, 52428, 3762, 3846, 4051, 3891]
[40, 52428, 3943, 3904, 3787, 4021]
[40, 52428, 3808, 3897, 3717, 4009]
[40, 52428, 3808, 3787, 3880, 3856]
[40, 52428, 3927, 3923, 3886, 3859]
[40, 52428, 3839, 3802, 3859, 3775]
[40, 52428, 3856, 3926, 3947, 3791]
[40, 52428, 3825, 3801, 3900, 3821]
[40, 52428, 3774, 3749, 3878, 3893]
[40, 52428, 4023, 3878, 3790, 3845]
[40, 52428, 3964, 3913, 3761, 3899]
[40, 52428, 3839, 3879, 3925, 3925]
[40, 52428, 3959, 3833, 3834, 3931]
[40, 52428, 3913, 3744, 3867, 3887]
[40, 52428, 3820, 3783, 3955, 3887]
[40, 52428, 3791, 3830, 3808, 3842]
[40, 52428, 3862, 4041, 3910, 3816]
[40, 52428, 3797, 3855, 4034, 3865]
[40, 52428, 3882, 3879, 3882, 3869]
[40, 52428, 3850, 3798, 3911, 3860]
[40, 52428, 3907, 3968, 3914, 3821]
[40, 52428, 3994, 3998, 3837, 3809]
[40, 52428, 3944, 3936, 3715, 3968]
[40, 52428, 3797, 3920, 3848, 3823]
[40, 52428, 3925, 3751, 3782, 3964]
[40, 52428, 3945, 3899, 3782, 3959]
[40, 52428, 3817, 3830, 3824, 3957]
[40, 52428, 3872, 3947, 3954, 3892]
[40, 52428, 3906, 3983, 4039, 3749]
[40, 52428, 3796, 3833, 4041, 3880]
[40, 52428, 3917, 3925, 3979, 4008]
[40, 52428, 3814, 3848, 3914, 3852]
[40, 52428, 3898, 3935, 3749, 3854]
[40, 52428, 3876, 3758, 3865, 3892]
[40, 52428, 3903, 3805, 3925, 3846]
[40, 52428, 3891, 4025, 3707, 3954]
[40, 52428, 3843, 4006, 3960, 3877]
[40, 52428, 3922, 3908, 3944, 3892]
[40, 52428, 4033, 3833, 3870, 3874]
[40, 52428, 3983, 3949, 3857, 3823]
[40, 52428, 3791, 3897, 3995, 3851]
[40, 52428, 3860, 3877, 3859, 3811]
[40, 52428, 3861, 3905, 3985, 3680]
[40, 52428, 4010, 3727, 3855, 3806]
[40, 52428, 3770, 3974, 3909, 3783]
[40, 52428, 3773, 3848, 3949, 3787]
[40, 52428, 3798, 3833, 4038, 3851]
[40, 52428, 3985, 3909, 3803, 3748]
[40, 52428, 3951, 3904, 3787, 3838]
[40, 52428, 3830, 3911, 3949, 3781]
[40, 52428, 3782, 3910, 3738, 4026]
[40, 52428, 3795, 3822, 3875, 3983]
[40, 52428, 3918, 3886, 3842, 3911]
[40, 52428, 3915, 3913, 3802, 3756]
[40, 52428, 3919, 3979, 3871, 3770]
[40, 52428, 3904, 3749, 3726, 3756]
[40, 52428, 3753, 3900, 3840, 4034]
[40, 52428, 3922, 3811, 3874, 4065]
[40, 52428, 3885, 3979, 3831, 3840]
[40, 52428, 3784, 3884, 3826, 3902]
[40, 52428, 3801, 3844, 3859, 3859]
[40, 52428, 3914, 3779, 3937, 3886]
[40, 52428, 3712, 3805, 3894, 4010]
[40, 52428, 3944, 3678, 3740, 3976]
[40, 52428, 3898, 3807, 3829, 3888]
[40, 52428, 3820, 3793, 3990, 3850]
[40, 52428, 4015, 3873, 3829, 3924]
[40, 52428, 3713, 3902, 3945, 3795]
[40, 52428, 3799, 3704, 3888, 3978]
[40, 52428, 3884, 3753, 3871, 3809]
[40, 52428, 3947, 3875, 3730, 3963]
[40, 52428, 3848, 3883, 3940, 3861]
[40, 52428, 3921, 3871, 3977, 3855]
[40, 52428, 3784, 3858, 3834, 3821]
[40, 52428, 3949, 3749, 3893, 3895]
[40, 52428, 3707, 3831, 3925, 3968]
[40, 52428, 3759, 3728, 3945, 3877]
[40, 52428, 3809, 3758, 3949, 4086]
[40, 52428, 3832, 4114, 3932, 3895]
[40, 52428, 3760, 3840, 3862, 3912]
[40, 52428, 3927, 3898, 3876, 3974]
[40, 52428, 3802, 3924, 3762, 3838]
[40, 52428, 3923, 3836, 3793, 3881]
[40, 52428, 3876, 3949, 3869, 3825]
[40, 52428, 3932, 3930, 3996, 3679]
[40, 52428, 3879, 3827, 3950, 4003]
[40, 52428, 3846, 3798, 3865, 3886]
[40, 52428, 3926, 3972, 3842, 3821]
[40, 52428, 3922, 3888, 3849, 3942]
[40, 52428, 3921, 3826, 3897, 3812]
[40, 52428, 3899, 3875, 3948, 3789]
[40, 52428, 3933, 3892, 4034, 3861]
[40, 52428, 3867, 3849, 3893, 3924]
[40, 52428, 3893, 3798, 3894, 3952]
[40, 52428, 3814, 3949, 3869, 3948]
[40, 52428, 3924, 3903, 4021, 3858]
[40, 52428, 3904, 3883, 3875, 3970]
