[1, 1310, 30]
[1, 1310, 38]
[1, 1310, 33]
[1, 1310, 31]
[1, 1310, 40]
[1, 1310, 45]
[1, 1310, 52]
[1, 1310, 34]
[1, 1310, 31]
[1, 1310, 30]
[1, 1310, 32]
[1, 1310, 33]
[1, 1310, 27]
[1, 1310, 44]
[1, 1310, 35]
[1, 1310, 37]
[1, 1310, 40]
[1, 1310, 25]
[1, 1310, 33]
[1, 1310, 35]
[1, 1310, 38]
[1, 1310, 23]
[1, 1310, 29]
[1, 1310, 39]
[1, 1310, 39]
[1, 1310, 44]
[1, 1310, 34]
[1, 1310, 36]
[1, 1310, 35]
[1, 1310, 36]
[1, 1310, 40]
[1, 1310, 35]
[1, 1310, 32]
[1, 1310, 48]
[1, 1310, 40]
[1, 1310, 34]
[1, 1310, 30]
[1, 1310, 37]
[1, 1310, 42]
[1, 1310, 22]
[1, 1310, 33]
[1, 1310, 33]
[1, 1310, 35]
[1, 1310, 36]
[1, 1310, 32]
[1, 1310, 28]
[1, 1310, 38]
[1, 1310, 46]
[1, 1310, 31]
[1, 1310, 39]
[1, 1310, 35]
[1, 1310, 38]
[1, 1310, 39]
[1, 1310, 35]
[1, 1310, 32]
[1, 1310, 33]
[1, 1310, 27]
[1, 1310, 32]
[1, 1310, 32]
[1, 1310, 40]
[1, 1310, 38]
[1, 1310, 35]
[1, 1310, 33]
[1, 1310, 44]
[1, 1310, 37]
[1, 1310, 35]
[1, 1310, 46]
[1, 1310, 27]
[1, 1310, 27]
[1, 1310, 35]
[1, 1310, 32]
[1, 1310, 37]
[1, 1310, 37]
[1, 1310, 25]
[1, 1310, 36]
[1, 1310, 39]
[1, 1310, 25]
[1, 1310, 31]
[1, 1310, 38]
[1, 1310, 35]
[1, 1310, 34]
[1, 1310, 34]
[1, 1310, 36]
[1, 1310, 37]
[1, 1310, 26]
[1, 1310, 26]
[1, 1310, 33]
[1, 1310, 36]
[1, 1310, 21]
[1, 1310, 43]
[1, 1310, 39]
[1, 1310, 39]
[1, 1310, 32]
[1, 1310, 44]
[1, 1310, 35]
[1, 1310, 45]
[1, 1310, 29]
[1, 1310, 34]
[1, 1310, 25]
[1, 1310, 36]
[2, 2621, 87]
[2, 2621, 81]
[2, 2621, 108]
[2, 2621, 99]
[2, 2621, 70]
[2, 2621, 84]
[2, 2621, 109]
[2, 2621, 96]
[2, 2621, 92]
[2, 2621, 80]
[2, 2621, 85]
[2, 2621, 88]
[2, 2621, 75]
[2, 2621, 75]
[2, 2621, 81]
[2, 2621, 97]
[2, 2621, 99]
[2, 2621, 89]
[2, 2621, 88]
[2, 2621, 105]
[2, 2621, 84]
[2, 2621, 87]
[2, 2621, 109]
[2, 2621, 99]
[2, 2621, 82]
[2, 2621, 92]
[2, 2621, 73]
[2, 2621, 79]
[2, 2621, 89]
[2, 2621, 76]
[2, 2621, 86]
[2, 2621, 84]
[2, 2621, 78]
[2, 2621, 86]
[2, 2621, 91]
[2, 2621, 100]
[2, 2621, 96]
[2, 2621, 93]
[2, 2621, 91]
[2, 2621, 83]
[2, 2621, 84]
[2, 2621, 97]
[2, 2621, 88]
[2, 2621, 84]
[2, 2621, 84]
[2, 2621, 84]
[2, 2621, 88]
[2, 2621, 113]
[2, 2621, 122]
[2, 2621, 100]
[2, 2621, 98]
[2, 2621, 90]
[2, 2621, 72]
[2, 2621, 90]
[2, 2621, 72]
[2, 2621, 101]
[2, 2621, 83]
[2, 2621, 92]
[2, 2621, 80]
[2, 2621, 93]
[2, 2621, 109]
[2, 2621, 98]
[2, 2621, 79]
[2, 2621, 82]
[2, 2621, 88]
[2, 2621, 83]
[2, 2621, 79]
[2, 2621, 78]
[2, 2621, 94]
[2, 2621, 75]
[2, 2621, 94]
[2, 2621, 83]
[2, 2621, 96]
[2, 2621, 90]
[2, 2621, 115]
[2, 2621, 86]
[2, 2621, 87]
[2, 2621, 86]
[2, 2621, 104]
[2, 2621, 90]
[2, 2621, 80]
[2, 2621, 92]
[2, 2621, 85]
[2, 2621, 98]
[2, 2621, 94]
[2, 2621, 90]
[2, 2621, 80]
[2, 2621, 92]
[2, 2621, 79]
[2, 2621, 70]
[2, 2621, 91]
[2, 2621, 101]
[2, 2621, 110]
[2, 2621, 71]
[2, 2621, 78]
[2, 2621, 115]
[2, 2621, 96]
[2, 2621, 87]
[2, 2621, 100]
[2, 2621, 94]
[5, 6553, 344]
[5, 6553, 367]
[5, 6553, 363]
[5, 6553, 339]
[5, 6553, 360]
[5, 6553, 341]
[5, 6553, 381]
[5, 6553, 336]
[5, 6553, 359]
[5, 6553, 367]
[5, 6553, 359]
[5, 6553, 363]
[5, 6553, 368]
[5, 6553, 367]
[5, 6553, 337]
[5, 6553, 344]
[5, 6553, 364]
[5, 6553, 416]
[5, 6553, 375]
[5, 6553, 359]
[5, 6553, 355]
[5, 6553, 383]
[5, 6553, 351]
[5, 6553, 363]
[5, 6553, 364]
[5, 6553, 394]
[5, 6553, 345]
[5, 6553, 401]
[5, 6553, 373]
[5, 6553, 337]
[5, 6553, 378]
[5, 6553, 347]
[5, 6553, 374]
[5, 6553, 404]
[5, 6553, 391]
[5, 6553, 342]
[5, 6553, 315]
[5, 6553, 375]
[5, 6553, 333]
[5, 6553, 358]
[5, 6553, 354]
[5, 6553, 377]
[5, 6553, 373]
[5, 6553, 393]
[5, 6553, 340]
[5, 6553, 374]
[5, 6553, 366]
[5, 6553, 351]
[5, 6553, 382]
[5, 6553, 361]
[5, 6553, 394]
[5, 6553, 394]
[5, 6553, 358]
[5, 6553, 323]
[5, 6553, 371]
[5, 6553, 355]
[5, 6553, 332]
[5, 6553, 350]
[5, 6553, 377]
[5, 6553, 385]
[5, 6553, 348]
[5, 6553, 389]
[5, 6553, 370]
[5, 6553, 395]
[5, 6553, 365]
[5, 6553, 355]
[5, 6553, 377]
[5, 6553, 341]
[5, 6553, 372]
[5, 6553, 392]
[5, 6553, 380]
[5, 6553, 301]
[5, 6553, 368]
[5, 6553, 364]
[5, 6553, 370]
[5, 6553, 372]
[5, 6553, 343]
[5, 6553, 326]
[5, 6553, 398]
[5, 6553, 337]
[5, 6553, 346]
[5, 6553, 336]
[5, 6553, 401]
[5, 6553, 365]
[5, 6553, 350]
[5, 6553, 368]
[5, 6553, 346]
[5, 6553, 345]
[5, 6553, 357]
[5, 6553, 395]
[5, 6553, 403]
[5, 6553, 383]
[5, 6553, 372]
[5, 6553, 359]
[5, 6553, 359]
[5, 6553, 368]
[5, 6553, 354]
[5, 6553, 362]
[5, 6553, 318]
[5, 6553, 383]
[10, 13107, 1170]
[10, 13107, 1234]
[10, 13107, 1144]
[10, 13107, 1242]
[10, 13107, 1251]
[10, 13107, 1271]
[10, 13107, 1152]
[10, 13107, 1111]
[10, 13107, 1178]
[10, 13107, 1115]
[10, 13107, 1070]
[10, 13107, 1157]
[10, 13107, 1212]
[10, 13107, 1214]
[10, 13107, 1082]
[10, 13107, 1197]
[10, 13107, 1227]
[10, 13107, 1171]
[10, 13107, 1147]
[10, 13107, 1145]
[10, 13107, 1136]
[10, 13107, 1166]
[10, 13107, 1171]
[10, 13107, 1209]
[10, 13107, 1173]
[10, 13107, 1197]
[10, 13107, 1146]
[10, 13107, 1224]
[10, 13107, 1185]
[10, 13107, 1142]
[10, 13107, 1168]
[10, 13107, 1226]
[10, 13107, 1127]
[10, 13107, 1204]
[10, 13107, 1154]
[10, 13107, 1201]
[10, 13107, 1152]
[10, 13107, 1198]
[10, 13107, 1193]
[10, 13107, 1191]
[10, 13107, 1166]
[10, 13107, 1169]
[10, 13107, 1198]
[10, 13107, 1190]
[10, 13107, 1096]
[10, 13107, 1231]
[10, 13107, 1118]
[10, 13107, 1231]
[10, 13107, 1200]
[10, 13107, 1213]
[10, 13107, 1186]
[10, 13107, 1194]
[10, 13107, 1148]
[10, 13107, 1204]
[10, 13107, 1244]
[10, 13107, 1239]
[10, 13107, 1164]
[10, 13107, 1189]
[10, 13107, 1234]
[10, 13107, 1166]
[10, 13107, 1268]
[10, 13107, 1186]
[10, 13107, 1197]
[10, 13107, 1158]
[10, 13107, 1224]
[10, 13107, 1213]
[10, 13107, 1220]
[10, 13107, 1174]
[10, 13107, 1228]
[10, 13107, 1150]
[10, 13107, 1155]
[10, 13107, 1096]
[10, 13107, 1228]
[10, 13107, 1205]
[10, 13107, 1209]
[10, 13107, 1175]
[10, 13107, 1145]
[10, 13107, 1176]
[10, 13107, 1199]
[10, 13107, 1167]
[10, 13107, 1154]
[10, 13107, 1161]
[10, 13107, 1247]
[10, 13107, 1177]
[10, 13107, 1125]
[10, 13107, 1147]
[10, 13107, 1214]
[10, 13107, 1086]
[10, 13107, 1206]
[10, 13107, 1132]
[10, 13107, 1217]
[10, 13107, 1194]
[10, 13107, 1103]
[10, 13107, 1132]
[10, 13107, 1205]
[10, 13107, 1188]
[10, 13107, 1145]
[10, 13107, 1215]
[10, 13107, 1133]
[10, 13107, 1180]
[15, 19660, 2326]
[15, 19660, 2541]
[15, 19660, 2421]
[15, 19660, 2459]
[15, 19660, 2505]
[15, 19660, 2451]
[15, 19660, 2372]
[15, 19660, 2485]
[15, 19660, 2380]
[15, 19660, 2447]
[15, 19660, 2380]
[15, 19660, 2502]
[15, 19660, 2473]
[15, 19660, 2574]
[15, 19660, 2326]
[15, 19660, 2428]
[15, 19660, 2454]
[15, 19660, 2515]
[15, 19660, 2386]
[15, 19660, 2394]
[15, 19660, 2390]
[15, 19660, 2492]
[15, 19660, 2382]
[15, 19660, 2552]
[15, 19660, 2459]
[15, 19660, 2445]
[15, 19660, 2427]
[15, 19660, 2448]
[15, 19660, 2438]
[15, 19660, 2370]
[15, 19660, 2474]
[15, 19660, 2451]
[15, 19660, 2361]
[15, 19660, 2333]
[15, 19660, 2404]
[15, 19660, 2442]
[15, 19660, 2450]
[15, 19660, 2435]
[15, 19660, 2490]
[15, 19660, 2370]
[15, 19660, 2504]
[15, 19660, 2317]
[15, 19660, 2416]
[15, 19660, 2453]
[15, 19660, 2339]
[15, 19660, 2464]
[15, 19660, 2444]
[15, 19660, 2401]
[15, 19660, 2482]
[15, 19660, 2427]
[15, 19660, 2453]
[15, 19660, 2421]
[15, 19660, 2455]
[15, 19660, 2429]
[15, 19660, 2422]
[15, 19660, 2468]
[15, 19660, 2430]
[15, 19660, 2455]
[15, 19660, 2389]
[15, 19660, 2424]
[15, 19660, 2531]
[15, 19660, 2426]
[15, 19660, 2367]
[15, 19660, 2470]
[15, 19660, 2484]
[15, 19660, 2476]
[15, 19660, 2386]
[15, 19660, 2503]
[15, 19660, 2417]
[15, 19660, 2418]
[15, 19660, 2340]
[15, 19660, 2386]
[15, 19660, 2415]
[15, 19660, 2478]
[15, 19660, 2455]
[15, 19660, 2420]
[15, 19660, 2361]
[15, 19660, 2431]
[15, 19660, 2488]
[15, 19660, 2445]
[15, 19660, 2388]
[15, 19660, 2487]
[15, 19660, 2432]
[15, 19660, 2400]
[15, 19660, 2343]
[15, 19660, 2368]
[15, 19660, 2475]
[15, 19660, 2459]
[15, 19660, 2423]
[15, 19660, 2411]
[15, 19660, 2424]
[15, 19660, 2423]
[15, 19660, 2366]
[15, 19660, 2394]
[15, 19660, 2430]
[15, 19660, 2276]
[15, 19660, 2442]
[15, 19660, 2395]
[15, 19660, 2443]
[15, 19660, 2366]
[20, 26214, 3976]
[20, 26214, 4107]
[20, 26214, 3997]
[20, 26214, 4187]
[20, 26214, 4191]
[20, 26214, 4094]
[20, 26214, 4029]
[20, 26214, 4023]
[20, 26214, 4076]
[20, 26214, 3987]
[20, 26214, 4026]
[20, 26214, 4097]
[20, 26214, 4233]
[20, 26214, 4128]
[20, 26214, 3934]
[20, 26214, 4053]
[20, 26214, 4175]
[20, 26214, 4140]
[20, 26214, 3966]
[20, 26214, 4122]
[20, 26214, 3956]
[20, 26214, 4031]
[20, 26214, 3969]
[20, 26214, 4055]
[20, 26214, 4088]
[20, 26214, 3926]
[20, 26214, 4161]
[20, 26214, 4088]
[20, 26214, 4059]
[20, 26214, 4025]
[20, 26214, 4059]
[20, 26214, 4251]
[20, 26214, 4092]
[20, 26214, 4020]
[20, 26214, 4098]
[20, 26214, 4234]
[20, 26214, 3970]
[20, 26214, 4119]
[20, 26214, 4008]
[20, 26214, 4038]
[20, 26214, 4058]
[20, 26214, 4075]
[20, 26214, 4071]
[20, 26214, 3999]
[20, 26214, 3875]
[20, 26214, 4110]
[20, 26214, 4076]
[20, 26214, 4050]
[20, 26214, 4148]
[20, 26214, 4088]
[20, 26214, 4080]
[20, 26214, 4071]
[20, 26214, 3996]
[20, 26214, 4045]
[20, 26214, 4093]
[20, 26214, 4155]
[20, 26214, 4054]
[20, 26214, 4073]
[20, 26214, 4089]
[20, 26214, 3971]
[20, 26214, 4133]
[20, 26214, 4138]
[20, 26214, 4099]
[20, 26214, 3939]
[20, 26214, 3990]
[20, 26214, 4035]
[20, 26214, 4022]
[20, 26214, 4107]
[20, 26214, 4092]
[20, 26214, 4050]
[20, 26214, 4029]
[20, 26214, 3927]
[20, 26214, 4126]
[20, 26214, 4119]
[20, 26214, 4100]
[20, 26214, 4028]
[20, 26214, 4001]
[20, 26214, 4066]
[20, 26214, 4088]
[20, 26214, 4038]
[20, 26214, 4012]
[20, 26214, 4219]
[20, 26214, 4098]
[20, 26214, 3907]
[20, 26214, 4007]
[20, 26214, 4066]
[20, 26214, 4074]
[20, 26214, 4192]
[20, 26214, 4070]
[20, 26214, 3984]
[20, 26214, 4090]
[20, 26214, 4102]
[20, 26214, 4053]
[20, 26214, 4114]
[20, 26214, 4143]
[20, 26214, 3810]
[20, 26214, 4121]
[20, 26214, 4019]
[20, 26214, 3973]
[20, 26214, 4179]
[25, 32768, 6073]
[25, 32768, 5979]
[25, 32768, 5992]
[25, 32768, 6082]
[25, 32768, 6198]
[25, 32768, 6039]
[25, 32768, 6085]
[25, 32768, 5996]
[25, 32768, 6007]
[25, 32768, 6088]
[25, 32768, 5919]
[25, 32768, 6141]
[25, 32768, 6116]
[25, 32768, 6053]
[25, 32768, 5990]
[25, 32768, 5981]
[25, 32768, 6028]
[25, 32768, 6066]
[25, 32768, 6142]
[25, 32768, 6117]
[25, 32768, 6052]
[25, 32768, 6097]
[25, 32768, 6122]
[25, 32768, 6128]
[25, 32768, 6157]
[25, 32768, 6040]
[25, 32768, 6093]
[25, 32768, 6125]
[25, 32768, 6019]
[25, 32768, 6023]
[25, 32768, 6067]
[25, 32768, 6156]
[25, 32768, 6071]
[25, 32768, 5984]
[25, 32768, 6038]
[25, 32768, 6169]
[25, 32768, 5850]
[25, 32768, 6113]
[25, 32768, 6071]
[25, 32768, 6113]
[25, 32768, 6181]
[25, 32768, 6031]
[25, 32768, 6060]
[25, 32768, 5977]
[25, 32768, 5914]
[25, 32768, 6076]
[25, 32768, 6048]
[25, 32768, 6207]
[25, 32768, 6136]
[25, 32768, 5981]
[25, 32768, 6044]
[25, 32768, 6154]
[25, 32768, 6168]
[25, 32768, 6128]
[25, 32768, 5966]
[25, 32768, 6221]
[25, 32768, 6182]
[25, 32768, 6084]
[25, 32768, 5971]
[25, 32768, 6059]
[25, 32768, 5893]
[25, 32768, 6213]
[25, 32768, 6050]
[25, 32768, 5959]
[25, 32768, 6070]
[25, 32768, 5893]
[25, 32768, 5959]
[25, 32768, 6150]
[25, 32768, 6139]
[25, 32768, 5982]
[25, 32768, 5895]
[25, 32768, 5946]
[25, 32768, 6002]
[25, 32768, 6211]
[25, 32768, 6095]
[25, 32768, 5926]
[25, 32768, 5911]
[25, 32768, 6153]
[25, 32768, 6106]
[25, 32768, 6042]
[25, 32768, 5873]
[25, 32768, 6180]
[25, 32768, 6190]
[25, 32768, 5949]
[25, 32768, 5948]
[25, 32768, 5995]
[25, 32768, 6098]
[25, 32768, 5965]
[25, 32768, 6102]
[25, 32768, 5927]
[25, 32768, 6229]
[25, 32768, 6070]
[25, 32768, 5974]
[25, 32768, 6116]
[25, 32768, 6069]
[25, 32768, 5873]
[25, 32768, 6130]
[25, 32768, 6114]
[25, 32768, 6003]
[25, 32768, 6031]
[30, 39321, 8346]
[30, 39321, 8515]
[30, 39321, 8434]
[30, 39321, 8383]
[30, 39321, 8531]
[30, 39321, 8320]
[30, 39321, 8348]
[30, 39321, 8380]
[30, 39321, 8241]
[30, 39321, 8339]
[30, 39321, 8132]
[30, 39321, 8496]
[30, 39321, 8469]
[30, 39321, 8325]
[30, 39321, 8188]
[30, 39321, 8328]
[30, 39321, 8379]
[30, 39321, 8313]
[30, 39321, 8369]
[30, 39321, 8361]
[30, 39321, 8440]
[30, 39321, 8113]
[30, 39321, 8252]
[30, 39321, 8484]
[30, 39321, 8420]
[30, 39321, 8429]
[30, 39321, 8368]
[30, 39321, 8527]
[30, 39321, 8323]
[30, 39321, 8248]
[30, 39321, 8404]
[30, 39321, 8588]
[30, 39321, 8360]
[30, 39321, 8260]
[30, 39321, 8413]
[30, 39321, 8628]
[30, 39321, 8174]
[30, 39321, 8335]
[30, 39321, 8246]
[30, 39321, 8342]
[30, 39321, 8472]
[30, 39321, 8384]
[30, 39321, 8240]
[30, 39321, 8351]
[30, 39321, 8296]
[30, 39321, 8388]
[30, 39321, 8457]
[30, 39321, 8246]
[30, 39321, 8467]
[30, 39321, 8341]
[30, 39321, 8191]
[30, 39321, 8356]
[30, 39321, 8309]
[30, 39321, 8247]
[30, 39321, 8189]
[30, 39321, 8248]
[30, 39321, 8454]
[30, 39321, 8420]
[30, 39321, 8309]
[30, 39321, 8174]
[30, 39321, 8474]
[30, 39321, 8420]
[30, 39321, 8448]
[30, 39321, 8271]
[30, 39321, 8267]
[30, 39321, 8356]
[30, 39321, 8344]
[30, 39321, 8306]
[30, 39321, 8425]
[30, 39321, 8168]
[30, 39321, 8246]
[30, 39321, 8467]
[30, 39321, 8476]
[30, 39321, 8329]
[30, 39321, 8480]
[30, 39321, 8263]
[30, 39321, 8320]
[30, 39321, 8524]
[30, 39321, 8336]
[30, 39321, 8375]
[30, 39321, 8297]
[30, 39321, 8388]
[30, 39321, 8351]
[30, 39321, 8393]
[30, 39321, 8206]
[30, 39321, 8385]
[30, 39321, 8381]
[30, 39321, 8239]
[30, 39321, 8475]
[30, 39321, 8360]
[30, 39321, 8401]
[30, 39321, 8413]
[30, 39321, 8281]
[30, 39321, 8347]
[30, 39321, 8416]
[30, 39321, 8099]
[30, 39321, 8325]
[30, 39321, 8517]
[30, 39321, 8297]
[30, 39321, 8439]
[35, 45875, 10981]
[35, 45875, 11044]
[35, 45875, 11057]
[35, 45875, 11044]
[35, 45875, 10989]
[35, 45875, 10841]
[35, 45875, 10848]
[35, 45875, 10888]
[35, 45875, 10850]
[35, 45875, 10851]
[35, 45875, 10754]
[35, 45875, 11004]
[35, 45875, 11048]
[35, 45875, 10930]
[35, 45875, 10886]
[35, 45875, 10968]
[35, 45875, 11007]
[35, 45875, 10758]
[35, 45875, 10844]
[35, 45875, 10994]
[35, 45875, 10903]
[35, 45875, 10967]
[35, 45875, 10779]
[35, 45875, 10930]
[35, 45875, 11253]
[35, 45875, 10881]
[35, 45875, 11002]
[35, 45875, 11046]
[35, 45875, 10945]
[35, 45875, 10977]
[35, 45875, 10929]
[35, 45875, 11181]
[35, 45875, 10976]
[35, 45875, 10856]
[35, 45875, 11125]
[35, 45875, 11218]
[35, 45875, 10800]
[35, 45875, 10902]
[35, 45875, 10797]
[35, 45875, 11017]
[35, 45875, 10965]
[35, 45875, 10946]
[35, 45875, 10914]
[35, 45875, 11104]
[35, 45875, 10850]
[35, 45875, 11029]
[35, 45875, 10932]
[35, 45875, 11021]
[35, 45875, 11137]
[35, 45875, 11072]
[35, 45875, 10855]
[35, 45875, 10975]
[35, 45875, 10983]
[35, 45875, 11042]
[35, 45875, 10932]
[35, 45875, 10964]
[35, 45875, 11141]
[35, 45875, 11052]
[35, 45875, 10906]
[35, 45875, 10962]
[35, 45875, 10945]
[35, 45875, 11080]
[35, 45875, 11033]
[35, 45875, 10886]
[35, 45875, 11046]
[35, 45875, 10774]
[35, 45875, 10794]
[35, 45875, 10923]
[35, 45875, 10952]
[35, 45875, 10831]
[35, 45875, 10808]
[35, 45875, 10948]
[35, 45875, 11149]
[35, 45875, 11038]
[35, 45875, 10998]
[35, 45875, 10892]
[35, 45875, 10984]
[35, 45875, 11087]
[35, 45875, 10999]
[35, 45875, 10924]
[35, 45875, 10893]
[35, 45875, 11131]
[35, 45875, 11021]
[35, 45875, 10837]
[35, 45875, 10692]
[35, 45875, 11156]
[35, 45875, 11165]
[35, 45875, 10799]
[35, 45875, 11079]
[35, 45875, 10839]
[35, 45875, 10950]
[35, 45875, 11048]
[35, 45875, 10874]
[35, 45875, 11092]
[35, 45875, 11013]
[35, 45875, 10839]
[35, 45875, 10994]
[35, 45875, 10985]
[35, 45875, 11093]
[35, 45875, 11014]
[40, 52428, 13762]
[40, 52428, 13949]
[40, 52428, 13927]
[40, 52428, 14010]
[40, 52428, 13906]
[40, 52428, 13678]
[40, 52428, 13702]
[40, 52428, 13624]
[40, 52428, 13735]
[40, 52428, 13788]
[40, 52428, 13757]
[40, 52428, 13879]
[40, 52428, 13810]
[40, 52428, 13819]
[40, 52428, 13563]
[40, 52428, 13681]
[40, 52428, 13649]
[40, 52428, 13802]
[40, 52428, 13695]
[40, 52428, 13777]
[40, 52428, 13783]
[40, 52428, 13732]
[40, 52428, 13540]
[40, 52428, 13696]
[40, 52428, 13969]
[40, 52428, 13722]
[40, 52428, 13847]
[40, 52428, 13853]
[40, 52428, 13652]
[40, 52428, 13795]
[40, 52428, 13916]
[40, 52428, 14060]
[40, 52428, 13724]
[40, 52428, 13718]
[40, 52428, 13894]
[40, 52428, 13917]
[40, 52428, 13445]
[40, 52428, 13846]
[40, 52428, 13758]
[40, 52428, 13783]
[40, 52428, 13681]
[40, 52428, 13790]
[40, 52428, 13840]
[40, 52428, 13738]
[40, 52428, 13684]
[40, 52428, 13805]
[40, 52428, 13704]
[40, 52428, 13926]
[40, 52428, 13766]
[40, 52428, 13970]
[40, 52428, 13882]
[40, 52428, 13962]
[40, 52428, 13772]
[40, 52428, 13739]
[40, 52428, 13814]
[40, 52428, 13750]
[40, 52428, 13770]
[40, 52428, 13909]
[40, 52428, 13755]
[40, 52428, 13677]
[40, 52428, 13926]
[40, 52428, 13907]
[40, 52428, 13970]
[40, 52428, 13700]
[40, 52428, 13746]
[40, 52428, 13682]
[40, 52428, 13761]
[40, 52428, 13778]
[40, 52428, 13812]
[40, 52428, 13657]
[40, 52428, 13809]
[40, 52428, 13582]
[40, 52428, 14026]
[40, 52428, 13849]
[40, 52428, 13898]
[40, 52428, 13623]
[40, 52428, 13817]
[40, 52428, 13954]
[40, 52428, 13856]
[40, 52428, 13688]
[40, 52428, 13832]
[40, 52428, 14171]
[40, 52428, 13942]
[40, 52428, 13728]
[40, 52428, 13699]
[40, 52428, 13689]
[40, 52428, 14046]
[40, 52428, 13791]
[40, 52428, 13885]
[40, 52428, 13733]
[40, 52428, 14068]
[40, 52428, 13850]
[40, 52428, 13845]
[40, 52428, 13935]
[40, 52428, 13788]
[40, 52428, 13470]
[40, 52428, 13821]
[40, 52428, 13755]
[40, 52428, 13713]
[40, 52428, 13857]
