[1, 1310, 3, 0]
[1, 1310, 0, 0]
[1, 1310, 0, 0]
[1, 1310, 1, 1]
[1, 1310, 2, 1]
[1, 1310, 0, 2]
[1, 1310, 0, 0]
[1, 1310, 2, 1]
[1, 1310, 1, 1]
[1, 1310, 1, 0]
[1, 1310, 0, 1]
[1, 1310, 0, 0]
[1, 1310, 1, 1]
[1, 1310, 1, 0]
[1, 1310, 1, 1]
[1, 1310, 0, 1]
[1, 1310, 1, 0]
[1, 1310, 0, 0]
[1, 1310, 1, 1]
[1, 1310, 0, 0]
[1, 1310, 1, 1]
[1, 1310, 0, 1]
[1, 1310, 0, 0]
[1, 1310, 0, 0]
[1, 1310, 1, 0]
[1, 1310, 1, 0]
[1, 1310, 1, 0]
[1, 1310, 1, 0]
[1, 1310, 1, 0]
[1, 1310, 0, 0]
[1, 1310, 0, 4]
[1, 1310, 0, 1]
[1, 1310, 0, 0]
[1, 1310, 0, 1]
[1, 1310, 2, 0]
[1, 1310, 1, 0]
[1, 1310, 0, 1]
[1, 1310, 0, 0]
[1, 1310, 0, 0]
[1, 1310, 2, 0]
[1, 1310, 1, 3]
[1, 1310, 1, 1]
[1, 1310, 1, 1]
[1, 1310, 1, 0]
[1, 1310, 0, 1]
[1, 1310, 0, 1]
[1, 1310, 1, 1]
[1, 1310, 0, 0]
[1, 1310, 1, 0]
[1, 1310, 2, 1]
[1, 1310, 0, 1]
[1, 1310, 0, 0]
[1, 1310, 1, 1]
[1, 1310, 0, 2]
[1, 1310, 0, 1]
[1, 1310, 0, 0]
[1, 1310, 0, 0]
[1, 1310, 1, 0]
[1, 1310, 1, 0]
[1, 1310, 0, 0]
[1, 1310, 3, 0]
[1, 1310, 2, 0]
[1, 1310, 0, 0]
[1, 1310, 0, 0]
[1, 1310, 1, 2]
[1, 1310, 0, 0]
[1, 1310, 0, 0]
[1, 1310, 0, 0]
[1, 1310, 1, 0]
[1, 1310, 0, 1]
[1, 1310, 1, 1]
[1, 1310, 0, 0]
[1, 1310, 0, 0]
[1, 1310, 0, 1]
[1, 1310, 0, 0]
[1, 1310, 1, 0]
[1, 1310, 0, 2]
[1, 1310, 0, 0]
[1, 1310, 0, 1]
[1, 1310, 0, 2]
[1, 1310, 0, 0]
[1, 1310, 1, 0]
[1, 1310, 1, 0]
[1, 1310, 1, 1]
[1, 1310, 1, 0]
[1, 1310, 1, 0]
[1, 1310, 0, 3]
[1, 1310, 0, 0]
[1, 1310, 2, 5]
[1, 1310, 4, 2]
[1, 1310, 0, 0]
[1, 1310, 0, 1]
[1, 1310, 1, 1]
[1, 1310, 0, 0]
[1, 1310, 1, 0]
[1, 1310, 2, 0]
[1, 1310, 3, 0]
[1, 1310, 3, 1]
[1, 1310, 0, 0]
[1, 1310, 1, 0]
[2, 2621, 1, 4]
[2, 2621, 1, 2]
[2, 2621, 1, 1]
[2, 2621, 3, 3]
[2, 2621, 0, 1]
[2, 2621, 1, 1]
[2, 2621, 2, 2]
[2, 2621, 0, 2]
[2, 2621, 1, 3]
[2, 2621, 2, 8]
[2, 2621, 2, 0]
[2, 2621, 5, 5]
[2, 2621, 3, 4]
[2, 2621, 4, 1]
[2, 2621, 1, 1]
[2, 2621, 4, 1]
[2, 2621, 2, 4]
[2, 2621, 2, 1]
[2, 2621, 0, 0]
[2, 2621, 0, 3]
[2, 2621, 3, 5]
[2, 2621, 1, 1]
[2, 2621, 1, 0]
[2, 2621, 0, 2]
[2, 2621, 2, 2]
[2, 2621, 3, 1]
[2, 2621, 3, 3]
[2, 2621, 2, 4]
[2, 2621, 2, 1]
[2, 2621, 4, 2]
[2, 2621, 5, 2]
[2, 2621, 1, 1]
[2, 2621, 4, 3]
[2, 2621, 2, 0]
[2, 2621, 0, 4]
[2, 2621, 1, 3]
[2, 2621, 3, 1]
[2, 2621, 4, 1]
[2, 2621, 2, 2]
[2, 2621, 1, 3]
[2, 2621, 1, 2]
[2, 2621, 7, 3]
[2, 2621, 3, 3]
[2, 2621, 0, 0]
[2, 2621, 2, 3]
[2, 2621, 3, 1]
[2, 2621, 3, 2]
[2, 2621, 3, 2]
[2, 2621, 1, 4]
[2, 2621, 1, 3]
[2, 2621, 3, 1]
[2, 2621, 3, 3]
[2, 2621, 1, 3]
[2, 2621, 1, 3]
[2, 2621, 2, 0]
[2, 2621, 3, 2]
[2, 2621, 1, 4]
[2, 2621, 0, 1]
[2, 2621, 1, 4]
[2, 2621, 7, 2]
[2, 2621, 1, 1]
[2, 2621, 2, 2]
[2, 2621, 2, 1]
[2, 2621, 0, 1]
[2, 2621, 1, 2]
[2, 2621, 0, 1]
[2, 2621, 0, 4]
[2, 2621, 3, 2]
[2, 2621, 2, 3]
[2, 2621, 5, 2]
[2, 2621, 2, 3]
[2, 2621, 1, 4]
[2, 2621, 4, 2]
[2, 2621, 2, 2]
[2, 2621, 0, 1]
[2, 2621, 0, 3]
[2, 2621, 1, 1]
[2, 2621, 0, 3]
[2, 2621, 2, 2]
[2, 2621, 5, 3]
[2, 2621, 3, 4]
[2, 2621, 3, 3]
[2, 2621, 0, 2]
[2, 2621, 3, 1]
[2, 2621, 4, 5]
[2, 2621, 1, 0]
[2, 2621, 3, 1]
[2, 2621, 3, 1]
[2, 2621, 4, 6]
[2, 2621, 1, 3]
[2, 2621, 0, 3]
[2, 2621, 1, 1]
[2, 2621, 2, 2]
[2, 2621, 2, 4]
[2, 2621, 0, 0]
[2, 2621, 2, 8]
[2, 2621, 3, 1]
[2, 2621, 1, 2]
[2, 2621, 3, 0]
[2, 2621, 2, 3]
[5, 6553, 29, 18]
[5, 6553, 17, 15]
[5, 6553, 18, 18]
[5, 6553, 12, 16]
[5, 6553, 15, 19]
[5, 6553, 19, 14]
[5, 6553, 12, 12]
[5, 6553, 19, 19]
[5, 6553, 12, 17]
[5, 6553, 20, 9]
[5, 6553, 13, 18]
[5, 6553, 10, 11]
[5, 6553, 22, 8]
[5, 6553, 14, 20]
[5, 6553, 16, 20]
[5, 6553, 23, 19]
[5, 6553, 10, 25]
[5, 6553, 18, 17]
[5, 6553, 14, 22]
[5, 6553, 15, 19]
[5, 6553, 22, 17]
[5, 6553, 15, 18]
[5, 6553, 23, 10]
[5, 6553, 16, 17]
[5, 6553, 15, 15]
[5, 6553, 17, 19]
[5, 6553, 16, 28]
[5, 6553, 16, 7]
[5, 6553, 21, 20]
[5, 6553, 21, 27]
[5, 6553, 13, 13]
[5, 6553, 15, 12]
[5, 6553, 8, 21]
[5, 6553, 15, 12]
[5, 6553, 10, 17]
[5, 6553, 14, 10]
[5, 6553, 22, 30]
[5, 6553, 11, 21]
[5, 6553, 18, 16]
[5, 6553, 12, 9]
[5, 6553, 15, 23]
[5, 6553, 13, 19]
[5, 6553, 17, 18]
[5, 6553, 21, 5]
[5, 6553, 13, 8]
[5, 6553, 14, 10]
[5, 6553, 8, 16]
[5, 6553, 11, 16]
[5, 6553, 17, 14]
[5, 6553, 14, 12]
[5, 6553, 7, 7]
[5, 6553, 14, 10]
[5, 6553, 21, 19]
[5, 6553, 20, 5]
[5, 6553, 15, 17]
[5, 6553, 14, 15]
[5, 6553, 17, 9]
[5, 6553, 13, 16]
[5, 6553, 18, 12]
[5, 6553, 14, 10]
[5, 6553, 14, 16]
[5, 6553, 16, 18]
[5, 6553, 26, 5]
[5, 6553, 20, 17]
[5, 6553, 14, 16]
[5, 6553, 16, 13]
[5, 6553, 14, 15]
[5, 6553, 17, 20]
[5, 6553, 14, 15]
[5, 6553, 30, 10]
[5, 6553, 18, 18]
[5, 6553, 8, 21]
[5, 6553, 14, 18]
[5, 6553, 13, 11]
[5, 6553, 9, 14]
[5, 6553, 13, 14]
[5, 6553, 9, 24]
[5, 6553, 9, 20]
[5, 6553, 17, 16]
[5, 6553, 21, 13]
[5, 6553, 21, 13]
[5, 6553, 8, 20]
[5, 6553, 22, 15]
[5, 6553, 14, 15]
[5, 6553, 24, 16]
[5, 6553, 20, 18]
[5, 6553, 15, 13]
[5, 6553, 10, 15]
[5, 6553, 14, 21]
[5, 6553, 10, 12]
[5, 6553, 22, 8]
[5, 6553, 18, 19]
[5, 6553, 17, 24]
[5, 6553, 18, 7]
[5, 6553, 16, 14]
[5, 6553, 8, 13]
[5, 6553, 14, 21]
[5, 6553, 12, 18]
[5, 6553, 19, 17]
[5, 6553, 14, 8]
[10, 13107, 84, 77]
[10, 13107, 90, 95]
[10, 13107, 88, 84]
[10, 13107, 71, 79]
[10, 13107, 78, 72]
[10, 13107, 81, 103]
[10, 13107, 73, 83]
[10, 13107, 104, 85]
[10, 13107, 83, 86]
[10, 13107, 86, 94]
[10, 13107, 71, 80]
[10, 13107, 72, 85]
[10, 13107, 75, 78]
[10, 13107, 60, 73]
[10, 13107, 92, 96]
[10, 13107, 82, 82]
[10, 13107, 80, 116]
[10, 13107, 97, 85]
[10, 13107, 77, 87]
[10, 13107, 56, 82]
[10, 13107, 115, 92]
[10, 13107, 65, 87]
[10, 13107, 85, 76]
[10, 13107, 84, 77]
[10, 13107, 89, 79]
[10, 13107, 73, 86]
[10, 13107, 80, 84]
[10, 13107, 82, 76]
[10, 13107, 84, 76]
[10, 13107, 97, 94]
[10, 13107, 69, 89]
[10, 13107, 77, 99]
[10, 13107, 96, 88]
[10, 13107, 79, 89]
[10, 13107, 90, 91]
[10, 13107, 72, 61]
[10, 13107, 84, 65]
[10, 13107, 97, 82]
[10, 13107, 78, 81]
[10, 13107, 66, 80]
[10, 13107, 75, 89]
[10, 13107, 76, 75]
[10, 13107, 99, 76]
[10, 13107, 72, 64]
[10, 13107, 93, 89]
[10, 13107, 96, 85]
[10, 13107, 74, 82]
[10, 13107, 100, 88]
[10, 13107, 83, 87]
[10, 13107, 89, 81]
[10, 13107, 65, 79]
[10, 13107, 90, 67]
[10, 13107, 78, 84]
[10, 13107, 62, 114]
[10, 13107, 82, 67]
[10, 13107, 66, 73]
[10, 13107, 67, 108]
[10, 13107, 76, 73]
[10, 13107, 104, 95]
[10, 13107, 91, 75]
[10, 13107, 92, 81]
[10, 13107, 92, 91]
[10, 13107, 82, 94]
[10, 13107, 73, 79]
[10, 13107, 70, 111]
[10, 13107, 69, 91]
[10, 13107, 94, 98]
[10, 13107, 93, 77]
[10, 13107, 112, 88]
[10, 13107, 90, 85]
[10, 13107, 87, 115]
[10, 13107, 98, 88]
[10, 13107, 98, 87]
[10, 13107, 85, 78]
[10, 13107, 95, 69]
[10, 13107, 90, 92]
[10, 13107, 74, 95]
[10, 13107, 102, 95]
[10, 13107, 102, 112]
[10, 13107, 77, 85]
[10, 13107, 99, 72]
[10, 13107, 98, 74]
[10, 13107, 74, 89]
[10, 13107, 88, 72]
[10, 13107, 78, 104]
[10, 13107, 102, 74]
[10, 13107, 78, 83]
[10, 13107, 86, 85]
[10, 13107, 89, 88]
[10, 13107, 79, 94]
[10, 13107, 92, 95]
[10, 13107, 89, 94]
[10, 13107, 74, 92]
[10, 13107, 71, 75]
[10, 13107, 97, 88]
[10, 13107, 94, 86]
[10, 13107, 93, 97]
[10, 13107, 75, 64]
[10, 13107, 76, 92]
[10, 13107, 77, 72]
[15, 19660, 252, 301]
[15, 19660, 242, 236]
[15, 19660, 182, 246]
[15, 19660, 226, 257]
[15, 19660, 227, 216]
[15, 19660, 253, 252]
[15, 19660, 254, 244]
[15, 19660, 248, 246]
[15, 19660, 245, 253]
[15, 19660, 246, 239]
[15, 19660, 227, 268]
[15, 19660, 272, 223]
[15, 19660, 269, 222]
[15, 19660, 232, 233]
[15, 19660, 239, 282]
[15, 19660, 263, 221]
[15, 19660, 237, 257]
[15, 19660, 238, 221]
[15, 19660, 229, 294]
[15, 19660, 222, 197]
[15, 19660, 230, 193]
[15, 19660, 228, 255]
[15, 19660, 243, 214]
[15, 19660, 235, 219]
[15, 19660, 250, 243]
[15, 19660, 251, 247]
[15, 19660, 216, 225]
[15, 19660, 212, 217]
[15, 19660, 254, 266]
[15, 19660, 193, 239]
[15, 19660, 248, 260]
[15, 19660, 202, 256]
[15, 19660, 246, 287]
[15, 19660, 230, 237]
[15, 19660, 277, 201]
[15, 19660, 230, 252]
[15, 19660, 229, 244]
[15, 19660, 244, 233]
[15, 19660, 222, 234]
[15, 19660, 227, 242]
[15, 19660, 203, 244]
[15, 19660, 262, 215]
[15, 19660, 223, 251]
[15, 19660, 246, 259]
[15, 19660, 238, 262]
[15, 19660, 233, 205]
[15, 19660, 238, 246]
[15, 19660, 255, 221]
[15, 19660, 222, 219]
[15, 19660, 203, 245]
[15, 19660, 242, 221]
[15, 19660, 229, 247]
[15, 19660, 241, 218]
[15, 19660, 203, 218]
[15, 19660, 271, 264]
[15, 19660, 250, 214]
[15, 19660, 242, 270]
[15, 19660, 216, 229]
[15, 19660, 263, 185]
[15, 19660, 218, 239]
[15, 19660, 226, 254]
[15, 19660, 263, 234]
[15, 19660, 226, 250]
[15, 19660, 240, 227]
[15, 19660, 215, 269]
[15, 19660, 216, 240]
[15, 19660, 236, 261]
[15, 19660, 251, 244]
[15, 19660, 263, 257]
[15, 19660, 217, 264]
[15, 19660, 291, 250]
[15, 19660, 241, 250]
[15, 19660, 231, 253]
[15, 19660, 232, 245]
[15, 19660, 238, 238]
[15, 19660, 213, 252]
[15, 19660, 265, 268]
[15, 19660, 207, 257]
[15, 19660, 261, 243]
[15, 19660, 225, 251]
[15, 19660, 248, 221]
[15, 19660, 237, 201]
[15, 19660, 193, 245]
[15, 19660, 214, 255]
[15, 19660, 226, 249]
[15, 19660, 264, 244]
[15, 19660, 221, 280]
[15, 19660, 215, 239]
[15, 19660, 250, 226]
[15, 19660, 234, 228]
[15, 19660, 215, 212]
[15, 19660, 220, 231]
[15, 19660, 221, 222]
[15, 19660, 294, 212]
[15, 19660, 213, 228]
[15, 19660, 210, 185]
[15, 19660, 222, 284]
[15, 19660, 238, 213]
[15, 19660, 233, 231]
[15, 19660, 237, 233]
[20, 26214, 460, 530]
[20, 26214, 505, 464]
[20, 26214, 492, 520]
[20, 26214, 518, 529]
[20, 26214, 498, 470]
[20, 26214, 504, 534]
[20, 26214, 469, 520]
[20, 26214, 477, 460]
[20, 26214, 518, 513]
[20, 26214, 501, 495]
[20, 26214, 452, 503]
[20, 26214, 524, 487]
[20, 26214, 499, 499]
[20, 26214, 529, 511]
[20, 26214, 485, 538]
[20, 26214, 547, 483]
[20, 26214, 509, 495]
[20, 26214, 587, 510]
[20, 26214, 502, 459]
[20, 26214, 508, 513]
[20, 26214, 585, 516]
[20, 26214, 477, 481]
[20, 26214, 514, 448]
[20, 26214, 503, 453]
[20, 26214, 476, 492]
[20, 26214, 519, 501]
[20, 26214, 539, 515]
[20, 26214, 458, 487]
[20, 26214, 513, 535]
[20, 26214, 564, 485]
[20, 26214, 500, 503]
[20, 26214, 525, 472]
[20, 26214, 522, 556]
[20, 26214, 514, 468]
[20, 26214, 499, 527]
[20, 26214, 498, 481]
[20, 26214, 493, 461]
[20, 26214, 497, 477]
[20, 26214, 497, 521]
[20, 26214, 477, 508]
[20, 26214, 480, 539]
[20, 26214, 457, 502]
[20, 26214, 442, 482]
[20, 26214, 490, 479]
[20, 26214, 545, 497]
[20, 26214, 442, 492]
[20, 26214, 484, 487]
[20, 26214, 509, 532]
[20, 26214, 448, 530]
[20, 26214, 487, 491]
[20, 26214, 540, 518]
[20, 26214, 492, 512]
[20, 26214, 481, 494]
[20, 26214, 486, 506]
[20, 26214, 518, 492]
[20, 26214, 500, 498]
[20, 26214, 465, 472]
[20, 26214, 481, 514]
[20, 26214, 530, 530]
[20, 26214, 541, 500]
[20, 26214, 520, 497]
[20, 26214, 522, 468]
[20, 26214, 532, 466]
[20, 26214, 485, 500]
[20, 26214, 520, 531]
[20, 26214, 522, 495]
[20, 26214, 485, 497]
[20, 26214, 534, 509]
[20, 26214, 530, 479]
[20, 26214, 531, 482]
[20, 26214, 512, 497]
[20, 26214, 526, 532]
[20, 26214, 506, 485]
[20, 26214, 443, 521]
[20, 26214, 512, 497]
[20, 26214, 459, 464]
[20, 26214, 506, 525]
[20, 26214, 511, 538]
[20, 26214, 551, 465]
[20, 26214, 499, 487]
[20, 26214, 509, 485]
[20, 26214, 505, 469]
[20, 26214, 476, 499]
[20, 26214, 469, 530]
[20, 26214, 492, 518]
[20, 26214, 477, 474]
[20, 26214, 514, 472]
[20, 26214, 467, 508]
[20, 26214, 497, 507]
[20, 26214, 487, 483]
[20, 26214, 468, 488]
[20, 26214, 514, 502]
[20, 26214, 493, 519]
[20, 26214, 501, 453]
[20, 26214, 505, 439]
[20, 26214, 516, 524]
[20, 26214, 471, 573]
[20, 26214, 428, 457]
[20, 26214, 490, 467]
[20, 26214, 509, 515]
[25, 32768, 895, 996]
[25, 32768, 889, 871]
[25, 32768, 934, 851]
[25, 32768, 964, 919]
[25, 32768, 926, 940]
[25, 32768, 922, 920]
[25, 32768, 886, 907]
[25, 32768, 959, 887]
[25, 32768, 954, 870]
[25, 32768, 891, 836]
[25, 32768, 824, 938]
[25, 32768, 1002, 845]
[25, 32768, 975, 897]
[25, 32768, 963, 815]
[25, 32768, 839, 885]
[25, 32768, 915, 947]
[25, 32768, 809, 924]
[25, 32768, 966, 888]
[25, 32768, 913, 882]
[25, 32768, 935, 899]
[25, 32768, 948, 902]
[25, 32768, 931, 944]
[25, 32768, 878, 860]
[25, 32768, 904, 901]
[25, 32768, 972, 884]
[25, 32768, 917, 902]
[25, 32768, 877, 930]
[25, 32768, 935, 942]
[25, 32768, 900, 935]
[25, 32768, 893, 926]
[25, 32768, 939, 887]
[25, 32768, 947, 878]
[25, 32768, 982, 852]
[25, 32768, 868, 916]
[25, 32768, 931, 1006]
[25, 32768, 878, 883]
[25, 32768, 920, 859]
[25, 32768, 899, 891]
[25, 32768, 894, 881]
[25, 32768, 872, 966]
[25, 32768, 811, 944]
[25, 32768, 848, 870]
[25, 32768, 837, 968]
[25, 32768, 915, 932]
[25, 32768, 942, 955]
[25, 32768, 816, 843]
[25, 32768, 942, 934]
[25, 32768, 966, 917]
[25, 32768, 900, 997]
[25, 32768, 907, 898]
[25, 32768, 915, 872]
[25, 32768, 917, 910]
[25, 32768, 869, 894]
[25, 32768, 877, 918]
[25, 32768, 903, 879]
[25, 32768, 925, 916]
[25, 32768, 941, 827]
[25, 32768, 907, 915]
[25, 32768, 903, 871]
[25, 32768, 965, 886]
[25, 32768, 926, 923]
[25, 32768, 960, 865]
[25, 32768, 898, 870]
[25, 32768, 828, 868]
[25, 32768, 883, 918]
[25, 32768, 864, 912]
[25, 32768, 878, 976]
[25, 32768, 960, 921]
[25, 32768, 950, 928]
[25, 32768, 880, 931]
[25, 32768, 927, 913]
[25, 32768, 959, 852]
[25, 32768, 967, 842]
[25, 32768, 897, 890]
[25, 32768, 905, 928]
[25, 32768, 902, 858]
[25, 32768, 935, 1004]
[25, 32768, 922, 852]
[25, 32768, 973, 826]
[25, 32768, 855, 933]
[25, 32768, 865, 856]
[25, 32768, 917, 844]
[25, 32768, 950, 940]
[25, 32768, 847, 904]
[25, 32768, 887, 883]
[25, 32768, 827, 890]
[25, 32768, 946, 935]
[25, 32768, 844, 906]
[25, 32768, 902, 898]
[25, 32768, 875, 851]
[25, 32768, 907, 846]
[25, 32768, 926, 924]
[25, 32768, 915, 946]
[25, 32768, 922, 854]
[25, 32768, 821, 874]
[25, 32768, 857, 935]
[25, 32768, 845, 970]
[25, 32768, 930, 808]
[25, 32768, 859, 963]
[25, 32768, 897, 886]
[30, 39321, 1375, 1529]
[30, 39321, 1530, 1547]
[30, 39321, 1452, 1507]
[30, 39321, 1492, 1423]
[30, 39321, 1527, 1449]
[30, 39321, 1541, 1453]
[30, 39321, 1381, 1482]
[30, 39321, 1421, 1426]
[30, 39321, 1527, 1465]
[30, 39321, 1458, 1402]
[30, 39321, 1386, 1560]
[30, 39321, 1555, 1400]
[30, 39321, 1464, 1449]
[30, 39321, 1498, 1372]
[30, 39321, 1408, 1531]
[30, 39321, 1513, 1458]
[30, 39321, 1448, 1549]
[30, 39321, 1464, 1491]
[30, 39321, 1394, 1480]
[30, 39321, 1499, 1514]
[30, 39321, 1495, 1503]
[30, 39321, 1372, 1414]
[30, 39321, 1423, 1383]
[30, 39321, 1445, 1455]
[30, 39321, 1462, 1455]
[30, 39321, 1435, 1371]
[30, 39321, 1408, 1509]
[30, 39321, 1464, 1530]
[30, 39321, 1432, 1518]
[30, 39321, 1404, 1487]
[30, 39321, 1553, 1532]
[30, 39321, 1512, 1424]
[30, 39321, 1549, 1431]
[30, 39321, 1449, 1464]
[30, 39321, 1442, 1481]
[30, 39321, 1408, 1358]
[30, 39321, 1440, 1493]
[30, 39321, 1492, 1513]
[30, 39321, 1454, 1510]
[30, 39321, 1453, 1466]
[30, 39321, 1368, 1494]
[30, 39321, 1511, 1462]
[30, 39321, 1398, 1431]
[30, 39321, 1424, 1529]
[30, 39321, 1444, 1506]
[30, 39321, 1398, 1446]
[30, 39321, 1451, 1511]
[30, 39321, 1432, 1390]
[30, 39321, 1429, 1479]
[30, 39321, 1494, 1437]
[30, 39321, 1549, 1456]
[30, 39321, 1421, 1496]
[30, 39321, 1430, 1451]
[30, 39321, 1513, 1423]
[30, 39321, 1467, 1467]
[30, 39321, 1583, 1391]
[30, 39321, 1480, 1448]
[30, 39321, 1485, 1476]
[30, 39321, 1475, 1369]
[30, 39321, 1554, 1338]
[30, 39321, 1512, 1428]
[30, 39321, 1493, 1485]
[30, 39321, 1433, 1497]
[30, 39321, 1443, 1490]
[30, 39321, 1434, 1558]
[30, 39321, 1472, 1523]
[30, 39321, 1388, 1517]
[30, 39321, 1439, 1520]
[30, 39321, 1519, 1430]
[30, 39321, 1468, 1382]
[30, 39321, 1525, 1466]
[30, 39321, 1463, 1482]
[30, 39321, 1437, 1468]
[30, 39321, 1533, 1478]
[30, 39321, 1437, 1393]
[30, 39321, 1420, 1425]
[30, 39321, 1457, 1383]
[30, 39321, 1476, 1451]
[30, 39321, 1570, 1309]
[30, 39321, 1455, 1445]
[30, 39321, 1588, 1436]
[30, 39321, 1533, 1456]
[30, 39321, 1441, 1475]
[30, 39321, 1363, 1512]
[30, 39321, 1473, 1414]
[30, 39321, 1491, 1427]
[30, 39321, 1510, 1338]
[30, 39321, 1459, 1413]
[30, 39321, 1464, 1494]
[30, 39321, 1392, 1422]
[30, 39321, 1485, 1486]
[30, 39321, 1465, 1400]
[30, 39321, 1421, 1539]
[30, 39321, 1464, 1493]
[30, 39321, 1438, 1406]
[30, 39321, 1501, 1433]
[30, 39321, 1397, 1571]
[30, 39321, 1411, 1470]
[30, 39321, 1491, 1467]
[30, 39321, 1410, 1344]
[35, 45875, 2107, 2249]
[35, 45875, 2219, 2159]
[35, 45875, 2211, 2197]
[35, 45875, 2089, 2133]
[35, 45875, 2124, 2264]
[35, 45875, 2254, 2185]
[35, 45875, 2235, 2108]
[35, 45875, 2204, 2129]
[35, 45875, 2182, 2140]
[35, 45875, 2215, 2285]
[35, 45875, 2087, 2189]
[35, 45875, 2257, 2184]
[35, 45875, 2139, 2084]
[35, 45875, 2235, 2288]
[35, 45875, 2149, 2261]
[35, 45875, 2251, 2215]
[35, 45875, 2222, 2178]
[35, 45875, 2225, 2126]
[35, 45875, 2147, 2228]
[35, 45875, 2087, 2159]
[35, 45875, 2242, 2206]
[35, 45875, 2140, 2144]
[35, 45875, 2175, 2231]
[35, 45875, 2156, 2242]
[35, 45875, 2088, 2126]
[35, 45875, 2186, 2156]
[35, 45875, 2123, 2162]
[35, 45875, 2100, 2267]
[35, 45875, 2076, 2211]
[35, 45875, 2187, 2237]
[35, 45875, 2279, 2136]
[35, 45875, 2233, 2021]
[35, 45875, 2287, 2217]
[35, 45875, 2138, 2072]
[35, 45875, 2212, 2323]
[35, 45875, 2127, 2151]
[35, 45875, 2144, 2229]
[35, 45875, 2256, 2183]
[35, 45875, 2132, 2152]
[35, 45875, 2157, 2203]
[35, 45875, 2224, 2136]
[35, 45875, 2159, 2087]
[35, 45875, 2220, 2152]
[35, 45875, 2119, 2175]
[35, 45875, 2225, 2231]
[35, 45875, 2207, 2166]
[35, 45875, 2174, 2178]
[35, 45875, 2227, 2114]
[35, 45875, 2252, 2146]
[35, 45875, 2122, 2278]
[35, 45875, 2264, 2145]
[35, 45875, 2183, 2232]
[35, 45875, 2109, 2241]
[35, 45875, 2218, 2161]
[35, 45875, 2168, 2146]
[35, 45875, 2211, 2115]
[35, 45875, 2256, 2182]
[35, 45875, 2115, 2258]
[35, 45875, 2230, 2113]
[35, 45875, 2216, 2170]
[35, 45875, 2180, 2109]
[35, 45875, 2083, 2120]
[35, 45875, 2252, 2143]
[35, 45875, 2099, 2201]
[35, 45875, 2089, 2242]
[35, 45875, 2135, 2238]
[35, 45875, 2209, 2214]
[35, 45875, 2164, 2254]
[35, 45875, 2191, 2118]
[35, 45875, 2141, 2209]
[35, 45875, 2270, 2233]
[35, 45875, 2284, 2097]
[35, 45875, 2256, 2110]
[35, 45875, 2068, 2193]
[35, 45875, 2167, 2201]
[35, 45875, 2061, 2211]
[35, 45875, 2335, 2141]
[35, 45875, 2230, 2201]
[35, 45875, 2120, 2150]
[35, 45875, 2233, 2203]
[35, 45875, 2188, 2113]
[35, 45875, 2190, 2077]
[35, 45875, 2124, 2234]
[35, 45875, 2272, 2242]
[35, 45875, 2265, 2144]
[35, 45875, 2161, 2123]
[35, 45875, 2232, 2112]
[35, 45875, 2178, 2220]
[35, 45875, 2199, 2196]
[35, 45875, 2142, 2130]
[35, 45875, 2178, 2189]
[35, 45875, 2181, 2160]
[35, 45875, 2150, 2172]
[35, 45875, 2170, 2196]
[35, 45875, 2061, 2245]
[35, 45875, 2184, 2264]
[35, 45875, 2095, 2202]
[35, 45875, 2237, 2147]
[35, 45875, 2131, 2236]
[35, 45875, 2214, 2036]
[40, 52428, 3155, 3275]
[40, 52428, 3069, 3185]
[40, 52428, 3134, 3167]
[40, 52428, 3029, 3100]
[40, 52428, 3124, 3177]
[40, 52428, 3038, 3063]
[40, 52428, 3014, 3182]
[40, 52428, 3145, 3015]
[40, 52428, 3053, 3005]
[40, 52428, 3218, 3119]
[40, 52428, 3087, 3061]
[40, 52428, 3195, 3043]
[40, 52428, 2960, 3161]
[40, 52428, 3138, 3066]
[40, 52428, 3082, 3196]
[40, 52428, 3157, 3044]
[40, 52428, 3023, 3174]
[40, 52428, 3192, 3010]
[40, 52428, 3041, 3065]
[40, 52428, 3109, 3002]
[40, 52428, 3205, 3008]
[40, 52428, 3032, 3066]
[40, 52428, 3137, 3186]
[40, 52428, 3105, 3023]
[40, 52428, 3056, 3071]
[40, 52428, 3180, 3099]
[40, 52428, 2997, 3109]
[40, 52428, 3158, 3053]
[40, 52428, 3036, 3234]
[40, 52428, 3075, 2986]
[40, 52428, 3187, 2973]
[40, 52428, 3244, 2967]
[40, 52428, 3181, 3117]
[40, 52428, 3042, 3103]
[40, 52428, 3122, 3214]
[40, 52428, 3052, 2929]
[40, 52428, 3047, 3164]
[40, 52428, 2965, 3148]
[40, 52428, 3031, 3102]
[40, 52428, 3034, 3184]
[40, 52428, 2970, 3031]
[40, 52428, 2995, 3176]
[40, 52428, 3099, 3002]
[40, 52428, 3150, 3040]
[40, 52428, 3087, 3105]
[40, 52428, 3009, 3184]
[40, 52428, 2958, 3136]
[40, 52428, 3083, 3155]
[40, 52428, 3038, 3058]
[40, 52428, 3001, 3086]
[40, 52428, 3258, 3017]
[40, 52428, 2974, 3245]
[40, 52428, 3033, 3189]
[40, 52428, 3058, 3011]
[40, 52428, 3128, 3049]
[40, 52428, 3153, 3129]
[40, 52428, 3180, 2993]
[40, 52428, 2990, 3152]
[40, 52428, 3035, 2957]
[40, 52428, 3135, 3223]
[40, 52428, 3167, 3063]
[40, 52428, 3158, 3040]
[40, 52428, 3127, 2947]
[40, 52428, 3127, 2973]
[40, 52428, 3004, 3039]
[40, 52428, 3100, 3134]
[40, 52428, 3068, 3149]
[40, 52428, 3031, 3216]
[40, 52428, 3146, 3065]
[40, 52428, 3083, 2971]
[40, 52428, 2970, 3198]
[40, 52428, 3230, 2984]
[40, 52428, 3151, 3022]
[40, 52428, 3027, 2985]
[40, 52428, 3100, 3090]
[40, 52428, 3104, 3068]
[40, 52428, 3084, 3073]
[40, 52428, 3247, 3088]
[40, 52428, 3154, 3073]
[40, 52428, 3075, 3177]
[40, 52428, 3084, 3102]
[40, 52428, 3101, 2950]
[40, 52428, 3077, 3061]
[40, 52428, 3166, 2919]
[40, 52428, 3229, 3098]
[40, 52428, 3100, 3039]
[40, 52428, 3197, 3075]
[40, 52428, 3039, 3105]
[40, 52428, 3169, 3051]
[40, 52428, 3133, 2971]
[40, 52428, 3068, 3117]
[40, 52428, 3137, 3149]
[40, 52428, 3103, 3116]
[40, 52428, 3133, 3112]
[40, 52428, 2974, 3242]
[40, 52428, 3149, 3210]
[40, 52428, 2986, 3215]
[40, 52428, 3087, 3067]
[40, 52428, 2984, 3091]
[40, 52428, 3102, 2952]
