[1, 1310, 159]
[1, 1310, 151]
[1, 1310, 140]
[1, 1310, 127]
[1, 1310, 131]
[1, 1310, 129]
[1, 1310, 135]
[1, 1310, 129]
[1, 1310, 149]
[1, 1310, 136]
[1, 1310, 150]
[1, 1310, 137]
[1, 1310, 129]
[1, 1310, 151]
[1, 1310, 149]
[1, 1310, 137]
[1, 1310, 139]
[1, 1310, 140]
[1, 1310, 140]
[1, 1310, 134]
[1, 1310, 138]
[1, 1310, 150]
[1, 1310, 141]
[1, 1310, 148]
[1, 1310, 155]
[1, 1310, 127]
[1, 1310, 134]
[1, 1310, 134]
[1, 1310, 132]
[1, 1310, 148]
[1, 1310, 133]
[1, 1310, 128]
[1, 1310, 143]
[1, 1310, 104]
[1, 1310, 136]
[1, 1310, 127]
[1, 1310, 138]
[1, 1310, 121]
[1, 1310, 154]
[1, 1310, 147]
[1, 1310, 130]
[1, 1310, 148]
[1, 1310, 155]
[1, 1310, 158]
[1, 1310, 158]
[1, 1310, 140]
[1, 1310, 163]
[1, 1310, 141]
[1, 1310, 142]
[1, 1310, 110]
[1, 1310, 121]
[1, 1310, 145]
[1, 1310, 126]
[1, 1310, 143]
[1, 1310, 134]
[1, 1310, 125]
[1, 1310, 122]
[1, 1310, 152]
[1, 1310, 148]
[1, 1310, 136]
[1, 1310, 127]
[1, 1310, 162]
[1, 1310, 121]
[1, 1310, 149]
[1, 1310, 129]
[1, 1310, 118]
[1, 1310, 152]
[1, 1310, 142]
[1, 1310, 168]
[1, 1310, 136]
[1, 1310, 127]
[1, 1310, 115]
[1, 1310, 150]
[1, 1310, 148]
[1, 1310, 135]
[1, 1310, 154]
[1, 1310, 126]
[1, 1310, 136]
[1, 1310, 135]
[1, 1310, 146]
[1, 1310, 139]
[1, 1310, 142]
[1, 1310, 112]
[1, 1310, 131]
[1, 1310, 143]
[1, 1310, 124]
[1, 1310, 139]
[1, 1310, 156]
[1, 1310, 134]
[1, 1310, 137]
[1, 1310, 151]
[1, 1310, 136]
[1, 1310, 151]
[1, 1310, 136]
[1, 1310, 123]
[1, 1310, 149]
[1, 1310, 111]
[1, 1310, 131]
[1, 1310, 145]
[1, 1310, 125]
[2, 2621, 364]
[2, 2621, 374]
[2, 2621, 351]
[2, 2621, 348]
[2, 2621, 369]
[2, 2621, 351]
[2, 2621, 400]
[2, 2621, 372]
[2, 2621, 344]
[2, 2621, 325]
[2, 2621, 346]
[2, 2621, 321]
[2, 2621, 385]
[2, 2621, 371]
[2, 2621, 346]
[2, 2621, 353]
[2, 2621, 375]
[2, 2621, 328]
[2, 2621, 338]
[2, 2621, 325]
[2, 2621, 376]
[2, 2621, 377]
[2, 2621, 363]
[2, 2621, 355]
[2, 2621, 357]
[2, 2621, 341]
[2, 2621, 322]
[2, 2621, 364]
[2, 2621, 340]
[2, 2621, 357]
[2, 2621, 322]
[2, 2621, 355]
[2, 2621, 350]
[2, 2621, 339]
[2, 2621, 362]
[2, 2621, 377]
[2, 2621, 348]
[2, 2621, 361]
[2, 2621, 345]
[2, 2621, 348]
[2, 2621, 314]
[2, 2621, 360]
[2, 2621, 338]
[2, 2621, 372]
[2, 2621, 338]
[2, 2621, 342]
[2, 2621, 377]
[2, 2621, 350]
[2, 2621, 340]
[2, 2621, 337]
[2, 2621, 321]
[2, 2621, 363]
[2, 2621, 344]
[2, 2621, 348]
[2, 2621, 353]
[2, 2621, 327]
[2, 2621, 358]
[2, 2621, 343]
[2, 2621, 340]
[2, 2621, 314]
[2, 2621, 346]
[2, 2621, 350]
[2, 2621, 349]
[2, 2621, 349]
[2, 2621, 313]
[2, 2621, 342]
[2, 2621, 386]
[2, 2621, 369]
[2, 2621, 379]
[2, 2621, 364]
[2, 2621, 323]
[2, 2621, 368]
[2, 2621, 354]
[2, 2621, 364]
[2, 2621, 350]
[2, 2621, 332]
[2, 2621, 344]
[2, 2621, 350]
[2, 2621, 349]
[2, 2621, 369]
[2, 2621, 347]
[2, 2621, 350]
[2, 2621, 337]
[2, 2621, 316]
[2, 2621, 339]
[2, 2621, 386]
[2, 2621, 339]
[2, 2621, 352]
[2, 2621, 338]
[2, 2621, 357]
[2, 2621, 368]
[2, 2621, 307]
[2, 2621, 340]
[2, 2621, 353]
[2, 2621, 349]
[2, 2621, 356]
[2, 2621, 334]
[2, 2621, 350]
[2, 2621, 347]
[2, 2621, 331]
[5, 6553, 1406]
[5, 6553, 1387]
[5, 6553, 1438]
[5, 6553, 1366]
[5, 6553, 1377]
[5, 6553, 1401]
[5, 6553, 1365]
[5, 6553, 1449]
[5, 6553, 1365]
[5, 6553, 1477]
[5, 6553, 1382]
[5, 6553, 1398]
[5, 6553, 1441]
[5, 6553, 1342]
[5, 6553, 1404]
[5, 6553, 1399]
[5, 6553, 1407]
[5, 6553, 1366]
[5, 6553, 1385]
[5, 6553, 1409]
[5, 6553, 1495]
[5, 6553, 1408]
[5, 6553, 1397]
[5, 6553, 1381]
[5, 6553, 1408]
[5, 6553, 1431]
[5, 6553, 1356]
[5, 6553, 1399]
[5, 6553, 1318]
[5, 6553, 1408]
[5, 6553, 1276]
[5, 6553, 1411]
[5, 6553, 1405]
[5, 6553, 1386]
[5, 6553, 1393]
[5, 6553, 1396]
[5, 6553, 1387]
[5, 6553, 1394]
[5, 6553, 1411]
[5, 6553, 1371]
[5, 6553, 1436]
[5, 6553, 1353]
[5, 6553, 1337]
[5, 6553, 1435]
[5, 6553, 1409]
[5, 6553, 1375]
[5, 6553, 1433]
[5, 6553, 1407]
[5, 6553, 1358]
[5, 6553, 1399]
[5, 6553, 1434]
[5, 6553, 1340]
[5, 6553, 1380]
[5, 6553, 1347]
[5, 6553, 1430]
[5, 6553, 1401]
[5, 6553, 1340]
[5, 6553, 1384]
[5, 6553, 1424]
[5, 6553, 1394]
[5, 6553, 1399]
[5, 6553, 1444]
[5, 6553, 1385]
[5, 6553, 1423]
[5, 6553, 1441]
[5, 6553, 1430]
[5, 6553, 1441]
[5, 6553, 1432]
[5, 6553, 1436]
[5, 6553, 1383]
[5, 6553, 1412]
[5, 6553, 1440]
[5, 6553, 1452]
[5, 6553, 1361]
[5, 6553, 1399]
[5, 6553, 1412]
[5, 6553, 1403]
[5, 6553, 1383]
[5, 6553, 1445]
[5, 6553, 1452]
[5, 6553, 1442]
[5, 6553, 1509]
[5, 6553, 1381]
[5, 6553, 1436]
[5, 6553, 1370]
[5, 6553, 1392]
[5, 6553, 1422]
[5, 6553, 1460]
[5, 6553, 1470]
[5, 6553, 1413]
[5, 6553, 1430]
[5, 6553, 1364]
[5, 6553, 1413]
[5, 6553, 1381]
[5, 6553, 1354]
[5, 6553, 1400]
[5, 6553, 1362]
[5, 6553, 1406]
[5, 6553, 1381]
[5, 6553, 1343]
[10, 13107, 4354]
[10, 13107, 4437]
[10, 13107, 4478]
[10, 13107, 4405]
[10, 13107, 4422]
[10, 13107, 4420]
[10, 13107, 4425]
[10, 13107, 4253]
[10, 13107, 4531]
[10, 13107, 4443]
[10, 13107, 4548]
[10, 13107, 4418]
[10, 13107, 4377]
[10, 13107, 4350]
[10, 13107, 4472]
[10, 13107, 4303]
[10, 13107, 4524]
[10, 13107, 4422]
[10, 13107, 4490]
[10, 13107, 4460]
[10, 13107, 4433]
[10, 13107, 4361]
[10, 13107, 4330]
[10, 13107, 4335]
[10, 13107, 4401]
[10, 13107, 4416]
[10, 13107, 4506]
[10, 13107, 4499]
[10, 13107, 4513]
[10, 13107, 4372]
[10, 13107, 4375]
[10, 13107, 4474]
[10, 13107, 4354]
[10, 13107, 4450]
[10, 13107, 4435]
[10, 13107, 4317]
[10, 13107, 4416]
[10, 13107, 4478]
[10, 13107, 4492]
[10, 13107, 4473]
[10, 13107, 4423]
[10, 13107, 4510]
[10, 13107, 4432]
[10, 13107, 4428]
[10, 13107, 4482]
[10, 13107, 4453]
[10, 13107, 4481]
[10, 13107, 4537]
[10, 13107, 4420]
[10, 13107, 4388]
[10, 13107, 4384]
[10, 13107, 4459]
[10, 13107, 4517]
[10, 13107, 4352]
[10, 13107, 4411]
[10, 13107, 4469]
[10, 13107, 4378]
[10, 13107, 4497]
[10, 13107, 4551]
[10, 13107, 4508]
[10, 13107, 4461]
[10, 13107, 4466]
[10, 13107, 4360]
[10, 13107, 4614]
[10, 13107, 4486]
[10, 13107, 4503]
[10, 13107, 4461]
[10, 13107, 4400]
[10, 13107, 4440]
[10, 13107, 4430]
[10, 13107, 4504]
[10, 13107, 4559]
[10, 13107, 4496]
[10, 13107, 4491]
[10, 13107, 4476]
[10, 13107, 4483]
[10, 13107, 4486]
[10, 13107, 4419]
[10, 13107, 4449]
[10, 13107, 4375]
[10, 13107, 4486]
[10, 13107, 4522]
[10, 13107, 4377]
[10, 13107, 4376]
[10, 13107, 4525]
[10, 13107, 4474]
[10, 13107, 4321]
[10, 13107, 4514]
[10, 13107, 4467]
[10, 13107, 4469]
[10, 13107, 4457]
[10, 13107, 4392]
[10, 13107, 4530]
[10, 13107, 4550]
[10, 13107, 4477]
[10, 13107, 4473]
[10, 13107, 4451]
[10, 13107, 4527]
[10, 13107, 4329]
[10, 13107, 4400]
[15, 19660, 9061]
[15, 19660, 8837]
[15, 19660, 8889]
[15, 19660, 8794]
[15, 19660, 8839]
[15, 19660, 8912]
[15, 19660, 8924]
[15, 19660, 8897]
[15, 19660, 8739]
[15, 19660, 8865]
[15, 19660, 8882]
[15, 19660, 8929]
[15, 19660, 8789]
[15, 19660, 8919]
[15, 19660, 8817]
[15, 19660, 8952]
[15, 19660, 8908]
[15, 19660, 8805]
[15, 19660, 8949]
[15, 19660, 8911]
[15, 19660, 8891]
[15, 19660, 8919]
[15, 19660, 8886]
[15, 19660, 8847]
[15, 19660, 8778]
[15, 19660, 8851]
[15, 19660, 8924]
[15, 19660, 8913]
[15, 19660, 8792]
[15, 19660, 8824]
[15, 19660, 8731]
[15, 19660, 8983]
[15, 19660, 8983]
[15, 19660, 8845]
[15, 19660, 8921]
[15, 19660, 8798]
[15, 19660, 8897]
[15, 19660, 8890]
[15, 19660, 8919]
[15, 19660, 8913]
[15, 19660, 8837]
[15, 19660, 8824]
[15, 19660, 9001]
[15, 19660, 8875]
[15, 19660, 8842]
[15, 19660, 8868]
[15, 19660, 9054]
[15, 19660, 8832]
[15, 19660, 8830]
[15, 19660, 8966]
[15, 19660, 8809]
[15, 19660, 8654]
[15, 19660, 8747]
[15, 19660, 8862]
[15, 19660, 8795]
[15, 19660, 8841]
[15, 19660, 8791]
[15, 19660, 8945]
[15, 19660, 8750]
[15, 19660, 8777]
[15, 19660, 8862]
[15, 19660, 8831]
[15, 19660, 8961]
[15, 19660, 8886]
[15, 19660, 8824]
[15, 19660, 8931]
[15, 19660, 8907]
[15, 19660, 9016]
[15, 19660, 8829]
[15, 19660, 8838]
[15, 19660, 8908]
[15, 19660, 8629]
[15, 19660, 8803]
[15, 19660, 8867]
[15, 19660, 8833]
[15, 19660, 8809]
[15, 19660, 8946]
[15, 19660, 8803]
[15, 19660, 8968]
[15, 19660, 8835]
[15, 19660, 8825]
[15, 19660, 8873]
[15, 19660, 8688]
[15, 19660, 8816]
[15, 19660, 8753]
[15, 19660, 8855]
[15, 19660, 8702]
[15, 19660, 8928]
[15, 19660, 8770]
[15, 19660, 8932]
[15, 19660, 8755]
[15, 19660, 8803]
[15, 19660, 8811]
[15, 19660, 8814]
[15, 19660, 8780]
[15, 19660, 8873]
[15, 19660, 8898]
[15, 19660, 8869]
[15, 19660, 8878]
[15, 19660, 8876]
[20, 26214, 14312]
[20, 26214, 14288]
[20, 26214, 14414]
[20, 26214, 14252]
[20, 26214, 14273]
[20, 26214, 14511]
[20, 26214, 14302]
[20, 26214, 14258]
[20, 26214, 14323]
[20, 26214, 14421]
[20, 26214, 14240]
[20, 26214, 14246]
[20, 26214, 14248]
[20, 26214, 14268]
[20, 26214, 14319]
[20, 26214, 14199]
[20, 26214, 14112]
[20, 26214, 14188]
[20, 26214, 14454]
[20, 26214, 14202]
[20, 26214, 14251]
[20, 26214, 14285]
[20, 26214, 14248]
[20, 26214, 14360]
[20, 26214, 14264]
[20, 26214, 14365]
[20, 26214, 14349]
[20, 26214, 14359]
[20, 26214, 14375]
[20, 26214, 14314]
[20, 26214, 14291]
[20, 26214, 14230]
[20, 26214, 14370]
[20, 26214, 14346]
[20, 26214, 14334]
[20, 26214, 14100]
[20, 26214, 14494]
[20, 26214, 14498]
[20, 26214, 14235]
[20, 26214, 14307]
[20, 26214, 14438]
[20, 26214, 14310]
[20, 26214, 14303]
[20, 26214, 14328]
[20, 26214, 14191]
[20, 26214, 14261]
[20, 26214, 14305]
[20, 26214, 14324]
[20, 26214, 14173]
[20, 26214, 14243]
[20, 26214, 14337]
[20, 26214, 14223]
[20, 26214, 14126]
[20, 26214, 14328]
[20, 26214, 14261]
[20, 26214, 14367]
[20, 26214, 14286]
[20, 26214, 14410]
[20, 26214, 14324]
[20, 26214, 14469]
[20, 26214, 14349]
[20, 26214, 14361]
[20, 26214, 14443]
[20, 26214, 14191]
[20, 26214, 14343]
[20, 26214, 14126]
[20, 26214, 14414]
[20, 26214, 14517]
[20, 26214, 14264]
[20, 26214, 14284]
[20, 26214, 14348]
[20, 26214, 14243]
[20, 26214, 14247]
[20, 26214, 14218]
[20, 26214, 14447]
[20, 26214, 14271]
[20, 26214, 14540]
[20, 26214, 14371]
[20, 26214, 14318]
[20, 26214, 14327]
[20, 26214, 14407]
[20, 26214, 14289]
[20, 26214, 14193]
[20, 26214, 14340]
[20, 26214, 14393]
[20, 26214, 14222]
[20, 26214, 14260]
[20, 26214, 14370]
[20, 26214, 14239]
[20, 26214, 14454]
[20, 26214, 14419]
[20, 26214, 14420]
[20, 26214, 14356]
[20, 26214, 14212]
[20, 26214, 14117]
[20, 26214, 14232]
[20, 26214, 14212]
[20, 26214, 14329]
[20, 26214, 14397]
[20, 26214, 14293]
[25, 32768, 20510]
[25, 32768, 20673]
[25, 32768, 20467]
[25, 32768, 20503]
[25, 32768, 20506]
[25, 32768, 20610]
[25, 32768, 20401]
[25, 32768, 20491]
[25, 32768, 20531]
[25, 32768, 20406]
[25, 32768, 20503]
[25, 32768, 20516]
[25, 32768, 20482]
[25, 32768, 20560]
[25, 32768, 20578]
[25, 32768, 20432]
[25, 32768, 20599]
[25, 32768, 20396]
[25, 32768, 20680]
[25, 32768, 20514]
[25, 32768, 20425]
[25, 32768, 20342]
[25, 32768, 20639]
[25, 32768, 20573]
[25, 32768, 20677]
[25, 32768, 20539]
[25, 32768, 20553]
[25, 32768, 20676]
[25, 32768, 20540]
[25, 32768, 20536]
[25, 32768, 20471]
[25, 32768, 20571]
[25, 32768, 20549]
[25, 32768, 20699]
[25, 32768, 20664]
[25, 32768, 20449]
[25, 32768, 20560]
[25, 32768, 20504]
[25, 32768, 20518]
[25, 32768, 20505]
[25, 32768, 20462]
[25, 32768, 20688]
[25, 32768, 20642]
[25, 32768, 20643]
[25, 32768, 20558]
[25, 32768, 20549]
[25, 32768, 20652]
[25, 32768, 20649]
[25, 32768, 20559]
[25, 32768, 20517]
[25, 32768, 20613]
[25, 32768, 20485]
[25, 32768, 20541]
[25, 32768, 20695]
[25, 32768, 20557]
[25, 32768, 20698]
[25, 32768, 20538]
[25, 32768, 20630]
[25, 32768, 20552]
[25, 32768, 20611]
[25, 32768, 20520]
[25, 32768, 20590]
[25, 32768, 20746]
[25, 32768, 20544]
[25, 32768, 20487]
[25, 32768, 20542]
[25, 32768, 20651]
[25, 32768, 20460]
[25, 32768, 20600]
[25, 32768, 20563]
[25, 32768, 20686]
[25, 32768, 20534]
[25, 32768, 20530]
[25, 32768, 20657]
[25, 32768, 20572]
[25, 32768, 20600]
[25, 32768, 20646]
[25, 32768, 20638]
[25, 32768, 20474]
[25, 32768, 20434]
[25, 32768, 20530]
[25, 32768, 20544]
[25, 32768, 20655]
[25, 32768, 20533]
[25, 32768, 20476]
[25, 32768, 20680]
[25, 32768, 20560]
[25, 32768, 20546]
[25, 32768, 20419]
[25, 32768, 20624]
[25, 32768, 20720]
[25, 32768, 20527]
[25, 32768, 20501]
[25, 32768, 20663]
[25, 32768, 20569]
[25, 32768, 20491]
[25, 32768, 20650]
[25, 32768, 20456]
[25, 32768, 20504]
[25, 32768, 20551]
[30, 39321, 27346]
[30, 39321, 27346]
[30, 39321, 27342]
[30, 39321, 27238]
[30, 39321, 27237]
[30, 39321, 27358]
[30, 39321, 27485]
[30, 39321, 27394]
[30, 39321, 27162]
[30, 39321, 27355]
[30, 39321, 27361]
[30, 39321, 27249]
[30, 39321, 27388]
[30, 39321, 27367]
[30, 39321, 27439]
[30, 39321, 27444]
[30, 39321, 27372]
[30, 39321, 27327]
[30, 39321, 27519]
[30, 39321, 27298]
[30, 39321, 27299]
[30, 39321, 27286]
[30, 39321, 27303]
[30, 39321, 27306]
[30, 39321, 27311]
[30, 39321, 27323]
[30, 39321, 27345]
[30, 39321, 27353]
[30, 39321, 27538]
[30, 39321, 27356]
[30, 39321, 27449]
[30, 39321, 27441]
[30, 39321, 27348]
[30, 39321, 27359]
[30, 39321, 27402]
[30, 39321, 27317]
[30, 39321, 27348]
[30, 39321, 27472]
[30, 39321, 27341]
[30, 39321, 27467]
[30, 39321, 27234]
[30, 39321, 27410]
[30, 39321, 27357]
[30, 39321, 27267]
[30, 39321, 27327]
[30, 39321, 27368]
[30, 39321, 27373]
[30, 39321, 27341]
[30, 39321, 27275]
[30, 39321, 27280]
[30, 39321, 27292]
[30, 39321, 27370]
[30, 39321, 27442]
[30, 39321, 27583]
[30, 39321, 27254]
[30, 39321, 27395]
[30, 39321, 27335]
[30, 39321, 27435]
[30, 39321, 27403]
[30, 39321, 27318]
[30, 39321, 27311]
[30, 39321, 27314]
[30, 39321, 27463]
[30, 39321, 27428]
[30, 39321, 27434]
[30, 39321, 27432]
[30, 39321, 27459]
[30, 39321, 27412]
[30, 39321, 27222]
[30, 39321, 27376]
[30, 39321, 27513]
[30, 39321, 27275]
[30, 39321, 27286]
[30, 39321, 27360]
[30, 39321, 27392]
[30, 39321, 27432]
[30, 39321, 27407]
[30, 39321, 27345]
[30, 39321, 27390]
[30, 39321, 27365]
[30, 39321, 27504]
[30, 39321, 27261]
[30, 39321, 27349]
[30, 39321, 27507]
[30, 39321, 27296]
[30, 39321, 27324]
[30, 39321, 27337]
[30, 39321, 27386]
[30, 39321, 27032]
[30, 39321, 27236]
[30, 39321, 27487]
[30, 39321, 27378]
[30, 39321, 27317]
[30, 39321, 27318]
[30, 39321, 27381]
[30, 39321, 27374]
[30, 39321, 27369]
[30, 39321, 27315]
[30, 39321, 27310]
[30, 39321, 27149]
[35, 45875, 34566]
[35, 45875, 34609]
[35, 45875, 34479]
[35, 45875, 34349]
[35, 45875, 34502]
[35, 45875, 34517]
[35, 45875, 34435]
[35, 45875, 34503]
[35, 45875, 34480]
[35, 45875, 34368]
[35, 45875, 34528]
[35, 45875, 34452]
[35, 45875, 34621]
[35, 45875, 34479]
[35, 45875, 34413]
[35, 45875, 34354]
[35, 45875, 34512]
[35, 45875, 34363]
[35, 45875, 34564]
[35, 45875, 34559]
[35, 45875, 34537]
[35, 45875, 34313]
[35, 45875, 34480]
[35, 45875, 34420]
[35, 45875, 34466]
[35, 45875, 34493]
[35, 45875, 34492]
[35, 45875, 34631]
[35, 45875, 34493]
[35, 45875, 34557]
[35, 45875, 34425]
[35, 45875, 34377]
[35, 45875, 34499]
[35, 45875, 34438]
[35, 45875, 34433]
[35, 45875, 34536]
[35, 45875, 34391]
[35, 45875, 34484]
[35, 45875, 34458]
[35, 45875, 34568]
[35, 45875, 34256]
[35, 45875, 34504]
[35, 45875, 34434]
[35, 45875, 34486]
[35, 45875, 34532]
[35, 45875, 34581]
[35, 45875, 34512]
[35, 45875, 34366]
[35, 45875, 34531]
[35, 45875, 34435]
[35, 45875, 34399]
[35, 45875, 34451]
[35, 45875, 34345]
[35, 45875, 34523]
[35, 45875, 34515]
[35, 45875, 34362]
[35, 45875, 34449]
[35, 45875, 34445]
[35, 45875, 34456]
[35, 45875, 34506]
[35, 45875, 34464]
[35, 45875, 34453]
[35, 45875, 34670]
[35, 45875, 34456]
[35, 45875, 34396]
[35, 45875, 34552]
[35, 45875, 34482]
[35, 45875, 34467]
[35, 45875, 34409]
[35, 45875, 34371]
[35, 45875, 34646]
[35, 45875, 34535]
[35, 45875, 34447]
[35, 45875, 34720]
[35, 45875, 34495]
[35, 45875, 34532]
[35, 45875, 34727]
[35, 45875, 34465]
[35, 45875, 34553]
[35, 45875, 34409]
[35, 45875, 34601]
[35, 45875, 34530]
[35, 45875, 34501]
[35, 45875, 34440]
[35, 45875, 34519]
[35, 45875, 34405]
[35, 45875, 34517]
[35, 45875, 34598]
[35, 45875, 34498]
[35, 45875, 34333]
[35, 45875, 34614]
[35, 45875, 34560]
[35, 45875, 34449]
[35, 45875, 34540]
[35, 45875, 34590]
[35, 45875, 34334]
[35, 45875, 34441]
[35, 45875, 34540]
[35, 45875, 34537]
[35, 45875, 34443]
[40, 52428, 41897]
[40, 52428, 41943]
[40, 52428, 41721]
[40, 52428, 41681]
[40, 52428, 41937]
[40, 52428, 41838]
[40, 52428, 41801]
[40, 52428, 41745]
[40, 52428, 41853]
[40, 52428, 41806]
[40, 52428, 41790]
[40, 52428, 41920]
[40, 52428, 41791]
[40, 52428, 42005]
[40, 52428, 41827]
[40, 52428, 41746]
[40, 52428, 41771]
[40, 52428, 41828]
[40, 52428, 41868]
[40, 52428, 41763]
[40, 52428, 41703]
[40, 52428, 41784]
[40, 52428, 41979]
[40, 52428, 41783]
[40, 52428, 41748]
[40, 52428, 41992]
[40, 52428, 41860]
[40, 52428, 41882]
[40, 52428, 41838]
[40, 52428, 41820]
[40, 52428, 41816]
[40, 52428, 41835]
[40, 52428, 41858]
[40, 52428, 41891]
[40, 52428, 41852]
[40, 52428, 41798]
[40, 52428, 41804]
[40, 52428, 41930]
[40, 52428, 41835]
[40, 52428, 41854]
[40, 52428, 41871]
[40, 52428, 41793]
[40, 52428, 41882]
[40, 52428, 41682]
[40, 52428, 41889]
[40, 52428, 41971]
[40, 52428, 41867]
[40, 52428, 41991]
[40, 52428, 41936]
[40, 52428, 41787]
[40, 52428, 41957]
[40, 52428, 41830]
[40, 52428, 41782]
[40, 52428, 41794]
[40, 52428, 41967]
[40, 52428, 41802]
[40, 52428, 41804]
[40, 52428, 41826]
[40, 52428, 41837]
[40, 52428, 41977]
[40, 52428, 41797]
[40, 52428, 41771]
[40, 52428, 41849]
[40, 52428, 41687]
[40, 52428, 41809]
[40, 52428, 41697]
[40, 52428, 41891]
[40, 52428, 41829]
[40, 52428, 41799]
[40, 52428, 41719]
[40, 52428, 41844]
[40, 52428, 41933]
[40, 52428, 41849]
[40, 52428, 41739]
[40, 52428, 41913]
[40, 52428, 41787]
[40, 52428, 41946]
[40, 52428, 41810]
[40, 52428, 41826]
[40, 52428, 41732]
[40, 52428, 41859]
[40, 52428, 41879]
[40, 52428, 41733]
[40, 52428, 41747]
[40, 52428, 41948]
[40, 52428, 41824]
[40, 52428, 41881]
[40, 52428, 41906]
[40, 52428, 41833]
[40, 52428, 41852]
[40, 52428, 41936]
[40, 52428, 41917]
[40, 52428, 41742]
[40, 52428, 41791]
[40, 52428, 41940]
[40, 52428, 41732]
[40, 52428, 41827]
[40, 52428, 41778]
[40, 52428, 41867]
[40, 52428, 41888]
