[1, 1310, 92]
[1, 1310, 79]
[1, 1310, 83]
[1, 1310, 105]
[1, 1310, 86]
[1, 1310, 82]
[1, 1310, 99]
[1, 1310, 86]
[1, 1310, 95]
[1, 1310, 83]
[1, 1310, 84]
[1, 1310, 76]
[1, 1310, 84]
[1, 1310, 91]
[1, 1310, 98]
[1, 1310, 103]
[1, 1310, 67]
[1, 1310, 83]
[1, 1310, 85]
[1, 1310, 96]
[1, 1310, 96]
[1, 1310, 115]
[1, 1310, 94]
[1, 1310, 90]
[1, 1310, 91]
[1, 1310, 101]
[1, 1310, 81]
[1, 1310, 104]
[1, 1310, 92]
[1, 1310, 95]
[1, 1310, 80]
[1, 1310, 107]
[1, 1310, 101]
[1, 1310, 75]
[1, 1310, 82]
[1, 1310, 109]
[1, 1310, 80]
[1, 1310, 84]
[1, 1310, 103]
[1, 1310, 91]
[1, 1310, 81]
[1, 1310, 83]
[1, 1310, 79]
[1, 1310, 87]
[1, 1310, 73]
[1, 1310, 83]
[1, 1310, 107]
[1, 1310, 79]
[1, 1310, 75]
[1, 1310, 89]
[1, 1310, 96]
[1, 1310, 87]
[1, 1310, 89]
[1, 1310, 89]
[1, 1310, 90]
[1, 1310, 88]
[1, 1310, 103]
[1, 1310, 81]
[1, 1310, 87]
[1, 1310, 88]
[1, 1310, 99]
[1, 1310, 104]
[1, 1310, 92]
[1, 1310, 92]
[1, 1310, 77]
[1, 1310, 91]
[1, 1310, 106]
[1, 1310, 92]
[1, 1310, 90]
[1, 1310, 85]
[1, 1310, 80]
[1, 1310, 70]
[1, 1310, 97]
[1, 1310, 91]
[1, 1310, 96]
[1, 1310, 112]
[1, 1310, 82]
[1, 1310, 64]
[1, 1310, 82]
[1, 1310, 97]
[1, 1310, 96]
[1, 1310, 77]
[1, 1310, 67]
[1, 1310, 78]
[1, 1310, 94]
[1, 1310, 98]
[1, 1310, 90]
[1, 1310, 95]
[1, 1310, 95]
[1, 1310, 77]
[1, 1310, 91]
[1, 1310, 90]
[1, 1310, 92]
[1, 1310, 92]
[1, 1310, 74]
[1, 1310, 86]
[1, 1310, 92]
[1, 1310, 86]
[1, 1310, 88]
[1, 1310, 81]
[2, 2621, 253]
[2, 2621, 259]
[2, 2621, 259]
[2, 2621, 289]
[2, 2621, 258]
[2, 2621, 271]
[2, 2621, 262]
[2, 2621, 258]
[2, 2621, 240]
[2, 2621, 251]
[2, 2621, 246]
[2, 2621, 236]
[2, 2621, 238]
[2, 2621, 271]
[2, 2621, 264]
[2, 2621, 237]
[2, 2621, 245]
[2, 2621, 230]
[2, 2621, 236]
[2, 2621, 287]
[2, 2621, 269]
[2, 2621, 245]
[2, 2621, 265]
[2, 2621, 247]
[2, 2621, 244]
[2, 2621, 267]
[2, 2621, 242]
[2, 2621, 245]
[2, 2621, 257]
[2, 2621, 275]
[2, 2621, 234]
[2, 2621, 266]
[2, 2621, 253]
[2, 2621, 247]
[2, 2621, 257]
[2, 2621, 271]
[2, 2621, 288]
[2, 2621, 244]
[2, 2621, 259]
[2, 2621, 241]
[2, 2621, 231]
[2, 2621, 247]
[2, 2621, 261]
[2, 2621, 269]
[2, 2621, 266]
[2, 2621, 262]
[2, 2621, 262]
[2, 2621, 281]
[2, 2621, 238]
[2, 2621, 229]
[2, 2621, 271]
[2, 2621, 245]
[2, 2621, 279]
[2, 2621, 251]
[2, 2621, 266]
[2, 2621, 216]
[2, 2621, 277]
[2, 2621, 257]
[2, 2621, 267]
[2, 2621, 291]
[2, 2621, 263]
[2, 2621, 284]
[2, 2621, 226]
[2, 2621, 271]
[2, 2621, 235]
[2, 2621, 277]
[2, 2621, 258]
[2, 2621, 236]
[2, 2621, 288]
[2, 2621, 250]
[2, 2621, 253]
[2, 2621, 251]
[2, 2621, 265]
[2, 2621, 281]
[2, 2621, 284]
[2, 2621, 262]
[2, 2621, 259]
[2, 2621, 255]
[2, 2621, 254]
[2, 2621, 246]
[2, 2621, 212]
[2, 2621, 250]
[2, 2621, 222]
[2, 2621, 239]
[2, 2621, 275]
[2, 2621, 286]
[2, 2621, 232]
[2, 2621, 255]
[2, 2621, 260]
[2, 2621, 216]
[2, 2621, 246]
[2, 2621, 228]
[2, 2621, 255]
[2, 2621, 229]
[2, 2621, 267]
[2, 2621, 233]
[2, 2621, 254]
[2, 2621, 257]
[2, 2621, 272]
[2, 2621, 195]
[5, 6553, 1194]
[5, 6553, 1201]
[5, 6553, 1232]
[5, 6553, 1215]
[5, 6553, 1134]
[5, 6553, 1232]
[5, 6553, 1135]
[5, 6553, 1203]
[5, 6553, 1127]
[5, 6553, 1201]
[5, 6553, 1138]
[5, 6553, 1209]
[5, 6553, 1153]
[5, 6553, 1242]
[5, 6553, 1213]
[5, 6553, 1104]
[5, 6553, 1172]
[5, 6553, 1094]
[5, 6553, 1164]
[5, 6553, 1219]
[5, 6553, 1156]
[5, 6553, 1235]
[5, 6553, 1167]
[5, 6553, 1125]
[5, 6553, 1161]
[5, 6553, 1173]
[5, 6553, 1213]
[5, 6553, 1235]
[5, 6553, 1194]
[5, 6553, 1141]
[5, 6553, 1153]
[5, 6553, 1276]
[5, 6553, 1167]
[5, 6553, 1209]
[5, 6553, 1187]
[5, 6553, 1269]
[5, 6553, 1194]
[5, 6553, 1223]
[5, 6553, 1192]
[5, 6553, 1206]
[5, 6553, 1159]
[5, 6553, 1241]
[5, 6553, 1130]
[5, 6553, 1241]
[5, 6553, 1192]
[5, 6553, 1200]
[5, 6553, 1218]
[5, 6553, 1183]
[5, 6553, 1232]
[5, 6553, 1195]
[5, 6553, 1229]
[5, 6553, 1165]
[5, 6553, 1225]
[5, 6553, 1178]
[5, 6553, 1180]
[5, 6553, 1156]
[5, 6553, 1158]
[5, 6553, 1184]
[5, 6553, 1173]
[5, 6553, 1122]
[5, 6553, 1185]
[5, 6553, 1204]
[5, 6553, 1193]
[5, 6553, 1247]
[5, 6553, 1124]
[5, 6553, 1228]
[5, 6553, 1235]
[5, 6553, 1210]
[5, 6553, 1241]
[5, 6553, 1227]
[5, 6553, 1240]
[5, 6553, 1204]
[5, 6553, 1158]
[5, 6553, 1190]
[5, 6553, 1155]
[5, 6553, 1161]
[5, 6553, 1201]
[5, 6553, 1125]
[5, 6553, 1215]
[5, 6553, 1208]
[5, 6553, 1276]
[5, 6553, 1200]
[5, 6553, 1142]
[5, 6553, 1212]
[5, 6553, 1190]
[5, 6553, 1190]
[5, 6553, 1220]
[5, 6553, 1232]
[5, 6553, 1199]
[5, 6553, 1226]
[5, 6553, 1272]
[5, 6553, 1210]
[5, 6553, 1152]
[5, 6553, 1121]
[5, 6553, 1183]
[5, 6553, 1135]
[5, 6553, 1131]
[5, 6553, 1221]
[5, 6553, 1178]
[5, 6553, 1132]
[10, 13107, 4164]
[10, 13107, 4023]
[10, 13107, 4076]
[10, 13107, 4148]
[10, 13107, 4105]
[10, 13107, 4128]
[10, 13107, 4030]
[10, 13107, 4030]
[10, 13107, 4101]
[10, 13107, 4106]
[10, 13107, 4112]
[10, 13107, 4072]
[10, 13107, 4134]
[10, 13107, 4174]
[10, 13107, 4092]
[10, 13107, 4146]
[10, 13107, 4058]
[10, 13107, 4031]
[10, 13107, 4113]
[10, 13107, 4045]
[10, 13107, 4036]
[10, 13107, 4057]
[10, 13107, 4096]
[10, 13107, 4090]
[10, 13107, 4090]
[10, 13107, 4171]
[10, 13107, 4032]
[10, 13107, 4113]
[10, 13107, 4098]
[10, 13107, 4108]
[10, 13107, 4024]
[10, 13107, 4124]
[10, 13107, 4112]
[10, 13107, 4138]
[10, 13107, 4045]
[10, 13107, 3931]
[10, 13107, 4017]
[10, 13107, 4064]
[10, 13107, 4151]
[10, 13107, 4026]
[10, 13107, 3930]
[10, 13107, 4153]
[10, 13107, 4023]
[10, 13107, 4100]
[10, 13107, 3992]
[10, 13107, 4149]
[10, 13107, 4110]
[10, 13107, 4078]
[10, 13107, 3918]
[10, 13107, 4053]
[10, 13107, 4093]
[10, 13107, 3991]
[10, 13107, 4058]
[10, 13107, 3995]
[10, 13107, 4098]
[10, 13107, 4035]
[10, 13107, 4038]
[10, 13107, 4088]
[10, 13107, 3943]
[10, 13107, 4071]
[10, 13107, 4090]
[10, 13107, 4137]
[10, 13107, 4137]
[10, 13107, 4067]
[10, 13107, 4133]
[10, 13107, 4142]
[10, 13107, 4049]
[10, 13107, 4117]
[10, 13107, 4166]
[10, 13107, 4096]
[10, 13107, 4158]
[10, 13107, 3999]
[10, 13107, 4132]
[10, 13107, 4066]
[10, 13107, 4037]
[10, 13107, 4070]
[10, 13107, 4124]
[10, 13107, 3952]
[10, 13107, 4040]
[10, 13107, 4051]
[10, 13107, 4175]
[10, 13107, 4106]
[10, 13107, 3979]
[10, 13107, 4065]
[10, 13107, 4043]
[10, 13107, 4257]
[10, 13107, 4152]
[10, 13107, 4044]
[10, 13107, 4063]
[10, 13107, 4105]
[10, 13107, 3980]
[10, 13107, 4131]
[10, 13107, 4019]
[10, 13107, 3995]
[10, 13107, 4005]
[10, 13107, 4021]
[10, 13107, 4040]
[10, 13107, 4105]
[10, 13107, 4010]
[10, 13107, 4004]
[15, 19660, 8338]
[15, 19660, 8315]
[15, 19660, 8414]
[15, 19660, 8380]
[15, 19660, 8304]
[15, 19660, 8394]
[15, 19660, 8351]
[15, 19660, 8279]
[15, 19660, 8229]
[15, 19660, 8340]
[15, 19660, 8364]
[15, 19660, 8409]
[15, 19660, 8218]
[15, 19660, 8452]
[15, 19660, 8366]
[15, 19660, 8402]
[15, 19660, 8374]
[15, 19660, 8500]
[15, 19660, 8476]
[15, 19660, 8422]
[15, 19660, 8459]
[15, 19660, 8258]
[15, 19660, 8237]
[15, 19660, 8297]
[15, 19660, 8403]
[15, 19660, 8409]
[15, 19660, 8358]
[15, 19660, 8330]
[15, 19660, 8469]
[15, 19660, 8385]
[15, 19660, 8198]
[15, 19660, 8373]
[15, 19660, 8352]
[15, 19660, 8361]
[15, 19660, 8338]
[15, 19660, 8161]
[15, 19660, 8340]
[15, 19660, 8404]
[15, 19660, 8426]
[15, 19660, 8395]
[15, 19660, 8347]
[15, 19660, 8359]
[15, 19660, 8366]
[15, 19660, 8432]
[15, 19660, 8239]
[15, 19660, 8334]
[15, 19660, 8432]
[15, 19660, 8354]
[15, 19660, 8402]
[15, 19660, 8342]
[15, 19660, 8433]
[15, 19660, 8243]
[15, 19660, 8316]
[15, 19660, 8371]
[15, 19660, 8334]
[15, 19660, 8329]
[15, 19660, 8316]
[15, 19660, 8477]
[15, 19660, 8264]
[15, 19660, 8327]
[15, 19660, 8394]
[15, 19660, 8449]
[15, 19660, 8523]
[15, 19660, 8403]
[15, 19660, 8411]
[15, 19660, 8359]
[15, 19660, 8497]
[15, 19660, 8460]
[15, 19660, 8371]
[15, 19660, 8366]
[15, 19660, 8454]
[15, 19660, 8471]
[15, 19660, 8317]
[15, 19660, 8350]
[15, 19660, 8473]
[15, 19660, 8365]
[15, 19660, 8449]
[15, 19660, 8234]
[15, 19660, 8473]
[15, 19660, 8244]
[15, 19660, 8351]
[15, 19660, 8311]
[15, 19660, 8288]
[15, 19660, 8501]
[15, 19660, 8290]
[15, 19660, 8398]
[15, 19660, 8354]
[15, 19660, 8357]
[15, 19660, 8175]
[15, 19660, 8424]
[15, 19660, 8428]
[15, 19660, 8407]
[15, 19660, 8268]
[15, 19660, 8411]
[15, 19660, 8283]
[15, 19660, 8418]
[15, 19660, 8353]
[15, 19660, 8358]
[15, 19660, 8416]
[15, 19660, 8336]
[20, 26214, 13799]
[20, 26214, 13865]
[20, 26214, 13817]
[20, 26214, 13815]
[20, 26214, 13814]
[20, 26214, 13735]
[20, 26214, 13683]
[20, 26214, 13652]
[20, 26214, 13672]
[20, 26214, 13727]
[20, 26214, 13840]
[20, 26214, 13834]
[20, 26214, 13801]
[20, 26214, 13693]
[20, 26214, 13779]
[20, 26214, 13881]
[20, 26214, 13737]
[20, 26214, 13845]
[20, 26214, 13999]
[20, 26214, 13767]
[20, 26214, 13788]
[20, 26214, 13621]
[20, 26214, 13656]
[20, 26214, 13680]
[20, 26214, 13775]
[20, 26214, 13826]
[20, 26214, 13829]
[20, 26214, 13850]
[20, 26214, 13889]
[20, 26214, 13745]
[20, 26214, 13727]
[20, 26214, 13660]
[20, 26214, 13821]
[20, 26214, 13890]
[20, 26214, 13664]
[20, 26214, 13723]
[20, 26214, 13830]
[20, 26214, 13939]
[20, 26214, 13665]
[20, 26214, 13901]
[20, 26214, 13683]
[20, 26214, 13723]
[20, 26214, 13817]
[20, 26214, 13799]
[20, 26214, 13795]
[20, 26214, 13685]
[20, 26214, 13743]
[20, 26214, 13847]
[20, 26214, 13877]
[20, 26214, 13738]
[20, 26214, 13922]
[20, 26214, 13644]
[20, 26214, 13766]
[20, 26214, 13782]
[20, 26214, 13816]
[20, 26214, 13850]
[20, 26214, 13812]
[20, 26214, 14028]
[20, 26214, 13759]
[20, 26214, 13762]
[20, 26214, 13782]
[20, 26214, 13783]
[20, 26214, 13712]
[20, 26214, 13791]
[20, 26214, 13860]
[20, 26214, 13638]
[20, 26214, 13675]
[20, 26214, 13773]
[20, 26214, 13919]
[20, 26214, 13769]
[20, 26214, 13837]
[20, 26214, 13758]
[20, 26214, 13831]
[20, 26214, 13747]
[20, 26214, 13789]
[20, 26214, 13813]
[20, 26214, 14146]
[20, 26214, 13740]
[20, 26214, 13697]
[20, 26214, 13732]
[20, 26214, 13768]
[20, 26214, 13764]
[20, 26214, 13684]
[20, 26214, 13727]
[20, 26214, 13911]
[20, 26214, 13774]
[20, 26214, 13746]
[20, 26214, 13724]
[20, 26214, 13778]
[20, 26214, 13961]
[20, 26214, 13854]
[20, 26214, 13807]
[20, 26214, 13720]
[20, 26214, 13748]
[20, 26214, 13814]
[20, 26214, 13738]
[20, 26214, 13813]
[20, 26214, 13719]
[20, 26214, 13741]
[20, 26214, 13613]
[25, 32768, 19992]
[25, 32768, 19870]
[25, 32768, 20027]
[25, 32768, 19998]
[25, 32768, 19964]
[25, 32768, 19946]
[25, 32768, 19980]
[25, 32768, 19990]
[25, 32768, 20060]
[25, 32768, 19945]
[25, 32768, 19988]
[25, 32768, 20098]
[25, 32768, 19990]
[25, 32768, 19971]
[25, 32768, 20075]
[25, 32768, 19942]
[25, 32768, 19964]
[25, 32768, 19903]
[25, 32768, 20080]
[25, 32768, 19961]
[25, 32768, 19896]
[25, 32768, 20069]
[25, 32768, 20036]
[25, 32768, 19922]
[25, 32768, 20069]
[25, 32768, 19949]
[25, 32768, 20025]
[25, 32768, 19990]
[25, 32768, 20036]
[25, 32768, 19967]
[25, 32768, 19977]
[25, 32768, 20017]
[25, 32768, 20204]
[25, 32768, 20132]
[25, 32768, 20009]
[25, 32768, 19794]
[25, 32768, 20026]
[25, 32768, 20088]
[25, 32768, 20016]
[25, 32768, 20007]
[25, 32768, 20077]
[25, 32768, 20140]
[25, 32768, 20137]
[25, 32768, 20049]
[25, 32768, 20034]
[25, 32768, 20013]
[25, 32768, 20082]
[25, 32768, 20144]
[25, 32768, 19866]
[25, 32768, 19988]
[25, 32768, 20188]
[25, 32768, 19843]
[25, 32768, 20189]
[25, 32768, 20164]
[25, 32768, 20092]
[25, 32768, 20142]
[25, 32768, 20018]
[25, 32768, 19896]
[25, 32768, 20176]
[25, 32768, 19985]
[25, 32768, 20060]
[25, 32768, 19995]
[25, 32768, 20058]
[25, 32768, 20093]
[25, 32768, 20062]
[25, 32768, 19871]
[25, 32768, 19940]
[25, 32768, 19889]
[25, 32768, 19906]
[25, 32768, 20069]
[25, 32768, 20076]
[25, 32768, 19948]
[25, 32768, 19931]
[25, 32768, 20004]
[25, 32768, 20068]
[25, 32768, 20055]
[25, 32768, 20104]
[25, 32768, 20135]
[25, 32768, 20223]
[25, 32768, 19892]
[25, 32768, 20011]
[25, 32768, 19997]
[25, 32768, 19969]
[25, 32768, 19971]
[25, 32768, 19968]
[25, 32768, 19950]
[25, 32768, 20069]
[25, 32768, 20022]
[25, 32768, 19861]
[25, 32768, 19986]
[25, 32768, 19963]
[25, 32768, 20163]
[25, 32768, 19859]
[25, 32768, 19971]
[25, 32768, 20086]
[25, 32768, 20046]
[25, 32768, 19929]
[25, 32768, 20009]
[25, 32768, 20045]
[25, 32768, 19876]
[30, 39321, 26904]
[30, 39321, 26904]
[30, 39321, 26919]
[30, 39321, 26838]
[30, 39321, 26926]
[30, 39321, 26576]
[30, 39321, 26911]
[30, 39321, 26691]
[30, 39321, 26853]
[30, 39321, 26817]
[30, 39321, 26553]
[30, 39321, 26862]
[30, 39321, 26668]
[30, 39321, 26829]
[30, 39321, 26846]
[30, 39321, 26778]
[30, 39321, 26619]
[30, 39321, 26837]
[30, 39321, 26822]
[30, 39321, 26798]
[30, 39321, 26927]
[30, 39321, 26769]
[30, 39321, 26761]
[30, 39321, 26866]
[30, 39321, 26839]
[30, 39321, 26708]
[30, 39321, 26800]
[30, 39321, 26949]
[30, 39321, 26665]
[30, 39321, 26874]
[30, 39321, 26703]
[30, 39321, 26915]
[30, 39321, 26637]
[30, 39321, 26696]
[30, 39321, 26801]
[30, 39321, 26745]
[30, 39321, 26763]
[30, 39321, 26895]
[30, 39321, 26892]
[30, 39321, 26855]
[30, 39321, 26828]
[30, 39321, 26909]
[30, 39321, 26800]
[30, 39321, 26774]
[30, 39321, 26823]
[30, 39321, 26764]
[30, 39321, 26929]
[30, 39321, 26818]
[30, 39321, 26835]
[30, 39321, 26803]
[30, 39321, 26893]
[30, 39321, 26748]
[30, 39321, 26842]
[30, 39321, 26762]
[30, 39321, 26781]
[30, 39321, 26891]
[30, 39321, 26854]
[30, 39321, 26915]
[30, 39321, 26853]
[30, 39321, 26924]
[30, 39321, 26715]
[30, 39321, 26841]
[30, 39321, 26903]
[30, 39321, 26615]
[30, 39321, 26839]
[30, 39321, 26844]
[30, 39321, 26796]
[30, 39321, 26681]
[30, 39321, 26863]
[30, 39321, 26773]
[30, 39321, 26847]
[30, 39321, 26858]
[30, 39321, 26760]
[30, 39321, 26723]
[30, 39321, 26834]
[30, 39321, 26893]
[30, 39321, 26886]
[30, 39321, 26872]
[30, 39321, 26827]
[30, 39321, 26845]
[30, 39321, 26851]
[30, 39321, 26910]
[30, 39321, 26792]
[30, 39321, 26935]
[30, 39321, 26916]
[30, 39321, 26844]
[30, 39321, 26889]
[30, 39321, 26753]
[30, 39321, 26744]
[30, 39321, 26853]
[30, 39321, 26793]
[30, 39321, 26882]
[30, 39321, 26735]
[30, 39321, 26653]
[30, 39321, 26777]
[30, 39321, 26858]
[30, 39321, 26807]
[30, 39321, 26835]
[30, 39321, 26829]
[30, 39321, 26790]
[35, 45875, 33916]
[35, 45875, 33983]
[35, 45875, 34017]
[35, 45875, 34099]
[35, 45875, 34080]
[35, 45875, 34059]
[35, 45875, 33843]
[35, 45875, 34069]
[35, 45875, 33909]
[35, 45875, 34036]
[35, 45875, 33938]
[35, 45875, 34094]
[35, 45875, 33965]
[35, 45875, 34001]
[35, 45875, 33931]
[35, 45875, 33966]
[35, 45875, 33873]
[35, 45875, 34016]
[35, 45875, 34010]
[35, 45875, 34067]
[35, 45875, 34030]
[35, 45875, 33887]
[35, 45875, 34045]
[35, 45875, 34052]
[35, 45875, 33880]
[35, 45875, 33861]
[35, 45875, 33957]
[35, 45875, 33968]
[35, 45875, 33953]
[35, 45875, 33995]
[35, 45875, 33985]
[35, 45875, 34102]
[35, 45875, 33976]
[35, 45875, 33965]
[35, 45875, 33936]
[35, 45875, 33972]
[35, 45875, 34065]
[35, 45875, 33986]
[35, 45875, 33904]
[35, 45875, 34029]
[35, 45875, 33950]
[35, 45875, 34108]
[35, 45875, 33968]
[35, 45875, 33941]
[35, 45875, 33847]
[35, 45875, 34062]
[35, 45875, 34008]
[35, 45875, 33889]
[35, 45875, 34116]
[35, 45875, 33865]
[35, 45875, 34002]
[35, 45875, 33949]
[35, 45875, 34106]
[35, 45875, 33981]
[35, 45875, 34039]
[35, 45875, 33957]
[35, 45875, 33991]
[35, 45875, 34066]
[35, 45875, 34025]
[35, 45875, 33916]
[35, 45875, 33849]
[35, 45875, 34089]
[35, 45875, 33925]
[35, 45875, 34067]
[35, 45875, 34079]
[35, 45875, 34077]
[35, 45875, 34029]
[35, 45875, 33977]
[35, 45875, 33936]
[35, 45875, 33944]
[35, 45875, 33961]
[35, 45875, 34060]
[35, 45875, 34060]
[35, 45875, 34010]
[35, 45875, 33992]
[35, 45875, 33994]
[35, 45875, 34127]
[35, 45875, 33958]
[35, 45875, 33894]
[35, 45875, 33838]
[35, 45875, 34029]
[35, 45875, 33900]
[35, 45875, 33982]
[35, 45875, 34079]
[35, 45875, 33887]
[35, 45875, 33886]
[35, 45875, 33977]
[35, 45875, 33978]
[35, 45875, 34003]
[35, 45875, 34116]
[35, 45875, 33926]
[35, 45875, 34045]
[35, 45875, 34074]
[35, 45875, 33976]
[35, 45875, 34084]
[35, 45875, 33964]
[35, 45875, 34038]
[35, 45875, 33993]
[35, 45875, 33986]
[35, 45875, 34080]
[40, 52428, 41339]
[40, 52428, 41423]
[40, 52428, 41362]
[40, 52428, 41257]
[40, 52428, 41230]
[40, 52428, 41293]
[40, 52428, 41476]
[40, 52428, 41313]
[40, 52428, 41314]
[40, 52428, 41255]
[40, 52428, 41412]
[40, 52428, 41352]
[40, 52428, 41272]
[40, 52428, 41310]
[40, 52428, 41322]
[40, 52428, 41273]
[40, 52428, 41352]
[40, 52428, 41388]
[40, 52428, 41418]
[40, 52428, 41372]
[40, 52428, 41430]
[40, 52428, 41401]
[40, 52428, 41302]
[40, 52428, 41380]
[40, 52428, 41464]
[40, 52428, 41182]
[40, 52428, 41403]
[40, 52428, 41343]
[40, 52428, 41443]
[40, 52428, 41438]
[40, 52428, 41220]
[40, 52428, 41256]
[40, 52428, 41436]
[40, 52428, 41351]
[40, 52428, 41455]
[40, 52428, 41508]
[40, 52428, 41288]
[40, 52428, 41314]
[40, 52428, 41244]
[40, 52428, 41487]
[40, 52428, 41431]
[40, 52428, 41476]
[40, 52428, 41437]
[40, 52428, 41439]
[40, 52428, 41260]
[40, 52428, 41382]
[40, 52428, 41434]
[40, 52428, 41248]
[40, 52428, 41509]
[40, 52428, 41355]
[40, 52428, 41380]
[40, 52428, 41168]
[40, 52428, 41456]
[40, 52428, 41300]
[40, 52428, 41492]
[40, 52428, 41395]
[40, 52428, 41355]
[40, 52428, 41213]
[40, 52428, 41435]
[40, 52428, 41387]
[40, 52428, 41348]
[40, 52428, 41432]
[40, 52428, 41378]
[40, 52428, 41406]
[40, 52428, 41394]
[40, 52428, 41410]
[40, 52428, 41294]
[40, 52428, 41361]
[40, 52428, 41245]
[40, 52428, 41498]
[40, 52428, 41404]
[40, 52428, 41351]
[40, 52428, 41388]
[40, 52428, 41300]
[40, 52428, 41358]
[40, 52428, 41338]
[40, 52428, 41548]
[40, 52428, 41377]
[40, 52428, 41396]
[40, 52428, 41338]
[40, 52428, 41496]
[40, 52428, 41268]
[40, 52428, 41367]
[40, 52428, 41433]
[40, 52428, 41405]
[40, 52428, 41215]
[40, 52428, 41379]
[40, 52428, 41515]
[40, 52428, 41237]
[40, 52428, 41239]
[40, 52428, 41457]
[40, 52428, 41493]
[40, 52428, 41385]
[40, 52428, 41293]
[40, 52428, 41413]
[40, 52428, 41503]
[40, 52428, 41444]
[40, 52428, 41320]
[40, 52428, 41404]
[40, 52428, 41289]
