[1, 1310, 0, 0, 0, 0]
[1, 1310, 0, 0, 0, 0]
[1, 1310, 0, 0, 0, 0]
[1, 1310, 0, 0, 0, 0]
[1, 1310, 0, 0, 0, 0]
[1, 1310, 0, 0, 0, 0]
[1, 1310, 0, 0, 0, 0]
[1, 1310, 0, 0, 0, 0]
[1, 1310, 0, 0, 0, 0]
[1, 1310, 0, 0, 0, 0]
[1, 1310, 0, 0, 0, 0]
[1, 1310, 0, 0, 0, 0]
[1, 1310, 0, 0, 0, 0]
[1, 1310, 0, 0, 0, 0]
[1, 1310, 0, 0, 0, 0]
[1, 1310, 0, 0, 0, 0]
[1, 1310, 0, 0, 0, 0]
[1, 1310, 0, 0, 0, 0]
[1, 1310, 0, 0, 0, 0]
[1, 1310, 0, 0, 0, 0]
[1, 1310, 0, 0, 0, 0]
[1, 1310, 0, 0, 0, 0]
[1, 1310, 0, 0, 0, 0]
[1, 1310, 0, 0, 0, 0]
[1, 1310, 0, 0, 0, 0]
[1, 1310, 0, 0, 0, 0]
[1, 1310, 0, 0, 0, 0]
[1, 1310, 0, 0, 0, 0]
[1, 1310, 0, 0, 0, 0]
[1, 1310, 0, 0, 0, 0]
[1, 1310, 0, 0, 0, 0]
[1, 1310, 0, 0, 0, 0]
[1, 1310, 0, 0, 0, 0]
[1, 1310, 0, 0, 0, 0]
[1, 1310, 0, 0, 0, 0]
[1, 1310, 0, 0, 0, 0]
[1, 1310, 0, 0, 0, 0]
[1, 1310, 0, 0, 0, 0]
[1, 1310, 0, 0, 0, 0]
[1, 1310, 0, 0, 0, 0]
[1, 1310, 0, 0, 0, 0]
[1, 1310, 0, 0, 0, 0]
[1, 1310, 0, 0, 0, 0]
[1, 1310, 0, 0, 0, 0]
[1, 1310, 0, 0, 0, 0]
[1, 1310, 0, 0, 0, 0]
[1, 1310, 0, 0, 0, 0]
[1, 1310, 0, 0, 0, 0]
[1, 1310, 0, 0, 0, 0]
[1, 1310, 0, 0, 0, 0]
[1, 1310, 0, 0, 0, 0]
[1, 1310, 0, 0, 0, 0]
[1, 1310, 0, 0, 0, 0]
[1, 1310, 0, 0, 0, 0]
[1, 1310, 0, 0, 0, 0]
[1, 1310, 0, 0, 0, 0]
[1, 1310, 0, 0, 0, 0]
[1, 1310, 0, 0, 0, 0]
[1, 1310, 0, 0, 0, 0]
[1, 1310, 0, 0, 0, 0]
[1, 1310, 0, 0, 0, 0]
[1, 1310, 0, 0, 0, 0]
[1, 1310, 0, 0, 0, 0]
[1, 1310, 0, 0, 0, 0]
[1, 1310, 0, 0, 0, 0]
[1, 1310, 0, 0, 0, 0]
[1, 1310, 0, 0, 0, 0]
[1, 1310, 0, 0, 0, 0]
[1, 1310, 0, 0, 0, 0]
[1, 1310, 0, 0, 0, 0]
[1, 1310, 0, 0, 0, 0]
[1, 1310, 0, 0, 0, 0]
[1, 1310, 0, 0, 0, 0]
[1, 1310, 0, 0, 0, 0]
[1, 1310, 0, 0, 0, 0]
[1, 1310, 0, 0, 0, 0]
[1, 1310, 0, 0, 0, 0]
[1, 1310, 0, 0, 0, 0]
[1, 1310, 0, 0, 0, 0]
[1, 1310, 0, 0, 0, 0]
[1, 1310, 0, 0, 0, 0]
[1, 1310, 0, 0, 0, 0]
[1, 1310, 0, 0, 0, 0]
[1, 1310, 0, 0, 0, 0]
[1, 1310, 0, 0, 0, 0]
[1, 1310, 0, 0, 0, 0]
[1, 1310, 0, 0, 0, 0]
[1, 1310, 0, 0, 0, 0]
[1, 1310, 0, 0, 0, 0]
[1, 1310, 0, 0, 0, 0]
[1, 1310, 0, 0, 0, 0]
[1, 1310, 0, 0, 0, 0]
[1, 1310, 0, 0, 0, 0]
[1, 1310, 0, 0, 0, 0]
[1, 1310, 0, 0, 0, 0]
[1, 1310, 0, 0, 0, 0]
[1, 1310, 0, 0, 0, 0]
[1, 1310, 0, 0, 0, 0]
[1, 1310, 0, 0, 0, 0]
[1, 1310, 0, 0, 0, 0]
[2, 2621, 0, 0, 0, 0]
[2, 2621, 0, 0, 0, 0]
[2, 2621, 0, 0, 0, 0]
[2, 2621, 0, 0, 0, 0]
[2, 2621, 0, 0, 0, 0]
[2, 2621, 0, 0, 0, 0]
[2, 2621, 0, 0, 0, 0]
[2, 2621, 0, 0, 0, 0]
[2, 2621, 0, 0, 0, 0]
[2, 2621, 0, 0, 0, 0]
[2, 2621, 0, 0, 0, 0]
[2, 2621, 0, 0, 0, 0]
[2, 2621, 0, 0, 0, 0]
[2, 2621, 0, 0, 0, 0]
[2, 2621, 0, 0, 0, 0]
[2, 2621, 0, 0, 0, 0]
[2, 2621, 0, 0, 0, 0]
[2, 2621, 0, 0, 0, 0]
[2, 2621, 0, 0, 0, 0]
[2, 2621, 0, 0, 0, 0]
[2, 2621, 0, 0, 0, 0]
[2, 2621, 0, 0, 0, 0]
[2, 2621, 0, 0, 0, 0]
[2, 2621, 0, 0, 0, 0]
[2, 2621, 0, 0, 0, 0]
[2, 2621, 0, 0, 0, 0]
[2, 2621, 0, 0, 0, 0]
[2, 2621, 0, 0, 0, 0]
[2, 2621, 0, 0, 0, 0]
[2, 2621, 0, 0, 0, 0]
[2, 2621, 0, 0, 0, 0]
[2, 2621, 0, 0, 0, 0]
[2, 2621, 0, 0, 0, 0]
[2, 2621, 0, 0, 0, 0]
[2, 2621, 0, 0, 0, 0]
[2, 2621, 0, 0, 0, 0]
[2, 2621, 0, 0, 0, 0]
[2, 2621, 0, 0, 0, 0]
[2, 2621, 0, 0, 0, 0]
[2, 2621, 0, 0, 0, 0]
[2, 2621, 0, 0, 0, 0]
[2, 2621, 0, 0, 0, 0]
[2, 2621, 0, 0, 0, 0]
[2, 2621, 0, 0, 0, 0]
[2, 2621, 0, 0, 0, 0]
[2, 2621, 0, 0, 0, 0]
[2, 2621, 0, 0, 0, 0]
[2, 2621, 0, 0, 0, 0]
[2, 2621, 0, 0, 0, 0]
[2, 2621, 0, 0, 0, 0]
[2, 2621, 0, 0, 0, 0]
[2, 2621, 0, 0, 0, 0]
[2, 2621, 0, 0, 0, 0]
[2, 2621, 0, 0, 0, 0]
[2, 2621, 0, 0, 0, 0]
[2, 2621, 0, 0, 0, 0]
[2, 2621, 0, 0, 0, 0]
[2, 2621, 0, 0, 0, 0]
[2, 2621, 0, 0, 0, 0]
[2, 2621, 0, 0, 0, 0]
[2, 2621, 0, 0, 0, 0]
[2, 2621, 0, 0, 0, 0]
[2, 2621, 0, 0, 0, 0]
[2, 2621, 0, 0, 0, 0]
[2, 2621, 0, 0, 0, 0]
[2, 2621, 0, 0, 0, 0]
[2, 2621, 0, 0, 0, 0]
[2, 2621, 0, 0, 0, 0]
[2, 2621, 0, 0, 0, 0]
[2, 2621, 0, 0, 0, 0]
[2, 2621, 0, 0, 0, 0]
[2, 2621, 0, 0, 0, 0]
[2, 2621, 0, 0, 0, 0]
[2, 2621, 0, 0, 0, 0]
[2, 2621, 0, 0, 0, 0]
[2, 2621, 0, 0, 0, 0]
[2, 2621, 0, 0, 0, 0]
[2, 2621, 0, 0, 0, 0]
[2, 2621, 0, 0, 0, 0]
[2, 2621, 0, 0, 0, 0]
[2, 2621, 0, 0, 0, 0]
[2, 2621, 0, 0, 0, 0]
[2, 2621, 0, 0, 0, 0]
[2, 2621, 0, 0, 0, 0]
[2, 2621, 0, 0, 0, 0]
[2, 2621, 0, 0, 0, 0]
[2, 2621, 0, 0, 0, 0]
[2, 2621, 0, 0, 0, 0]
[2, 2621, 0, 0, 0, 0]
[2, 2621, 0, 0, 0, 0]
[2, 2621, 0, 0, 0, 0]
[2, 2621, 0, 0, 0, 0]
[2, 2621, 0, 0, 0, 0]
[2, 2621, 0, 0, 0, 0]
[2, 2621, 0, 0, 1, 0]
[2, 2621, 0, 0, 0, 0]
[2, 2621, 0, 0, 0, 0]
[2, 2621, 0, 0, 0, 0]
[2, 2621, 0, 0, 0, 0]
[2, 2621, 0, 0, 0, 0]
[5, 6553, 0, 0, 0, 0]
[5, 6553, 0, 0, 0, 0]
[5, 6553, 0, 0, 0, 0]
[5, 6553, 0, 0, 0, 0]
[5, 6553, 0, 0, 0, 0]
[5, 6553, 0, 0, 0, 0]
[5, 6553, 0, 0, 0, 0]
[5, 6553, 0, 0, 0, 0]
[5, 6553, 0, 0, 0, 0]
[5, 6553, 0, 0, 0, 0]
[5, 6553, 0, 0, 0, 0]
[5, 6553, 0, 0, 0, 0]
[5, 6553, 0, 0, 0, 0]
[5, 6553, 0, 0, 0, 0]
[5, 6553, 0, 0, 0, 0]
[5, 6553, 0, 0, 0, 0]
[5, 6553, 0, 0, 0, 0]
[5, 6553, 0, 0, 0, 0]
[5, 6553, 0, 0, 0, 0]
[5, 6553, 0, 0, 0, 0]
[5, 6553, 0, 0, 1, 0]
[5, 6553, 0, 0, 0, 0]
[5, 6553, 0, 0, 0, 0]
[5, 6553, 0, 0, 0, 0]
[5, 6553, 0, 0, 0, 0]
[5, 6553, 0, 0, 0, 0]
[5, 6553, 0, 0, 0, 0]
[5, 6553, 0, 0, 0, 0]
[5, 6553, 0, 0, 0, 0]
[5, 6553, 0, 0, 0, 0]
[5, 6553, 0, 0, 0, 0]
[5, 6553, 0, 0, 0, 0]
[5, 6553, 0, 0, 0, 0]
[5, 6553, 0, 0, 0, 0]
[5, 6553, 0, 0, 0, 0]
[5, 6553, 0, 0, 0, 0]
[5, 6553, 0, 0, 0, 0]
[5, 6553, 0, 0, 0, 0]
[5, 6553, 0, 0, 0, 0]
[5, 6553, 0, 0, 0, 0]
[5, 6553, 0, 0, 0, 0]
[5, 6553, 1, 0, 0, 0]
[5, 6553, 0, 0, 0, 0]
[5, 6553, 0, 0, 0, 0]
[5, 6553, 0, 0, 0, 0]
[5, 6553, 0, 0, 0, 0]
[5, 6553, 0, 0, 0, 0]
[5, 6553, 0, 1, 0, 0]
[5, 6553, 0, 0, 0, 0]
[5, 6553, 0, 0, 0, 0]
[5, 6553, 0, 0, 0, 0]
[5, 6553, 0, 0, 0, 0]
[5, 6553, 0, 0, 0, 0]
[5, 6553, 0, 0, 0, 0]
[5, 6553, 0, 0, 0, 0]
[5, 6553, 0, 0, 0, 0]
[5, 6553, 0, 0, 0, 0]
[5, 6553, 0, 0, 0, 0]
[5, 6553, 0, 0, 0, 0]
[5, 6553, 0, 1, 0, 0]
[5, 6553, 1, 0, 0, 0]
[5, 6553, 0, 0, 0, 0]
[5, 6553, 0, 0, 0, 0]
[5, 6553, 0, 1, 0, 0]
[5, 6553, 0, 0, 0, 0]
[5, 6553, 0, 0, 0, 0]
[5, 6553, 0, 0, 0, 0]
[5, 6553, 0, 0, 0, 0]
[5, 6553, 0, 0, 0, 0]
[5, 6553, 0, 0, 0, 0]
[5, 6553, 0, 0, 0, 0]
[5, 6553, 0, 0, 0, 0]
[5, 6553, 0, 0, 0, 0]
[5, 6553, 0, 0, 0, 0]
[5, 6553, 0, 0, 0, 0]
[5, 6553, 0, 0, 0, 0]
[5, 6553, 0, 0, 1, 0]
[5, 6553, 0, 0, 0, 0]
[5, 6553, 0, 0, 0, 0]
[5, 6553, 0, 0, 0, 0]
[5, 6553, 0, 0, 0, 0]
[5, 6553, 0, 1, 0, 0]
[5, 6553, 0, 0, 0, 0]
[5, 6553, 0, 1, 0, 0]
[5, 6553, 0, 0, 0, 0]
[5, 6553, 0, 0, 0, 0]
[5, 6553, 0, 0, 0, 0]
[5, 6553, 0, 0, 0, 0]
[5, 6553, 0, 0, 0, 0]
[5, 6553, 0, 1, 0, 0]
[5, 6553, 0, 0, 0, 0]
[5, 6553, 0, 0, 0, 0]
[5, 6553, 0, 0, 0, 0]
[5, 6553, 0, 0, 0, 0]
[5, 6553, 0, 0, 0, 0]
[5, 6553, 0, 1, 0, 0]
[5, 6553, 0, 0, 1, 0]
[5, 6553, 0, 0, 0, 0]
[5, 6553, 0, 0, 0, 0]
[5, 6553, 0, 0, 0, 0]
[10, 13107, 1, 0, 1, 1]
[10, 13107, 0, 0, 5, 1]
[10, 13107, 0, 0, 2, 2]
[10, 13107, 2, 3, 1, 1]
[10, 13107, 0, 1, 0, 2]
[10, 13107, 0, 5, 0, 0]
[10, 13107, 1, 1, 1, 1]
[10, 13107, 2, 1, 0, 3]
[10, 13107, 2, 2, 3, 1]
[10, 13107, 0, 0, 0, 0]
[10, 13107, 4, 0, 2, 1]
[10, 13107, 1, 1, 0, 2]
[10, 13107, 1, 0, 1, 0]
[10, 13107, 2, 0, 0, 1]
[10, 13107, 0, 2, 0, 1]
[10, 13107, 9, 0, 0, 2]
[10, 13107, 0, 0, 1, 2]
[10, 13107, 0, 1, 3, 2]
[10, 13107, 0, 0, 0, 0]
[10, 13107, 0, 1, 0, 2]
[10, 13107, 0, 3, 2, 0]
[10, 13107, 1, 2, 2, 2]
[10, 13107, 1, 0, 1, 4]
[10, 13107, 0, 0, 2, 2]
[10, 13107, 0, 3, 0, 0]
[10, 13107, 1, 2, 1, 1]
[10, 13107, 4, 0, 1, 2]
[10, 13107, 1, 3, 2, 0]
[10, 13107, 0, 0, 0, 1]
[10, 13107, 0, 0, 0, 0]
[10, 13107, 0, 0, 1, 0]
[10, 13107, 1, 0, 0, 2]
[10, 13107, 1, 0, 1, 1]
[10, 13107, 1, 1, 1, 0]
[10, 13107, 1, 1, 4, 0]
[10, 13107, 2, 0, 1, 3]
[10, 13107, 0, 0, 0, 0]
[10, 13107, 1, 2, 1, 3]
[10, 13107, 0, 0, 0, 0]
[10, 13107, 0, 0, 3, 2]
[10, 13107, 0, 3, 0, 3]
[10, 13107, 1, 0, 0, 3]
[10, 13107, 0, 2, 0, 1]
[10, 13107, 1, 1, 0, 2]
[10, 13107, 2, 0, 1, 1]
[10, 13107, 3, 0, 0, 0]
[10, 13107, 1, 5, 1, 2]
[10, 13107, 1, 2, 1, 1]
[10, 13107, 0, 1, 0, 1]
[10, 13107, 5, 4, 1, 2]
[10, 13107, 1, 0, 0, 0]
[10, 13107, 2, 3, 1, 2]
[10, 13107, 1, 3, 0, 0]
[10, 13107, 0, 1, 0, 1]
[10, 13107, 3, 0, 1, 1]
[10, 13107, 1, 0, 1, 0]
[10, 13107, 0, 0, 0, 1]
[10, 13107, 0, 0, 4, 3]
[10, 13107, 2, 2, 1, 2]
[10, 13107, 2, 1, 0, 0]
[10, 13107, 2, 2, 0, 5]
[10, 13107, 1, 0, 1, 0]
[10, 13107, 0, 0, 5, 1]
[10, 13107, 0, 1, 0, 0]
[10, 13107, 1, 1, 2, 2]
[10, 13107, 0, 3, 0, 1]
[10, 13107, 0, 0, 3, 0]
[10, 13107, 3, 1, 0, 0]
[10, 13107, 0, 2, 1, 0]
[10, 13107, 0, 0, 0, 0]
[10, 13107, 0, 2, 0, 5]
[10, 13107, 2, 0, 2, 1]
[10, 13107, 0, 2, 1, 0]
[10, 13107, 0, 1, 3, 0]
[10, 13107, 0, 2, 2, 0]
[10, 13107, 0, 0, 0, 1]
[10, 13107, 1, 1, 0, 1]
[10, 13107, 0, 0, 0, 1]
[10, 13107, 1, 1, 2, 1]
[10, 13107, 0, 0, 0, 0]
[10, 13107, 3, 0, 0, 7]
[10, 13107, 1, 1, 2, 2]
[10, 13107, 0, 1, 0, 0]
[10, 13107, 1, 1, 0, 1]
[10, 13107, 1, 1, 0, 0]
[10, 13107, 0, 4, 1, 0]
[10, 13107, 0, 0, 2, 0]
[10, 13107, 0, 1, 0, 1]
[10, 13107, 1, 1, 0, 0]
[10, 13107, 1, 1, 0, 0]
[10, 13107, 0, 0, 1, 0]
[10, 13107, 0, 4, 1, 0]
[10, 13107, 0, 0, 0, 0]
[10, 13107, 0, 0, 0, 0]
[10, 13107, 0, 4, 1, 0]
[10, 13107, 0, 1, 1, 2]
[10, 13107, 2, 0, 0, 2]
[10, 13107, 1, 0, 0, 1]
[10, 13107, 0, 0, 2, 2]
[10, 13107, 1, 0, 1, 1]
[15, 19660, 6, 8, 2, 11]
[15, 19660, 5, 3, 5, 7]
[15, 19660, 0, 7, 11, 1]
[15, 19660, 4, 6, 8, 5]
[15, 19660, 5, 9, 10, 3]
[15, 19660, 6, 8, 4, 5]
[15, 19660, 9, 3, 6, 6]
[15, 19660, 12, 4, 5, 8]
[15, 19660, 7, 10, 9, 1]
[15, 19660, 6, 2, 5, 9]
[15, 19660, 11, 7, 3, 6]
[15, 19660, 7, 3, 9, 8]
[15, 19660, 5, 1, 3, 11]
[15, 19660, 12, 12, 7, 4]
[15, 19660, 5, 8, 6, 16]
[15, 19660, 6, 5, 7, 4]
[15, 19660, 5, 3, 12, 4]
[15, 19660, 6, 3, 11, 2]
[15, 19660, 1, 2, 10, 4]
[15, 19660, 7, 5, 12, 11]
[15, 19660, 2, 7, 5, 9]
[15, 19660, 6, 0, 3, 1]
[15, 19660, 9, 13, 2, 6]
[15, 19660, 7, 7, 6, 7]
[15, 19660, 4, 18, 8, 5]
[15, 19660, 6, 6, 11, 5]
[15, 19660, 10, 7, 6, 8]
[15, 19660, 3, 11, 7, 10]
[15, 19660, 3, 1, 14, 4]
[15, 19660, 3, 10, 8, 8]
[15, 19660, 4, 3, 16, 8]
[15, 19660, 9, 12, 6, 4]
[15, 19660, 8, 2, 2, 5]
[15, 19660, 5, 11, 6, 7]
[15, 19660, 1, 9, 14, 11]
[15, 19660, 7, 3, 5, 9]
[15, 19660, 9, 6, 5, 5]
[15, 19660, 0, 4, 4, 7]
[15, 19660, 3, 3, 8, 0]
[15, 19660, 8, 5, 4, 10]
[15, 19660, 10, 2, 11, 8]
[15, 19660, 6, 9, 11, 3]
[15, 19660, 4, 11, 9, 11]
[15, 19660, 8, 9, 5, 3]
[15, 19660, 6, 8, 3, 5]
[15, 19660, 10, 1, 4, 10]
[15, 19660, 10, 4, 10, 9]
[15, 19660, 5, 11, 6, 4]
[15, 19660, 6, 4, 5, 5]
[15, 19660, 3, 11, 2, 11]
[15, 19660, 5, 9, 6, 1]
[15, 19660, 7, 6, 8, 3]
[15, 19660, 5, 1, 10, 9]
[15, 19660, 11, 7, 3, 3]
[15, 19660, 7, 8, 5, 11]
[15, 19660, 4, 4, 12, 2]
[15, 19660, 14, 11, 6, 7]
[15, 19660, 3, 2, 6, 2]
[15, 19660, 1, 4, 12, 6]
[15, 19660, 14, 3, 6, 8]
[15, 19660, 11, 8, 2, 5]
[15, 19660, 6, 9, 7, 5]
[15, 19660, 8, 7, 12, 6]
[15, 19660, 3, 5, 7, 7]
[15, 19660, 7, 6, 5, 13]
[15, 19660, 6, 2, 12, 1]
[15, 19660, 6, 12, 6, 7]
[15, 19660, 4, 8, 7, 4]
[15, 19660, 7, 4, 16, 1]
[15, 19660, 5, 5, 4, 10]
[15, 19660, 3, 12, 6, 3]
[15, 19660, 1, 12, 13, 3]
[15, 19660, 5, 2, 7, 4]
[15, 19660, 6, 8, 5, 8]
[15, 19660, 7, 8, 5, 7]
[15, 19660, 5, 4, 1, 6]
[15, 19660, 12, 8, 12, 3]
[15, 19660, 8, 7, 3, 7]
[15, 19660, 9, 3, 9, 5]
[15, 19660, 6, 8, 7, 2]
[15, 19660, 12, 6, 5, 15]
[15, 19660, 6, 3, 9, 10]
[15, 19660, 9, 5, 5, 3]
[15, 19660, 1, 8, 7, 9]
[15, 19660, 5, 10, 7, 7]
[15, 19660, 7, 1, 4, 10]
[15, 19660, 4, 12, 6, 7]
[15, 19660, 10, 6, 8, 5]
[15, 19660, 3, 8, 6, 3]
[15, 19660, 5, 6, 5, 4]
[15, 19660, 4, 4, 6, 8]
[15, 19660, 8, 5, 3, 13]
[15, 19660, 15, 8, 10, 2]
[15, 19660, 2, 2, 11, 10]
[15, 19660, 4, 3, 10, 9]
[15, 19660, 9, 8, 6, 3]
[15, 19660, 9, 3, 5, 7]
[15, 19660, 6, 7, 7, 8]
[15, 19660, 11, 3, 4, 7]
[15, 19660, 6, 11, 7, 8]
[20, 26214, 13, 15, 11, 13]
[20, 26214, 20, 18, 26, 19]
[20, 26214, 28, 21, 19, 16]
[20, 26214, 15, 27, 23, 23]
[20, 26214, 26, 18, 15, 27]
[20, 26214, 25, 10, 14, 29]
[20, 26214, 24, 9, 17, 45]
[20, 26214, 14, 19, 11, 19]
[20, 26214, 28, 23, 21, 16]
[20, 26214, 15, 16, 18, 29]
[20, 26214, 27, 22, 29, 20]
[20, 26214, 20, 22, 24, 20]
[20, 26214, 17, 24, 31, 33]
[20, 26214, 35, 20, 31, 20]
[20, 26214, 28, 19, 22, 18]
[20, 26214, 24, 32, 18, 10]
[20, 26214, 34, 10, 31, 31]
[20, 26214, 14, 20, 35, 14]
[20, 26214, 12, 23, 13, 12]
[20, 26214, 15, 21, 16, 24]
[20, 26214, 19, 23, 20, 30]
[20, 26214, 29, 18, 27, 12]
[20, 26214, 20, 17, 19, 21]
[20, 26214, 19, 25, 28, 21]
[20, 26214, 20, 12, 15, 22]
[20, 26214, 18, 25, 12, 25]
[20, 26214, 24, 25, 35, 28]
[20, 26214, 28, 22, 11, 32]
[20, 26214, 37, 19, 22, 22]
[20, 26214, 22, 19, 13, 27]
[20, 26214, 15, 22, 23, 25]
[20, 26214, 21, 31, 14, 34]
[20, 26214, 22, 11, 19, 14]
[20, 26214, 18, 19, 17, 24]
[20, 26214, 12, 15, 31, 33]
[20, 26214, 31, 26, 23, 8]
[20, 26214, 21, 20, 34, 14]
[20, 26214, 9, 27, 30, 19]
[20, 26214, 27, 14, 36, 30]
[20, 26214, 14, 24, 22, 26]
[20, 26214, 26, 28, 14, 16]
[20, 26214, 20, 25, 20, 14]
[20, 26214, 18, 29, 23, 34]
[20, 26214, 17, 24, 19, 29]
[20, 26214, 17, 26, 17, 26]
[20, 26214, 20, 21, 16, 25]
[20, 26214, 28, 14, 23, 24]
[20, 26214, 19, 26, 20, 13]
[20, 26214, 14, 22, 18, 15]
[20, 26214, 29, 15, 16, 18]
[20, 26214, 22, 21, 19, 12]
[20, 26214, 20, 26, 20, 30]
[20, 26214, 25, 20, 21, 24]
[20, 26214, 28, 19, 42, 17]
[20, 26214, 20, 11, 13, 11]
[20, 26214, 22, 29, 30, 13]
[20, 26214, 24, 32, 25, 21]
[20, 26214, 21, 19, 23, 17]
[20, 26214, 23, 25, 20, 25]
[20, 26214, 25, 15, 20, 18]
[20, 26214, 28, 18, 12, 17]
[20, 26214, 18, 23, 20, 26]
[20, 26214, 21, 19, 26, 20]
[20, 26214, 22, 24, 27, 15]
[20, 26214, 29, 17, 28, 27]
[20, 26214, 21, 25, 11, 9]
[20, 26214, 17, 24, 26, 21]
[20, 26214, 20, 26, 31, 15]
[20, 26214, 26, 19, 25, 14]
[20, 26214, 26, 12, 20, 23]
[20, 26214, 15, 26, 38, 20]
[20, 26214, 26, 18, 38, 18]
[20, 26214, 22, 16, 20, 24]
[20, 26214, 21, 26, 32, 16]
[20, 26214, 20, 24, 23, 17]
[20, 26214, 21, 10, 28, 18]
[20, 26214, 32, 22, 24, 13]
[20, 26214, 15, 29, 24, 19]
[20, 26214, 29, 17, 26, 18]
[20, 26214, 25, 9, 22, 13]
[20, 26214, 27, 15, 20, 29]
[20, 26214, 14, 11, 15, 33]
[20, 26214, 27, 22, 19, 22]
[20, 26214, 16, 19, 24, 18]
[20, 26214, 22, 15, 22, 30]
[20, 26214, 15, 19, 19, 32]
[20, 26214, 18, 25, 19, 17]
[20, 26214, 32, 19, 25, 28]
[20, 26214, 19, 16, 22, 20]
[20, 26214, 24, 24, 31, 23]
[20, 26214, 26, 23, 24, 19]
[20, 26214, 20, 27, 19, 26]
[20, 26214, 21, 23, 21, 16]
[20, 26214, 29, 7, 19, 16]
[20, 26214, 17, 29, 24, 19]
[20, 26214, 23, 27, 24, 35]
[20, 26214, 27, 16, 20, 15]
[20, 26214, 14, 25, 15, 21]
[20, 26214, 26, 28, 26, 24]
[20, 26214, 37, 24, 16, 18]
[25, 32768, 76, 70, 51, 57]
[25, 32768, 45, 71, 44, 59]
[25, 32768, 54, 42, 62, 63]
[25, 32768, 54, 65, 38, 64]
[25, 32768, 63, 54, 65, 49]
[25, 32768, 41, 45, 49, 51]
[25, 32768, 57, 36, 48, 60]
[25, 32768, 46, 44, 61, 62]
[25, 32768, 65, 64, 57, 69]
[25, 32768, 48, 42, 47, 56]
[25, 32768, 45, 55, 35, 37]
[25, 32768, 49, 47, 53, 47]
[25, 32768, 55, 57, 68, 75]
[25, 32768, 55, 65, 72, 65]
[25, 32768, 64, 56, 52, 71]
[25, 32768, 58, 78, 46, 43]
[25, 32768, 60, 54, 69, 61]
[25, 32768, 47, 61, 58, 56]
[25, 32768, 73, 53, 54, 57]
[25, 32768, 41, 57, 60, 72]
[25, 32768, 43, 45, 68, 63]
[25, 32768, 73, 56, 41, 41]
[25, 32768, 39, 56, 65, 57]
[25, 32768, 69, 52, 62, 34]
[25, 32768, 42, 77, 44, 52]
[25, 32768, 64, 42, 64, 71]
[25, 32768, 58, 68, 56, 56]
[25, 32768, 69, 88, 49, 77]
[25, 32768, 53, 73, 54, 60]
[25, 32768, 62, 56, 64, 46]
[25, 32768, 51, 41, 57, 56]
[25, 32768, 61, 64, 76, 57]
[25, 32768, 63, 53, 48, 60]
[25, 32768, 58, 66, 43, 61]
[25, 32768, 43, 53, 45, 64]
[25, 32768, 59, 56, 70, 56]
[25, 32768, 63, 88, 67, 53]
[25, 32768, 63, 56, 60, 50]
[25, 32768, 43, 55, 62, 75]
[25, 32768, 54, 44, 47, 55]
[25, 32768, 62, 48, 62, 42]
[25, 32768, 55, 48, 88, 64]
[25, 32768, 54, 54, 47, 55]
[25, 32768, 71, 64, 46, 61]
[25, 32768, 51, 62, 49, 57]
[25, 32768, 74, 75, 61, 75]
[25, 32768, 53, 67, 52, 55]
[25, 32768, 57, 38, 40, 51]
[25, 32768, 45, 64, 73, 65]
[25, 32768, 48, 37, 42, 46]
[25, 32768, 55, 55, 53, 45]
[25, 32768, 47, 92, 70, 47]
[25, 32768, 67, 36, 66, 37]
[25, 32768, 42, 65, 47, 64]
[25, 32768, 92, 57, 64, 46]
[25, 32768, 62, 52, 85, 62]
[25, 32768, 53, 49, 44, 67]
[25, 32768, 70, 46, 79, 46]
[25, 32768, 69, 68, 44, 45]
[25, 32768, 73, 51, 51, 54]
[25, 32768, 73, 58, 41, 57]
[25, 32768, 50, 59, 52, 62]
[25, 32768, 59, 71, 65, 51]
[25, 32768, 56, 58, 51, 43]
[25, 32768, 42, 56, 54, 58]
[25, 32768, 69, 61, 62, 53]
[25, 32768, 47, 68, 72, 53]
[25, 32768, 37, 82, 69, 42]
[25, 32768, 53, 55, 67, 53]
[25, 32768, 47, 71, 48, 84]
[25, 32768, 48, 62, 42, 60]
[25, 32768, 60, 50, 50, 50]
[25, 32768, 54, 51, 65, 66]
[25, 32768, 61, 58, 69, 57]
[25, 32768, 53, 63, 66, 69]
[25, 32768, 41, 37, 75, 54]
[25, 32768, 53, 52, 47, 75]
[25, 32768, 64, 52, 57, 71]
[25, 32768, 64, 64, 52, 57]
[25, 32768, 53, 61, 70, 44]
[25, 32768, 61, 43, 56, 48]
[25, 32768, 62, 48, 77, 41]
[25, 32768, 51, 47, 67, 62]
[25, 32768, 50, 40, 37, 58]
[25, 32768, 43, 44, 81, 48]
[25, 32768, 56, 58, 39, 74]
[25, 32768, 53, 53, 85, 56]
[25, 32768, 54, 47, 73, 45]
[25, 32768, 60, 44, 48, 50]
[25, 32768, 58, 58, 35, 58]
[25, 32768, 63, 46, 57, 58]
[25, 32768, 56, 50, 46, 62]
[25, 32768, 58, 54, 69, 57]
[25, 32768, 59, 44, 52, 70]
[25, 32768, 36, 79, 61, 51]
[25, 32768, 73, 58, 52, 66]
[25, 32768, 47, 50, 46, 69]
[25, 32768, 78, 62, 64, 69]
[25, 32768, 62, 69, 50, 55]
[25, 32768, 69, 50, 60, 56]
[30, 39321, 104, 102, 109, 123]
[30, 39321, 108, 96, 137, 137]
[30, 39321, 90, 104, 137, 114]
[30, 39321, 119, 125, 109, 136]
[30, 39321, 143, 117, 136, 112]
[30, 39321, 108, 135, 101, 115]
[30, 39321, 134, 113, 126, 118]
[30, 39321, 95, 112, 133, 129]
[30, 39321, 114, 129, 150, 129]
[30, 39321, 120, 118, 115, 127]
[30, 39321, 116, 128, 145, 98]
[30, 39321, 111, 138, 123, 127]
[30, 39321, 116, 109, 136, 144]
[30, 39321, 122, 103, 106, 79]
[30, 39321, 110, 131, 139, 126]
[30, 39321, 114, 114, 112, 116]
[30, 39321, 121, 101, 114, 106]
[30, 39321, 138, 114, 126, 109]
[30, 39321, 137, 113, 96, 136]
[30, 39321, 107, 159, 88, 133]
[30, 39321, 100, 123, 130, 99]
[30, 39321, 129, 134, 104, 105]
[30, 39321, 147, 127, 121, 126]
[30, 39321, 128, 98, 120, 118]
[30, 39321, 115, 123, 112, 119]
[30, 39321, 144, 112, 110, 131]
[30, 39321, 120, 137, 136, 107]
[30, 39321, 94, 137, 120, 120]
[30, 39321, 124, 112, 119, 112]
[30, 39321, 95, 110, 119, 102]
[30, 39321, 124, 107, 143, 103]
[30, 39321, 94, 136, 119, 114]
[30, 39321, 107, 136, 83, 117]
[30, 39321, 159, 153, 94, 149]
[30, 39321, 105, 90, 106, 99]
[30, 39321, 109, 113, 128, 119]
[30, 39321, 131, 110, 115, 105]
[30, 39321, 88, 115, 119, 101]
[30, 39321, 98, 126, 144, 102]
[30, 39321, 98, 124, 86, 128]
[30, 39321, 112, 107, 88, 136]
[30, 39321, 126, 124, 113, 124]
[30, 39321, 131, 143, 137, 105]
[30, 39321, 146, 112, 108, 136]
[30, 39321, 136, 135, 138, 115]
[30, 39321, 98, 137, 98, 146]
[30, 39321, 141, 113, 119, 109]
[30, 39321, 81, 111, 104, 120]
[30, 39321, 96, 117, 151, 92]
[30, 39321, 102, 125, 131, 135]
[30, 39321, 118, 122, 127, 116]
[30, 39321, 108, 120, 99, 95]
[30, 39321, 118, 105, 126, 108]
[30, 39321, 115, 114, 116, 119]
[30, 39321, 120, 120, 132, 95]
[30, 39321, 110, 113, 169, 118]
[30, 39321, 103, 120, 94, 106]
[30, 39321, 124, 98, 109, 116]
[30, 39321, 125, 116, 102, 106]
[30, 39321, 145, 97, 99, 108]
[30, 39321, 149, 111, 125, 110]
[30, 39321, 119, 129, 113, 140]
[30, 39321, 114, 102, 124, 120]
[30, 39321, 106, 113, 125, 130]
[30, 39321, 108, 141, 126, 138]
[30, 39321, 156, 128, 140, 123]
[30, 39321, 123, 113, 89, 109]
[30, 39321, 126, 166, 102, 116]
[30, 39321, 163, 109, 140, 98]
[30, 39321, 128, 142, 112, 149]
[30, 39321, 131, 144, 113, 121]
[30, 39321, 106, 129, 152, 89]
[30, 39321, 102, 108, 97, 143]
[30, 39321, 120, 112, 121, 114]
[30, 39321, 123, 112, 111, 133]
[30, 39321, 95, 154, 122, 123]
[30, 39321, 134, 115, 132, 104]
[30, 39321, 115, 135, 129, 134]
[30, 39321, 155, 121, 132, 150]
[30, 39321, 122, 129, 144, 114]
[30, 39321, 103, 109, 119, 81]
[30, 39321, 131, 97, 150, 113]
[30, 39321, 123, 103, 128, 124]
[30, 39321, 108, 100, 130, 125]
[30, 39321, 105, 134, 143, 137]
[30, 39321, 144, 134, 120, 142]
[30, 39321, 96, 171, 133, 131]
[30, 39321, 102, 114, 108, 124]
[30, 39321, 139, 138, 103, 114]
[30, 39321, 138, 112, 107, 117]
[30, 39321, 120, 109, 123, 108]
[30, 39321, 126, 144, 105, 140]
[30, 39321, 106, 133, 135, 118]
[30, 39321, 138, 98, 132, 113]
[30, 39321, 89, 160, 124, 131]
[30, 39321, 108, 111, 112, 137]
[30, 39321, 120, 126, 107, 106]
[30, 39321, 123, 149, 131, 110]
[30, 39321, 138, 133, 128, 122]
[30, 39321, 98, 141, 135, 113]
[35, 45875, 240, 253, 217, 268]
[35, 45875, 200, 207, 243, 247]
[35, 45875, 196, 214, 238, 216]
[35, 45875, 233, 237, 213, 238]
[35, 45875, 223, 237, 272, 227]
[35, 45875, 235, 264, 231, 231]
[35, 45875, 215, 246, 217, 225]
[35, 45875, 181, 233, 223, 201]
[35, 45875, 208, 225, 245, 260]
[35, 45875, 212, 284, 217, 226]
[35, 45875, 217, 239, 238, 193]
[35, 45875, 214, 211, 211, 227]
[35, 45875, 203, 209, 243, 238]
[35, 45875, 220, 220, 264, 212]
[35, 45875, 257, 266, 238, 192]
[35, 45875, 263, 250, 208, 246]
[35, 45875, 230, 228, 222, 238]
[35, 45875, 238, 232, 194, 236]
[35, 45875, 219, 239, 226, 218]
[35, 45875, 234, 215, 232, 261]
[35, 45875, 257, 216, 218, 230]
[35, 45875, 237, 269, 212, 193]
[35, 45875, 216, 247, 267, 239]
[35, 45875, 228, 226, 263, 227]
[35, 45875, 221, 209, 207, 222]
[35, 45875, 231, 232, 217, 244]
[35, 45875, 212, 197, 261, 250]
[35, 45875, 197, 240, 224, 229]
[35, 45875, 199, 216, 213, 200]
[35, 45875, 240, 207, 215, 249]
[35, 45875, 229, 248, 212, 202]
[35, 45875, 228, 230, 238, 249]
[35, 45875, 217, 270, 243, 246]
[35, 45875, 202, 248, 167, 232]
[35, 45875, 189, 245, 284, 231]
[35, 45875, 220, 230, 231, 221]
[35, 45875, 188, 231, 235, 201]
[35, 45875, 231, 218, 228, 222]
[35, 45875, 188, 221, 232, 238]
[35, 45875, 219, 223, 228, 217]
[35, 45875, 257, 195, 251, 186]
[35, 45875, 223, 254, 269, 250]
[35, 45875, 212, 235, 261, 232]
[35, 45875, 245, 269, 237, 210]
[35, 45875, 247, 252, 227, 190]
[35, 45875, 224, 208, 279, 271]
[35, 45875, 272, 222, 222, 235]
[35, 45875, 192, 230, 236, 228]
[35, 45875, 245, 227, 257, 221]
[35, 45875, 227, 234, 224, 195]
[35, 45875, 205, 199, 218, 180]
[35, 45875, 231, 235, 250, 219]
[35, 45875, 226, 199, 219, 223]
[35, 45875, 234, 249, 216, 211]
[35, 45875, 220, 187, 240, 198]
[35, 45875, 202, 234, 226, 223]
[35, 45875, 176, 254, 204, 245]
[35, 45875, 235, 224, 263, 175]
[35, 45875, 230, 237, 216, 202]
[35, 45875, 258, 196, 179, 186]
[35, 45875, 262, 223, 227, 270]
[35, 45875, 253, 201, 229, 211]
[35, 45875, 207, 239, 236, 208]
[35, 45875, 221, 253, 241, 239]
[35, 45875, 229, 216, 254, 243]
[35, 45875, 242, 226, 220, 213]
[35, 45875, 234, 208, 242, 215]
[35, 45875, 245, 246, 223, 242]
[35, 45875, 236, 201, 267, 201]
[35, 45875, 199, 231, 214, 258]
[35, 45875, 235, 224, 207, 214]
[35, 45875, 239, 203, 234, 162]
[35, 45875, 196, 227, 203, 287]
[35, 45875, 219, 227, 274, 216]
[35, 45875, 228, 208, 229, 258]
[35, 45875, 220, 183, 231, 246]
[35, 45875, 282, 264, 166, 210]
[35, 45875, 212, 226, 245, 251]
[35, 45875, 219, 232, 218, 224]
[35, 45875, 238, 262, 265, 157]
[35, 45875, 244, 184, 210, 246]
[35, 45875, 218, 242, 243, 205]
[35, 45875, 227, 212, 218, 231]
[35, 45875, 240, 219, 231, 235]
[35, 45875, 193, 185, 263, 235]
[35, 45875, 229, 239, 192, 214]
[35, 45875, 243, 229, 264, 228]
[35, 45875, 251, 209, 263, 200]
[35, 45875, 240, 260, 251, 217]
[35, 45875, 228, 253, 201, 234]
[35, 45875, 262, 200, 227, 227]
[35, 45875, 265, 230, 187, 221]
[35, 45875, 220, 186, 254, 268]
[35, 45875, 240, 216, 257, 213]
[35, 45875, 209, 236, 212, 231]
[35, 45875, 241, 214, 246, 223]
[35, 45875, 219, 185, 221, 229]
[35, 45875, 235, 247, 187, 218]
[35, 45875, 240, 221, 205, 178]
[35, 45875, 217, 253, 239, 229]
[40, 52428, 328, 461, 348, 355]
[40, 52428, 383, 363, 430, 359]
[40, 52428, 412, 353, 380, 354]
[40, 52428, 340, 399, 411, 409]
[40, 52428, 401, 338, 415, 394]
[40, 52428, 392, 442, 373, 432]
[40, 52428, 355, 428, 383, 376]
[40, 52428, 319, 379, 413, 412]
[40, 52428, 372, 445, 411, 412]
[40, 52428, 378, 366, 374, 374]
[40, 52428, 387, 387, 393, 370]
[40, 52428, 441, 406, 369, 409]
[40, 52428, 393, 367, 461, 397]
[40, 52428, 392, 375, 381, 408]
[40, 52428, 396, 447, 360, 392]
[40, 52428, 441, 407, 349, 377]
[40, 52428, 415, 394, 404, 374]
[40, 52428, 354, 429, 423, 394]
[40, 52428, 399, 433, 369, 331]
[40, 52428, 356, 393, 347, 365]
[40, 52428, 397, 328, 386, 405]
[40, 52428, 383, 386, 354, 401]
[40, 52428, 368, 407, 396, 373]
[40, 52428, 365, 351, 445, 396]
[40, 52428, 354, 438, 386, 391]
[40, 52428, 387, 358, 402, 449]
[40, 52428, 391, 381, 460, 372]
[40, 52428, 326, 395, 375, 387]
[40, 52428, 404, 403, 381, 449]
[40, 52428, 371, 360, 384, 409]
[40, 52428, 408, 427, 440, 299]
[40, 52428, 424, 434, 367, 353]
[40, 52428, 364, 370, 403, 413]
[40, 52428, 390, 409, 406, 423]
[40, 52428, 359, 376, 417, 405]
[40, 52428, 396, 345, 400, 405]
[40, 52428, 389, 346, 446, 358]
[40, 52428, 380, 368, 390, 355]
[40, 52428, 376, 408, 424, 394]
[40, 52428, 363, 406, 329, 354]
[40, 52428, 429, 356, 401, 383]
[40, 52428, 400, 375, 381, 360]
[40, 52428, 374, 448, 384, 394]
[40, 52428, 408, 350, 383, 418]
[40, 52428, 457, 402, 379, 357]
[40, 52428, 403, 387, 377, 425]
[40, 52428, 386, 351, 387, 360]
[40, 52428, 391, 400, 452, 384]
[40, 52428, 408, 367, 369, 361]
[40, 52428, 362, 412, 385, 424]
[40, 52428, 334, 372, 412, 411]
[40, 52428, 385, 428, 384, 362]
[40, 52428, 364, 342, 365, 329]
[40, 52428, 399, 378, 367, 422]
[40, 52428, 424, 368, 402, 369]
[40, 52428, 371, 454, 408, 404]
[40, 52428, 351, 406, 340, 386]
[40, 52428, 398, 385, 368, 339]
[40, 52428, 376, 398, 341, 332]
[40, 52428, 407, 372, 404, 357]
[40, 52428, 404, 384, 373, 337]
[40, 52428, 440, 421, 345, 349]
[40, 52428, 411, 365, 352, 399]
[40, 52428, 414, 383, 414, 389]
[40, 52428, 430, 422, 335, 424]
[40, 52428, 389, 417, 410, 344]
[40, 52428, 362, 343, 398, 382]
[40, 52428, 430, 401, 404, 333]
[40, 52428, 420, 387, 424, 383]
[40, 52428, 368, 377, 332, 405]
[40, 52428, 377, 403, 415, 334]
[40, 52428, 369, 386, 391, 359]
[40, 52428, 338, 327, 330, 454]
[40, 52428, 379, 396, 395, 380]
[40, 52428, 370, 441, 423, 429]
[40, 52428, 399, 404, 363, 400]
[40, 52428, 421, 439, 415, 410]
[40, 52428, 363, 443, 366, 359]
[40, 52428, 416, 415, 360, 390]
[40, 52428, 377, 441, 400, 351]
[40, 52428, 412, 361, 371, 381]
[40, 52428, 395, 382, 384, 396]
[40, 52428, 403, 377, 381, 381]
[40, 52428, 384, 351, 393, 413]
[40, 52428, 367, 366, 437, 412]
[40, 52428, 457, 384, 360, 387]
[40, 52428, 366, 382, 427, 365]
[40, 52428, 390, 355, 434, 361]
[40, 52428, 438, 396, 353, 407]
[40, 52428, 382, 412, 350, 386]
[40, 52428, 401, 382, 416, 394]
[40, 52428, 395, 408, 337, 431]
[40, 52428, 406, 345, 455, 423]
[40, 52428, 402, 407, 368, 379]
[40, 52428, 392, 426, 340, 320]
[40, 52428, 395, 361, 427, 389]
[40, 52428, 385, 360, 374, 369]
[40, 52428, 385, 447, 377, 379]
[40, 52428, 385, 455, 370, 357]
[40, 52428, 407, 401, 381, 381]
