[1, 655, 0]
[1, 655, 0]
[1, 655, 0]
[1, 655, 0]
[1, 655, 0]
[1, 655, 0]
[1, 655, 0]
[1, 655, 0]
[1, 655, 0]
[1, 655, 0]
[1, 655, 0]
[1, 655, 0]
[1, 655, 0]
[1, 655, 0]
[1, 655, 0]
[1, 655, 0]
[1, 655, 0]
[1, 655, 0]
[1, 655, 0]
[1, 655, 0]
[1, 655, 0]
[1, 655, 0]
[1, 655, 0]
[1, 655, 0]
[1, 655, 0]
[1, 655, 0]
[1, 655, 0]
[1, 655, 0]
[1, 655, 0]
[1, 655, 0]
[1, 655, 0]
[1, 655, 0]
[1, 655, 0]
[1, 655, 0]
[1, 655, 0]
[1, 655, 0]
[1, 655, 0]
[1, 655, 0]
[1, 655, 0]
[1, 655, 0]
[1, 655, 0]
[1, 655, 0]
[1, 655, 0]
[1, 655, 0]
[1, 655, 0]
[1, 655, 0]
[1, 655, 0]
[1, 655, 1]
[1, 655, 0]
[1, 655, 0]
[1, 655, 0]
[1, 655, 0]
[1, 655, 0]
[1, 655, 0]
[1, 655, 0]
[1, 655, 0]
[1, 655, 0]
[1, 655, 0]
[1, 655, 0]
[1, 655, 1]
[1, 655, 0]
[1, 655, 0]
[1, 655, 0]
[1, 655, 0]
[1, 655, 0]
[1, 655, 0]
[1, 655, 0]
[1, 655, 0]
[1, 655, 0]
[1, 655, 0]
[1, 655, 0]
[1, 655, 0]
[1, 655, 0]
[1, 655, 0]
[1, 655, 0]
[1, 655, 0]
[1, 655, 0]
[1, 655, 0]
[1, 655, 0]
[1, 655, 0]
[1, 655, 0]
[1, 655, 0]
[1, 655, 0]
[1, 655, 0]
[1, 655, 0]
[1, 655, 0]
[1, 655, 0]
[1, 655, 0]
[1, 655, 0]
[1, 655, 0]
[1, 655, 0]
[1, 655, 0]
[1, 655, 0]
[1, 655, 0]
[1, 655, 0]
[1, 655, 0]
[1, 655, 0]
[1, 655, 0]
[1, 655, 0]
[1, 655, 0]
[2, 1310, 0]
[2, 1310, 0]
[2, 1310, 0]
[2, 1310, 0]
[2, 1310, 0]
[2, 1310, 0]
[2, 1310, 0]
[2, 1310, 0]
[2, 1310, 0]
[2, 1310, 0]
[2, 1310, 0]
[2, 1310, 0]
[2, 1310, 0]
[2, 1310, 0]
[2, 1310, 0]
[2, 1310, 0]
[2, 1310, 0]
[2, 1310, 0]
[2, 1310, 3]
[2, 1310, 0]
[2, 1310, 0]
[2, 1310, 0]
[2, 1310, 0]
[2, 1310, 0]
[2, 1310, 0]
[2, 1310, 0]
[2, 1310, 0]
[2, 1310, 0]
[2, 1310, 0]
[2, 1310, 0]
[2, 1310, 0]
[2, 1310, 0]
[2, 1310, 0]
[2, 1310, 1]
[2, 1310, 0]
[2, 1310, 0]
[2, 1310, 0]
[2, 1310, 0]
[2, 1310, 0]
[2, 1310, 0]
[2, 1310, 0]
[2, 1310, 0]
[2, 1310, 0]
[2, 1310, 0]
[2, 1310, 0]
[2, 1310, 0]
[2, 1310, 0]
[2, 1310, 0]
[2, 1310, 0]
[2, 1310, 0]
[2, 1310, 0]
[2, 1310, 0]
[2, 1310, 0]
[2, 1310, 0]
[2, 1310, 0]
[2, 1310, 0]
[2, 1310, 0]
[2, 1310, 0]
[2, 1310, 0]
[2, 1310, 0]
[2, 1310, 0]
[2, 1310, 0]
[2, 1310, 0]
[2, 1310, 0]
[2, 1310, 0]
[2, 1310, 0]
[2, 1310, 0]
[2, 1310, 0]
[2, 1310, 0]
[2, 1310, 0]
[2, 1310, 0]
[2, 1310, 0]
[2, 1310, 0]
[2, 1310, 0]
[2, 1310, 0]
[2, 1310, 0]
[2, 1310, 0]
[2, 1310, 0]
[2, 1310, 0]
[2, 1310, 0]
[2, 1310, 0]
[2, 1310, 0]
[2, 1310, 0]
[2, 1310, 0]
[2, 1310, 0]
[2, 1310, 0]
[2, 1310, 0]
[2, 1310, 0]
[2, 1310, 0]
[2, 1310, 0]
[2, 1310, 0]
[2, 1310, 1]
[2, 1310, 0]
[2, 1310, 0]
[2, 1310, 0]
[2, 1310, 0]
[2, 1310, 0]
[2, 1310, 0]
[2, 1310, 0]
[2, 1310, 0]
[5, 3276, 0]
[5, 3276, 1]
[5, 3276, 0]
[5, 3276, 0]
[5, 3276, 0]
[5, 3276, 0]
[5, 3276, 0]
[5, 3276, 1]
[5, 3276, 0]
[5, 3276, 0]
[5, 3276, 0]
[5, 3276, 0]
[5, 3276, 0]
[5, 3276, 0]
[5, 3276, 1]
[5, 3276, 0]
[5, 3276, 1]
[5, 3276, 0]
[5, 3276, 0]
[5, 3276, 0]
[5, 3276, 0]
[5, 3276, 0]
[5, 3276, 1]
[5, 3276, 0]
[5, 3276, 0]
[5, 3276, 0]
[5, 3276, 0]
[5, 3276, 1]
[5, 3276, 0]
[5, 3276, 1]
[5, 3276, 2]
[5, 3276, 0]
[5, 3276, 0]
[5, 3276, 1]
[5, 3276, 0]
[5, 3276, 1]
[5, 3276, 0]
[5, 3276, 0]
[5, 3276, 0]
[5, 3276, 2]
[5, 3276, 0]
[5, 3276, 0]
[5, 3276, 0]
[5, 3276, 0]
[5, 3276, 0]
[5, 3276, 0]
[5, 3276, 0]
[5, 3276, 1]
[5, 3276, 0]
[5, 3276, 0]
[5, 3276, 1]
[5, 3276, 0]
[5, 3276, 0]
[5, 3276, 0]
[5, 3276, 0]
[5, 3276, 0]
[5, 3276, 0]
[5, 3276, 1]
[5, 3276, 0]
[5, 3276, 0]
[5, 3276, 0]
[5, 3276, 0]
[5, 3276, 0]
[5, 3276, 0]
[5, 3276, 0]
[5, 3276, 2]
[5, 3276, 0]
[5, 3276, 2]
[5, 3276, 0]
[5, 3276, 1]
[5, 3276, 2]
[5, 3276, 0]
[5, 3276, 1]
[5, 3276, 1]
[5, 3276, 0]
[5, 3276, 0]
[5, 3276, 2]
[5, 3276, 0]
[5, 3276, 0]
[5, 3276, 2]
[5, 3276, 1]
[5, 3276, 0]
[5, 3276, 2]
[5, 3276, 0]
[5, 3276, 2]
[5, 3276, 1]
[5, 3276, 2]
[5, 3276, 0]
[5, 3276, 0]
[5, 3276, 0]
[5, 3276, 0]
[5, 3276, 0]
[5, 3276, 0]
[5, 3276, 0]
[5, 3276, 0]
[5, 3276, 1]
[5, 3276, 0]
[5, 3276, 0]
[5, 3276, 0]
[5, 3276, 0]
[10, 6553, 5]
[10, 6553, 7]
[10, 6553, 6]
[10, 6553, 4]
[10, 6553, 5]
[10, 6553, 5]
[10, 6553, 2]
[10, 6553, 6]
[10, 6553, 4]
[10, 6553, 6]
[10, 6553, 5]
[10, 6553, 4]
[10, 6553, 2]
[10, 6553, 10]
[10, 6553, 4]
[10, 6553, 8]
[10, 6553, 8]
[10, 6553, 6]
[10, 6553, 7]
[10, 6553, 7]
[10, 6553, 3]
[10, 6553, 4]
[10, 6553, 4]
[10, 6553, 8]
[10, 6553, 4]
[10, 6553, 5]
[10, 6553, 8]
[10, 6553, 4]
[10, 6553, 7]
[10, 6553, 6]
[10, 6553, 5]
[10, 6553, 6]
[10, 6553, 13]
[10, 6553, 7]
[10, 6553, 2]
[10, 6553, 8]
[10, 6553, 0]
[10, 6553, 3]
[10, 6553, 8]
[10, 6553, 4]
[10, 6553, 4]
[10, 6553, 4]
[10, 6553, 3]
[10, 6553, 6]
[10, 6553, 5]
[10, 6553, 5]
[10, 6553, 3]
[10, 6553, 4]
[10, 6553, 7]
[10, 6553, 8]
[10, 6553, 7]
[10, 6553, 3]
[10, 6553, 11]
[10, 6553, 6]
[10, 6553, 5]
[10, 6553, 2]
[10, 6553, 4]
[10, 6553, 6]
[10, 6553, 3]
[10, 6553, 3]
[10, 6553, 9]
[10, 6553, 9]
[10, 6553, 5]
[10, 6553, 4]
[10, 6553, 3]
[10, 6553, 6]
[10, 6553, 5]
[10, 6553, 4]
[10, 6553, 3]
[10, 6553, 5]
[10, 6553, 5]
[10, 6553, 3]
[10, 6553, 6]
[10, 6553, 3]
[10, 6553, 7]
[10, 6553, 6]
[10, 6553, 4]
[10, 6553, 4]
[10, 6553, 5]
[10, 6553, 4]
[10, 6553, 3]
[10, 6553, 6]
[10, 6553, 5]
[10, 6553, 13]
[10, 6553, 1]
[10, 6553, 4]
[10, 6553, 2]
[10, 6553, 5]
[10, 6553, 5]
[10, 6553, 6]
[10, 6553, 7]
[10, 6553, 6]
[10, 6553, 3]
[10, 6553, 4]
[10, 6553, 5]
[10, 6553, 4]
[10, 6553, 2]
[10, 6553, 6]
[10, 6553, 2]
[10, 6553, 3]
[15, 9830, 38]
[15, 9830, 39]
[15, 9830, 25]
[15, 9830, 30]
[15, 9830, 20]
[15, 9830, 17]
[15, 9830, 31]
[15, 9830, 18]
[15, 9830, 21]
[15, 9830, 17]
[15, 9830, 20]
[15, 9830, 19]
[15, 9830, 23]
[15, 9830, 32]
[15, 9830, 29]
[15, 9830, 16]
[15, 9830, 31]
[15, 9830, 19]
[15, 9830, 35]
[15, 9830, 19]
[15, 9830, 33]
[15, 9830, 31]
[15, 9830, 25]
[15, 9830, 24]
[15, 9830, 16]
[15, 9830, 24]
[15, 9830, 30]
[15, 9830, 21]
[15, 9830, 19]
[15, 9830, 22]
[15, 9830, 25]
[15, 9830, 19]
[15, 9830, 24]
[15, 9830, 25]
[15, 9830, 20]
[15, 9830, 18]
[15, 9830, 19]
[15, 9830, 19]
[15, 9830, 17]
[15, 9830, 22]
[15, 9830, 21]
[15, 9830, 19]
[15, 9830, 22]
[15, 9830, 26]
[15, 9830, 15]
[15, 9830, 35]
[15, 9830, 20]
[15, 9830, 26]
[15, 9830, 30]
[15, 9830, 13]
[15, 9830, 21]
[15, 9830, 26]
[15, 9830, 37]
[15, 9830, 37]
[15, 9830, 27]
[15, 9830, 19]
[15, 9830, 24]
[15, 9830, 13]
[15, 9830, 30]
[15, 9830, 22]
[15, 9830, 21]
[15, 9830, 9]
[15, 9830, 12]
[15, 9830, 26]
[15, 9830, 16]
[15, 9830, 24]
[15, 9830, 25]
[15, 9830, 24]
[15, 9830, 10]
[15, 9830, 29]
[15, 9830, 19]
[15, 9830, 23]
[15, 9830, 35]
[15, 9830, 26]
[15, 9830, 28]
[15, 9830, 21]
[15, 9830, 26]
[15, 9830, 14]
[15, 9830, 22]
[15, 9830, 43]
[15, 9830, 13]
[15, 9830, 20]
[15, 9830, 16]
[15, 9830, 17]
[15, 9830, 23]
[15, 9830, 24]
[15, 9830, 25]
[15, 9830, 10]
[15, 9830, 27]
[15, 9830, 29]
[15, 9830, 12]
[15, 9830, 22]
[15, 9830, 22]
[15, 9830, 19]
[15, 9830, 21]
[15, 9830, 27]
[15, 9830, 23]
[15, 9830, 24]
[15, 9830, 35]
[15, 9830, 13]
[20, 13107, 76]
[20, 13107, 73]
[20, 13107, 70]
[20, 13107, 71]
[20, 13107, 70]
[20, 13107, 65]
[20, 13107, 47]
[20, 13107, 81]
[20, 13107, 55]
[20, 13107, 70]
[20, 13107, 83]
[20, 13107, 59]
[20, 13107, 65]
[20, 13107, 58]
[20, 13107, 94]
[20, 13107, 56]
[20, 13107, 83]
[20, 13107, 88]
[20, 13107, 73]
[20, 13107, 76]
[20, 13107, 70]
[20, 13107, 67]
[20, 13107, 86]
[20, 13107, 57]
[20, 13107, 62]
[20, 13107, 73]
[20, 13107, 64]
[20, 13107, 58]
[20, 13107, 90]
[20, 13107, 80]
[20, 13107, 77]
[20, 13107, 74]
[20, 13107, 70]
[20, 13107, 48]
[20, 13107, 72]
[20, 13107, 67]
[20, 13107, 62]
[20, 13107, 65]
[20, 13107, 60]
[20, 13107, 68]
[20, 13107, 70]
[20, 13107, 83]
[20, 13107, 85]
[20, 13107, 60]
[20, 13107, 68]
[20, 13107, 88]
[20, 13107, 58]
[20, 13107, 74]
[20, 13107, 83]
[20, 13107, 62]
[20, 13107, 71]
[20, 13107, 66]
[20, 13107, 75]
[20, 13107, 67]
[20, 13107, 71]
[20, 13107, 74]
[20, 13107, 82]
[20, 13107, 57]
[20, 13107, 76]
[20, 13107, 73]
[20, 13107, 90]
[20, 13107, 60]
[20, 13107, 80]
[20, 13107, 79]
[20, 13107, 76]
[20, 13107, 74]
[20, 13107, 81]
[20, 13107, 60]
[20, 13107, 75]
[20, 13107, 65]
[20, 13107, 61]
[20, 13107, 65]
[20, 13107, 69]
[20, 13107, 68]
[20, 13107, 78]
[20, 13107, 68]
[20, 13107, 85]
[20, 13107, 78]
[20, 13107, 63]
[20, 13107, 82]
[20, 13107, 58]
[20, 13107, 54]
[20, 13107, 80]
[20, 13107, 80]
[20, 13107, 79]
[20, 13107, 70]
[20, 13107, 80]
[20, 13107, 66]
[20, 13107, 79]
[20, 13107, 70]
[20, 13107, 63]
[20, 13107, 78]
[20, 13107, 63]
[20, 13107, 75]
[20, 13107, 110]
[20, 13107, 91]
[20, 13107, 75]
[20, 13107, 76]
[20, 13107, 57]
[20, 13107, 56]
[25, 16384, 181]
[25, 16384, 169]
[25, 16384, 174]
[25, 16384, 157]
[25, 16384, 146]
[25, 16384, 166]
[25, 16384, 143]
[25, 16384, 177]
[25, 16384, 155]
[25, 16384, 165]
[25, 16384, 158]
[25, 16384, 134]
[25, 16384, 148]
[25, 16384, 163]
[25, 16384, 159]
[25, 16384, 167]
[25, 16384, 168]
[25, 16384, 175]
[25, 16384, 161]
[25, 16384, 168]
[25, 16384, 165]
[25, 16384, 159]
[25, 16384, 158]
[25, 16384, 201]
[25, 16384, 142]
[25, 16384, 173]
[25, 16384, 192]
[25, 16384, 158]
[25, 16384, 204]
[25, 16384, 157]
[25, 16384, 192]
[25, 16384, 158]
[25, 16384, 182]
[25, 16384, 170]
[25, 16384, 177]
[25, 16384, 161]
[25, 16384, 194]
[25, 16384, 185]
[25, 16384, 180]
[25, 16384, 148]
[25, 16384, 171]
[25, 16384, 154]
[25, 16384, 206]
[25, 16384, 119]
[25, 16384, 165]
[25, 16384, 170]
[25, 16384, 165]
[25, 16384, 187]
[25, 16384, 179]
[25, 16384, 151]
[25, 16384, 177]
[25, 16384, 137]
[25, 16384, 144]
[25, 16384, 169]
[25, 16384, 198]
[25, 16384, 158]
[25, 16384, 167]
[25, 16384, 154]
[25, 16384, 177]
[25, 16384, 181]
[25, 16384, 163]
[25, 16384, 132]
[25, 16384, 180]
[25, 16384, 161]
[25, 16384, 172]
[25, 16384, 175]
[25, 16384, 151]
[25, 16384, 144]
[25, 16384, 200]
[25, 16384, 149]
[25, 16384, 173]
[25, 16384, 164]
[25, 16384, 167]
[25, 16384, 190]
[25, 16384, 158]
[25, 16384, 174]
[25, 16384, 181]
[25, 16384, 183]
[25, 16384, 146]
[25, 16384, 170]
[25, 16384, 149]
[25, 16384, 158]
[25, 16384, 169]
[25, 16384, 173]
[25, 16384, 166]
[25, 16384, 166]
[25, 16384, 149]
[25, 16384, 193]
[25, 16384, 148]
[25, 16384, 187]
[25, 16384, 143]
[25, 16384, 174]
[25, 16384, 144]
[25, 16384, 164]
[25, 16384, 174]
[25, 16384, 188]
[25, 16384, 217]
[25, 16384, 197]
[25, 16384, 174]
[25, 16384, 175]
[30, 19660, 331]
[30, 19660, 335]
[30, 19660, 392]
[30, 19660, 308]
[30, 19660, 365]
[30, 19660, 330]
[30, 19660, 325]
[30, 19660, 338]
[30, 19660, 324]
[30, 19660, 317]
[30, 19660, 351]
[30, 19660, 298]
[30, 19660, 366]
[30, 19660, 332]
[30, 19660, 376]
[30, 19660, 287]
[30, 19660, 382]
[30, 19660, 307]
[30, 19660, 358]
[30, 19660, 327]
[30, 19660, 319]
[30, 19660, 318]
[30, 19660, 365]
[30, 19660, 314]
[30, 19660, 335]
[30, 19660, 330]
[30, 19660, 330]
[30, 19660, 331]
[30, 19660, 341]
[30, 19660, 313]
[30, 19660, 311]
[30, 19660, 266]
[30, 19660, 338]
[30, 19660, 364]
[30, 19660, 341]
[30, 19660, 323]
[30, 19660, 328]
[30, 19660, 373]
[30, 19660, 302]
[30, 19660, 339]
[30, 19660, 335]
[30, 19660, 306]
[30, 19660, 363]
[30, 19660, 317]
[30, 19660, 314]
[30, 19660, 345]
[30, 19660, 369]
[30, 19660, 369]
[30, 19660, 367]
[30, 19660, 319]
[30, 19660, 311]
[30, 19660, 374]
[30, 19660, 294]
[30, 19660, 332]
[30, 19660, 333]
[30, 19660, 333]
[30, 19660, 317]
[30, 19660, 322]
[30, 19660, 333]
[30, 19660, 363]
[30, 19660, 303]
[30, 19660, 409]
[30, 19660, 350]
[30, 19660, 321]
[30, 19660, 335]
[30, 19660, 282]
[30, 19660, 328]
[30, 19660, 345]
[30, 19660, 339]
[30, 19660, 337]
[30, 19660, 311]
[30, 19660, 376]
[30, 19660, 300]
[30, 19660, 307]
[30, 19660, 303]
[30, 19660, 341]
[30, 19660, 365]
[30, 19660, 374]
[30, 19660, 356]
[30, 19660, 360]
[30, 19660, 347]
[30, 19660, 338]
[30, 19660, 342]
[30, 19660, 342]
[30, 19660, 344]
[30, 19660, 309]
[30, 19660, 324]
[30, 19660, 317]
[30, 19660, 304]
[30, 19660, 313]
[30, 19660, 310]
[30, 19660, 375]
[30, 19660, 336]
[30, 19660, 309]
[30, 19660, 353]
[30, 19660, 311]
[30, 19660, 330]
[30, 19660, 327]
[30, 19660, 298]
[30, 19660, 343]
[35, 22937, 614]
[35, 22937, 613]
[35, 22937, 613]
[35, 22937, 629]
[35, 22937, 536]
[35, 22937, 569]
[35, 22937, 614]
[35, 22937, 536]
[35, 22937, 616]
[35, 22937, 568]
[35, 22937, 606]
[35, 22937, 592]
[35, 22937, 568]
[35, 22937, 639]
[35, 22937, 589]
[35, 22937, 557]
[35, 22937, 632]
[35, 22937, 631]
[35, 22937, 583]
[35, 22937, 642]
[35, 22937, 609]
[35, 22937, 552]
[35, 22937, 578]
[35, 22937, 611]
[35, 22937, 554]
[35, 22937, 628]
[35, 22937, 581]
[35, 22937, 625]
[35, 22937, 561]
[35, 22937, 593]
[35, 22937, 613]
[35, 22937, 577]
[35, 22937, 583]
[35, 22937, 622]
[35, 22937, 563]
[35, 22937, 588]
[35, 22937, 580]
[35, 22937, 578]
[35, 22937, 538]
[35, 22937, 575]
[35, 22937, 620]
[35, 22937, 613]
[35, 22937, 568]
[35, 22937, 593]
[35, 22937, 656]
[35, 22937, 614]
[35, 22937, 600]
[35, 22937, 554]
[35, 22937, 555]
[35, 22937, 616]
[35, 22937, 560]
[35, 22937, 658]
[35, 22937, 651]
[35, 22937, 611]
[35, 22937, 569]
[35, 22937, 634]
[35, 22937, 544]
[35, 22937, 570]
[35, 22937, 583]
[35, 22937, 606]
[35, 22937, 631]
[35, 22937, 624]
[35, 22937, 598]
[35, 22937, 592]
[35, 22937, 577]
[35, 22937, 539]
[35, 22937, 556]
[35, 22937, 625]
[35, 22937, 622]
[35, 22937, 562]
[35, 22937, 581]
[35, 22937, 612]
[35, 22937, 568]
[35, 22937, 560]
[35, 22937, 630]
[35, 22937, 609]
[35, 22937, 616]
[35, 22937, 667]
[35, 22937, 575]
[35, 22937, 625]
[35, 22937, 539]
[35, 22937, 595]
[35, 22937, 565]
[35, 22937, 573]
[35, 22937, 578]
[35, 22937, 573]
[35, 22937, 543]
[35, 22937, 623]
[35, 22937, 601]
[35, 22937, 649]
[35, 22937, 571]
[35, 22937, 627]
[35, 22937, 625]
[35, 22937, 604]
[35, 22937, 602]
[35, 22937, 606]
[35, 22937, 571]
[35, 22937, 570]
[35, 22937, 608]
[35, 22937, 585]
[40, 26214, 1010]
[40, 26214, 1081]
[40, 26214, 1012]
[40, 26214, 1024]
[40, 26214, 957]
[40, 26214, 1001]
[40, 26214, 906]
[40, 26214, 901]
[40, 26214, 939]
[40, 26214, 975]
[40, 26214, 1064]
[40, 26214, 1045]
[40, 26214, 977]
[40, 26214, 945]
[40, 26214, 1016]
[40, 26214, 991]
[40, 26214, 1017]
[40, 26214, 970]
[40, 26214, 1012]
[40, 26214, 965]
[40, 26214, 973]
[40, 26214, 998]
[40, 26214, 889]
[40, 26214, 991]
[40, 26214, 1014]
[40, 26214, 959]
[40, 26214, 1020]
[40, 26214, 1005]
[40, 26214, 933]
[40, 26214, 1007]
[40, 26214, 1044]
[40, 26214, 950]
[40, 26214, 874]
[40, 26214, 1020]
[40, 26214, 950]
[40, 26214, 959]
[40, 26214, 1016]
[40, 26214, 1038]
[40, 26214, 927]
[40, 26214, 968]
[40, 26214, 1029]
[40, 26214, 1034]
[40, 26214, 964]
[40, 26214, 967]
[40, 26214, 1044]
[40, 26214, 933]
[40, 26214, 943]
[40, 26214, 992]
[40, 26214, 1069]
[40, 26214, 883]
[40, 26214, 929]
[40, 26214, 995]
[40, 26214, 982]
[40, 26214, 926]
[40, 26214, 970]
[40, 26214, 1007]
[40, 26214, 953]
[40, 26214, 914]
[40, 26214, 985]
[40, 26214, 970]
[40, 26214, 998]
[40, 26214, 991]
[40, 26214, 960]
[40, 26214, 988]
[40, 26214, 972]
[40, 26214, 897]
[40, 26214, 1003]
[40, 26214, 1000]
[40, 26214, 878]
[40, 26214, 1007]
[40, 26214, 931]
[40, 26214, 914]
[40, 26214, 939]
[40, 26214, 1019]
[40, 26214, 1032]
[40, 26214, 976]
[40, 26214, 977]
[40, 26214, 1069]
[40, 26214, 1016]
[40, 26214, 1083]
[40, 26214, 981]
[40, 26214, 1004]
[40, 26214, 863]
[40, 26214, 945]
[40, 26214, 981]
[40, 26214, 945]
[40, 26214, 941]
[40, 26214, 967]
[40, 26214, 1028]
[40, 26214, 956]
[40, 26214, 902]
[40, 26214, 954]
[40, 26214, 955]
[40, 26214, 923]
[40, 26214, 996]
[40, 26214, 971]
[40, 26214, 1015]
[40, 26214, 928]
[40, 26214, 938]
[40, 26214, 1013]
