[1, 1310, 0, 0]
[1, 1310, 0, 0]
[1, 1310, 0, 0]
[1, 1310, 0, 0]
[1, 1310, 0, 0]
[1, 1310, 0, 0]
[1, 1310, 0, 0]
[1, 1310, 0, 0]
[1, 1310, 0, 0]
[1, 1310, 0, 0]
[1, 1310, 0, 0]
[1, 1310, 0, 0]
[1, 1310, 0, 0]
[1, 1310, 0, 0]
[1, 1310, 0, 0]
[1, 1310, 0, 0]
[1, 1310, 0, 0]
[1, 1310, 0, 0]
[1, 1310, 0, 0]
[1, 1310, 0, 0]
[1, 1310, 0, 0]
[1, 1310, 0, 0]
[1, 1310, 0, 0]
[1, 1310, 0, 0]
[1, 1310, 0, 0]
[1, 1310, 0, 0]
[1, 1310, 0, 0]
[1, 1310, 0, 0]
[1, 1310, 0, 0]
[1, 1310, 0, 0]
[1, 1310, 0, 0]
[1, 1310, 0, 0]
[1, 1310, 0, 0]
[1, 1310, 0, 0]
[1, 1310, 0, 0]
[1, 1310, 0, 0]
[1, 1310, 0, 0]
[1, 1310, 0, 0]
[1, 1310, 0, 0]
[1, 1310, 0, 0]
[1, 1310, 0, 0]
[1, 1310, 0, 0]
[1, 1310, 0, 0]
[1, 1310, 0, 0]
[1, 1310, 0, 0]
[1, 1310, 0, 0]
[1, 1310, 0, 0]
[1, 1310, 0, 0]
[1, 1310, 0, 0]
[1, 1310, 0, 0]
[1, 1310, 0, 0]
[1, 1310, 0, 0]
[1, 1310, 0, 0]
[1, 1310, 0, 0]
[1, 1310, 0, 0]
[1, 1310, 0, 0]
[1, 1310, 0, 0]
[1, 1310, 0, 0]
[1, 1310, 0, 0]
[1, 1310, 0, 0]
[1, 1310, 0, 0]
[1, 1310, 0, 0]
[1, 1310, 0, 0]
[1, 1310, 0, 0]
[1, 1310, 0, 0]
[1, 1310, 0, 0]
[1, 1310, 0, 0]
[1, 1310, 0, 0]
[1, 1310, 0, 0]
[1, 1310, 0, 0]
[1, 1310, 0, 0]
[1, 1310, 0, 0]
[1, 1310, 0, 0]
[1, 1310, 0, 0]
[1, 1310, 0, 0]
[1, 1310, 0, 0]
[1, 1310, 0, 0]
[1, 1310, 0, 0]
[1, 1310, 0, 0]
[1, 1310, 0, 0]
[1, 1310, 0, 0]
[1, 1310, 0, 0]
[1, 1310, 0, 0]
[1, 1310, 0, 0]
[1, 1310, 0, 0]
[1, 1310, 0, 0]
[1, 1310, 0, 0]
[1, 1310, 0, 0]
[1, 1310, 0, 0]
[1, 1310, 0, 0]
[1, 1310, 0, 0]
[1, 1310, 0, 0]
[1, 1310, 0, 0]
[1, 1310, 0, 0]
[1, 1310, 0, 0]
[1, 1310, 0, 0]
[1, 1310, 0, 0]
[1, 1310, 0, 0]
[1, 1310, 0, 0]
[1, 1310, 0, 0]
[2, 2621, 0, 0]
[2, 2621, 0, 0]
[2, 2621, 0, 0]
[2, 2621, 0, 0]
[2, 2621, 0, 0]
[2, 2621, 0, 0]
[2, 2621, 0, 0]
[2, 2621, 0, 0]
[2, 2621, 0, 0]
[2, 2621, 0, 0]
[2, 2621, 0, 0]
[2, 2621, 0, 0]
[2, 2621, 0, 0]
[2, 2621, 0, 0]
[2, 2621, 0, 0]
[2, 2621, 0, 0]
[2, 2621, 0, 0]
[2, 2621, 0, 0]
[2, 2621, 0, 0]
[2, 2621, 0, 0]
[2, 2621, 0, 0]
[2, 2621, 0, 0]
[2, 2621, 0, 0]
[2, 2621, 0, 0]
[2, 2621, 0, 0]
[2, 2621, 0, 0]
[2, 2621, 0, 0]
[2, 2621, 0, 0]
[2, 2621, 0, 0]
[2, 2621, 0, 0]
[2, 2621, 0, 0]
[2, 2621, 0, 0]
[2, 2621, 0, 0]
[2, 2621, 0, 0]
[2, 2621, 0, 0]
[2, 2621, 0, 0]
[2, 2621, 0, 0]
[2, 2621, 0, 0]
[2, 2621, 0, 0]
[2, 2621, 0, 0]
[2, 2621, 0, 0]
[2, 2621, 0, 0]
[2, 2621, 0, 0]
[2, 2621, 0, 0]
[2, 2621, 0, 0]
[2, 2621, 0, 0]
[2, 2621, 0, 0]
[2, 2621, 0, 0]
[2, 2621, 0, 0]
[2, 2621, 0, 0]
[2, 2621, 0, 0]
[2, 2621, 0, 0]
[2, 2621, 0, 0]
[2, 2621, 0, 0]
[2, 2621, 0, 0]
[2, 2621, 0, 0]
[2, 2621, 0, 0]
[2, 2621, 0, 0]
[2, 2621, 0, 0]
[2, 2621, 0, 0]
[2, 2621, 0, 0]
[2, 2621, 0, 0]
[2, 2621, 0, 0]
[2, 2621, 0, 0]
[2, 2621, 0, 0]
[2, 2621, 0, 0]
[2, 2621, 0, 0]
[2, 2621, 0, 0]
[2, 2621, 0, 0]
[2, 2621, 0, 0]
[2, 2621, 0, 0]
[2, 2621, 0, 0]
[2, 2621, 0, 0]
[2, 2621, 0, 0]
[2, 2621, 0, 0]
[2, 2621, 0, 0]
[2, 2621, 0, 0]
[2, 2621, 0, 0]
[2, 2621, 0, 0]
[2, 2621, 0, 0]
[2, 2621, 0, 0]
[2, 2621, 0, 0]
[2, 2621, 0, 0]
[2, 2621, 0, 0]
[2, 2621, 0, 0]
[2, 2621, 0, 0]
[2, 2621, 0, 0]
[2, 2621, 0, 0]
[2, 2621, 0, 0]
[2, 2621, 0, 0]
[2, 2621, 0, 0]
[2, 2621, 0, 0]
[2, 2621, 0, 0]
[2, 2621, 0, 0]
[2, 2621, 0, 0]
[2, 2621, 0, 0]
[2, 2621, 0, 0]
[2, 2621, 0, 0]
[2, 2621, 0, 0]
[2, 2621, 0, 0]
[5, 6553, 0, 0]
[5, 6553, 2, 0]
[5, 6553, 0, 0]
[5, 6553, 0, 0]
[5, 6553, 0, 0]
[5, 6553, 0, 0]
[5, 6553, 0, 0]
[5, 6553, 0, 0]
[5, 6553, 1, 1]
[5, 6553, 0, 0]
[5, 6553, 0, 0]
[5, 6553, 1, 0]
[5, 6553, 0, 0]
[5, 6553, 0, 0]
[5, 6553, 0, 2]
[5, 6553, 0, 0]
[5, 6553, 0, 0]
[5, 6553, 0, 0]
[5, 6553, 0, 0]
[5, 6553, 0, 0]
[5, 6553, 0, 0]
[5, 6553, 0, 0]
[5, 6553, 0, 0]
[5, 6553, 0, 0]
[5, 6553, 0, 0]
[5, 6553, 1, 0]
[5, 6553, 0, 0]
[5, 6553, 0, 0]
[5, 6553, 0, 0]
[5, 6553, 1, 1]
[5, 6553, 0, 0]
[5, 6553, 0, 0]
[5, 6553, 0, 0]
[5, 6553, 0, 0]
[5, 6553, 0, 0]
[5, 6553, 0, 0]
[5, 6553, 0, 1]
[5, 6553, 0, 0]
[5, 6553, 0, 0]
[5, 6553, 0, 0]
[5, 6553, 0, 0]
[5, 6553, 0, 0]
[5, 6553, 0, 0]
[5, 6553, 0, 0]
[5, 6553, 2, 0]
[5, 6553, 0, 0]
[5, 6553, 1, 0]
[5, 6553, 0, 0]
[5, 6553, 0, 0]
[5, 6553, 0, 0]
[5, 6553, 0, 0]
[5, 6553, 0, 0]
[5, 6553, 0, 0]
[5, 6553, 0, 0]
[5, 6553, 0, 0]
[5, 6553, 1, 0]
[5, 6553, 0, 0]
[5, 6553, 1, 0]
[5, 6553, 0, 0]
[5, 6553, 0, 0]
[5, 6553, 0, 0]
[5, 6553, 0, 0]
[5, 6553, 0, 0]
[5, 6553, 0, 0]
[5, 6553, 0, 0]
[5, 6553, 0, 0]
[5, 6553, 0, 0]
[5, 6553, 0, 0]
[5, 6553, 0, 0]
[5, 6553, 1, 0]
[5, 6553, 0, 0]
[5, 6553, 0, 0]
[5, 6553, 0, 0]
[5, 6553, 0, 0]
[5, 6553, 0, 0]
[5, 6553, 0, 0]
[5, 6553, 0, 0]
[5, 6553, 0, 0]
[5, 6553, 0, 1]
[5, 6553, 0, 0]
[5, 6553, 0, 0]
[5, 6553, 2, 0]
[5, 6553, 0, 0]
[5, 6553, 3, 0]
[5, 6553, 1, 0]
[5, 6553, 0, 0]
[5, 6553, 0, 0]
[5, 6553, 0, 0]
[5, 6553, 0, 0]
[5, 6553, 0, 0]
[5, 6553, 0, 0]
[5, 6553, 0, 0]
[5, 6553, 0, 0]
[5, 6553, 0, 0]
[5, 6553, 0, 0]
[5, 6553, 0, 0]
[5, 6553, 0, 0]
[5, 6553, 0, 0]
[5, 6553, 0, 0]
[5, 6553, 0, 0]
[10, 13107, 1, 0]
[10, 13107, 0, 3]
[10, 13107, 2, 1]
[10, 13107, 1, 5]
[10, 13107, 1, 0]
[10, 13107, 3, 2]
[10, 13107, 2, 7]
[10, 13107, 1, 2]
[10, 13107, 4, 7]
[10, 13107, 3, 1]
[10, 13107, 1, 2]
[10, 13107, 2, 1]
[10, 13107, 3, 3]
[10, 13107, 0, 0]
[10, 13107, 1, 1]
[10, 13107, 0, 2]
[10, 13107, 4, 2]
[10, 13107, 0, 0]
[10, 13107, 5, 0]
[10, 13107, 2, 2]
[10, 13107, 1, 0]
[10, 13107, 2, 2]
[10, 13107, 0, 1]
[10, 13107, 9, 3]
[10, 13107, 1, 0]
[10, 13107, 4, 5]
[10, 13107, 1, 6]
[10, 13107, 5, 0]
[10, 13107, 1, 1]
[10, 13107, 0, 2]
[10, 13107, 1, 6]
[10, 13107, 4, 0]
[10, 13107, 8, 0]
[10, 13107, 3, 3]
[10, 13107, 5, 2]
[10, 13107, 3, 0]
[10, 13107, 0, 1]
[10, 13107, 5, 0]
[10, 13107, 2, 0]
[10, 13107, 2, 2]
[10, 13107, 1, 6]
[10, 13107, 3, 4]
[10, 13107, 3, 3]
[10, 13107, 3, 1]
[10, 13107, 2, 5]
[10, 13107, 0, 10]
[10, 13107, 2, 6]
[10, 13107, 4, 3]
[10, 13107, 0, 3]
[10, 13107, 1, 3]
[10, 13107, 5, 1]
[10, 13107, 3, 2]
[10, 13107, 4, 0]
[10, 13107, 4, 1]
[10, 13107, 1, 2]
[10, 13107, 1, 2]
[10, 13107, 0, 0]
[10, 13107, 1, 0]
[10, 13107, 3, 3]
[10, 13107, 8, 4]
[10, 13107, 0, 0]
[10, 13107, 3, 1]
[10, 13107, 2, 4]
[10, 13107, 2, 3]
[10, 13107, 4, 2]
[10, 13107, 4, 2]
[10, 13107, 2, 1]
[10, 13107, 5, 2]
[10, 13107, 0, 3]
[10, 13107, 4, 2]
[10, 13107, 4, 3]
[10, 13107, 3, 4]
[10, 13107, 0, 2]
[10, 13107, 2, 0]
[10, 13107, 4, 0]
[10, 13107, 1, 6]
[10, 13107, 0, 4]
[10, 13107, 1, 0]
[10, 13107, 4, 3]
[10, 13107, 4, 0]
[10, 13107, 4, 0]
[10, 13107, 3, 2]
[10, 13107, 3, 1]
[10, 13107, 0, 0]
[10, 13107, 2, 5]
[10, 13107, 5, 2]
[10, 13107, 3, 1]
[10, 13107, 1, 2]
[10, 13107, 2, 0]
[10, 13107, 4, 0]
[10, 13107, 0, 1]
[10, 13107, 1, 0]
[10, 13107, 0, 1]
[10, 13107, 0, 3]
[10, 13107, 0, 1]
[10, 13107, 1, 1]
[10, 13107, 1, 1]
[10, 13107, 2, 4]
[10, 13107, 2, 3]
[10, 13107, 3, 1]
[15, 19660, 11, 19]
[15, 19660, 11, 11]
[15, 19660, 14, 10]
[15, 19660, 9, 15]
[15, 19660, 7, 10]
[15, 19660, 6, 17]
[15, 19660, 17, 7]
[15, 19660, 12, 6]
[15, 19660, 13, 7]
[15, 19660, 21, 18]
[15, 19660, 11, 10]
[15, 19660, 13, 12]
[15, 19660, 8, 15]
[15, 19660, 13, 12]
[15, 19660, 8, 8]
[15, 19660, 8, 15]
[15, 19660, 14, 11]
[15, 19660, 11, 14]
[15, 19660, 10, 13]
[15, 19660, 15, 6]
[15, 19660, 19, 21]
[15, 19660, 12, 13]
[15, 19660, 13, 13]
[15, 19660, 23, 7]
[15, 19660, 23, 11]
[15, 19660, 13, 15]
[15, 19660, 25, 11]
[15, 19660, 11, 11]
[15, 19660, 18, 9]
[15, 19660, 22, 7]
[15, 19660, 11, 5]
[15, 19660, 12, 22]
[15, 19660, 14, 10]
[15, 19660, 19, 14]
[15, 19660, 13, 14]
[15, 19660, 7, 6]
[15, 19660, 15, 10]
[15, 19660, 11, 12]
[15, 19660, 10, 10]
[15, 19660, 2, 16]
[15, 19660, 13, 5]
[15, 19660, 22, 8]
[15, 19660, 23, 9]
[15, 19660, 9, 17]
[15, 19660, 12, 14]
[15, 19660, 16, 6]
[15, 19660, 7, 13]
[15, 19660, 3, 13]
[15, 19660, 10, 17]
[15, 19660, 13, 17]
[15, 19660, 22, 20]
[15, 19660, 19, 12]
[15, 19660, 29, 11]
[15, 19660, 13, 6]
[15, 19660, 16, 7]
[15, 19660, 16, 10]
[15, 19660, 5, 9]
[15, 19660, 10, 10]
[15, 19660, 13, 21]
[15, 19660, 13, 16]
[15, 19660, 15, 15]
[15, 19660, 10, 9]
[15, 19660, 8, 14]
[15, 19660, 10, 10]
[15, 19660, 14, 8]
[15, 19660, 18, 4]
[15, 19660, 15, 7]
[15, 19660, 8, 11]
[15, 19660, 15, 7]
[15, 19660, 17, 10]
[15, 19660, 22, 21]
[15, 19660, 12, 15]
[15, 19660, 14, 9]
[15, 19660, 18, 12]
[15, 19660, 11, 12]
[15, 19660, 8, 13]
[15, 19660, 7, 18]
[15, 19660, 11, 15]
[15, 19660, 6, 17]
[15, 19660, 15, 14]
[15, 19660, 8, 10]
[15, 19660, 7, 21]
[15, 19660, 6, 7]
[15, 19660, 14, 9]
[15, 19660, 16, 9]
[15, 19660, 16, 5]
[15, 19660, 12, 14]
[15, 19660, 8, 15]
[15, 19660, 17, 11]
[15, 19660, 9, 9]
[15, 19660, 8, 17]
[15, 19660, 16, 9]
[15, 19660, 14, 11]
[15, 19660, 13, 9]
[15, 19660, 12, 14]
[15, 19660, 11, 10]
[15, 19660, 13, 16]
[15, 19660, 8, 11]
[15, 19660, 16, 19]
[15, 19660, 10, 16]
[20, 26214, 49, 46]
[20, 26214, 34, 65]
[20, 26214, 47, 52]
[20, 26214, 37, 33]
[20, 26214, 44, 35]
[20, 26214, 35, 34]
[20, 26214, 43, 48]
[20, 26214, 44, 42]
[20, 26214, 36, 56]
[20, 26214, 40, 52]
[20, 26214, 42, 40]
[20, 26214, 34, 39]
[20, 26214, 47, 39]
[20, 26214, 38, 44]
[20, 26214, 63, 55]
[20, 26214, 49, 42]
[20, 26214, 29, 55]
[20, 26214, 35, 38]
[20, 26214, 51, 40]
[20, 26214, 54, 41]
[20, 26214, 44, 45]
[20, 26214, 46, 51]
[20, 26214, 37, 48]
[20, 26214, 49, 50]
[20, 26214, 58, 31]
[20, 26214, 29, 42]
[20, 26214, 31, 52]
[20, 26214, 35, 32]
[20, 26214, 51, 27]
[20, 26214, 39, 43]
[20, 26214, 26, 33]
[20, 26214, 47, 43]
[20, 26214, 55, 28]
[20, 26214, 48, 31]
[20, 26214, 32, 37]
[20, 26214, 46, 41]
[20, 26214, 37, 47]
[20, 26214, 38, 64]
[20, 26214, 40, 34]
[20, 26214, 49, 41]
[20, 26214, 36, 48]
[20, 26214, 44, 37]
[20, 26214, 66, 38]
[20, 26214, 36, 36]
[20, 26214, 31, 50]
[20, 26214, 43, 46]
[20, 26214, 37, 41]
[20, 26214, 46, 30]
[20, 26214, 30, 49]
[20, 26214, 36, 54]
[20, 26214, 58, 65]
[20, 26214, 47, 64]
[20, 26214, 44, 42]
[20, 26214, 30, 38]
[20, 26214, 49, 40]
[20, 26214, 42, 31]
[20, 26214, 49, 43]
[20, 26214, 43, 56]
[20, 26214, 47, 34]
[20, 26214, 52, 58]
[20, 26214, 36, 38]
[20, 26214, 48, 49]
[20, 26214, 35, 54]
[20, 26214, 40, 54]
[20, 26214, 38, 37]
[20, 26214, 54, 42]
[20, 26214, 37, 36]
[20, 26214, 54, 32]
[20, 26214, 32, 43]
[20, 26214, 45, 41]
[20, 26214, 65, 40]
[20, 26214, 50, 40]
[20, 26214, 40, 38]
[20, 26214, 37, 30]
[20, 26214, 52, 42]
[20, 26214, 48, 58]
[20, 26214, 35, 52]
[20, 26214, 40, 36]
[20, 26214, 54, 39]
[20, 26214, 49, 51]
[20, 26214, 56, 38]
[20, 26214, 48, 45]
[20, 26214, 40, 40]
[20, 26214, 46, 33]
[20, 26214, 33, 45]
[20, 26214, 37, 24]
[20, 26214, 48, 43]
[20, 26214, 43, 39]
[20, 26214, 54, 58]
[20, 26214, 44, 32]
[20, 26214, 52, 50]
[20, 26214, 49, 27]
[20, 26214, 40, 43]
[20, 26214, 40, 59]
[20, 26214, 43, 57]
[20, 26214, 44, 44]
[20, 26214, 45, 37]
[20, 26214, 51, 42]
[20, 26214, 32, 35]
[20, 26214, 46, 63]
[25, 32768, 126, 108]
[25, 32768, 83, 122]
[25, 32768, 111, 96]
[25, 32768, 112, 127]
[25, 32768, 103, 101]
[25, 32768, 107, 125]
[25, 32768, 123, 110]
[25, 32768, 103, 124]
[25, 32768, 123, 89]
[25, 32768, 118, 110]
[25, 32768, 107, 100]
[25, 32768, 99, 126]
[25, 32768, 114, 118]
[25, 32768, 101, 143]
[25, 32768, 132, 116]
[25, 32768, 93, 137]
[25, 32768, 93, 125]
[25, 32768, 98, 101]
[25, 32768, 114, 100]
[25, 32768, 96, 102]
[25, 32768, 118, 158]
[25, 32768, 131, 109]
[25, 32768, 122, 144]
[25, 32768, 129, 121]
[25, 32768, 122, 120]
[25, 32768, 108, 111]
[25, 32768, 113, 127]
[25, 32768, 95, 116]
[25, 32768, 99, 99]
[25, 32768, 105, 100]
[25, 32768, 119, 134]
[25, 32768, 124, 110]
[25, 32768, 135, 137]
[25, 32768, 127, 155]
[25, 32768, 109, 108]
[25, 32768, 112, 104]
[25, 32768, 118, 119]
[25, 32768, 75, 114]
[25, 32768, 105, 134]
[25, 32768, 103, 106]
[25, 32768, 114, 116]
[25, 32768, 108, 132]
[25, 32768, 129, 120]
[25, 32768, 120, 97]
[25, 32768, 127, 103]
[25, 32768, 106, 144]
[25, 32768, 123, 143]
[25, 32768, 120, 133]
[25, 32768, 121, 109]
[25, 32768, 105, 134]
[25, 32768, 130, 112]
[25, 32768, 127, 120]
[25, 32768, 126, 136]
[25, 32768, 99, 100]
[25, 32768, 96, 114]
[25, 32768, 137, 106]
[25, 32768, 124, 113]
[25, 32768, 102, 121]
[25, 32768, 125, 111]
[25, 32768, 93, 119]
[25, 32768, 99, 141]
[25, 32768, 95, 90]
[25, 32768, 86, 132]
[25, 32768, 117, 114]
[25, 32768, 101, 125]
[25, 32768, 117, 140]
[25, 32768, 136, 106]
[25, 32768, 119, 112]
[25, 32768, 111, 118]
[25, 32768, 97, 114]
[25, 32768, 100, 108]
[25, 32768, 116, 111]
[25, 32768, 98, 128]
[25, 32768, 109, 94]
[25, 32768, 127, 112]
[25, 32768, 102, 140]
[25, 32768, 107, 103]
[25, 32768, 112, 91]
[25, 32768, 88, 150]
[25, 32768, 131, 86]
[25, 32768, 97, 91]
[25, 32768, 115, 110]
[25, 32768, 105, 120]
[25, 32768, 126, 109]
[25, 32768, 92, 103]
[25, 32768, 100, 118]
[25, 32768, 117, 120]
[25, 32768, 115, 122]
[25, 32768, 126, 96]
[25, 32768, 120, 111]
[25, 32768, 122, 93]
[25, 32768, 122, 114]
[25, 32768, 90, 107]
[25, 32768, 127, 134]
[25, 32768, 88, 117]
[25, 32768, 106, 89]
[25, 32768, 88, 106]
[25, 32768, 133, 133]
[25, 32768, 128, 98]
[25, 32768, 117, 119]
[30, 39321, 248, 276]
[30, 39321, 228, 238]
[30, 39321, 200, 225]
[30, 39321, 238, 181]
[30, 39321, 241, 205]
[30, 39321, 232, 232]
[30, 39321, 237, 233]
[30, 39321, 258, 248]
[30, 39321, 240, 246]
[30, 39321, 246, 249]
[30, 39321, 239, 243]
[30, 39321, 241, 222]
[30, 39321, 212, 322]
[30, 39321, 220, 239]
[30, 39321, 250, 296]
[30, 39321, 183, 236]
[30, 39321, 231, 211]
[30, 39321, 236, 220]
[30, 39321, 280, 250]
[30, 39321, 250, 226]
[30, 39321, 252, 257]
[30, 39321, 250, 215]
[30, 39321, 252, 228]
[30, 39321, 276, 219]
[30, 39321, 272, 219]
[30, 39321, 215, 307]
[30, 39321, 199, 230]
[30, 39321, 264, 232]
[30, 39321, 240, 239]
[30, 39321, 226, 264]
[30, 39321, 263, 266]
[30, 39321, 279, 243]
[30, 39321, 232, 267]
[30, 39321, 224, 242]
[30, 39321, 260, 213]
[30, 39321, 227, 218]
[30, 39321, 176, 211]
[30, 39321, 280, 226]
[30, 39321, 226, 252]
[30, 39321, 235, 236]
[30, 39321, 267, 240]
[30, 39321, 251, 233]
[30, 39321, 259, 234]
[30, 39321, 238, 248]
[30, 39321, 223, 232]
[30, 39321, 260, 263]
[30, 39321, 231, 212]
[30, 39321, 278, 228]
[30, 39321, 225, 217]
[30, 39321, 229, 282]
[30, 39321, 239, 246]
[30, 39321, 249, 247]
[30, 39321, 254, 319]
[30, 39321, 224, 246]
[30, 39321, 288, 234]
[30, 39321, 255, 254]
[30, 39321, 252, 209]
[30, 39321, 262, 264]
[30, 39321, 242, 264]
[30, 39321, 206, 245]
[30, 39321, 209, 237]
[30, 39321, 230, 227]
[30, 39321, 234, 232]
[30, 39321, 220, 238]
[30, 39321, 222, 208]
[30, 39321, 248, 277]
[30, 39321, 251, 207]
[30, 39321, 217, 248]
[30, 39321, 237, 247]
[30, 39321, 250, 257]
[30, 39321, 242, 257]
[30, 39321, 235, 217]
[30, 39321, 232, 252]
[30, 39321, 218, 198]
[30, 39321, 286, 255]
[30, 39321, 229, 279]
[30, 39321, 265, 236]
[30, 39321, 261, 240]
[30, 39321, 247, 231]
[30, 39321, 252, 228]
[30, 39321, 238, 241]
[30, 39321, 264, 255]
[30, 39321, 247, 279]
[30, 39321, 227, 237]
[30, 39321, 247, 225]
[30, 39321, 255, 235]
[30, 39321, 268, 267]
[30, 39321, 205, 282]
[30, 39321, 236, 269]
[30, 39321, 225, 220]
[30, 39321, 214, 218]
[30, 39321, 251, 209]
[30, 39321, 260, 275]
[30, 39321, 231, 239]
[30, 39321, 233, 248]
[30, 39321, 240, 269]
[30, 39321, 225, 205]
[30, 39321, 245, 202]
[30, 39321, 261, 241]
[30, 39321, 237, 224]
[35, 45875, 451, 440]
[35, 45875, 468, 490]
[35, 45875, 460, 413]
[35, 45875, 409, 448]
[35, 45875, 513, 416]
[35, 45875, 408, 467]
[35, 45875, 452, 447]
[35, 45875, 499, 451]
[35, 45875, 454, 448]
[35, 45875, 444, 499]
[35, 45875, 414, 462]
[35, 45875, 413, 514]
[35, 45875, 419, 438]
[35, 45875, 454, 465]
[35, 45875, 398, 473]
[35, 45875, 470, 487]
[35, 45875, 451, 496]
[35, 45875, 470, 410]
[35, 45875, 480, 462]
[35, 45875, 460, 414]
[35, 45875, 450, 447]
[35, 45875, 396, 468]
[35, 45875, 417, 449]
[35, 45875, 509, 466]
[35, 45875, 530, 348]
[35, 45875, 488, 494]
[35, 45875, 463, 472]
[35, 45875, 416, 460]
[35, 45875, 450, 402]
[35, 45875, 438, 500]
[35, 45875, 438, 414]
[35, 45875, 499, 472]
[35, 45875, 517, 476]
[35, 45875, 454, 398]
[35, 45875, 499, 448]
[35, 45875, 507, 436]
[35, 45875, 461, 467]
[35, 45875, 454, 477]
[35, 45875, 405, 471]
[35, 45875, 440, 460]
[35, 45875, 438, 495]
[35, 45875, 425, 506]
[35, 45875, 542, 389]
[35, 45875, 456, 438]
[35, 45875, 456, 508]
[35, 45875, 437, 456]
[35, 45875, 435, 467]
[35, 45875, 464, 428]
[35, 45875, 381, 442]
[35, 45875, 423, 486]
[35, 45875, 472, 482]
[35, 45875, 432, 415]
[35, 45875, 417, 423]
[35, 45875, 439, 447]
[35, 45875, 468, 422]
[35, 45875, 444, 408]
[35, 45875, 397, 492]
[35, 45875, 440, 502]
[35, 45875, 477, 423]
[35, 45875, 470, 444]
[35, 45875, 491, 435]
[35, 45875, 421, 452]
[35, 45875, 418, 445]
[35, 45875, 439, 459]
[35, 45875, 448, 473]
[35, 45875, 444, 415]
[35, 45875, 448, 477]
[35, 45875, 481, 446]
[35, 45875, 453, 504]
[35, 45875, 473, 421]
[35, 45875, 442, 436]
[35, 45875, 515, 411]
[35, 45875, 434, 485]
[35, 45875, 450, 435]
[35, 45875, 456, 470]
[35, 45875, 419, 473]
[35, 45875, 487, 474]
[35, 45875, 421, 443]
[35, 45875, 479, 405]
[35, 45875, 409, 457]
[35, 45875, 453, 498]
[35, 45875, 467, 484]
[35, 45875, 386, 481]
[35, 45875, 479, 382]
[35, 45875, 438, 450]
[35, 45875, 441, 429]
[35, 45875, 460, 403]
[35, 45875, 478, 480]
[35, 45875, 516, 435]
[35, 45875, 475, 432]
[35, 45875, 493, 485]
[35, 45875, 533, 444]
[35, 45875, 463, 453]
[35, 45875, 439, 471]
[35, 45875, 422, 419]
[35, 45875, 432, 499]
[35, 45875, 404, 440]
[35, 45875, 425, 397]
[35, 45875, 524, 409]
[35, 45875, 451, 508]
[40, 52428, 740, 741]
[40, 52428, 769, 814]
[40, 52428, 758, 773]
[40, 52428, 840, 836]
[40, 52428, 798, 752]
[40, 52428, 746, 778]
[40, 52428, 817, 749]
[40, 52428, 772, 795]
[40, 52428, 748, 769]
[40, 52428, 794, 850]
[40, 52428, 769, 842]
[40, 52428, 764, 824]
[40, 52428, 780, 833]
[40, 52428, 837, 826]
[40, 52428, 734, 952]
[40, 52428, 776, 807]
[40, 52428, 732, 829]
[40, 52428, 753, 745]
[40, 52428, 707, 745]
[40, 52428, 699, 744]
[40, 52428, 785, 793]
[40, 52428, 804, 815]
[40, 52428, 773, 765]
[40, 52428, 850, 825]
[40, 52428, 779, 722]
[40, 52428, 725, 764]
[40, 52428, 726, 795]
[40, 52428, 759, 784]
[40, 52428, 829, 784]
[40, 52428, 735, 776]
[40, 52428, 838, 707]
[40, 52428, 758, 793]
[40, 52428, 837, 768]
[40, 52428, 766, 764]
[40, 52428, 767, 752]
[40, 52428, 767, 728]
[40, 52428, 755, 731]
[40, 52428, 737, 804]
[40, 52428, 762, 839]
[40, 52428, 764, 854]
[40, 52428, 829, 738]
[40, 52428, 778, 821]
[40, 52428, 790, 746]
[40, 52428, 776, 754]
[40, 52428, 720, 817]
[40, 52428, 756, 732]
[40, 52428, 737, 733]
[40, 52428, 814, 726]
[40, 52428, 698, 785]
[40, 52428, 684, 853]
[40, 52428, 804, 780]
[40, 52428, 747, 790]
[40, 52428, 809, 783]
[40, 52428, 750, 768]
[40, 52428, 719, 733]
[40, 52428, 745, 740]
[40, 52428, 749, 831]
[40, 52428, 770, 825]
[40, 52428, 811, 755]
[40, 52428, 732, 803]
[40, 52428, 787, 815]
[40, 52428, 757, 819]
[40, 52428, 698, 765]
[40, 52428, 794, 720]
[40, 52428, 661, 741]
[40, 52428, 789, 844]
[40, 52428, 757, 774]
[40, 52428, 830, 741]
[40, 52428, 741, 825]
[40, 52428, 729, 736]
[40, 52428, 769, 781]
[40, 52428, 772, 816]
[40, 52428, 817, 814]
[40, 52428, 720, 812]
[40, 52428, 796, 842]
[40, 52428, 728, 790]
[40, 52428, 806, 797]
[40, 52428, 709, 745]
[40, 52428, 736, 775]
[40, 52428, 744, 724]
[40, 52428, 777, 727]
[40, 52428, 809, 739]
[40, 52428, 759, 847]
[40, 52428, 741, 715]
[40, 52428, 825, 750]
[40, 52428, 768, 761]
[40, 52428, 883, 796]
[40, 52428, 739, 811]
[40, 52428, 862, 832]
[40, 52428, 744, 757]
[40, 52428, 817, 835]
[40, 52428, 844, 714]
[40, 52428, 829, 748]
[40, 52428, 715, 745]
[40, 52428, 757, 861]
[40, 52428, 763, 845]
[40, 52428, 825, 765]
[40, 52428, 724, 769]
[40, 52428, 738, 747]
[40, 52428, 774, 776]
