[1, 327, 0]
[1, 327, 0]
[1, 327, 0]
[1, 327, 0]
[1, 327, 0]
[1, 327, 0]
[1, 327, 0]
[1, 327, 0]
[1, 327, 0]
[1, 327, 2]
[1, 327, 0]
[1, 327, 0]
[1, 327, 0]
[1, 327, 0]
[1, 327, 0]
[1, 327, 0]
[1, 327, 0]
[1, 327, 0]
[1, 327, 0]
[1, 327, 0]
[1, 327, 0]
[1, 327, 0]
[1, 327, 0]
[1, 327, 0]
[1, 327, 0]
[1, 327, 0]
[1, 327, 0]
[1, 327, 0]
[1, 327, 0]
[1, 327, 0]
[1, 327, 0]
[1, 327, 0]
[1, 327, 0]
[1, 327, 0]
[1, 327, 0]
[1, 327, 0]
[1, 327, 0]
[1, 327, 0]
[1, 327, 0]
[1, 327, 0]
[1, 327, 0]
[1, 327, 0]
[1, 327, 0]
[1, 327, 0]
[1, 327, 0]
[1, 327, 1]
[1, 327, 0]
[1, 327, 0]
[1, 327, 0]
[1, 327, 0]
[1, 327, 0]
[1, 327, 0]
[1, 327, 0]
[1, 327, 0]
[1, 327, 0]
[1, 327, 0]
[1, 327, 0]
[1, 327, 1]
[1, 327, 1]
[1, 327, 1]
[1, 327, 0]
[1, 327, 0]
[1, 327, 0]
[1, 327, 0]
[1, 327, 0]
[1, 327, 0]
[1, 327, 0]
[1, 327, 0]
[1, 327, 0]
[1, 327, 0]
[1, 327, 0]
[1, 327, 0]
[1, 327, 1]
[1, 327, 0]
[1, 327, 0]
[1, 327, 0]
[1, 327, 0]
[1, 327, 0]
[1, 327, 0]
[1, 327, 0]
[1, 327, 0]
[1, 327, 0]
[1, 327, 0]
[1, 327, 0]
[1, 327, 0]
[1, 327, 0]
[1, 327, 0]
[1, 327, 0]
[1, 327, 0]
[1, 327, 0]
[1, 327, 0]
[1, 327, 0]
[1, 327, 0]
[1, 327, 0]
[1, 327, 0]
[1, 327, 0]
[1, 327, 0]
[1, 327, 0]
[1, 327, 0]
[1, 327, 0]
[2, 655, 0]
[2, 655, 1]
[2, 655, 0]
[2, 655, 0]
[2, 655, 0]
[2, 655, 0]
[2, 655, 0]
[2, 655, 0]
[2, 655, 0]
[2, 655, 0]
[2, 655, 0]
[2, 655, 0]
[2, 655, 1]
[2, 655, 0]
[2, 655, 0]
[2, 655, 1]
[2, 655, 0]
[2, 655, 0]
[2, 655, 2]
[2, 655, 0]
[2, 655, 0]
[2, 655, 0]
[2, 655, 0]
[2, 655, 0]
[2, 655, 0]
[2, 655, 0]
[2, 655, 1]
[2, 655, 0]
[2, 655, 1]
[2, 655, 0]
[2, 655, 0]
[2, 655, 0]
[2, 655, 0]
[2, 655, 0]
[2, 655, 0]
[2, 655, 1]
[2, 655, 1]
[2, 655, 0]
[2, 655, 2]
[2, 655, 0]
[2, 655, 0]
[2, 655, 0]
[2, 655, 0]
[2, 655, 0]
[2, 655, 0]
[2, 655, 0]
[2, 655, 0]
[2, 655, 0]
[2, 655, 0]
[2, 655, 0]
[2, 655, 0]
[2, 655, 0]
[2, 655, 0]
[2, 655, 0]
[2, 655, 0]
[2, 655, 0]
[2, 655, 0]
[2, 655, 0]
[2, 655, 0]
[2, 655, 1]
[2, 655, 0]
[2, 655, 0]
[2, 655, 0]
[2, 655, 0]
[2, 655, 0]
[2, 655, 0]
[2, 655, 0]
[2, 655, 0]
[2, 655, 0]
[2, 655, 0]
[2, 655, 0]
[2, 655, 1]
[2, 655, 0]
[2, 655, 0]
[2, 655, 0]
[2, 655, 0]
[2, 655, 0]
[2, 655, 0]
[2, 655, 0]
[2, 655, 0]
[2, 655, 0]
[2, 655, 0]
[2, 655, 0]
[2, 655, 0]
[2, 655, 1]
[2, 655, 0]
[2, 655, 0]
[2, 655, 0]
[2, 655, 1]
[2, 655, 0]
[2, 655, 0]
[2, 655, 0]
[2, 655, 0]
[2, 655, 0]
[2, 655, 0]
[2, 655, 0]
[2, 655, 0]
[2, 655, 1]
[2, 655, 0]
[2, 655, 1]
[5, 1638, 0]
[5, 1638, 0]
[5, 1638, 0]
[5, 1638, 0]
[5, 1638, 0]
[5, 1638, 1]
[5, 1638, 1]
[5, 1638, 3]
[5, 1638, 0]
[5, 1638, 2]
[5, 1638, 0]
[5, 1638, 0]
[5, 1638, 0]
[5, 1638, 3]
[5, 1638, 0]
[5, 1638, 0]
[5, 1638, 1]
[5, 1638, 0]
[5, 1638, 2]
[5, 1638, 0]
[5, 1638, 1]
[5, 1638, 3]
[5, 1638, 1]
[5, 1638, 1]
[5, 1638, 0]
[5, 1638, 0]
[5, 1638, 0]
[5, 1638, 2]
[5, 1638, 1]
[5, 1638, 0]
[5, 1638, 2]
[5, 1638, 3]
[5, 1638, 0]
[5, 1638, 1]
[5, 1638, 1]
[5, 1638, 1]
[5, 1638, 0]
[5, 1638, 2]
[5, 1638, 3]
[5, 1638, 2]
[5, 1638, 3]
[5, 1638, 2]
[5, 1638, 4]
[5, 1638, 2]
[5, 1638, 0]
[5, 1638, 0]
[5, 1638, 0]
[5, 1638, 0]
[5, 1638, 0]
[5, 1638, 0]
[5, 1638, 1]
[5, 1638, 0]
[5, 1638, 0]
[5, 1638, 1]
[5, 1638, 0]
[5, 1638, 1]
[5, 1638, 0]
[5, 1638, 1]
[5, 1638, 3]
[5, 1638, 1]
[5, 1638, 1]
[5, 1638, 1]
[5, 1638, 2]
[5, 1638, 0]
[5, 1638, 3]
[5, 1638, 2]
[5, 1638, 2]
[5, 1638, 0]
[5, 1638, 0]
[5, 1638, 1]
[5, 1638, 2]
[5, 1638, 1]
[5, 1638, 0]
[5, 1638, 3]
[5, 1638, 1]
[5, 1638, 0]
[5, 1638, 0]
[5, 1638, 0]
[5, 1638, 0]
[5, 1638, 0]
[5, 1638, 0]
[5, 1638, 1]
[5, 1638, 0]
[5, 1638, 1]
[5, 1638, 1]
[5, 1638, 2]
[5, 1638, 1]
[5, 1638, 0]
[5, 1638, 1]
[5, 1638, 1]
[5, 1638, 1]
[5, 1638, 1]
[5, 1638, 1]
[5, 1638, 3]
[5, 1638, 1]
[5, 1638, 0]
[5, 1638, 2]
[5, 1638, 3]
[5, 1638, 3]
[5, 1638, 0]
[10, 3276, 5]
[10, 3276, 9]
[10, 3276, 8]
[10, 3276, 12]
[10, 3276, 10]
[10, 3276, 8]
[10, 3276, 6]
[10, 3276, 5]
[10, 3276, 4]
[10, 3276, 2]
[10, 3276, 6]
[10, 3276, 7]
[10, 3276, 8]
[10, 3276, 10]
[10, 3276, 5]
[10, 3276, 7]
[10, 3276, 5]
[10, 3276, 8]
[10, 3276, 11]
[10, 3276, 2]
[10, 3276, 8]
[10, 3276, 4]
[10, 3276, 5]
[10, 3276, 6]
[10, 3276, 10]
[10, 3276, 5]
[10, 3276, 4]
[10, 3276, 5]
[10, 3276, 8]
[10, 3276, 7]
[10, 3276, 5]
[10, 3276, 9]
[10, 3276, 7]
[10, 3276, 5]
[10, 3276, 12]
[10, 3276, 4]
[10, 3276, 2]
[10, 3276, 1]
[10, 3276, 4]
[10, 3276, 4]
[10, 3276, 13]
[10, 3276, 5]
[10, 3276, 6]
[10, 3276, 9]
[10, 3276, 4]
[10, 3276, 8]
[10, 3276, 10]
[10, 3276, 7]
[10, 3276, 10]
[10, 3276, 4]
[10, 3276, 3]
[10, 3276, 6]
[10, 3276, 5]
[10, 3276, 5]
[10, 3276, 5]
[10, 3276, 10]
[10, 3276, 5]
[10, 3276, 13]
[10, 3276, 3]
[10, 3276, 17]
[10, 3276, 1]
[10, 3276, 8]
[10, 3276, 3]
[10, 3276, 6]
[10, 3276, 5]
[10, 3276, 2]
[10, 3276, 6]
[10, 3276, 5]
[10, 3276, 9]
[10, 3276, 12]
[10, 3276, 5]
[10, 3276, 7]
[10, 3276, 6]
[10, 3276, 9]
[10, 3276, 7]
[10, 3276, 5]
[10, 3276, 7]
[10, 3276, 8]
[10, 3276, 5]
[10, 3276, 7]
[10, 3276, 10]
[10, 3276, 1]
[10, 3276, 7]
[10, 3276, 4]
[10, 3276, 6]
[10, 3276, 10]
[10, 3276, 4]
[10, 3276, 7]
[10, 3276, 4]
[10, 3276, 10]
[10, 3276, 3]
[10, 3276, 3]
[10, 3276, 3]
[10, 3276, 5]
[10, 3276, 9]
[10, 3276, 8]
[10, 3276, 15]
[10, 3276, 2]
[10, 3276, 10]
[10, 3276, 7]
[15, 4915, 35]
[15, 4915, 20]
[15, 4915, 26]
[15, 4915, 19]
[15, 4915, 34]
[15, 4915, 28]
[15, 4915, 21]
[15, 4915, 12]
[15, 4915, 32]
[15, 4915, 20]
[15, 4915, 18]
[15, 4915, 17]
[15, 4915, 26]
[15, 4915, 25]
[15, 4915, 21]
[15, 4915, 32]
[15, 4915, 23]
[15, 4915, 25]
[15, 4915, 25]
[15, 4915, 20]
[15, 4915, 23]
[15, 4915, 17]
[15, 4915, 26]
[15, 4915, 19]
[15, 4915, 22]
[15, 4915, 22]
[15, 4915, 16]
[15, 4915, 19]
[15, 4915, 27]
[15, 4915, 27]
[15, 4915, 29]
[15, 4915, 25]
[15, 4915, 20]
[15, 4915, 15]
[15, 4915, 23]
[15, 4915, 16]
[15, 4915, 23]
[15, 4915, 22]
[15, 4915, 32]
[15, 4915, 21]
[15, 4915, 29]
[15, 4915, 16]
[15, 4915, 22]
[15, 4915, 29]
[15, 4915, 13]
[15, 4915, 18]
[15, 4915, 19]
[15, 4915, 21]
[15, 4915, 23]
[15, 4915, 24]
[15, 4915, 27]
[15, 4915, 20]
[15, 4915, 26]
[15, 4915, 17]
[15, 4915, 18]
[15, 4915, 25]
[15, 4915, 13]
[15, 4915, 25]
[15, 4915, 26]
[15, 4915, 24]
[15, 4915, 20]
[15, 4915, 27]
[15, 4915, 23]
[15, 4915, 36]
[15, 4915, 26]
[15, 4915, 26]
[15, 4915, 45]
[15, 4915, 19]
[15, 4915, 32]
[15, 4915, 31]
[15, 4915, 19]
[15, 4915, 20]
[15, 4915, 25]
[15, 4915, 20]
[15, 4915, 36]
[15, 4915, 25]
[15, 4915, 20]
[15, 4915, 9]
[15, 4915, 14]
[15, 4915, 21]
[15, 4915, 20]
[15, 4915, 21]
[15, 4915, 18]
[15, 4915, 20]
[15, 4915, 28]
[15, 4915, 26]
[15, 4915, 28]
[15, 4915, 24]
[15, 4915, 16]
[15, 4915, 21]
[15, 4915, 24]
[15, 4915, 26]
[15, 4915, 31]
[15, 4915, 35]
[15, 4915, 19]
[15, 4915, 24]
[15, 4915, 27]
[15, 4915, 20]
[15, 4915, 23]
[15, 4915, 24]
[20, 6553, 64]
[20, 6553, 50]
[20, 6553, 42]
[20, 6553, 41]
[20, 6553, 63]
[20, 6553, 50]
[20, 6553, 59]
[20, 6553, 50]
[20, 6553, 56]
[20, 6553, 61]
[20, 6553, 68]
[20, 6553, 69]
[20, 6553, 89]
[20, 6553, 62]
[20, 6553, 60]
[20, 6553, 53]
[20, 6553, 72]
[20, 6553, 68]
[20, 6553, 41]
[20, 6553, 50]
[20, 6553, 56]
[20, 6553, 62]
[20, 6553, 55]
[20, 6553, 62]
[20, 6553, 60]
[20, 6553, 58]
[20, 6553, 54]
[20, 6553, 57]
[20, 6553, 58]
[20, 6553, 47]
[20, 6553, 56]
[20, 6553, 64]
[20, 6553, 73]
[20, 6553, 58]
[20, 6553, 57]
[20, 6553, 59]
[20, 6553, 40]
[20, 6553, 73]
[20, 6553, 77]
[20, 6553, 47]
[20, 6553, 75]
[20, 6553, 53]
[20, 6553, 68]
[20, 6553, 59]
[20, 6553, 28]
[20, 6553, 59]
[20, 6553, 67]
[20, 6553, 69]
[20, 6553, 60]
[20, 6553, 57]
[20, 6553, 60]
[20, 6553, 37]
[20, 6553, 62]
[20, 6553, 76]
[20, 6553, 61]
[20, 6553, 37]
[20, 6553, 61]
[20, 6553, 64]
[20, 6553, 75]
[20, 6553, 69]
[20, 6553, 48]
[20, 6553, 57]
[20, 6553, 51]
[20, 6553, 68]
[20, 6553, 60]
[20, 6553, 52]
[20, 6553, 51]
[20, 6553, 54]
[20, 6553, 70]
[20, 6553, 62]
[20, 6553, 52]
[20, 6553, 53]
[20, 6553, 73]
[20, 6553, 62]
[20, 6553, 59]
[20, 6553, 49]
[20, 6553, 58]
[20, 6553, 59]
[20, 6553, 60]
[20, 6553, 51]
[20, 6553, 40]
[20, 6553, 61]
[20, 6553, 40]
[20, 6553, 60]
[20, 6553, 71]
[20, 6553, 61]
[20, 6553, 61]
[20, 6553, 74]
[20, 6553, 54]
[20, 6553, 69]
[20, 6553, 55]
[20, 6553, 65]
[20, 6553, 65]
[20, 6553, 76]
[20, 6553, 58]
[20, 6553, 52]
[20, 6553, 63]
[20, 6553, 61]
[20, 6553, 69]
[20, 6553, 59]
[25, 8192, 146]
[25, 8192, 93]
[25, 8192, 127]
[25, 8192, 115]
[25, 8192, 114]
[25, 8192, 126]
[25, 8192, 111]
[25, 8192, 135]
[25, 8192, 147]
[25, 8192, 143]
[25, 8192, 133]
[25, 8192, 120]
[25, 8192, 154]
[25, 8192, 120]
[25, 8192, 149]
[25, 8192, 109]
[25, 8192, 131]
[25, 8192, 135]
[25, 8192, 127]
[25, 8192, 132]
[25, 8192, 147]
[25, 8192, 122]
[25, 8192, 84]
[25, 8192, 111]
[25, 8192, 130]
[25, 8192, 131]
[25, 8192, 144]
[25, 8192, 131]
[25, 8192, 124]
[25, 8192, 121]
[25, 8192, 141]
[25, 8192, 153]
[25, 8192, 121]
[25, 8192, 141]
[25, 8192, 136]
[25, 8192, 167]
[25, 8192, 112]
[25, 8192, 145]
[25, 8192, 135]
[25, 8192, 143]
[25, 8192, 133]
[25, 8192, 130]
[25, 8192, 126]
[25, 8192, 129]
[25, 8192, 128]
[25, 8192, 120]
[25, 8192, 135]
[25, 8192, 131]
[25, 8192, 139]
[25, 8192, 125]
[25, 8192, 155]
[25, 8192, 99]
[25, 8192, 130]
[25, 8192, 133]
[25, 8192, 124]
[25, 8192, 132]
[25, 8192, 143]
[25, 8192, 118]
[25, 8192, 142]
[25, 8192, 109]
[25, 8192, 121]
[25, 8192, 123]
[25, 8192, 111]
[25, 8192, 117]
[25, 8192, 136]
[25, 8192, 122]
[25, 8192, 120]
[25, 8192, 150]
[25, 8192, 121]
[25, 8192, 124]
[25, 8192, 117]
[25, 8192, 136]
[25, 8192, 143]
[25, 8192, 121]
[25, 8192, 134]
[25, 8192, 110]
[25, 8192, 121]
[25, 8192, 114]
[25, 8192, 137]
[25, 8192, 105]
[25, 8192, 124]
[25, 8192, 101]
[25, 8192, 112]
[25, 8192, 129]
[25, 8192, 138]
[25, 8192, 141]
[25, 8192, 123]
[25, 8192, 167]
[25, 8192, 133]
[25, 8192, 140]
[25, 8192, 141]
[25, 8192, 132]
[25, 8192, 128]
[25, 8192, 137]
[25, 8192, 133]
[25, 8192, 122]
[25, 8192, 115]
[25, 8192, 113]
[25, 8192, 130]
[25, 8192, 117]
[30, 9830, 229]
[30, 9830, 272]
[30, 9830, 251]
[30, 9830, 225]
[30, 9830, 231]
[30, 9830, 238]
[30, 9830, 247]
[30, 9830, 188]
[30, 9830, 263]
[30, 9830, 220]
[30, 9830, 269]
[30, 9830, 244]
[30, 9830, 247]
[30, 9830, 258]
[30, 9830, 257]
[30, 9830, 258]
[30, 9830, 236]
[30, 9830, 200]
[30, 9830, 190]
[30, 9830, 207]
[30, 9830, 196]
[30, 9830, 251]
[30, 9830, 177]
[30, 9830, 214]
[30, 9830, 271]
[30, 9830, 218]
[30, 9830, 268]
[30, 9830, 247]
[30, 9830, 257]
[30, 9830, 219]
[30, 9830, 241]
[30, 9830, 250]
[30, 9830, 248]
[30, 9830, 283]
[30, 9830, 249]
[30, 9830, 215]
[30, 9830, 237]
[30, 9830, 245]
[30, 9830, 257]
[30, 9830, 240]
[30, 9830, 231]
[30, 9830, 251]
[30, 9830, 224]
[30, 9830, 241]
[30, 9830, 209]
[30, 9830, 243]
[30, 9830, 232]
[30, 9830, 246]
[30, 9830, 241]
[30, 9830, 240]
[30, 9830, 254]
[30, 9830, 206]
[30, 9830, 202]
[30, 9830, 233]
[30, 9830, 252]
[30, 9830, 259]
[30, 9830, 266]
[30, 9830, 214]
[30, 9830, 243]
[30, 9830, 258]
[30, 9830, 267]
[30, 9830, 271]
[30, 9830, 206]
[30, 9830, 267]
[30, 9830, 253]
[30, 9830, 238]
[30, 9830, 258]
[30, 9830, 207]
[30, 9830, 237]
[30, 9830, 255]
[30, 9830, 206]
[30, 9830, 270]
[30, 9830, 227]
[30, 9830, 219]
[30, 9830, 221]
[30, 9830, 229]
[30, 9830, 265]
[30, 9830, 220]
[30, 9830, 266]
[30, 9830, 203]
[30, 9830, 223]
[30, 9830, 278]
[30, 9830, 231]
[30, 9830, 239]
[30, 9830, 236]
[30, 9830, 238]
[30, 9830, 230]
[30, 9830, 262]
[30, 9830, 255]
[30, 9830, 262]
[30, 9830, 221]
[30, 9830, 233]
[30, 9830, 272]
[30, 9830, 234]
[30, 9830, 246]
[30, 9830, 234]
[30, 9830, 214]
[30, 9830, 198]
[30, 9830, 276]
[30, 9830, 240]
[35, 11468, 428]
[35, 11468, 374]
[35, 11468, 392]
[35, 11468, 409]
[35, 11468, 362]
[35, 11468, 403]
[35, 11468, 353]
[35, 11468, 413]
[35, 11468, 385]
[35, 11468, 368]
[35, 11468, 452]
[35, 11468, 420]
[35, 11468, 460]
[35, 11468, 359]
[35, 11468, 418]
[35, 11468, 393]
[35, 11468, 397]
[35, 11468, 380]
[35, 11468, 396]
[35, 11468, 423]
[35, 11468, 447]
[35, 11468, 432]
[35, 11468, 345]
[35, 11468, 398]
[35, 11468, 405]
[35, 11468, 448]
[35, 11468, 415]
[35, 11468, 396]
[35, 11468, 363]
[35, 11468, 455]
[35, 11468, 440]
[35, 11468, 432]
[35, 11468, 404]
[35, 11468, 363]
[35, 11468, 403]
[35, 11468, 373]
[35, 11468, 390]
[35, 11468, 355]
[35, 11468, 395]
[35, 11468, 433]
[35, 11468, 404]
[35, 11468, 387]
[35, 11468, 357]
[35, 11468, 373]
[35, 11468, 358]
[35, 11468, 441]
[35, 11468, 383]
[35, 11468, 436]
[35, 11468, 400]
[35, 11468, 357]
[35, 11468, 392]
[35, 11468, 452]
[35, 11468, 400]
[35, 11468, 469]
[35, 11468, 404]
[35, 11468, 418]
[35, 11468, 428]
[35, 11468, 367]
[35, 11468, 452]
[35, 11468, 454]
[35, 11468, 443]
[35, 11468, 406]
[35, 11468, 439]
[35, 11468, 414]
[35, 11468, 423]
[35, 11468, 346]
[35, 11468, 400]
[35, 11468, 421]
[35, 11468, 454]
[35, 11468, 372]
[35, 11468, 395]
[35, 11468, 429]
[35, 11468, 388]
[35, 11468, 374]
[35, 11468, 335]
[35, 11468, 449]
[35, 11468, 380]
[35, 11468, 412]
[35, 11468, 418]
[35, 11468, 415]
[35, 11468, 441]
[35, 11468, 374]
[35, 11468, 487]
[35, 11468, 424]
[35, 11468, 400]
[35, 11468, 439]
[35, 11468, 396]
[35, 11468, 468]
[35, 11468, 441]
[35, 11468, 411]
[35, 11468, 374]
[35, 11468, 394]
[35, 11468, 423]
[35, 11468, 431]
[35, 11468, 373]
[35, 11468, 368]
[35, 11468, 444]
[35, 11468, 407]
[35, 11468, 438]
[35, 11468, 432]
[40, 13107, 613]
[40, 13107, 635]
[40, 13107, 598]
[40, 13107, 657]
[40, 13107, 595]
[40, 13107, 684]
[40, 13107, 626]
[40, 13107, 573]
[40, 13107, 611]
[40, 13107, 614]
[40, 13107, 657]
[40, 13107, 595]
[40, 13107, 652]
[40, 13107, 640]
[40, 13107, 706]
[40, 13107, 630]
[40, 13107, 699]
[40, 13107, 642]
[40, 13107, 631]
[40, 13107, 664]
[40, 13107, 642]
[40, 13107, 620]
[40, 13107, 669]
[40, 13107, 651]
[40, 13107, 648]
[40, 13107, 620]
[40, 13107, 634]
[40, 13107, 633]
[40, 13107, 710]
[40, 13107, 681]
[40, 13107, 656]
[40, 13107, 581]
[40, 13107, 647]
[40, 13107, 588]
[40, 13107, 676]
[40, 13107, 607]
[40, 13107, 655]
[40, 13107, 670]
[40, 13107, 623]
[40, 13107, 636]
[40, 13107, 620]
[40, 13107, 643]
[40, 13107, 649]
[40, 13107, 622]
[40, 13107, 662]
[40, 13107, 650]
[40, 13107, 638]
[40, 13107, 629]
[40, 13107, 685]
[40, 13107, 621]
[40, 13107, 595]
[40, 13107, 655]
[40, 13107, 615]
[40, 13107, 655]
[40, 13107, 704]
[40, 13107, 577]
[40, 13107, 636]
[40, 13107, 592]
[40, 13107, 669]
[40, 13107, 706]
[40, 13107, 686]
[40, 13107, 644]
[40, 13107, 652]
[40, 13107, 607]
[40, 13107, 638]
[40, 13107, 644]
[40, 13107, 634]
[40, 13107, 611]
[40, 13107, 634]
[40, 13107, 657]
[40, 13107, 602]
[40, 13107, 612]
[40, 13107, 630]
[40, 13107, 591]
[40, 13107, 675]
[40, 13107, 654]
[40, 13107, 633]
[40, 13107, 696]
[40, 13107, 614]
[40, 13107, 610]
[40, 13107, 612]
[40, 13107, 639]
[40, 13107, 667]
[40, 13107, 609]
[40, 13107, 729]
[40, 13107, 646]
[40, 13107, 649]
[40, 13107, 754]
[40, 13107, 594]
[40, 13107, 663]
[40, 13107, 634]
[40, 13107, 645]
[40, 13107, 685]
[40, 13107, 649]
[40, 13107, 624]
[40, 13107, 697]
[40, 13107, 632]
[40, 13107, 661]
[40, 13107, 663]
[40, 13107, 618]
