[1, 1310, 0, 0, 0, 0]
[1, 1310, 0, 0, 0, 0]
[1, 1310, 0, 0, 0, 0]
[1, 1310, 0, 0, 0, 0]
[1, 1310, 0, 0, 0, 0]
[1, 1310, 0, 0, 0, 0]
[1, 1310, 0, 0, 0, 0]
[1, 1310, 0, 0, 0, 0]
[1, 1310, 0, 0, 0, 0]
[1, 1310, 0, 0, 0, 0]
[1, 1310, 0, 0, 0, 0]
[1, 1310, 0, 0, 0, 0]
[1, 1310, 0, 0, 0, 0]
[1, 1310, 0, 0, 0, 0]
[1, 1310, 0, 0, 0, 0]
[1, 1310, 0, 0, 0, 0]
[1, 1310, 0, 0, 0, 0]
[1, 1310, 0, 0, 0, 0]
[1, 1310, 0, 0, 0, 0]
[1, 1310, 0, 0, 0, 0]
[1, 1310, 0, 0, 0, 0]
[1, 1310, 0, 0, 0, 0]
[1, 1310, 0, 0, 0, 0]
[1, 1310, 0, 0, 0, 0]
[1, 1310, 0, 0, 0, 0]
[1, 1310, 0, 0, 0, 0]
[1, 1310, 0, 0, 0, 0]
[1, 1310, 0, 0, 0, 0]
[1, 1310, 0, 0, 0, 0]
[1, 1310, 0, 0, 0, 0]
[1, 1310, 0, 0, 0, 0]
[1, 1310, 0, 0, 0, 0]
[1, 1310, 0, 0, 0, 0]
[1, 1310, 0, 0, 0, 0]
[1, 1310, 0, 0, 0, 0]
[1, 1310, 0, 0, 0, 0]
[1, 1310, 0, 0, 0, 0]
[1, 1310, 0, 0, 0, 0]
[1, 1310, 0, 0, 0, 0]
[1, 1310, 0, 0, 0, 0]
[1, 1310, 0, 0, 0, 0]
[1, 1310, 0, 0, 0, 0]
[1, 1310, 0, 0, 0, 0]
[1, 1310, 0, 0, 0, 0]
[1, 1310, 0, 0, 0, 0]
[1, 1310, 0, 0, 0, 0]
[1, 1310, 0, 0, 0, 0]
[1, 1310, 0, 0, 0, 0]
[1, 1310, 0, 0, 0, 0]
[1, 1310, 0, 0, 0, 0]
[1, 1310, 0, 0, 0, 0]
[1, 1310, 0, 0, 0, 0]
[1, 1310, 0, 0, 0, 0]
[1, 1310, 0, 0, 0, 0]
[1, 1310, 0, 0, 0, 0]
[1, 1310, 0, 0, 0, 0]
[1, 1310, 0, 0, 0, 0]
[1, 1310, 0, 0, 0, 0]
[1, 1310, 0, 0, 0, 0]
[1, 1310, 0, 0, 0, 0]
[1, 1310, 0, 0, 0, 0]
[1, 1310, 0, 0, 0, 0]
[1, 1310, 0, 0, 0, 0]
[1, 1310, 0, 0, 0, 0]
[1, 1310, 0, 0, 0, 0]
[1, 1310, 0, 0, 0, 0]
[1, 1310, 0, 0, 0, 0]
[1, 1310, 0, 0, 0, 0]
[1, 1310, 0, 0, 0, 0]
[1, 1310, 0, 0, 0, 0]
[1, 1310, 0, 0, 0, 0]
[1, 1310, 0, 0, 0, 0]
[1, 1310, 0, 0, 0, 0]
[1, 1310, 0, 0, 0, 0]
[1, 1310, 0, 0, 0, 0]
[1, 1310, 0, 0, 0, 0]
[1, 1310, 0, 0, 0, 0]
[1, 1310, 0, 0, 0, 0]
[1, 1310, 0, 0, 0, 0]
[1, 1310, 0, 0, 0, 0]
[1, 1310, 0, 0, 0, 0]
[1, 1310, 0, 0, 0, 0]
[1, 1310, 0, 0, 0, 0]
[1, 1310, 0, 0, 0, 0]
[1, 1310, 0, 0, 0, 0]
[1, 1310, 0, 0, 0, 0]
[1, 1310, 0, 0, 0, 0]
[1, 1310, 0, 0, 0, 0]
[1, 1310, 0, 0, 0, 0]
[1, 1310, 0, 0, 0, 0]
[1, 1310, 0, 0, 0, 0]
[1, 1310, 0, 0, 0, 0]
[1, 1310, 0, 0, 0, 0]
[1, 1310, 0, 0, 0, 0]
[1, 1310, 0, 0, 0, 0]
[1, 1310, 0, 0, 0, 0]
[1, 1310, 0, 0, 0, 0]
[1, 1310, 0, 0, 0, 0]
[1, 1310, 0, 0, 0, 0]
[1, 1310, 0, 0, 0, 0]
[2, 2621, 0, 0, 0, 0]
[2, 2621, 0, 0, 0, 0]
[2, 2621, 0, 0, 0, 0]
[2, 2621, 0, 0, 0, 0]
[2, 2621, 0, 0, 0, 0]
[2, 2621, 0, 0, 0, 0]
[2, 2621, 0, 0, 0, 0]
[2, 2621, 0, 0, 0, 0]
[2, 2621, 0, 0, 0, 0]
[2, 2621, 0, 0, 0, 0]
[2, 2621, 0, 0, 0, 0]
[2, 2621, 0, 0, 0, 0]
[2, 2621, 0, 0, 0, 0]
[2, 2621, 0, 0, 0, 0]
[2, 2621, 0, 0, 0, 0]
[2, 2621, 0, 0, 0, 0]
[2, 2621, 0, 0, 0, 0]
[2, 2621, 0, 0, 0, 0]
[2, 2621, 0, 0, 0, 0]
[2, 2621, 0, 0, 0, 0]
[2, 2621, 0, 0, 0, 0]
[2, 2621, 0, 0, 0, 0]
[2, 2621, 0, 0, 0, 0]
[2, 2621, 0, 0, 0, 0]
[2, 2621, 0, 0, 0, 0]
[2, 2621, 0, 0, 0, 0]
[2, 2621, 0, 0, 0, 0]
[2, 2621, 0, 0, 0, 0]
[2, 2621, 0, 0, 0, 0]
[2, 2621, 0, 0, 0, 0]
[2, 2621, 0, 0, 0, 0]
[2, 2621, 0, 0, 0, 0]
[2, 2621, 0, 0, 0, 0]
[2, 2621, 0, 0, 0, 0]
[2, 2621, 0, 0, 0, 0]
[2, 2621, 0, 0, 0, 0]
[2, 2621, 0, 0, 0, 0]
[2, 2621, 0, 0, 0, 0]
[2, 2621, 0, 0, 0, 0]
[2, 2621, 0, 0, 0, 0]
[2, 2621, 0, 0, 0, 0]
[2, 2621, 0, 0, 0, 0]
[2, 2621, 0, 0, 0, 0]
[2, 2621, 0, 0, 0, 0]
[2, 2621, 0, 0, 0, 0]
[2, 2621, 0, 0, 0, 0]
[2, 2621, 0, 0, 0, 0]
[2, 2621, 0, 0, 0, 0]
[2, 2621, 0, 0, 0, 0]
[2, 2621, 0, 0, 0, 0]
[2, 2621, 0, 0, 0, 0]
[2, 2621, 0, 0, 0, 0]
[2, 2621, 0, 0, 0, 0]
[2, 2621, 0, 0, 0, 0]
[2, 2621, 0, 0, 0, 0]
[2, 2621, 0, 0, 0, 0]
[2, 2621, 0, 0, 0, 0]
[2, 2621, 0, 0, 0, 0]
[2, 2621, 0, 0, 0, 0]
[2, 2621, 0, 0, 0, 0]
[2, 2621, 0, 0, 0, 0]
[2, 2621, 0, 0, 0, 0]
[2, 2621, 0, 0, 0, 0]
[2, 2621, 0, 0, 0, 0]
[2, 2621, 0, 0, 0, 0]
[2, 2621, 0, 0, 0, 0]
[2, 2621, 0, 0, 0, 0]
[2, 2621, 0, 0, 0, 0]
[2, 2621, 0, 0, 0, 0]
[2, 2621, 0, 0, 0, 0]
[2, 2621, 0, 0, 0, 0]
[2, 2621, 0, 0, 0, 0]
[2, 2621, 0, 0, 0, 0]
[2, 2621, 0, 0, 0, 0]
[2, 2621, 0, 0, 0, 0]
[2, 2621, 0, 0, 0, 0]
[2, 2621, 0, 0, 0, 0]
[2, 2621, 0, 0, 0, 0]
[2, 2621, 0, 0, 0, 0]
[2, 2621, 0, 0, 0, 0]
[2, 2621, 0, 0, 0, 0]
[2, 2621, 0, 0, 0, 0]
[2, 2621, 0, 0, 0, 0]
[2, 2621, 0, 0, 0, 0]
[2, 2621, 0, 0, 0, 0]
[2, 2621, 0, 0, 0, 0]
[2, 2621, 0, 0, 0, 0]
[2, 2621, 0, 0, 0, 0]
[2, 2621, 0, 0, 0, 0]
[2, 2621, 0, 0, 0, 0]
[2, 2621, 0, 0, 0, 0]
[2, 2621, 0, 0, 0, 0]
[2, 2621, 0, 0, 0, 0]
[2, 2621, 0, 0, 0, 0]
[2, 2621, 0, 0, 0, 0]
[2, 2621, 0, 0, 0, 0]
[2, 2621, 0, 0, 0, 0]
[2, 2621, 0, 0, 0, 0]
[2, 2621, 0, 0, 0, 0]
[2, 2621, 0, 0, 0, 0]
[5, 6553, 1, 0, 0, 0]
[5, 6553, 0, 0, 0, 0]
[5, 6553, 0, 0, 0, 0]
[5, 6553, 0, 0, 0, 0]
[5, 6553, 0, 0, 0, 1]
[5, 6553, 0, 0, 0, 0]
[5, 6553, 0, 0, 0, 0]
[5, 6553, 0, 0, 0, 0]
[5, 6553, 0, 0, 0, 0]
[5, 6553, 0, 0, 0, 0]
[5, 6553, 1, 0, 0, 0]
[5, 6553, 0, 0, 0, 0]
[5, 6553, 0, 0, 0, 0]
[5, 6553, 0, 0, 0, 0]
[5, 6553, 1, 0, 0, 0]
[5, 6553, 3, 0, 0, 0]
[5, 6553, 0, 0, 0, 0]
[5, 6553, 0, 0, 0, 0]
[5, 6553, 0, 0, 0, 0]
[5, 6553, 0, 0, 0, 0]
[5, 6553, 0, 0, 0, 0]
[5, 6553, 0, 0, 0, 0]
[5, 6553, 0, 0, 0, 0]
[5, 6553, 0, 0, 0, 0]
[5, 6553, 0, 0, 0, 0]
[5, 6553, 0, 0, 0, 0]
[5, 6553, 0, 0, 0, 0]
[5, 6553, 0, 0, 0, 1]
[5, 6553, 0, 2, 0, 0]
[5, 6553, 0, 0, 0, 0]
[5, 6553, 0, 0, 0, 0]
[5, 6553, 0, 0, 0, 0]
[5, 6553, 0, 0, 0, 0]
[5, 6553, 0, 0, 0, 0]
[5, 6553, 0, 0, 0, 0]
[5, 6553, 0, 0, 4, 0]
[5, 6553, 1, 0, 0, 0]
[5, 6553, 0, 0, 0, 0]
[5, 6553, 0, 0, 0, 0]
[5, 6553, 0, 0, 1, 0]
[5, 6553, 0, 0, 0, 0]
[5, 6553, 0, 0, 0, 0]
[5, 6553, 0, 0, 0, 0]
[5, 6553, 0, 0, 0, 0]
[5, 6553, 2, 0, 0, 0]
[5, 6553, 0, 0, 0, 0]
[5, 6553, 0, 0, 0, 0]
[5, 6553, 0, 1, 0, 0]
[5, 6553, 0, 0, 0, 0]
[5, 6553, 0, 2, 0, 0]
[5, 6553, 0, 0, 0, 1]
[5, 6553, 0, 0, 0, 0]
[5, 6553, 0, 0, 0, 0]
[5, 6553, 0, 0, 0, 2]
[5, 6553, 0, 0, 0, 0]
[5, 6553, 0, 0, 1, 0]
[5, 6553, 0, 0, 0, 0]
[5, 6553, 0, 0, 0, 0]
[5, 6553, 0, 0, 0, 0]
[5, 6553, 0, 0, 0, 0]
[5, 6553, 0, 0, 0, 0]
[5, 6553, 0, 0, 0, 0]
[5, 6553, 0, 0, 0, 0]
[5, 6553, 0, 1, 0, 0]
[5, 6553, 0, 0, 0, 0]
[5, 6553, 0, 0, 0, 0]
[5, 6553, 0, 0, 0, 1]
[5, 6553, 0, 0, 0, 0]
[5, 6553, 0, 0, 0, 0]
[5, 6553, 0, 0, 0, 0]
[5, 6553, 0, 0, 0, 0]
[5, 6553, 0, 0, 0, 0]
[5, 6553, 0, 0, 0, 0]
[5, 6553, 0, 0, 0, 0]
[5, 6553, 1, 0, 0, 0]
[5, 6553, 0, 0, 0, 0]
[5, 6553, 0, 0, 0, 0]
[5, 6553, 0, 0, 1, 0]
[5, 6553, 0, 0, 1, 0]
[5, 6553, 1, 0, 0, 1]
[5, 6553, 0, 0, 0, 0]
[5, 6553, 0, 0, 0, 0]
[5, 6553, 0, 0, 0, 0]
[5, 6553, 0, 0, 1, 0]
[5, 6553, 0, 1, 0, 0]
[5, 6553, 0, 0, 0, 0]
[5, 6553, 0, 0, 0, 0]
[5, 6553, 0, 0, 0, 0]
[5, 6553, 0, 0, 0, 0]
[5, 6553, 0, 0, 0, 0]
[5, 6553, 0, 0, 0, 0]
[5, 6553, 0, 0, 0, 3]
[5, 6553, 0, 0, 0, 0]
[5, 6553, 0, 0, 0, 0]
[5, 6553, 0, 0, 0, 0]
[5, 6553, 0, 0, 0, 0]
[5, 6553, 0, 0, 0, 0]
[5, 6553, 2, 0, 0, 0]
[5, 6553, 2, 0, 0, 0]
[5, 6553, 0, 0, 0, 0]
[10, 13107, 0, 1, 0, 6]
[10, 13107, 0, 1, 3, 0]
[10, 13107, 1, 2, 0, 2]
[10, 13107, 1, 7, 1, 5]
[10, 13107, 2, 3, 1, 2]
[10, 13107, 3, 6, 0, 4]
[10, 13107, 1, 4, 0, 1]
[10, 13107, 1, 1, 0, 1]
[10, 13107, 1, 1, 6, 0]
[10, 13107, 0, 0, 0, 2]
[10, 13107, 0, 5, 0, 3]
[10, 13107, 1, 0, 0, 2]
[10, 13107, 1, 2, 1, 1]
[10, 13107, 0, 1, 1, 1]
[10, 13107, 2, 3, 1, 0]
[10, 13107, 5, 0, 0, 0]
[10, 13107, 0, 0, 2, 1]
[10, 13107, 1, 0, 3, 3]
[10, 13107, 0, 4, 0, 4]
[10, 13107, 0, 4, 0, 4]
[10, 13107, 1, 0, 0, 1]
[10, 13107, 0, 3, 1, 2]
[10, 13107, 0, 5, 0, 3]
[10, 13107, 2, 1, 3, 1]
[10, 13107, 1, 1, 0, 0]
[10, 13107, 1, 2, 0, 4]
[10, 13107, 4, 1, 4, 2]
[10, 13107, 1, 4, 0, 3]
[10, 13107, 0, 1, 5, 0]
[10, 13107, 2, 2, 0, 2]
[10, 13107, 1, 0, 1, 3]
[10, 13107, 0, 5, 3, 4]
[10, 13107, 1, 0, 2, 0]
[10, 13107, 3, 3, 0, 0]
[10, 13107, 4, 1, 2, 1]
[10, 13107, 1, 5, 0, 2]
[10, 13107, 2, 3, 0, 0]
[10, 13107, 1, 3, 1, 3]
[10, 13107, 0, 1, 1, 2]
[10, 13107, 1, 2, 0, 1]
[10, 13107, 1, 2, 0, 0]
[10, 13107, 3, 4, 2, 7]
[10, 13107, 1, 3, 0, 1]
[10, 13107, 3, 1, 4, 2]
[10, 13107, 3, 1, 0, 1]
[10, 13107, 1, 1, 0, 2]
[10, 13107, 0, 5, 1, 3]
[10, 13107, 1, 0, 0, 1]
[10, 13107, 1, 2, 1, 0]
[10, 13107, 2, 3, 2, 1]
[10, 13107, 1, 1, 0, 1]
[10, 13107, 0, 0, 1, 1]
[10, 13107, 2, 0, 0, 0]
[10, 13107, 2, 0, 0, 1]
[10, 13107, 0, 0, 0, 1]
[10, 13107, 0, 3, 0, 0]
[10, 13107, 0, 4, 3, 0]
[10, 13107, 5, 0, 2, 4]
[10, 13107, 2, 2, 2, 1]
[10, 13107, 3, 3, 2, 0]
[10, 13107, 0, 3, 0, 1]
[10, 13107, 0, 0, 0, 0]
[10, 13107, 1, 1, 2, 6]
[10, 13107, 3, 2, 0, 0]
[10, 13107, 0, 1, 2, 0]
[10, 13107, 0, 1, 1, 1]
[10, 13107, 0, 2, 2, 5]
[10, 13107, 0, 1, 1, 1]
[10, 13107, 2, 0, 1, 0]
[10, 13107, 0, 0, 0, 4]
[10, 13107, 1, 3, 0, 1]
[10, 13107, 1, 1, 2, 0]
[10, 13107, 1, 0, 0, 0]
[10, 13107, 0, 2, 3, 2]
[10, 13107, 1, 1, 2, 0]
[10, 13107, 0, 3, 5, 3]
[10, 13107, 2, 1, 3, 0]
[10, 13107, 1, 0, 2, 0]
[10, 13107, 1, 1, 0, 0]
[10, 13107, 1, 1, 1, 0]
[10, 13107, 2, 3, 6, 1]
[10, 13107, 0, 1, 1, 0]
[10, 13107, 3, 0, 3, 1]
[10, 13107, 1, 1, 4, 1]
[10, 13107, 1, 4, 2, 1]
[10, 13107, 0, 2, 2, 6]
[10, 13107, 0, 2, 2, 0]
[10, 13107, 0, 0, 2, 0]
[10, 13107, 1, 1, 1, 0]
[10, 13107, 4, 1, 4, 0]
[10, 13107, 2, 0, 1, 1]
[10, 13107, 1, 0, 0, 0]
[10, 13107, 2, 1, 0, 3]
[10, 13107, 2, 0, 0, 1]
[10, 13107, 0, 2, 0, 1]
[10, 13107, 0, 2, 0, 4]
[10, 13107, 1, 1, 2, 0]
[10, 13107, 1, 0, 2, 2]
[10, 13107, 0, 0, 1, 2]
[10, 13107, 2, 1, 1, 1]
[15, 19660, 5, 1, 6, 12]
[15, 19660, 9, 10, 5, 13]
[15, 19660, 11, 15, 12, 3]
[15, 19660, 9, 10, 8, 6]
[15, 19660, 6, 7, 7, 9]
[15, 19660, 5, 8, 5, 6]
[15, 19660, 10, 13, 13, 13]
[15, 19660, 8, 17, 10, 15]
[15, 19660, 8, 2, 5, 7]
[15, 19660, 7, 6, 1, 5]
[15, 19660, 6, 11, 2, 8]
[15, 19660, 6, 6, 7, 7]
[15, 19660, 6, 10, 13, 4]
[15, 19660, 3, 4, 5, 4]
[15, 19660, 5, 7, 7, 9]
[15, 19660, 8, 12, 8, 5]
[15, 19660, 9, 8, 11, 20]
[15, 19660, 7, 9, 24, 8]
[15, 19660, 13, 7, 11, 14]
[15, 19660, 2, 6, 10, 8]
[15, 19660, 6, 10, 8, 7]
[15, 19660, 12, 13, 8, 3]
[15, 19660, 5, 4, 23, 14]
[15, 19660, 8, 14, 9, 10]
[15, 19660, 6, 6, 6, 4]
[15, 19660, 9, 12, 11, 11]
[15, 19660, 5, 6, 15, 8]
[15, 19660, 13, 11, 12, 7]
[15, 19660, 6, 9, 8, 6]
[15, 19660, 8, 4, 2, 10]
[15, 19660, 5, 9, 7, 8]
[15, 19660, 2, 8, 12, 10]
[15, 19660, 5, 8, 11, 5]
[15, 19660, 4, 7, 7, 2]
[15, 19660, 6, 9, 11, 2]
[15, 19660, 5, 9, 8, 5]
[15, 19660, 6, 5, 15, 9]
[15, 19660, 7, 6, 2, 9]
[15, 19660, 5, 6, 4, 4]
[15, 19660, 10, 6, 7, 6]
[15, 19660, 9, 12, 8, 10]
[15, 19660, 11, 6, 7, 11]
[15, 19660, 1, 6, 7, 13]
[15, 19660, 15, 9, 6, 12]
[15, 19660, 10, 13, 9, 5]
[15, 19660, 5, 11, 16, 8]
[15, 19660, 13, 13, 1, 6]
[15, 19660, 14, 9, 7, 5]
[15, 19660, 4, 1, 13, 6]
[15, 19660, 21, 6, 10, 6]
[15, 19660, 9, 6, 11, 4]
[15, 19660, 1, 6, 17, 10]
[15, 19660, 5, 6, 5, 2]
[15, 19660, 10, 9, 11, 9]
[15, 19660, 7, 7, 8, 6]
[15, 19660, 14, 8, 11, 13]
[15, 19660, 3, 9, 14, 6]
[15, 19660, 4, 3, 5, 5]
[15, 19660, 8, 15, 11, 3]
[15, 19660, 12, 9, 3, 1]
[15, 19660, 4, 8, 6, 5]
[15, 19660, 6, 0, 7, 13]
[15, 19660, 4, 2, 10, 6]
[15, 19660, 5, 5, 5, 9]
[15, 19660, 7, 6, 3, 5]
[15, 19660, 7, 16, 9, 11]
[15, 19660, 14, 5, 8, 12]
[15, 19660, 10, 8, 10, 6]
[15, 19660, 14, 12, 8, 8]
[15, 19660, 4, 13, 2, 17]
[15, 19660, 7, 6, 3, 6]
[15, 19660, 8, 9, 5, 3]
[15, 19660, 8, 6, 4, 14]
[15, 19660, 9, 6, 8, 16]
[15, 19660, 14, 8, 11, 9]
[15, 19660, 1, 5, 5, 6]
[15, 19660, 14, 12, 7, 2]
[15, 19660, 6, 8, 2, 6]
[15, 19660, 13, 10, 4, 9]
[15, 19660, 5, 6, 13, 10]
[15, 19660, 8, 10, 19, 7]
[15, 19660, 5, 10, 6, 7]
[15, 19660, 9, 11, 5, 5]
[15, 19660, 9, 11, 9, 11]
[15, 19660, 10, 6, 16, 10]
[15, 19660, 16, 7, 2, 14]
[15, 19660, 5, 12, 8, 7]
[15, 19660, 10, 5, 4, 4]
[15, 19660, 9, 10, 4, 2]
[15, 19660, 10, 9, 8, 8]
[15, 19660, 10, 2, 13, 9]
[15, 19660, 5, 11, 12, 9]
[15, 19660, 11, 5, 15, 11]
[15, 19660, 3, 6, 6, 3]
[15, 19660, 3, 11, 8, 7]
[15, 19660, 1, 9, 5, 17]
[15, 19660, 10, 4, 6, 7]
[15, 19660, 4, 9, 4, 4]
[15, 19660, 10, 15, 10, 9]
[15, 19660, 14, 8, 7, 6]
[20, 26214, 23, 19, 22, 16]
[20, 26214, 21, 24, 21, 15]
[20, 26214, 19, 10, 25, 31]
[20, 26214, 25, 20, 28, 34]
[20, 26214, 31, 27, 20, 25]
[20, 26214, 18, 27, 32, 27]
[20, 26214, 18, 23, 31, 35]
[20, 26214, 21, 16, 18, 41]
[20, 26214, 32, 27, 29, 26]
[20, 26214, 23, 23, 21, 23]
[20, 26214, 38, 24, 35, 26]
[20, 26214, 29, 19, 20, 17]
[20, 26214, 33, 20, 26, 33]
[20, 26214, 24, 36, 18, 20]
[20, 26214, 32, 24, 32, 32]
[20, 26214, 21, 29, 20, 31]
[20, 26214, 27, 13, 31, 37]
[20, 26214, 29, 30, 32, 36]
[20, 26214, 20, 27, 20, 28]
[20, 26214, 17, 30, 27, 25]
[20, 26214, 24, 30, 28, 28]
[20, 26214, 30, 25, 12, 24]
[20, 26214, 21, 31, 20, 14]
[20, 26214, 27, 24, 39, 26]
[20, 26214, 17, 18, 25, 25]
[20, 26214, 30, 21, 35, 23]
[20, 26214, 40, 28, 32, 39]
[20, 26214, 28, 31, 24, 27]
[20, 26214, 28, 30, 17, 31]
[20, 26214, 32, 14, 22, 20]
[20, 26214, 17, 26, 25, 36]
[20, 26214, 20, 23, 18, 34]
[20, 26214, 36, 16, 28, 24]
[20, 26214, 20, 32, 23, 25]
[20, 26214, 28, 14, 15, 19]
[20, 26214, 41, 21, 23, 22]
[20, 26214, 18, 22, 27, 32]
[20, 26214, 24, 25, 25, 16]
[20, 26214, 19, 27, 31, 23]
[20, 26214, 28, 29, 30, 43]
[20, 26214, 30, 15, 20, 17]
[20, 26214, 13, 33, 29, 18]
[20, 26214, 18, 34, 18, 39]
[20, 26214, 24, 12, 12, 36]
[20, 26214, 24, 44, 26, 25]
[20, 26214, 24, 20, 21, 19]
[20, 26214, 21, 35, 17, 16]
[20, 26214, 26, 25, 33, 27]
[20, 26214, 16, 20, 30, 28]
[20, 26214, 32, 26, 29, 27]
[20, 26214, 31, 19, 33, 30]
[20, 26214, 23, 26, 42, 19]
[20, 26214, 28, 22, 11, 30]
[20, 26214, 26, 18, 34, 25]
[20, 26214, 25, 30, 19, 17]
[20, 26214, 34, 16, 29, 17]
[20, 26214, 31, 23, 19, 15]
[20, 26214, 17, 18, 27, 17]
[20, 26214, 25, 13, 17, 21]
[20, 26214, 34, 35, 32, 17]
[20, 26214, 18, 26, 30, 39]
[20, 26214, 18, 27, 18, 22]
[20, 26214, 29, 28, 28, 39]
[20, 26214, 20, 27, 28, 33]
[20, 26214, 42, 20, 31, 16]
[20, 26214, 38, 30, 21, 26]
[20, 26214, 35, 32, 31, 27]
[20, 26214, 26, 31, 44, 12]
[20, 26214, 21, 31, 26, 20]
[20, 26214, 27, 20, 30, 27]
[20, 26214, 34, 30, 30, 22]
[20, 26214, 33, 22, 29, 31]
[20, 26214, 20, 16, 37, 23]
[20, 26214, 35, 22, 28, 27]
[20, 26214, 32, 25, 30, 25]
[20, 26214, 17, 29, 28, 20]
[20, 26214, 28, 29, 24, 24]
[20, 26214, 26, 31, 23, 27]
[20, 26214, 36, 25, 28, 27]
[20, 26214, 24, 27, 24, 22]
[20, 26214, 18, 24, 34, 27]
[20, 26214, 23, 17, 21, 34]
[20, 26214, 11, 21, 16, 28]
[20, 26214, 18, 15, 18, 18]
[20, 26214, 21, 24, 34, 37]
[20, 26214, 37, 24, 19, 25]
[20, 26214, 26, 25, 41, 28]
[20, 26214, 32, 18, 10, 19]
[20, 26214, 36, 27, 26, 31]
[20, 26214, 24, 29, 37, 20]
[20, 26214, 29, 19, 14, 29]
[20, 26214, 24, 15, 20, 21]
[20, 26214, 36, 18, 27, 24]
[20, 26214, 17, 21, 37, 20]
[20, 26214, 14, 22, 15, 32]
[20, 26214, 28, 29, 23, 30]
[20, 26214, 40, 15, 15, 35]
[20, 26214, 31, 26, 14, 26]
[20, 26214, 32, 27, 34, 22]
[20, 26214, 33, 16, 16, 25]
[25, 32768, 53, 69, 52, 67]
[25, 32768, 73, 70, 81, 70]
[25, 32768, 69, 49, 69, 48]
[25, 32768, 50, 74, 50, 89]
[25, 32768, 73, 77, 74, 62]
[25, 32768, 64, 69, 61, 86]
[25, 32768, 75, 44, 53, 74]
[25, 32768, 56, 40, 55, 88]
[25, 32768, 45, 66, 54, 61]
[25, 32768, 64, 57, 52, 71]
[25, 32768, 58, 75, 65, 35]
[25, 32768, 60, 59, 67, 50]
[25, 32768, 82, 74, 88, 87]
[25, 32768, 67, 65, 49, 57]
[25, 32768, 47, 64, 61, 81]
[25, 32768, 67, 96, 61, 69]
[25, 32768, 57, 47, 60, 65]
[25, 32768, 67, 82, 82, 69]
[25, 32768, 50, 58, 43, 63]
[25, 32768, 64, 74, 60, 95]
[25, 32768, 79, 65, 75, 66]
[25, 32768, 75, 48, 39, 57]
[25, 32768, 66, 103, 53, 56]
[25, 32768, 60, 79, 82, 69]
[25, 32768, 52, 80, 45, 54]
[25, 32768, 57, 51, 86, 86]
[25, 32768, 93, 54, 61, 49]
[25, 32768, 66, 77, 73, 67]
[25, 32768, 47, 68, 70, 64]
[25, 32768, 67, 63, 55, 79]
[25, 32768, 66, 54, 69, 52]
[25, 32768, 36, 61, 47, 62]
[25, 32768, 60, 65, 89, 57]
[25, 32768, 56, 76, 76, 71]
[25, 32768, 69, 55, 40, 48]
[25, 32768, 61, 64, 68, 81]
[25, 32768, 48, 71, 65, 56]
[25, 32768, 44, 75, 73, 84]
[25, 32768, 70, 76, 65, 87]
[25, 32768, 64, 47, 52, 66]
[25, 32768, 62, 63, 67, 57]
[25, 32768, 59, 69, 73, 66]
[25, 32768, 73, 83, 72, 69]
[25, 32768, 82, 54, 60, 74]
[25, 32768, 70, 84, 61, 45]
[25, 32768, 70, 71, 67, 81]
[25, 32768, 47, 65, 78, 65]
[25, 32768, 55, 89, 57, 96]
[25, 32768, 61, 66, 67, 61]
[25, 32768, 54, 49, 70, 58]
[25, 32768, 69, 66, 67, 75]
[25, 32768, 57, 53, 68, 78]
[25, 32768, 59, 49, 59, 75]
[25, 32768, 68, 48, 47, 54]
[25, 32768, 75, 58, 97, 50]
[25, 32768, 61, 70, 78, 42]
[25, 32768, 64, 73, 49, 55]
[25, 32768, 60, 74, 88, 69]
[25, 32768, 73, 52, 64, 48]
[25, 32768, 71, 66, 54, 60]
[25, 32768, 68, 55, 64, 59]
[25, 32768, 37, 80, 75, 57]
[25, 32768, 59, 57, 52, 65]
[25, 32768, 58, 89, 75, 65]
[25, 32768, 53, 57, 66, 71]
[25, 32768, 57, 75, 89, 45]
[25, 32768, 58, 48, 74, 60]
[25, 32768, 74, 60, 82, 72]
[25, 32768, 86, 75, 58, 45]
[25, 32768, 64, 73, 62, 72]
[25, 32768, 54, 70, 75, 62]
[25, 32768, 68, 73, 82, 53]
[25, 32768, 61, 61, 77, 72]
[25, 32768, 76, 59, 82, 63]
[25, 32768, 72, 68, 81, 73]
[25, 32768, 69, 43, 63, 75]
[25, 32768, 69, 77, 75, 52]
[25, 32768, 65, 71, 75, 51]
[25, 32768, 70, 62, 70, 72]
[25, 32768, 55, 76, 78, 46]
[25, 32768, 59, 69, 63, 72]
[25, 32768, 67, 70, 69, 70]
[25, 32768, 59, 58, 52, 72]
[25, 32768, 77, 64, 64, 71]
[25, 32768, 63, 50, 105, 53]
[25, 32768, 90, 69, 44, 72]
[25, 32768, 61, 83, 86, 84]
[25, 32768, 76, 56, 65, 63]
[25, 32768, 71, 79, 52, 63]
[25, 32768, 76, 80, 64, 72]
[25, 32768, 46, 58, 72, 74]
[25, 32768, 74, 61, 54, 73]
[25, 32768, 70, 41, 58, 62]
[25, 32768, 57, 57, 69, 62]
[25, 32768, 68, 84, 81, 78]
[25, 32768, 54, 64, 70, 65]
[25, 32768, 69, 49, 53, 69]
[25, 32768, 59, 57, 52, 56]
[25, 32768, 69, 64, 71, 45]
[25, 32768, 54, 66, 50, 78]
[30, 39321, 122, 142, 125, 147]
[30, 39321, 136, 166, 114, 150]
[30, 39321, 150, 143, 107, 132]
[30, 39321, 142, 161, 99, 140]
[30, 39321, 155, 137, 159, 127]
[30, 39321, 166, 158, 142, 127]
[30, 39321, 112, 140, 134, 137]
[30, 39321, 131, 162, 138, 122]
[30, 39321, 136, 150, 122, 140]
[30, 39321, 141, 138, 115, 138]
[30, 39321, 128, 128, 131, 137]
[30, 39321, 122, 142, 137, 152]
[30, 39321, 121, 135, 120, 138]
[30, 39321, 115, 121, 113, 134]
[30, 39321, 128, 155, 158, 137]
[30, 39321, 147, 153, 115, 135]
[30, 39321, 126, 113, 135, 120]
[30, 39321, 159, 149, 163, 113]
[30, 39321, 138, 130, 129, 140]
[30, 39321, 118, 138, 145, 152]
[30, 39321, 136, 101, 127, 149]
[30, 39321, 140, 147, 132, 127]
[30, 39321, 163, 158, 128, 125]
[30, 39321, 123, 129, 179, 127]
[30, 39321, 96, 137, 124, 124]
[30, 39321, 127, 132, 153, 173]
[30, 39321, 154, 136, 163, 105]
[30, 39321, 141, 141, 112, 151]
[30, 39321, 107, 149, 143, 145]
[30, 39321, 128, 109, 167, 145]
[30, 39321, 121, 119, 156, 115]
[30, 39321, 161, 116, 142, 131]
[30, 39321, 128, 161, 149, 125]
[30, 39321, 157, 141, 148, 169]
[30, 39321, 153, 127, 131, 134]
[30, 39321, 133, 135, 139, 146]
[30, 39321, 121, 129, 154, 150]
[30, 39321, 116, 116, 130, 123]
[30, 39321, 96, 150, 147, 127]
[30, 39321, 129, 151, 128, 147]
[30, 39321, 151, 136, 113, 112]
[30, 39321, 128, 112, 134, 110]
[30, 39321, 138, 151, 149, 128]
[30, 39321, 149, 115, 144, 148]
[30, 39321, 158, 118, 147, 119]
[30, 39321, 163, 154, 114, 129]
[30, 39321, 129, 122, 140, 128]
[30, 39321, 114, 133, 132, 132]
[30, 39321, 124, 150, 139, 160]
[30, 39321, 115, 175, 141, 136]
[30, 39321, 139, 96, 154, 122]
[30, 39321, 104, 156, 158, 136]
[30, 39321, 112, 111, 118, 145]
[30, 39321, 128, 159, 103, 169]
[30, 39321, 155, 126, 133, 129]
[30, 39321, 170, 116, 157, 142]
[30, 39321, 148, 157, 136, 145]
[30, 39321, 158, 114, 158, 144]
[30, 39321, 137, 160, 124, 103]
[30, 39321, 161, 115, 127, 105]
[30, 39321, 120, 160, 129, 142]
[30, 39321, 160, 115, 113, 114]
[30, 39321, 158, 139, 134, 145]
[30, 39321, 104, 139, 108, 153]
[30, 39321, 143, 144, 117, 114]
[30, 39321, 144, 147, 127, 109]
[30, 39321, 121, 122, 123, 133]
[30, 39321, 163, 150, 158, 142]
[30, 39321, 161, 118, 148, 115]
[30, 39321, 122, 159, 147, 155]
[30, 39321, 123, 150, 122, 129]
[30, 39321, 132, 170, 171, 131]
[30, 39321, 135, 133, 150, 166]
[30, 39321, 134, 135, 149, 110]
[30, 39321, 117, 118, 159, 148]
[30, 39321, 108, 131, 114, 145]
[30, 39321, 129, 139, 135, 115]
[30, 39321, 145, 144, 141, 138]
[30, 39321, 138, 121, 123, 147]
[30, 39321, 132, 139, 152, 128]
[30, 39321, 123, 121, 125, 139]
[30, 39321, 129, 166, 137, 133]
[30, 39321, 131, 134, 119, 117]
[30, 39321, 124, 153, 132, 115]
[30, 39321, 103, 123, 161, 146]
[30, 39321, 152, 153, 151, 145]
[30, 39321, 138, 146, 172, 120]
[30, 39321, 116, 108, 139, 129]
[30, 39321, 131, 146, 142, 134]
[30, 39321, 160, 156, 137, 117]
[30, 39321, 161, 113, 147, 113]
[30, 39321, 138, 126, 94, 143]
[30, 39321, 126, 166, 141, 144]
[30, 39321, 119, 144, 132, 118]
[30, 39321, 116, 177, 150, 119]
[30, 39321, 114, 142, 104, 171]
[30, 39321, 137, 121, 143, 134]
[30, 39321, 134, 175, 131, 137]
[30, 39321, 117, 162, 125, 125]
[30, 39321, 125, 152, 119, 119]
[35, 45875, 243, 224, 250, 214]
[35, 45875, 211, 225, 285, 209]
[35, 45875, 278, 200, 219, 261]
[35, 45875, 258, 269, 227, 260]
[35, 45875, 285, 247, 240, 206]
[35, 45875, 222, 286, 209, 250]
[35, 45875, 261, 269, 255, 199]
[35, 45875, 206, 240, 256, 252]
[35, 45875, 263, 279, 260, 285]
[35, 45875, 239, 239, 214, 246]
[35, 45875, 250, 221, 227, 263]
[35, 45875, 230, 275, 229, 295]
[35, 45875, 223, 233, 306, 240]
[35, 45875, 257, 244, 255, 252]
[35, 45875, 283, 263, 237, 244]
[35, 45875, 290, 267, 194, 274]
[35, 45875, 224, 219, 250, 249]
[35, 45875, 276, 238, 227, 230]
[35, 45875, 250, 266, 240, 206]
[35, 45875, 251, 255, 265, 251]
[35, 45875, 252, 255, 228, 226]
[35, 45875, 282, 240, 243, 205]
[35, 45875, 240, 248, 224, 256]
[35, 45875, 235, 229, 287, 242]
[35, 45875, 251, 245, 236, 257]
[35, 45875, 253, 220, 292, 260]
[35, 45875, 261, 220, 295, 263]
[35, 45875, 221, 278, 261, 302]
[35, 45875, 275, 244, 226, 239]
[35, 45875, 243, 232, 261, 212]
[35, 45875, 242, 255, 290, 243]
[35, 45875, 219, 253, 239, 261]
[35, 45875, 241, 269, 256, 251]
[35, 45875, 240, 220, 228, 258]
[35, 45875, 286, 214, 267, 255]
[35, 45875, 253, 253, 264, 301]
[35, 45875, 220, 210, 299, 242]
[35, 45875, 248, 269, 244, 219]
[35, 45875, 228, 248, 246, 257]
[35, 45875, 214, 245, 213, 267]
[35, 45875, 284, 262, 292, 228]
[35, 45875, 282, 254, 249, 257]
[35, 45875, 230, 270, 256, 250]
[35, 45875, 251, 274, 200, 218]
[35, 45875, 243, 274, 229, 236]
[35, 45875, 228, 269, 221, 266]
[35, 45875, 271, 243, 239, 227]
[35, 45875, 250, 239, 294, 257]
[35, 45875, 284, 242, 242, 253]
[35, 45875, 221, 234, 227, 231]
[35, 45875, 270, 252, 303, 269]
[35, 45875, 229, 267, 257, 206]
[35, 45875, 226, 198, 227, 290]
[35, 45875, 281, 225, 253, 241]
[35, 45875, 234, 231, 271, 196]
[35, 45875, 229, 279, 244, 285]
[35, 45875, 228, 265, 259, 261]
[35, 45875, 264, 250, 278, 257]
[35, 45875, 267, 270, 247, 251]
[35, 45875, 264, 259, 221, 223]
[35, 45875, 255, 252, 241, 249]
[35, 45875, 266, 262, 197, 250]
[35, 45875, 246, 285, 247, 271]
[35, 45875, 244, 271, 248, 243]
[35, 45875, 261, 276, 259, 248]
[35, 45875, 234, 299, 254, 244]
[35, 45875, 271, 228, 304, 298]
[35, 45875, 266, 228, 270, 233]
[35, 45875, 260, 271, 284, 201]
[35, 45875, 232, 275, 252, 220]
[35, 45875, 242, 285, 262, 251]
[35, 45875, 234, 255, 232, 228]
[35, 45875, 198, 238, 279, 280]
[35, 45875, 272, 272, 298, 267]
[35, 45875, 285, 236, 238, 274]
[35, 45875, 263, 288, 238, 244]
[35, 45875, 246, 269, 236, 222]
[35, 45875, 253, 299, 284, 257]
[35, 45875, 270, 276, 220, 294]
[35, 45875, 275, 269, 282, 248]
[35, 45875, 241, 227, 268, 300]
[35, 45875, 244, 213, 247, 257]
[35, 45875, 208, 234, 246, 255]
[35, 45875, 246, 262, 256, 261]
[35, 45875, 246, 259, 242, 240]
[35, 45875, 278, 270, 265, 269]
[35, 45875, 205, 233, 293, 243]
[35, 45875, 251, 234, 256, 258]
[35, 45875, 227, 285, 285, 221]
[35, 45875, 211, 246, 237, 250]
[35, 45875, 274, 238, 244, 275]
[35, 45875, 266, 258, 186, 251]
[35, 45875, 292, 212, 290, 255]
[35, 45875, 250, 281, 251, 255]
[35, 45875, 225, 281, 248, 243]
[35, 45875, 277, 221, 251, 280]
[35, 45875, 254, 250, 292, 263]
[35, 45875, 247, 281, 235, 202]
[35, 45875, 247, 264, 251, 246]
[35, 45875, 231, 300, 242, 260]
[40, 52428, 383, 427, 360, 386]
[40, 52428, 403, 390, 419, 425]
[40, 52428, 444, 386, 399, 384]
[40, 52428, 386, 445, 411, 405]
[40, 52428, 446, 363, 447, 400]
[40, 52428, 423, 404, 430, 408]
[40, 52428, 399, 448, 435, 425]
[40, 52428, 395, 374, 476, 413]
[40, 52428, 429, 430, 415, 431]
[40, 52428, 416, 439, 391, 428]
[40, 52428, 450, 412, 401, 455]
[40, 52428, 454, 481, 412, 436]
[40, 52428, 423, 371, 456, 439]
[40, 52428, 392, 391, 390, 395]
[40, 52428, 429, 375, 440, 401]
[40, 52428, 469, 414, 351, 450]
[40, 52428, 421, 364, 454, 463]
[40, 52428, 426, 458, 432, 436]
[40, 52428, 376, 393, 384, 420]
[40, 52428, 396, 449, 448, 405]
[40, 52428, 473, 384, 430, 386]
[40, 52428, 451, 412, 352, 417]
[40, 52428, 451, 425, 497, 403]
[40, 52428, 457, 431, 459, 381]
[40, 52428, 416, 428, 397, 402]
[40, 52428, 420, 429, 432, 502]
[40, 52428, 440, 380, 427, 435]
[40, 52428, 408, 431, 445, 444]
[40, 52428, 460, 449, 425, 413]
[40, 52428, 482, 407, 455, 470]
[40, 52428, 348, 438, 435, 406]
[40, 52428, 410, 466, 417, 402]
[40, 52428, 384, 444, 422, 397]
[40, 52428, 397, 465, 382, 453]
[40, 52428, 407, 413, 410, 376]
[40, 52428, 428, 471, 424, 425]
[40, 52428, 413, 407, 442, 469]
[40, 52428, 438, 435, 413, 366]
[40, 52428, 417, 438, 395, 402]
[40, 52428, 400, 437, 399, 404]
[40, 52428, 442, 386, 433, 407]
[40, 52428, 432, 442, 399, 386]
[40, 52428, 373, 453, 399, 481]
[40, 52428, 436, 393, 409, 409]
[40, 52428, 399, 456, 438, 400]
[40, 52428, 410, 391, 429, 431]
[40, 52428, 520, 359, 425, 372]
[40, 52428, 436, 423, 462, 453]
[40, 52428, 457, 405, 407, 410]
[40, 52428, 421, 398, 391, 383]
[40, 52428, 407, 414, 468, 411]
[40, 52428, 367, 449, 440, 390]
[40, 52428, 424, 395, 400, 429]
[40, 52428, 445, 432, 397, 363]
[40, 52428, 396, 443, 411, 344]
[40, 52428, 415, 488, 399, 461]
[40, 52428, 383, 442, 353, 378]
[40, 52428, 443, 404, 477, 420]
[40, 52428, 399, 409, 426, 347]
[40, 52428, 437, 428, 413, 407]
[40, 52428, 397, 407, 460, 435]
[40, 52428, 432, 428, 429, 433]
[40, 52428, 446, 386, 439, 456]
[40, 52428, 425, 428, 455, 416]
[40, 52428, 429, 401, 435, 438]
[40, 52428, 437, 434, 450, 367]
[40, 52428, 439, 408, 389, 437]
[40, 52428, 451, 438, 456, 392]
[40, 52428, 429, 409, 483, 403]
[40, 52428, 420, 437, 361, 427]
[40, 52428, 411, 485, 441, 405]
[40, 52428, 399, 411, 437, 371]
[40, 52428, 435, 440, 467, 459]
[40, 52428, 398, 443, 453, 430]
[40, 52428, 407, 423, 410, 462]
[40, 52428, 437, 420, 381, 392]
[40, 52428, 354, 465, 398, 415]
[40, 52428, 418, 421, 410, 366]
[40, 52428, 443, 447, 376, 404]
[40, 52428, 398, 471, 442, 395]
[40, 52428, 430, 398, 431, 414]
[40, 52428, 416, 413, 429, 440]
[40, 52428, 393, 457, 410, 416]
[40, 52428, 398, 412, 441, 393]
[40, 52428, 369, 372, 483, 424]
[40, 52428, 475, 411, 392, 443]
[40, 52428, 395, 424, 547, 423]
[40, 52428, 418, 408, 414, 421]
[40, 52428, 467, 441, 425, 412]
[40, 52428, 408, 446, 399, 462]
[40, 52428, 458, 368, 400, 415]
[40, 52428, 451, 429, 345, 418]
[40, 52428, 460, 373, 466, 466]
[40, 52428, 460, 462, 433, 422]
[40, 52428, 363, 426, 377, 438]
[40, 52428, 482, 455, 408, 446]
[40, 52428, 413, 407, 407, 391]
[40, 52428, 437, 391, 452, 381]
[40, 52428, 448, 400, 388, 416]
[40, 52428, 365, 474, 433, 380]
