[1, 1310, 0]
[1, 1310, 0]
[1, 1310, 0]
[1, 1310, 0]
[1, 1310, 0]
[1, 1310, 0]
[1, 1310, 0]
[1, 1310, 0]
[1, 1310, 0]
[1, 1310, 0]
[1, 1310, 0]
[1, 1310, 0]
[1, 1310, 0]
[1, 1310, 0]
[1, 1310, 0]
[1, 1310, 0]
[1, 1310, 0]
[1, 1310, 0]
[1, 1310, 0]
[1, 1310, 0]
[1, 1310, 0]
[1, 1310, 0]
[1, 1310, 0]
[1, 1310, 0]
[1, 1310, 0]
[1, 1310, 0]
[1, 1310, 0]
[1, 1310, 0]
[1, 1310, 0]
[1, 1310, 0]
[1, 1310, 0]
[1, 1310, 0]
[1, 1310, 0]
[1, 1310, 0]
[1, 1310, 0]
[1, 1310, 0]
[1, 1310, 0]
[1, 1310, 0]
[1, 1310, 0]
[1, 1310, 0]
[1, 1310, 0]
[1, 1310, 0]
[1, 1310, 0]
[1, 1310, 0]
[1, 1310, 0]
[1, 1310, 0]
[1, 1310, 0]
[1, 1310, 0]
[1, 1310, 0]
[1, 1310, 0]
[1, 1310, 0]
[1, 1310, 0]
[1, 1310, 0]
[1, 1310, 0]
[1, 1310, 0]
[1, 1310, 0]
[1, 1310, 0]
[1, 1310, 0]
[1, 1310, 0]
[1, 1310, 0]
[1, 1310, 0]
[1, 1310, 0]
[1, 1310, 0]
[1, 1310, 0]
[1, 1310, 0]
[1, 1310, 0]
[1, 1310, 0]
[1, 1310, 0]
[1, 1310, 0]
[1, 1310, 0]
[1, 1310, 0]
[1, 1310, 0]
[1, 1310, 0]
[1, 1310, 0]
[1, 1310, 0]
[1, 1310, 0]
[1, 1310, 0]
[1, 1310, 0]
[1, 1310, 0]
[1, 1310, 0]
[1, 1310, 0]
[1, 1310, 0]
[1, 1310, 0]
[1, 1310, 0]
[1, 1310, 0]
[1, 1310, 0]
[1, 1310, 0]
[1, 1310, 0]
[1, 1310, 0]
[1, 1310, 0]
[1, 1310, 0]
[1, 1310, 0]
[1, 1310, 0]
[1, 1310, 0]
[1, 1310, 0]
[1, 1310, 0]
[1, 1310, 0]
[1, 1310, 0]
[1, 1310, 0]
[1, 1310, 0]
[2, 2621, 0]
[2, 2621, 0]
[2, 2621, 0]
[2, 2621, 0]
[2, 2621, 0]
[2, 2621, 0]
[2, 2621, 0]
[2, 2621, 0]
[2, 2621, 0]
[2, 2621, 0]
[2, 2621, 0]
[2, 2621, 0]
[2, 2621, 0]
[2, 2621, 0]
[2, 2621, 0]
[2, 2621, 0]
[2, 2621, 0]
[2, 2621, 0]
[2, 2621, 0]
[2, 2621, 0]
[2, 2621, 0]
[2, 2621, 0]
[2, 2621, 0]
[2, 2621, 0]
[2, 2621, 0]
[2, 2621, 0]
[2, 2621, 0]
[2, 2621, 0]
[2, 2621, 0]
[2, 2621, 0]
[2, 2621, 0]
[2, 2621, 0]
[2, 2621, 0]
[2, 2621, 0]
[2, 2621, 0]
[2, 2621, 0]
[2, 2621, 0]
[2, 2621, 0]
[2, 2621, 0]
[2, 2621, 0]
[2, 2621, 0]
[2, 2621, 0]
[2, 2621, 0]
[2, 2621, 0]
[2, 2621, 0]
[2, 2621, 0]
[2, 2621, 0]
[2, 2621, 0]
[2, 2621, 0]
[2, 2621, 0]
[2, 2621, 0]
[2, 2621, 0]
[2, 2621, 0]
[2, 2621, 0]
[2, 2621, 0]
[2, 2621, 0]
[2, 2621, 0]
[2, 2621, 0]
[2, 2621, 0]
[2, 2621, 0]
[2, 2621, 0]
[2, 2621, 0]
[2, 2621, 0]
[2, 2621, 0]
[2, 2621, 0]
[2, 2621, 0]
[2, 2621, 0]
[2, 2621, 0]
[2, 2621, 0]
[2, 2621, 0]
[2, 2621, 0]
[2, 2621, 0]
[2, 2621, 0]
[2, 2621, 0]
[2, 2621, 0]
[2, 2621, 0]
[2, 2621, 0]
[2, 2621, 0]
[2, 2621, 0]
[2, 2621, 0]
[2, 2621, 0]
[2, 2621, 0]
[2, 2621, 0]
[2, 2621, 0]
[2, 2621, 0]
[2, 2621, 0]
[2, 2621, 0]
[2, 2621, 0]
[2, 2621, 0]
[2, 2621, 0]
[2, 2621, 0]
[2, 2621, 0]
[2, 2621, 0]
[2, 2621, 0]
[2, 2621, 0]
[2, 2621, 0]
[2, 2621, 0]
[2, 2621, 0]
[2, 2621, 0]
[2, 2621, 0]
[5, 6553, 1]
[5, 6553, 0]
[5, 6553, 0]
[5, 6553, 0]
[5, 6553, 0]
[5, 6553, 0]
[5, 6553, 0]
[5, 6553, 2]
[5, 6553, 1]
[5, 6553, 0]
[5, 6553, 0]
[5, 6553, 0]
[5, 6553, 1]
[5, 6553, 1]
[5, 6553, 0]
[5, 6553, 0]
[5, 6553, 1]
[5, 6553, 0]
[5, 6553, 0]
[5, 6553, 0]
[5, 6553, 0]
[5, 6553, 0]
[5, 6553, 0]
[5, 6553, 0]
[5, 6553, 0]
[5, 6553, 0]
[5, 6553, 0]
[5, 6553, 1]
[5, 6553, 0]
[5, 6553, 0]
[5, 6553, 0]
[5, 6553, 0]
[5, 6553, 0]
[5, 6553, 1]
[5, 6553, 0]
[5, 6553, 0]
[5, 6553, 0]
[5, 6553, 1]
[5, 6553, 0]
[5, 6553, 0]
[5, 6553, 2]
[5, 6553, 0]
[5, 6553, 0]
[5, 6553, 0]
[5, 6553, 0]
[5, 6553, 0]
[5, 6553, 0]
[5, 6553, 1]
[5, 6553, 0]
[5, 6553, 0]
[5, 6553, 0]
[5, 6553, 0]
[5, 6553, 1]
[5, 6553, 0]
[5, 6553, 0]
[5, 6553, 0]
[5, 6553, 0]
[5, 6553, 0]
[5, 6553, 1]
[5, 6553, 0]
[5, 6553, 0]
[5, 6553, 0]
[5, 6553, 0]
[5, 6553, 0]
[5, 6553, 0]
[5, 6553, 0]
[5, 6553, 0]
[5, 6553, 0]
[5, 6553, 0]
[5, 6553, 0]
[5, 6553, 2]
[5, 6553, 0]
[5, 6553, 0]
[5, 6553, 0]
[5, 6553, 0]
[5, 6553, 0]
[5, 6553, 0]
[5, 6553, 0]
[5, 6553, 0]
[5, 6553, 1]
[5, 6553, 0]
[5, 6553, 0]
[5, 6553, 1]
[5, 6553, 0]
[5, 6553, 0]
[5, 6553, 1]
[5, 6553, 0]
[5, 6553, 1]
[5, 6553, 0]
[5, 6553, 1]
[5, 6553, 0]
[5, 6553, 0]
[5, 6553, 0]
[5, 6553, 0]
[5, 6553, 0]
[5, 6553, 0]
[5, 6553, 0]
[5, 6553, 0]
[5, 6553, 0]
[5, 6553, 0]
[10, 13107, 2]
[10, 13107, 5]
[10, 13107, 7]
[10, 13107, 1]
[10, 13107, 3]
[10, 13107, 4]
[10, 13107, 5]
[10, 13107, 3]
[10, 13107, 5]
[10, 13107, 3]
[10, 13107, 7]
[10, 13107, 6]
[10, 13107, 2]
[10, 13107, 3]
[10, 13107, 8]
[10, 13107, 1]
[10, 13107, 4]
[10, 13107, 3]
[10, 13107, 5]
[10, 13107, 4]
[10, 13107, 2]
[10, 13107, 4]
[10, 13107, 3]
[10, 13107, 1]
[10, 13107, 4]
[10, 13107, 1]
[10, 13107, 5]
[10, 13107, 6]
[10, 13107, 5]
[10, 13107, 3]
[10, 13107, 6]
[10, 13107, 5]
[10, 13107, 5]
[10, 13107, 1]
[10, 13107, 6]
[10, 13107, 7]
[10, 13107, 3]
[10, 13107, 8]
[10, 13107, 1]
[10, 13107, 3]
[10, 13107, 5]
[10, 13107, 2]
[10, 13107, 8]
[10, 13107, 5]
[10, 13107, 7]
[10, 13107, 4]
[10, 13107, 1]
[10, 13107, 4]
[10, 13107, 2]
[10, 13107, 1]
[10, 13107, 4]
[10, 13107, 0]
[10, 13107, 10]
[10, 13107, 8]
[10, 13107, 1]
[10, 13107, 2]
[10, 13107, 4]
[10, 13107, 1]
[10, 13107, 1]
[10, 13107, 7]
[10, 13107, 4]
[10, 13107, 3]
[10, 13107, 2]
[10, 13107, 1]
[10, 13107, 0]
[10, 13107, 2]
[10, 13107, 5]
[10, 13107, 4]
[10, 13107, 2]
[10, 13107, 1]
[10, 13107, 6]
[10, 13107, 5]
[10, 13107, 4]
[10, 13107, 2]
[10, 13107, 5]
[10, 13107, 4]
[10, 13107, 4]
[10, 13107, 1]
[10, 13107, 2]
[10, 13107, 7]
[10, 13107, 4]
[10, 13107, 2]
[10, 13107, 4]
[10, 13107, 3]
[10, 13107, 1]
[10, 13107, 4]
[10, 13107, 4]
[10, 13107, 6]
[10, 13107, 1]
[10, 13107, 5]
[10, 13107, 4]
[10, 13107, 4]
[10, 13107, 2]
[10, 13107, 4]
[10, 13107, 12]
[10, 13107, 5]
[10, 13107, 4]
[10, 13107, 5]
[10, 13107, 1]
[10, 13107, 4]
[15, 19660, 32]
[15, 19660, 15]
[15, 19660, 31]
[15, 19660, 24]
[15, 19660, 28]
[15, 19660, 21]
[15, 19660, 32]
[15, 19660, 27]
[15, 19660, 37]
[15, 19660, 20]
[15, 19660, 19]
[15, 19660, 24]
[15, 19660, 36]
[15, 19660, 13]
[15, 19660, 18]
[15, 19660, 31]
[15, 19660, 21]
[15, 19660, 26]
[15, 19660, 27]
[15, 19660, 21]
[15, 19660, 22]
[15, 19660, 23]
[15, 19660, 36]
[15, 19660, 26]
[15, 19660, 25]
[15, 19660, 21]
[15, 19660, 35]
[15, 19660, 26]
[15, 19660, 32]
[15, 19660, 24]
[15, 19660, 25]
[15, 19660, 18]
[15, 19660, 35]
[15, 19660, 15]
[15, 19660, 23]
[15, 19660, 18]
[15, 19660, 25]
[15, 19660, 32]
[15, 19660, 22]
[15, 19660, 15]
[15, 19660, 20]
[15, 19660, 36]
[15, 19660, 19]
[15, 19660, 20]
[15, 19660, 20]
[15, 19660, 14]
[15, 19660, 23]
[15, 19660, 31]
[15, 19660, 25]
[15, 19660, 31]
[15, 19660, 21]
[15, 19660, 41]
[15, 19660, 17]
[15, 19660, 27]
[15, 19660, 27]
[15, 19660, 34]
[15, 19660, 18]
[15, 19660, 40]
[15, 19660, 34]
[15, 19660, 34]
[15, 19660, 23]
[15, 19660, 23]
[15, 19660, 16]
[15, 19660, 17]
[15, 19660, 31]
[15, 19660, 18]
[15, 19660, 21]
[15, 19660, 19]
[15, 19660, 35]
[15, 19660, 27]
[15, 19660, 42]
[15, 19660, 29]
[15, 19660, 18]
[15, 19660, 22]
[15, 19660, 18]
[15, 19660, 21]
[15, 19660, 20]
[15, 19660, 23]
[15, 19660, 21]
[15, 19660, 23]
[15, 19660, 25]
[15, 19660, 37]
[15, 19660, 42]
[15, 19660, 23]
[15, 19660, 27]
[15, 19660, 29]
[15, 19660, 19]
[15, 19660, 26]
[15, 19660, 29]
[15, 19660, 19]
[15, 19660, 33]
[15, 19660, 25]
[15, 19660, 20]
[15, 19660, 23]
[15, 19660, 24]
[15, 19660, 35]
[15, 19660, 26]
[15, 19660, 14]
[15, 19660, 16]
[15, 19660, 23]
[20, 26214, 87]
[20, 26214, 89]
[20, 26214, 99]
[20, 26214, 74]
[20, 26214, 106]
[20, 26214, 79]
[20, 26214, 93]
[20, 26214, 94]
[20, 26214, 81]
[20, 26214, 101]
[20, 26214, 85]
[20, 26214, 90]
[20, 26214, 87]
[20, 26214, 75]
[20, 26214, 109]
[20, 26214, 91]
[20, 26214, 99]
[20, 26214, 58]
[20, 26214, 98]
[20, 26214, 77]
[20, 26214, 70]
[20, 26214, 93]
[20, 26214, 83]
[20, 26214, 104]
[20, 26214, 81]
[20, 26214, 85]
[20, 26214, 79]
[20, 26214, 85]
[20, 26214, 74]
[20, 26214, 93]
[20, 26214, 92]
[20, 26214, 58]
[20, 26214, 83]
[20, 26214, 80]
[20, 26214, 74]
[20, 26214, 91]
[20, 26214, 62]
[20, 26214, 92]
[20, 26214, 68]
[20, 26214, 95]
[20, 26214, 80]
[20, 26214, 102]
[20, 26214, 68]
[20, 26214, 107]
[20, 26214, 67]
[20, 26214, 91]
[20, 26214, 90]
[20, 26214, 115]
[20, 26214, 77]
[20, 26214, 97]
[20, 26214, 79]
[20, 26214, 100]
[20, 26214, 95]
[20, 26214, 89]
[20, 26214, 99]
[20, 26214, 94]
[20, 26214, 96]
[20, 26214, 83]
[20, 26214, 92]
[20, 26214, 105]
[20, 26214, 95]
[20, 26214, 63]
[20, 26214, 79]
[20, 26214, 87]
[20, 26214, 104]
[20, 26214, 95]
[20, 26214, 76]
[20, 26214, 84]
[20, 26214, 92]
[20, 26214, 76]
[20, 26214, 96]
[20, 26214, 90]
[20, 26214, 76]
[20, 26214, 90]
[20, 26214, 96]
[20, 26214, 80]
[20, 26214, 114]
[20, 26214, 75]
[20, 26214, 98]
[20, 26214, 68]
[20, 26214, 97]
[20, 26214, 87]
[20, 26214, 81]
[20, 26214, 73]
[20, 26214, 87]
[20, 26214, 86]
[20, 26214, 104]
[20, 26214, 83]
[20, 26214, 85]
[20, 26214, 74]
[20, 26214, 72]
[20, 26214, 109]
[20, 26214, 89]
[20, 26214, 81]
[20, 26214, 80]
[20, 26214, 92]
[20, 26214, 105]
[20, 26214, 64]
[20, 26214, 64]
[20, 26214, 86]
[25, 32768, 224]
[25, 32768, 211]
[25, 32768, 257]
[25, 32768, 234]
[25, 32768, 227]
[25, 32768, 232]
[25, 32768, 250]
[25, 32768, 238]
[25, 32768, 241]
[25, 32768, 205]
[25, 32768, 213]
[25, 32768, 261]
[25, 32768, 254]
[25, 32768, 232]
[25, 32768, 216]
[25, 32768, 192]
[25, 32768, 207]
[25, 32768, 231]
[25, 32768, 245]
[25, 32768, 262]
[25, 32768, 239]
[25, 32768, 240]
[25, 32768, 237]
[25, 32768, 212]
[25, 32768, 206]
[25, 32768, 209]
[25, 32768, 207]
[25, 32768, 209]
[25, 32768, 241]
[25, 32768, 220]
[25, 32768, 241]
[25, 32768, 238]
[25, 32768, 252]
[25, 32768, 227]
[25, 32768, 251]
[25, 32768, 238]
[25, 32768, 215]
[25, 32768, 207]
[25, 32768, 240]
[25, 32768, 200]
[25, 32768, 198]
[25, 32768, 192]
[25, 32768, 241]
[25, 32768, 218]
[25, 32768, 196]
[25, 32768, 217]
[25, 32768, 206]
[25, 32768, 228]
[25, 32768, 229]
[25, 32768, 208]
[25, 32768, 223]
[25, 32768, 257]
[25, 32768, 191]
[25, 32768, 205]
[25, 32768, 232]
[25, 32768, 229]
[25, 32768, 229]
[25, 32768, 200]
[25, 32768, 218]
[25, 32768, 195]
[25, 32768, 244]
[25, 32768, 232]
[25, 32768, 238]
[25, 32768, 266]
[25, 32768, 250]
[25, 32768, 255]
[25, 32768, 209]
[25, 32768, 251]
[25, 32768, 244]
[25, 32768, 212]
[25, 32768, 261]
[25, 32768, 252]
[25, 32768, 209]
[25, 32768, 206]
[25, 32768, 226]
[25, 32768, 240]
[25, 32768, 215]
[25, 32768, 204]
[25, 32768, 224]
[25, 32768, 214]
[25, 32768, 218]
[25, 32768, 228]
[25, 32768, 219]
[25, 32768, 245]
[25, 32768, 222]
[25, 32768, 226]
[25, 32768, 195]
[25, 32768, 221]
[25, 32768, 214]
[25, 32768, 219]
[25, 32768, 194]
[25, 32768, 251]
[25, 32768, 232]
[25, 32768, 190]
[25, 32768, 205]
[25, 32768, 216]
[25, 32768, 291]
[25, 32768, 200]
[25, 32768, 255]
[25, 32768, 220]
[30, 39321, 411]
[30, 39321, 445]
[30, 39321, 497]
[30, 39321, 449]
[30, 39321, 432]
[30, 39321, 454]
[30, 39321, 491]
[30, 39321, 472]
[30, 39321, 459]
[30, 39321, 469]
[30, 39321, 497]
[30, 39321, 499]
[30, 39321, 498]
[30, 39321, 444]
[30, 39321, 495]
[30, 39321, 495]
[30, 39321, 471]
[30, 39321, 494]
[30, 39321, 479]
[30, 39321, 470]
[30, 39321, 482]
[30, 39321, 495]
[30, 39321, 463]
[30, 39321, 498]
[30, 39321, 444]
[30, 39321, 492]
[30, 39321, 423]
[30, 39321, 503]
[30, 39321, 419]
[30, 39321, 502]
[30, 39321, 545]
[30, 39321, 499]
[30, 39321, 455]
[30, 39321, 501]
[30, 39321, 484]
[30, 39321, 408]
[30, 39321, 490]
[30, 39321, 448]
[30, 39321, 512]
[30, 39321, 455]
[30, 39321, 473]
[30, 39321, 506]
[30, 39321, 486]
[30, 39321, 446]
[30, 39321, 426]
[30, 39321, 443]
[30, 39321, 477]
[30, 39321, 530]
[30, 39321, 499]
[30, 39321, 421]
[30, 39321, 494]
[30, 39321, 544]
[30, 39321, 536]
[30, 39321, 483]
[30, 39321, 498]
[30, 39321, 491]
[30, 39321, 474]
[30, 39321, 459]
[30, 39321, 449]
[30, 39321, 501]
[30, 39321, 511]
[30, 39321, 462]
[30, 39321, 498]
[30, 39321, 511]
[30, 39321, 468]
[30, 39321, 434]
[30, 39321, 492]
[30, 39321, 483]
[30, 39321, 525]
[30, 39321, 445]
[30, 39321, 468]
[30, 39321, 485]
[30, 39321, 417]
[30, 39321, 498]
[30, 39321, 473]
[30, 39321, 499]
[30, 39321, 489]
[30, 39321, 470]
[30, 39321, 474]
[30, 39321, 430]
[30, 39321, 462]
[30, 39321, 501]
[30, 39321, 458]
[30, 39321, 505]
[30, 39321, 507]
[30, 39321, 527]
[30, 39321, 498]
[30, 39321, 423]
[30, 39321, 482]
[30, 39321, 521]
[30, 39321, 498]
[30, 39321, 429]
[30, 39321, 563]
[30, 39321, 426]
[30, 39321, 471]
[30, 39321, 490]
[30, 39321, 491]
[30, 39321, 493]
[30, 39321, 503]
[30, 39321, 476]
[35, 45875, 843]
[35, 45875, 813]
[35, 45875, 966]
[35, 45875, 909]
[35, 45875, 864]
[35, 45875, 881]
[35, 45875, 885]
[35, 45875, 1029]
[35, 45875, 926]
[35, 45875, 949]
[35, 45875, 809]
[35, 45875, 910]
[35, 45875, 863]
[35, 45875, 940]
[35, 45875, 890]
[35, 45875, 889]
[35, 45875, 890]
[35, 45875, 917]
[35, 45875, 921]
[35, 45875, 875]
[35, 45875, 942]
[35, 45875, 951]
[35, 45875, 948]
[35, 45875, 951]
[35, 45875, 948]
[35, 45875, 922]
[35, 45875, 839]
[35, 45875, 896]
[35, 45875, 932]
[35, 45875, 851]
[35, 45875, 960]
[35, 45875, 901]
[35, 45875, 948]
[35, 45875, 956]
[35, 45875, 976]
[35, 45875, 921]
[35, 45875, 948]
[35, 45875, 929]
[35, 45875, 917]
[35, 45875, 936]
[35, 45875, 877]
[35, 45875, 927]
[35, 45875, 966]
[35, 45875, 889]
[35, 45875, 908]
[35, 45875, 920]
[35, 45875, 892]
[35, 45875, 943]
[35, 45875, 985]
[35, 45875, 962]
[35, 45875, 921]
[35, 45875, 904]
[35, 45875, 875]
[35, 45875, 884]
[35, 45875, 921]
[35, 45875, 912]
[35, 45875, 1038]
[35, 45875, 987]
[35, 45875, 824]
[35, 45875, 911]
[35, 45875, 866]
[35, 45875, 930]
[35, 45875, 851]
[35, 45875, 893]
[35, 45875, 924]
[35, 45875, 914]
[35, 45875, 927]
[35, 45875, 960]
[35, 45875, 964]
[35, 45875, 892]
[35, 45875, 996]
[35, 45875, 935]
[35, 45875, 952]
[35, 45875, 909]
[35, 45875, 833]
[35, 45875, 899]
[35, 45875, 868]
[35, 45875, 827]
[35, 45875, 908]
[35, 45875, 808]
[35, 45875, 923]
[35, 45875, 898]
[35, 45875, 859]
[35, 45875, 944]
[35, 45875, 828]
[35, 45875, 870]
[35, 45875, 886]
[35, 45875, 882]
[35, 45875, 853]
[35, 45875, 914]
[35, 45875, 902]
[35, 45875, 855]
[35, 45875, 923]
[35, 45875, 873]
[35, 45875, 907]
[35, 45875, 959]
[35, 45875, 930]
[35, 45875, 875]
[35, 45875, 866]
[35, 45875, 871]
[40, 52428, 1621]
[40, 52428, 1438]
[40, 52428, 1613]
[40, 52428, 1530]
[40, 52428, 1586]
[40, 52428, 1506]
[40, 52428, 1668]
[40, 52428, 1598]
[40, 52428, 1473]
[40, 52428, 1567]
[40, 52428, 1492]
[40, 52428, 1463]
[40, 52428, 1586]
[40, 52428, 1468]
[40, 52428, 1529]
[40, 52428, 1467]
[40, 52428, 1598]
[40, 52428, 1482]
[40, 52428, 1489]
[40, 52428, 1587]
[40, 52428, 1604]
[40, 52428, 1522]
[40, 52428, 1561]
[40, 52428, 1558]
[40, 52428, 1553]
[40, 52428, 1532]
[40, 52428, 1545]
[40, 52428, 1602]
[40, 52428, 1492]
[40, 52428, 1539]
[40, 52428, 1466]
[40, 52428, 1498]
[40, 52428, 1623]
[40, 52428, 1619]
[40, 52428, 1722]
[40, 52428, 1515]
[40, 52428, 1622]
[40, 52428, 1622]
[40, 52428, 1594]
[40, 52428, 1653]
[40, 52428, 1545]
[40, 52428, 1552]
[40, 52428, 1467]
[40, 52428, 1512]
[40, 52428, 1585]
[40, 52428, 1495]
[40, 52428, 1508]
[40, 52428, 1560]
[40, 52428, 1512]
[40, 52428, 1645]
[40, 52428, 1516]
[40, 52428, 1544]
[40, 52428, 1519]
[40, 52428, 1622]
[40, 52428, 1535]
[40, 52428, 1482]
[40, 52428, 1608]
[40, 52428, 1541]
[40, 52428, 1511]
[40, 52428, 1627]
[40, 52428, 1502]
[40, 52428, 1589]
[40, 52428, 1514]
[40, 52428, 1526]
[40, 52428, 1496]
[40, 52428, 1619]
[40, 52428, 1486]
[40, 52428, 1581]
[40, 52428, 1571]
[40, 52428, 1503]
[40, 52428, 1595]
[40, 52428, 1578]
[40, 52428, 1634]
[40, 52428, 1597]
[40, 52428, 1494]
[40, 52428, 1560]
[40, 52428, 1392]
[40, 52428, 1521]
[40, 52428, 1506]
[40, 52428, 1562]
[40, 52428, 1536]
[40, 52428, 1506]
[40, 52428, 1513]
[40, 52428, 1521]
[40, 52428, 1590]
[40, 52428, 1453]
[40, 52428, 1503]
[40, 52428, 1490]
[40, 52428, 1596]
[40, 52428, 1667]
[40, 52428, 1598]
[40, 52428, 1619]
[40, 52428, 1640]
[40, 52428, 1521]
[40, 52428, 1506]
[40, 52428, 1680]
[40, 52428, 1554]
[40, 52428, 1577]
[40, 52428, 1567]
[40, 52428, 1535]
