[1, 655, 0]
[1, 655, 0]
[1, 655, 0]
[1, 655, 0]
[1, 655, 0]
[1, 655, 0]
[1, 655, 0]
[1, 655, 0]
[1, 655, 0]
[1, 655, 0]
[1, 655, 0]
[1, 655, 0]
[1, 655, 0]
[1, 655, 0]
[1, 655, 0]
[1, 655, 0]
[1, 655, 0]
[1, 655, 0]
[1, 655, 0]
[1, 655, 0]
[1, 655, 0]
[1, 655, 0]
[1, 655, 0]
[1, 655, 0]
[1, 655, 0]
[1, 655, 0]
[1, 655, 0]
[1, 655, 0]
[1, 655, 0]
[1, 655, 0]
[1, 655, 0]
[1, 655, 0]
[1, 655, 0]
[1, 655, 0]
[1, 655, 0]
[1, 655, 0]
[1, 655, 0]
[1, 655, 0]
[1, 655, 0]
[1, 655, 0]
[1, 655, 0]
[1, 655, 0]
[1, 655, 0]
[1, 655, 0]
[1, 655, 0]
[1, 655, 0]
[1, 655, 0]
[1, 655, 0]
[1, 655, 0]
[1, 655, 0]
[1, 655, 0]
[1, 655, 0]
[1, 655, 0]
[1, 655, 0]
[1, 655, 0]
[1, 655, 0]
[1, 655, 0]
[1, 655, 0]
[1, 655, 0]
[1, 655, 0]
[1, 655, 0]
[1, 655, 0]
[1, 655, 0]
[1, 655, 0]
[1, 655, 0]
[1, 655, 0]
[1, 655, 0]
[1, 655, 0]
[1, 655, 0]
[1, 655, 0]
[1, 655, 0]
[1, 655, 0]
[1, 655, 0]
[1, 655, 0]
[1, 655, 0]
[1, 655, 0]
[1, 655, 0]
[1, 655, 0]
[1, 655, 0]
[1, 655, 0]
[1, 655, 0]
[1, 655, 0]
[1, 655, 0]
[1, 655, 0]
[1, 655, 0]
[1, 655, 0]
[1, 655, 0]
[1, 655, 0]
[1, 655, 0]
[1, 655, 0]
[1, 655, 0]
[1, 655, 0]
[1, 655, 0]
[1, 655, 0]
[1, 655, 0]
[1, 655, 0]
[1, 655, 0]
[1, 655, 0]
[1, 655, 0]
[1, 655, 0]
[2, 1310, 0]
[2, 1310, 0]
[2, 1310, 0]
[2, 1310, 0]
[2, 1310, 0]
[2, 1310, 0]
[2, 1310, 0]
[2, 1310, 0]
[2, 1310, 0]
[2, 1310, 0]
[2, 1310, 0]
[2, 1310, 0]
[2, 1310, 0]
[2, 1310, 0]
[2, 1310, 0]
[2, 1310, 0]
[2, 1310, 0]
[2, 1310, 0]
[2, 1310, 0]
[2, 1310, 0]
[2, 1310, 0]
[2, 1310, 0]
[2, 1310, 0]
[2, 1310, 0]
[2, 1310, 0]
[2, 1310, 0]
[2, 1310, 0]
[2, 1310, 0]
[2, 1310, 0]
[2, 1310, 0]
[2, 1310, 0]
[2, 1310, 0]
[2, 1310, 0]
[2, 1310, 0]
[2, 1310, 0]
[2, 1310, 0]
[2, 1310, 0]
[2, 1310, 0]
[2, 1310, 0]
[2, 1310, 0]
[2, 1310, 0]
[2, 1310, 0]
[2, 1310, 0]
[2, 1310, 0]
[2, 1310, 0]
[2, 1310, 0]
[2, 1310, 0]
[2, 1310, 0]
[2, 1310, 0]
[2, 1310, 0]
[2, 1310, 0]
[2, 1310, 0]
[2, 1310, 0]
[2, 1310, 0]
[2, 1310, 0]
[2, 1310, 0]
[2, 1310, 0]
[2, 1310, 0]
[2, 1310, 0]
[2, 1310, 0]
[2, 1310, 0]
[2, 1310, 0]
[2, 1310, 0]
[2, 1310, 0]
[2, 1310, 0]
[2, 1310, 0]
[2, 1310, 0]
[2, 1310, 0]
[2, 1310, 0]
[2, 1310, 0]
[2, 1310, 0]
[2, 1310, 0]
[2, 1310, 0]
[2, 1310, 0]
[2, 1310, 0]
[2, 1310, 0]
[2, 1310, 0]
[2, 1310, 0]
[2, 1310, 0]
[2, 1310, 0]
[2, 1310, 0]
[2, 1310, 0]
[2, 1310, 0]
[2, 1310, 0]
[2, 1310, 0]
[2, 1310, 0]
[2, 1310, 0]
[2, 1310, 0]
[2, 1310, 0]
[2, 1310, 0]
[2, 1310, 0]
[2, 1310, 0]
[2, 1310, 0]
[2, 1310, 0]
[2, 1310, 0]
[2, 1310, 0]
[2, 1310, 0]
[2, 1310, 0]
[2, 1310, 0]
[2, 1310, 0]
[5, 3276, 0]
[5, 3276, 0]
[5, 3276, 0]
[5, 3276, 1]
[5, 3276, 0]
[5, 3276, 0]
[5, 3276, 0]
[5, 3276, 0]
[5, 3276, 0]
[5, 3276, 1]
[5, 3276, 0]
[5, 3276, 0]
[5, 3276, 0]
[5, 3276, 0]
[5, 3276, 0]
[5, 3276, 0]
[5, 3276, 1]
[5, 3276, 0]
[5, 3276, 0]
[5, 3276, 0]
[5, 3276, 0]
[5, 3276, 1]
[5, 3276, 0]
[5, 3276, 0]
[5, 3276, 0]
[5, 3276, 0]
[5, 3276, 0]
[5, 3276, 0]
[5, 3276, 0]
[5, 3276, 0]
[5, 3276, 0]
[5, 3276, 0]
[5, 3276, 1]
[5, 3276, 0]
[5, 3276, 0]
[5, 3276, 1]
[5, 3276, 0]
[5, 3276, 0]
[5, 3276, 0]
[5, 3276, 1]
[5, 3276, 0]
[5, 3276, 0]
[5, 3276, 0]
[5, 3276, 0]
[5, 3276, 0]
[5, 3276, 0]
[5, 3276, 0]
[5, 3276, 0]
[5, 3276, 1]
[5, 3276, 0]
[5, 3276, 0]
[5, 3276, 0]
[5, 3276, 0]
[5, 3276, 0]
[5, 3276, 0]
[5, 3276, 0]
[5, 3276, 0]
[5, 3276, 0]
[5, 3276, 0]
[5, 3276, 0]
[5, 3276, 0]
[5, 3276, 0]
[5, 3276, 0]
[5, 3276, 0]
[5, 3276, 1]
[5, 3276, 0]
[5, 3276, 0]
[5, 3276, 0]
[5, 3276, 0]
[5, 3276, 0]
[5, 3276, 0]
[5, 3276, 0]
[5, 3276, 0]
[5, 3276, 0]
[5, 3276, 0]
[5, 3276, 0]
[5, 3276, 0]
[5, 3276, 0]
[5, 3276, 1]
[5, 3276, 0]
[5, 3276, 0]
[5, 3276, 0]
[5, 3276, 2]
[5, 3276, 0]
[5, 3276, 0]
[5, 3276, 0]
[5, 3276, 0]
[5, 3276, 0]
[5, 3276, 0]
[5, 3276, 2]
[5, 3276, 2]
[5, 3276, 0]
[5, 3276, 0]
[5, 3276, 1]
[5, 3276, 0]
[5, 3276, 0]
[5, 3276, 0]
[5, 3276, 0]
[5, 3276, 1]
[5, 3276, 0]
[10, 6553, 3]
[10, 6553, 2]
[10, 6553, 0]
[10, 6553, 3]
[10, 6553, 1]
[10, 6553, 1]
[10, 6553, 2]
[10, 6553, 0]
[10, 6553, 1]
[10, 6553, 1]
[10, 6553, 8]
[10, 6553, 3]
[10, 6553, 0]
[10, 6553, 1]
[10, 6553, 4]
[10, 6553, 3]
[10, 6553, 4]
[10, 6553, 2]
[10, 6553, 5]
[10, 6553, 3]
[10, 6553, 3]
[10, 6553, 9]
[10, 6553, 3]
[10, 6553, 1]
[10, 6553, 2]
[10, 6553, 3]
[10, 6553, 2]
[10, 6553, 1]
[10, 6553, 5]
[10, 6553, 1]
[10, 6553, 0]
[10, 6553, 0]
[10, 6553, 3]
[10, 6553, 0]
[10, 6553, 6]
[10, 6553, 3]
[10, 6553, 7]
[10, 6553, 0]
[10, 6553, 5]
[10, 6553, 8]
[10, 6553, 6]
[10, 6553, 0]
[10, 6553, 4]
[10, 6553, 5]
[10, 6553, 1]
[10, 6553, 2]
[10, 6553, 0]
[10, 6553, 2]
[10, 6553, 4]
[10, 6553, 7]
[10, 6553, 0]
[10, 6553, 4]
[10, 6553, 3]
[10, 6553, 3]
[10, 6553, 7]
[10, 6553, 4]
[10, 6553, 1]
[10, 6553, 0]
[10, 6553, 3]
[10, 6553, 4]
[10, 6553, 4]
[10, 6553, 2]
[10, 6553, 3]
[10, 6553, 3]
[10, 6553, 4]
[10, 6553, 2]
[10, 6553, 6]
[10, 6553, 2]
[10, 6553, 1]
[10, 6553, 0]
[10, 6553, 1]
[10, 6553, 4]
[10, 6553, 2]
[10, 6553, 6]
[10, 6553, 7]
[10, 6553, 1]
[10, 6553, 5]
[10, 6553, 0]
[10, 6553, 3]
[10, 6553, 9]
[10, 6553, 2]
[10, 6553, 2]
[10, 6553, 1]
[10, 6553, 5]
[10, 6553, 6]
[10, 6553, 8]
[10, 6553, 2]
[10, 6553, 2]
[10, 6553, 0]
[10, 6553, 8]
[10, 6553, 8]
[10, 6553, 3]
[10, 6553, 9]
[10, 6553, 3]
[10, 6553, 4]
[10, 6553, 2]
[10, 6553, 2]
[10, 6553, 1]
[10, 6553, 1]
[10, 6553, 2]
[15, 9830, 27]
[15, 9830, 21]
[15, 9830, 16]
[15, 9830, 10]
[15, 9830, 23]
[15, 9830, 20]
[15, 9830, 17]
[15, 9830, 15]
[15, 9830, 20]
[15, 9830, 13]
[15, 9830, 12]
[15, 9830, 17]
[15, 9830, 15]
[15, 9830, 17]
[15, 9830, 14]
[15, 9830, 8]
[15, 9830, 18]
[15, 9830, 6]
[15, 9830, 19]
[15, 9830, 23]
[15, 9830, 16]
[15, 9830, 22]
[15, 9830, 9]
[15, 9830, 7]
[15, 9830, 15]
[15, 9830, 11]
[15, 9830, 17]
[15, 9830, 20]
[15, 9830, 26]
[15, 9830, 7]
[15, 9830, 7]
[15, 9830, 12]
[15, 9830, 23]
[15, 9830, 15]
[15, 9830, 11]
[15, 9830, 14]
[15, 9830, 13]
[15, 9830, 14]
[15, 9830, 8]
[15, 9830, 8]
[15, 9830, 12]
[15, 9830, 21]
[15, 9830, 21]
[15, 9830, 17]
[15, 9830, 14]
[15, 9830, 10]
[15, 9830, 11]
[15, 9830, 15]
[15, 9830, 20]
[15, 9830, 12]
[15, 9830, 22]
[15, 9830, 13]
[15, 9830, 10]
[15, 9830, 7]
[15, 9830, 21]
[15, 9830, 11]
[15, 9830, 14]
[15, 9830, 16]
[15, 9830, 15]
[15, 9830, 16]
[15, 9830, 14]
[15, 9830, 17]
[15, 9830, 17]
[15, 9830, 24]
[15, 9830, 15]
[15, 9830, 22]
[15, 9830, 15]
[15, 9830, 15]
[15, 9830, 16]
[15, 9830, 18]
[15, 9830, 18]
[15, 9830, 25]
[15, 9830, 24]
[15, 9830, 26]
[15, 9830, 24]
[15, 9830, 13]
[15, 9830, 13]
[15, 9830, 14]
[15, 9830, 16]
[15, 9830, 26]
[15, 9830, 16]
[15, 9830, 16]
[15, 9830, 10]
[15, 9830, 13]
[15, 9830, 14]
[15, 9830, 12]
[15, 9830, 20]
[15, 9830, 19]
[15, 9830, 10]
[15, 9830, 27]
[15, 9830, 11]
[15, 9830, 22]
[15, 9830, 26]
[15, 9830, 11]
[15, 9830, 9]
[15, 9830, 22]
[15, 9830, 18]
[15, 9830, 13]
[15, 9830, 12]
[15, 9830, 13]
[20, 13107, 53]
[20, 13107, 64]
[20, 13107, 63]
[20, 13107, 48]
[20, 13107, 56]
[20, 13107, 48]
[20, 13107, 46]
[20, 13107, 35]
[20, 13107, 35]
[20, 13107, 31]
[20, 13107, 41]
[20, 13107, 34]
[20, 13107, 58]
[20, 13107, 50]
[20, 13107, 51]
[20, 13107, 57]
[20, 13107, 61]
[20, 13107, 42]
[20, 13107, 58]
[20, 13107, 71]
[20, 13107, 63]
[20, 13107, 45]
[20, 13107, 49]
[20, 13107, 48]
[20, 13107, 48]
[20, 13107, 54]
[20, 13107, 74]
[20, 13107, 48]
[20, 13107, 62]
[20, 13107, 63]
[20, 13107, 53]
[20, 13107, 51]
[20, 13107, 60]
[20, 13107, 57]
[20, 13107, 51]
[20, 13107, 52]
[20, 13107, 36]
[20, 13107, 54]
[20, 13107, 38]
[20, 13107, 40]
[20, 13107, 54]
[20, 13107, 51]
[20, 13107, 59]
[20, 13107, 35]
[20, 13107, 59]
[20, 13107, 50]
[20, 13107, 69]
[20, 13107, 53]
[20, 13107, 67]
[20, 13107, 54]
[20, 13107, 66]
[20, 13107, 61]
[20, 13107, 45]
[20, 13107, 51]
[20, 13107, 43]
[20, 13107, 56]
[20, 13107, 45]
[20, 13107, 46]
[20, 13107, 57]
[20, 13107, 55]
[20, 13107, 36]
[20, 13107, 53]
[20, 13107, 54]
[20, 13107, 47]
[20, 13107, 38]
[20, 13107, 49]
[20, 13107, 49]
[20, 13107, 39]
[20, 13107, 40]
[20, 13107, 57]
[20, 13107, 42]
[20, 13107, 76]
[20, 13107, 72]
[20, 13107, 75]
[20, 13107, 61]
[20, 13107, 55]
[20, 13107, 48]
[20, 13107, 45]
[20, 13107, 45]
[20, 13107, 57]
[20, 13107, 46]
[20, 13107, 34]
[20, 13107, 50]
[20, 13107, 50]
[20, 13107, 34]
[20, 13107, 43]
[20, 13107, 58]
[20, 13107, 52]
[20, 13107, 36]
[20, 13107, 45]
[20, 13107, 58]
[20, 13107, 56]
[20, 13107, 56]
[20, 13107, 42]
[20, 13107, 52]
[20, 13107, 68]
[20, 13107, 48]
[20, 13107, 51]
[20, 13107, 49]
[20, 13107, 31]
[25, 16384, 146]
[25, 16384, 113]
[25, 16384, 141]
[25, 16384, 119]
[25, 16384, 117]
[25, 16384, 137]
[25, 16384, 119]
[25, 16384, 132]
[25, 16384, 128]
[25, 16384, 133]
[25, 16384, 133]
[25, 16384, 108]
[25, 16384, 131]
[25, 16384, 148]
[25, 16384, 134]
[25, 16384, 102]
[25, 16384, 124]
[25, 16384, 103]
[25, 16384, 151]
[25, 16384, 128]
[25, 16384, 149]
[25, 16384, 104]
[25, 16384, 145]
[25, 16384, 115]
[25, 16384, 140]
[25, 16384, 110]
[25, 16384, 133]
[25, 16384, 119]
[25, 16384, 145]
[25, 16384, 139]
[25, 16384, 126]
[25, 16384, 133]
[25, 16384, 139]
[25, 16384, 140]
[25, 16384, 105]
[25, 16384, 122]
[25, 16384, 120]
[25, 16384, 124]
[25, 16384, 111]
[25, 16384, 116]
[25, 16384, 143]
[25, 16384, 176]
[25, 16384, 108]
[25, 16384, 118]
[25, 16384, 170]
[25, 16384, 129]
[25, 16384, 137]
[25, 16384, 134]
[25, 16384, 125]
[25, 16384, 122]
[25, 16384, 137]
[25, 16384, 144]
[25, 16384, 133]
[25, 16384, 120]
[25, 16384, 146]
[25, 16384, 141]
[25, 16384, 137]
[25, 16384, 122]
[25, 16384, 125]
[25, 16384, 161]
[25, 16384, 129]
[25, 16384, 126]
[25, 16384, 149]
[25, 16384, 153]
[25, 16384, 124]
[25, 16384, 113]
[25, 16384, 117]
[25, 16384, 116]
[25, 16384, 142]
[25, 16384, 125]
[25, 16384, 134]
[25, 16384, 147]
[25, 16384, 153]
[25, 16384, 113]
[25, 16384, 147]
[25, 16384, 132]
[25, 16384, 115]
[25, 16384, 149]
[25, 16384, 125]
[25, 16384, 135]
[25, 16384, 127]
[25, 16384, 105]
[25, 16384, 125]
[25, 16384, 151]
[25, 16384, 137]
[25, 16384, 147]
[25, 16384, 120]
[25, 16384, 111]
[25, 16384, 146]
[25, 16384, 114]
[25, 16384, 122]
[25, 16384, 112]
[25, 16384, 114]
[25, 16384, 113]
[25, 16384, 136]
[25, 16384, 140]
[25, 16384, 137]
[25, 16384, 148]
[25, 16384, 121]
[25, 16384, 139]
[30, 19660, 284]
[30, 19660, 265]
[30, 19660, 287]
[30, 19660, 246]
[30, 19660, 247]
[30, 19660, 266]
[30, 19660, 268]
[30, 19660, 293]
[30, 19660, 288]
[30, 19660, 266]
[30, 19660, 253]
[30, 19660, 208]
[30, 19660, 258]
[30, 19660, 268]
[30, 19660, 273]
[30, 19660, 272]
[30, 19660, 327]
[30, 19660, 256]
[30, 19660, 267]
[30, 19660, 273]
[30, 19660, 257]
[30, 19660, 222]
[30, 19660, 270]
[30, 19660, 297]
[30, 19660, 284]
[30, 19660, 277]
[30, 19660, 269]
[30, 19660, 253]
[30, 19660, 277]
[30, 19660, 248]
[30, 19660, 276]
[30, 19660, 225]
[30, 19660, 293]
[30, 19660, 302]
[30, 19660, 301]
[30, 19660, 251]
[30, 19660, 254]
[30, 19660, 261]
[30, 19660, 217]
[30, 19660, 277]
[30, 19660, 304]
[30, 19660, 273]
[30, 19660, 290]
[30, 19660, 220]
[30, 19660, 300]
[30, 19660, 277]
[30, 19660, 258]
[30, 19660, 274]
[30, 19660, 266]
[30, 19660, 297]
[30, 19660, 293]
[30, 19660, 250]
[30, 19660, 273]
[30, 19660, 269]
[30, 19660, 273]
[30, 19660, 299]
[30, 19660, 254]
[30, 19660, 278]
[30, 19660, 277]
[30, 19660, 286]
[30, 19660, 265]
[30, 19660, 306]
[30, 19660, 260]
[30, 19660, 257]
[30, 19660, 271]
[30, 19660, 262]
[30, 19660, 268]
[30, 19660, 257]
[30, 19660, 264]
[30, 19660, 254]
[30, 19660, 275]
[30, 19660, 285]
[30, 19660, 302]
[30, 19660, 247]
[30, 19660, 270]
[30, 19660, 278]
[30, 19660, 293]
[30, 19660, 282]
[30, 19660, 288]
[30, 19660, 276]
[30, 19660, 297]
[30, 19660, 259]
[30, 19660, 266]
[30, 19660, 280]
[30, 19660, 316]
[30, 19660, 226]
[30, 19660, 260]
[30, 19660, 306]
[30, 19660, 278]
[30, 19660, 290]
[30, 19660, 312]
[30, 19660, 293]
[30, 19660, 282]
[30, 19660, 254]
[30, 19660, 244]
[30, 19660, 264]
[30, 19660, 264]
[30, 19660, 293]
[30, 19660, 261]
[30, 19660, 255]
[35, 22937, 526]
[35, 22937, 485]
[35, 22937, 523]
[35, 22937, 492]
[35, 22937, 503]
[35, 22937, 478]
[35, 22937, 498]
[35, 22937, 468]
[35, 22937, 540]
[35, 22937, 492]
[35, 22937, 491]
[35, 22937, 482]
[35, 22937, 486]
[35, 22937, 516]
[35, 22937, 602]
[35, 22937, 461]
[35, 22937, 564]
[35, 22937, 455]
[35, 22937, 548]
[35, 22937, 487]
[35, 22937, 471]
[35, 22937, 500]
[35, 22937, 476]
[35, 22937, 470]
[35, 22937, 515]
[35, 22937, 462]
[35, 22937, 536]
[35, 22937, 536]
[35, 22937, 518]
[35, 22937, 495]
[35, 22937, 547]
[35, 22937, 482]
[35, 22937, 483]
[35, 22937, 528]
[35, 22937, 467]
[35, 22937, 509]
[35, 22937, 454]
[35, 22937, 508]
[35, 22937, 506]
[35, 22937, 471]
[35, 22937, 484]
[35, 22937, 495]
[35, 22937, 483]
[35, 22937, 447]
[35, 22937, 529]
[35, 22937, 520]
[35, 22937, 532]
[35, 22937, 536]
[35, 22937, 518]
[35, 22937, 485]
[35, 22937, 465]
[35, 22937, 522]
[35, 22937, 532]
[35, 22937, 493]
[35, 22937, 513]
[35, 22937, 457]
[35, 22937, 531]
[35, 22937, 523]
[35, 22937, 502]
[35, 22937, 503]
[35, 22937, 460]
[35, 22937, 507]
[35, 22937, 534]
[35, 22937, 530]
[35, 22937, 537]
[35, 22937, 496]
[35, 22937, 515]
[35, 22937, 514]
[35, 22937, 497]
[35, 22937, 468]
[35, 22937, 520]
[35, 22937, 471]
[35, 22937, 503]
[35, 22937, 510]
[35, 22937, 523]
[35, 22937, 494]
[35, 22937, 450]
[35, 22937, 511]
[35, 22937, 501]
[35, 22937, 558]
[35, 22937, 549]
[35, 22937, 482]
[35, 22937, 480]
[35, 22937, 528]
[35, 22937, 496]
[35, 22937, 450]
[35, 22937, 463]
[35, 22937, 516]
[35, 22937, 532]
[35, 22937, 495]
[35, 22937, 497]
[35, 22937, 519]
[35, 22937, 417]
[35, 22937, 479]
[35, 22937, 511]
[35, 22937, 513]
[35, 22937, 553]
[35, 22937, 502]
[35, 22937, 514]
[35, 22937, 513]
[40, 26214, 867]
[40, 26214, 789]
[40, 26214, 870]
[40, 26214, 830]
[40, 26214, 784]
[40, 26214, 832]
[40, 26214, 878]
[40, 26214, 759]
[40, 26214, 857]
[40, 26214, 831]
[40, 26214, 824]
[40, 26214, 786]
[40, 26214, 832]
[40, 26214, 852]
[40, 26214, 828]
[40, 26214, 829]
[40, 26214, 918]
[40, 26214, 846]
[40, 26214, 889]
[40, 26214, 855]
[40, 26214, 794]
[40, 26214, 765]
[40, 26214, 851]
[40, 26214, 775]
[40, 26214, 839]
[40, 26214, 861]
[40, 26214, 799]
[40, 26214, 808]
[40, 26214, 889]
[40, 26214, 836]
[40, 26214, 895]
[40, 26214, 793]
[40, 26214, 809]
[40, 26214, 822]
[40, 26214, 821]
[40, 26214, 825]
[40, 26214, 850]
[40, 26214, 836]
[40, 26214, 834]
[40, 26214, 895]
[40, 26214, 819]
[40, 26214, 816]
[40, 26214, 848]
[40, 26214, 783]
[40, 26214, 901]
[40, 26214, 872]
[40, 26214, 890]
[40, 26214, 816]
[40, 26214, 903]
[40, 26214, 809]
[40, 26214, 893]
[40, 26214, 836]
[40, 26214, 939]
[40, 26214, 765]
[40, 26214, 847]
[40, 26214, 817]
[40, 26214, 790]
[40, 26214, 827]
[40, 26214, 858]
[40, 26214, 904]
[40, 26214, 854]
[40, 26214, 846]
[40, 26214, 856]
[40, 26214, 848]
[40, 26214, 820]
[40, 26214, 787]
[40, 26214, 819]
[40, 26214, 830]
[40, 26214, 853]
[40, 26214, 770]
[40, 26214, 796]
[40, 26214, 873]
[40, 26214, 836]
[40, 26214, 872]
[40, 26214, 815]
[40, 26214, 871]
[40, 26214, 841]
[40, 26214, 825]
[40, 26214, 853]
[40, 26214, 834]
[40, 26214, 900]
[40, 26214, 844]
[40, 26214, 851]
[40, 26214, 759]
[40, 26214, 867]
[40, 26214, 845]
[40, 26214, 782]
[40, 26214, 864]
[40, 26214, 877]
[40, 26214, 832]
[40, 26214, 796]
[40, 26214, 824]
[40, 26214, 780]
[40, 26214, 884]
[40, 26214, 873]
[40, 26214, 789]
[40, 26214, 877]
[40, 26214, 803]
[40, 26214, 795]
[40, 26214, 773]
