[1, 1310, 33]
[1, 1310, 33]
[1, 1310, 36]
[1, 1310, 24]
[1, 1310, 39]
[1, 1310, 28]
[1, 1310, 36]
[1, 1310, 30]
[1, 1310, 38]
[1, 1310, 40]
[1, 1310, 29]
[1, 1310, 28]
[1, 1310, 23]
[1, 1310, 30]
[1, 1310, 31]
[1, 1310, 32]
[1, 1310, 27]
[1, 1310, 34]
[1, 1310, 32]
[1, 1310, 36]
[1, 1310, 35]
[1, 1310, 32]
[1, 1310, 37]
[1, 1310, 41]
[1, 1310, 31]
[1, 1310, 27]
[1, 1310, 29]
[1, 1310, 39]
[1, 1310, 34]
[1, 1310, 26]
[1, 1310, 37]
[1, 1310, 27]
[1, 1310, 39]
[1, 1310, 33]
[1, 1310, 36]
[1, 1310, 29]
[1, 1310, 38]
[1, 1310, 33]
[1, 1310, 24]
[1, 1310, 39]
[1, 1310, 32]
[1, 1310, 33]
[1, 1310, 29]
[1, 1310, 36]
[1, 1310, 32]
[1, 1310, 38]
[1, 1310, 28]
[1, 1310, 33]
[1, 1310, 37]
[1, 1310, 37]
[1, 1310, 32]
[1, 1310, 35]
[1, 1310, 33]
[1, 1310, 37]
[1, 1310, 26]
[1, 1310, 36]
[1, 1310, 35]
[1, 1310, 33]
[1, 1310, 31]
[1, 1310, 42]
[1, 1310, 32]
[1, 1310, 41]
[1, 1310, 33]
[1, 1310, 30]
[1, 1310, 28]
[1, 1310, 31]
[1, 1310, 24]
[1, 1310, 33]
[1, 1310, 31]
[1, 1310, 30]
[1, 1310, 26]
[1, 1310, 40]
[1, 1310, 29]
[1, 1310, 44]
[1, 1310, 32]
[1, 1310, 32]
[1, 1310, 30]
[1, 1310, 39]
[1, 1310, 28]
[1, 1310, 26]
[1, 1310, 34]
[1, 1310, 32]
[1, 1310, 33]
[1, 1310, 29]
[1, 1310, 25]
[1, 1310, 34]
[1, 1310, 34]
[1, 1310, 40]
[1, 1310, 35]
[1, 1310, 33]
[1, 1310, 33]
[1, 1310, 27]
[1, 1310, 32]
[1, 1310, 28]
[1, 1310, 31]
[1, 1310, 31]
[1, 1310, 31]
[1, 1310, 33]
[1, 1310, 33]
[1, 1310, 36]
[2, 2621, 80]
[2, 2621, 85]
[2, 2621, 57]
[2, 2621, 75]
[2, 2621, 87]
[2, 2621, 70]
[2, 2621, 91]
[2, 2621, 78]
[2, 2621, 103]
[2, 2621, 83]
[2, 2621, 73]
[2, 2621, 69]
[2, 2621, 76]
[2, 2621, 86]
[2, 2621, 95]
[2, 2621, 68]
[2, 2621, 96]
[2, 2621, 74]
[2, 2621, 80]
[2, 2621, 74]
[2, 2621, 95]
[2, 2621, 68]
[2, 2621, 74]
[2, 2621, 84]
[2, 2621, 87]
[2, 2621, 80]
[2, 2621, 76]
[2, 2621, 80]
[2, 2621, 90]
[2, 2621, 65]
[2, 2621, 77]
[2, 2621, 73]
[2, 2621, 85]
[2, 2621, 61]
[2, 2621, 70]
[2, 2621, 79]
[2, 2621, 79]
[2, 2621, 85]
[2, 2621, 91]
[2, 2621, 88]
[2, 2621, 50]
[2, 2621, 79]
[2, 2621, 89]
[2, 2621, 84]
[2, 2621, 79]
[2, 2621, 98]
[2, 2621, 64]
[2, 2621, 89]
[2, 2621, 82]
[2, 2621, 81]
[2, 2621, 90]
[2, 2621, 74]
[2, 2621, 86]
[2, 2621, 88]
[2, 2621, 87]
[2, 2621, 94]
[2, 2621, 60]
[2, 2621, 76]
[2, 2621, 80]
[2, 2621, 76]
[2, 2621, 86]
[2, 2621, 87]
[2, 2621, 72]
[2, 2621, 78]
[2, 2621, 86]
[2, 2621, 65]
[2, 2621, 94]
[2, 2621, 63]
[2, 2621, 77]
[2, 2621, 79]
[2, 2621, 83]
[2, 2621, 86]
[2, 2621, 72]
[2, 2621, 66]
[2, 2621, 82]
[2, 2621, 73]
[2, 2621, 81]
[2, 2621, 76]
[2, 2621, 88]
[2, 2621, 69]
[2, 2621, 89]
[2, 2621, 81]
[2, 2621, 74]
[2, 2621, 88]
[2, 2621, 92]
[2, 2621, 80]
[2, 2621, 85]
[2, 2621, 80]
[2, 2621, 65]
[2, 2621, 76]
[2, 2621, 85]
[2, 2621, 87]
[2, 2621, 83]
[2, 2621, 64]
[2, 2621, 72]
[2, 2621, 82]
[2, 2621, 89]
[2, 2621, 91]
[2, 2621, 70]
[2, 2621, 67]
[5, 6553, 271]
[5, 6553, 295]
[5, 6553, 305]
[5, 6553, 317]
[5, 6553, 315]
[5, 6553, 287]
[5, 6553, 274]
[5, 6553, 289]
[5, 6553, 289]
[5, 6553, 332]
[5, 6553, 290]
[5, 6553, 296]
[5, 6553, 319]
[5, 6553, 304]
[5, 6553, 286]
[5, 6553, 308]
[5, 6553, 311]
[5, 6553, 279]
[5, 6553, 310]
[5, 6553, 305]
[5, 6553, 292]
[5, 6553, 308]
[5, 6553, 277]
[5, 6553, 296]
[5, 6553, 248]
[5, 6553, 307]
[5, 6553, 302]
[5, 6553, 309]
[5, 6553, 299]
[5, 6553, 282]
[5, 6553, 296]
[5, 6553, 302]
[5, 6553, 273]
[5, 6553, 297]
[5, 6553, 283]
[5, 6553, 316]
[5, 6553, 323]
[5, 6553, 295]
[5, 6553, 267]
[5, 6553, 291]
[5, 6553, 295]
[5, 6553, 300]
[5, 6553, 313]
[5, 6553, 300]
[5, 6553, 323]
[5, 6553, 275]
[5, 6553, 310]
[5, 6553, 290]
[5, 6553, 272]
[5, 6553, 312]
[5, 6553, 292]
[5, 6553, 277]
[5, 6553, 286]
[5, 6553, 286]
[5, 6553, 277]
[5, 6553, 303]
[5, 6553, 271]
[5, 6553, 276]
[5, 6553, 282]
[5, 6553, 320]
[5, 6553, 277]
[5, 6553, 326]
[5, 6553, 267]
[5, 6553, 289]
[5, 6553, 318]
[5, 6553, 321]
[5, 6553, 290]
[5, 6553, 288]
[5, 6553, 313]
[5, 6553, 329]
[5, 6553, 266]
[5, 6553, 307]
[5, 6553, 274]
[5, 6553, 291]
[5, 6553, 303]
[5, 6553, 299]
[5, 6553, 283]
[5, 6553, 283]
[5, 6553, 309]
[5, 6553, 320]
[5, 6553, 282]
[5, 6553, 313]
[5, 6553, 297]
[5, 6553, 294]
[5, 6553, 302]
[5, 6553, 303]
[5, 6553, 290]
[5, 6553, 304]
[5, 6553, 290]
[5, 6553, 313]
[5, 6553, 277]
[5, 6553, 312]
[5, 6553, 272]
[5, 6553, 286]
[5, 6553, 289]
[5, 6553, 294]
[5, 6553, 290]
[5, 6553, 297]
[5, 6553, 278]
[5, 6553, 296]
[10, 13107, 941]
[10, 13107, 886]
[10, 13107, 970]
[10, 13107, 865]
[10, 13107, 952]
[10, 13107, 911]
[10, 13107, 927]
[10, 13107, 994]
[10, 13107, 944]
[10, 13107, 955]
[10, 13107, 968]
[10, 13107, 897]
[10, 13107, 909]
[10, 13107, 893]
[10, 13107, 897]
[10, 13107, 915]
[10, 13107, 946]
[10, 13107, 934]
[10, 13107, 1002]
[10, 13107, 974]
[10, 13107, 961]
[10, 13107, 963]
[10, 13107, 913]
[10, 13107, 915]
[10, 13107, 933]
[10, 13107, 898]
[10, 13107, 968]
[10, 13107, 953]
[10, 13107, 906]
[10, 13107, 939]
[10, 13107, 929]
[10, 13107, 948]
[10, 13107, 956]
[10, 13107, 961]
[10, 13107, 929]
[10, 13107, 940]
[10, 13107, 917]
[10, 13107, 904]
[10, 13107, 932]
[10, 13107, 908]
[10, 13107, 929]
[10, 13107, 940]
[10, 13107, 940]
[10, 13107, 953]
[10, 13107, 1005]
[10, 13107, 967]
[10, 13107, 920]
[10, 13107, 976]
[10, 13107, 921]
[10, 13107, 903]
[10, 13107, 927]
[10, 13107, 910]
[10, 13107, 909]
[10, 13107, 921]
[10, 13107, 987]
[10, 13107, 921]
[10, 13107, 947]
[10, 13107, 913]
[10, 13107, 894]
[10, 13107, 951]
[10, 13107, 911]
[10, 13107, 963]
[10, 13107, 886]
[10, 13107, 972]
[10, 13107, 879]
[10, 13107, 907]
[10, 13107, 897]
[10, 13107, 933]
[10, 13107, 966]
[10, 13107, 941]
[10, 13107, 901]
[10, 13107, 917]
[10, 13107, 938]
[10, 13107, 906]
[10, 13107, 922]
[10, 13107, 942]
[10, 13107, 903]
[10, 13107, 964]
[10, 13107, 914]
[10, 13107, 922]
[10, 13107, 957]
[10, 13107, 948]
[10, 13107, 952]
[10, 13107, 967]
[10, 13107, 948]
[10, 13107, 954]
[10, 13107, 957]
[10, 13107, 933]
[10, 13107, 924]
[10, 13107, 919]
[10, 13107, 929]
[10, 13107, 927]
[10, 13107, 957]
[10, 13107, 911]
[10, 13107, 904]
[10, 13107, 923]
[10, 13107, 954]
[10, 13107, 912]
[10, 13107, 942]
[10, 13107, 938]
[15, 19660, 1943]
[15, 19660, 1991]
[15, 19660, 1832]
[15, 19660, 1874]
[15, 19660, 1963]
[15, 19660, 1855]
[15, 19660, 1927]
[15, 19660, 1930]
[15, 19660, 1917]
[15, 19660, 1870]
[15, 19660, 2002]
[15, 19660, 1928]
[15, 19660, 1872]
[15, 19660, 1859]
[15, 19660, 1986]
[15, 19660, 1936]
[15, 19660, 1909]
[15, 19660, 2001]
[15, 19660, 1863]
[15, 19660, 1904]
[15, 19660, 1963]
[15, 19660, 1871]
[15, 19660, 1995]
[15, 19660, 1837]
[15, 19660, 1863]
[15, 19660, 1925]
[15, 19660, 1928]
[15, 19660, 1895]
[15, 19660, 1876]
[15, 19660, 1978]
[15, 19660, 1918]
[15, 19660, 1980]
[15, 19660, 1938]
[15, 19660, 1972]
[15, 19660, 1934]
[15, 19660, 1909]
[15, 19660, 1903]
[15, 19660, 1864]
[15, 19660, 1959]
[15, 19660, 1970]
[15, 19660, 1914]
[15, 19660, 1919]
[15, 19660, 1879]
[15, 19660, 1962]
[15, 19660, 1921]
[15, 19660, 1961]
[15, 19660, 1890]
[15, 19660, 1959]
[15, 19660, 1901]
[15, 19660, 1943]
[15, 19660, 1910]
[15, 19660, 1941]
[15, 19660, 1968]
[15, 19660, 1812]
[15, 19660, 1913]
[15, 19660, 1942]
[15, 19660, 1982]
[15, 19660, 1888]
[15, 19660, 1976]
[15, 19660, 1841]
[15, 19660, 1912]
[15, 19660, 2042]
[15, 19660, 1981]
[15, 19660, 1883]
[15, 19660, 1858]
[15, 19660, 1879]
[15, 19660, 1879]
[15, 19660, 1938]
[15, 19660, 1908]
[15, 19660, 1870]
[15, 19660, 1934]
[15, 19660, 1897]
[15, 19660, 1948]
[15, 19660, 1918]
[15, 19660, 1895]
[15, 19660, 1907]
[15, 19660, 1897]
[15, 19660, 1849]
[15, 19660, 1889]
[15, 19660, 1860]
[15, 19660, 1994]
[15, 19660, 1924]
[15, 19660, 1874]
[15, 19660, 1901]
[15, 19660, 1881]
[15, 19660, 1917]
[15, 19660, 1967]
[15, 19660, 1936]
[15, 19660, 1839]
[15, 19660, 1895]
[15, 19660, 1912]
[15, 19660, 1942]
[15, 19660, 1949]
[15, 19660, 1954]
[15, 19660, 1917]
[15, 19660, 1936]
[15, 19660, 1893]
[15, 19660, 1895]
[15, 19660, 1890]
[15, 19660, 1911]
[20, 26214, 3249]
[20, 26214, 3343]
[20, 26214, 3264]
[20, 26214, 3284]
[20, 26214, 3346]
[20, 26214, 3198]
[20, 26214, 3310]
[20, 26214, 3318]
[20, 26214, 3286]
[20, 26214, 3305]
[20, 26214, 3297]
[20, 26214, 3333]
[20, 26214, 3354]
[20, 26214, 3208]
[20, 26214, 3332]
[20, 26214, 3283]
[20, 26214, 3312]
[20, 26214, 3280]
[20, 26214, 3249]
[20, 26214, 3254]
[20, 26214, 3261]
[20, 26214, 3305]
[20, 26214, 3267]
[20, 26214, 3296]
[20, 26214, 3363]
[20, 26214, 3275]
[20, 26214, 3197]
[20, 26214, 3212]
[20, 26214, 3323]
[20, 26214, 3288]
[20, 26214, 3226]
[20, 26214, 3324]
[20, 26214, 3352]
[20, 26214, 3262]
[20, 26214, 3393]
[20, 26214, 3252]
[20, 26214, 3230]
[20, 26214, 3325]
[20, 26214, 3234]
[20, 26214, 3211]
[20, 26214, 3262]
[20, 26214, 3389]
[20, 26214, 3205]
[20, 26214, 3265]
[20, 26214, 3211]
[20, 26214, 3206]
[20, 26214, 3292]
[20, 26214, 3279]
[20, 26214, 3329]
[20, 26214, 3267]
[20, 26214, 3244]
[20, 26214, 3262]
[20, 26214, 3290]
[20, 26214, 3330]
[20, 26214, 3308]
[20, 26214, 3262]
[20, 26214, 3359]
[20, 26214, 3348]
[20, 26214, 3208]
[20, 26214, 3301]
[20, 26214, 3244]
[20, 26214, 3285]
[20, 26214, 3404]
[20, 26214, 3261]
[20, 26214, 3307]
[20, 26214, 3180]
[20, 26214, 3170]
[20, 26214, 3245]
[20, 26214, 3285]
[20, 26214, 3286]
[20, 26214, 3394]
[20, 26214, 3225]
[20, 26214, 3293]
[20, 26214, 3289]
[20, 26214, 3342]
[20, 26214, 3204]
[20, 26214, 3373]
[20, 26214, 3267]
[20, 26214, 3286]
[20, 26214, 3402]
[20, 26214, 3276]
[20, 26214, 3322]
[20, 26214, 3315]
[20, 26214, 3364]
[20, 26214, 3324]
[20, 26214, 3257]
[20, 26214, 3291]
[20, 26214, 3293]
[20, 26214, 3288]
[20, 26214, 3272]
[20, 26214, 3193]
[20, 26214, 3329]
[20, 26214, 3322]
[20, 26214, 3274]
[20, 26214, 3305]
[20, 26214, 3271]
[20, 26214, 3327]
[20, 26214, 3291]
[20, 26214, 3332]
[20, 26214, 3379]
[25, 32768, 4926]
[25, 32768, 4950]
[25, 32768, 4946]
[25, 32768, 5044]
[25, 32768, 5004]
[25, 32768, 5124]
[25, 32768, 5032]
[25, 32768, 4996]
[25, 32768, 4895]
[25, 32768, 5025]
[25, 32768, 4939]
[25, 32768, 4895]
[25, 32768, 5139]
[25, 32768, 5099]
[25, 32768, 4958]
[25, 32768, 5014]
[25, 32768, 5074]
[25, 32768, 4986]
[25, 32768, 4994]
[25, 32768, 5102]
[25, 32768, 4989]
[25, 32768, 5120]
[25, 32768, 5003]
[25, 32768, 5019]
[25, 32768, 5071]
[25, 32768, 5005]
[25, 32768, 5115]
[25, 32768, 5124]
[25, 32768, 5000]
[25, 32768, 4900]
[25, 32768, 5051]
[25, 32768, 5119]
[25, 32768, 4967]
[25, 32768, 5021]
[25, 32768, 4979]
[25, 32768, 4954]
[25, 32768, 5109]
[25, 32768, 5039]
[25, 32768, 5163]
[25, 32768, 4947]
[25, 32768, 5061]
[25, 32768, 5049]
[25, 32768, 5033]
[25, 32768, 5019]
[25, 32768, 4924]
[25, 32768, 5086]
[25, 32768, 5062]
[25, 32768, 4967]
[25, 32768, 4953]
[25, 32768, 4950]
[25, 32768, 5171]
[25, 32768, 4976]
[25, 32768, 4995]
[25, 32768, 4949]
[25, 32768, 5047]
[25, 32768, 4880]
[25, 32768, 4962]
[25, 32768, 4971]
[25, 32768, 4933]
[25, 32768, 5053]
[25, 32768, 4958]
[25, 32768, 5023]
[25, 32768, 4943]
[25, 32768, 4966]
[25, 32768, 4889]
[25, 32768, 5039]
[25, 32768, 4915]
[25, 32768, 5118]
[25, 32768, 5018]
[25, 32768, 4974]
[25, 32768, 4930]
[25, 32768, 5017]
[25, 32768, 5039]
[25, 32768, 5009]
[25, 32768, 5080]
[25, 32768, 5017]
[25, 32768, 4990]
[25, 32768, 5018]
[25, 32768, 5089]
[25, 32768, 5109]
[25, 32768, 4968]
[25, 32768, 4979]
[25, 32768, 4942]
[25, 32768, 4884]
[25, 32768, 5091]
[25, 32768, 4850]
[25, 32768, 4884]
[25, 32768, 5139]
[25, 32768, 5084]
[25, 32768, 5035]
[25, 32768, 4981]
[25, 32768, 5054]
[25, 32768, 5033]
[25, 32768, 4854]
[25, 32768, 4947]
[25, 32768, 5037]
[25, 32768, 5080]
[25, 32768, 4987]
[25, 32768, 4985]
[25, 32768, 5075]
[30, 39321, 7137]
[30, 39321, 7214]
[30, 39321, 7088]
[30, 39321, 7189]
[30, 39321, 7143]
[30, 39321, 6922]
[30, 39321, 7208]
[30, 39321, 7050]
[30, 39321, 7000]
[30, 39321, 7099]
[30, 39321, 7168]
[30, 39321, 7278]
[30, 39321, 7147]
[30, 39321, 7078]
[30, 39321, 7012]
[30, 39321, 7071]
[30, 39321, 7080]
[30, 39321, 7171]
[30, 39321, 7161]
[30, 39321, 7135]
[30, 39321, 7133]
[30, 39321, 7242]
[30, 39321, 7088]
[30, 39321, 7130]
[30, 39321, 7042]
[30, 39321, 7114]
[30, 39321, 7082]
[30, 39321, 7137]
[30, 39321, 6986]
[30, 39321, 7089]
[30, 39321, 7155]
[30, 39321, 7121]
[30, 39321, 7209]
[30, 39321, 6945]
[30, 39321, 6955]
[30, 39321, 7269]
[30, 39321, 7118]
[30, 39321, 7019]
[30, 39321, 7065]
[30, 39321, 7154]
[30, 39321, 7185]
[30, 39321, 7059]
[30, 39321, 7079]
[30, 39321, 7065]
[30, 39321, 7061]
[30, 39321, 7201]
[30, 39321, 7061]
[30, 39321, 7092]
[30, 39321, 7088]
[30, 39321, 7134]
[30, 39321, 7160]
[30, 39321, 7003]
[30, 39321, 7157]
[30, 39321, 7215]
[30, 39321, 7117]
[30, 39321, 7165]
[30, 39321, 7148]
[30, 39321, 7134]
[30, 39321, 7186]
[30, 39321, 7104]
[30, 39321, 7172]
[30, 39321, 7123]
[30, 39321, 7147]
[30, 39321, 7094]
[30, 39321, 7160]
[30, 39321, 7161]
[30, 39321, 6903]
[30, 39321, 7207]
[30, 39321, 7060]
[30, 39321, 7099]
[30, 39321, 7133]
[30, 39321, 7199]
[30, 39321, 6993]
[30, 39321, 7023]
[30, 39321, 7153]
[30, 39321, 7140]
[30, 39321, 7055]
[30, 39321, 7057]
[30, 39321, 7095]
[30, 39321, 7077]
[30, 39321, 7143]
[30, 39321, 7062]
[30, 39321, 7030]
[30, 39321, 7130]
[30, 39321, 7070]
[30, 39321, 7145]
[30, 39321, 7046]
[30, 39321, 7225]
[30, 39321, 7210]
[30, 39321, 7073]
[30, 39321, 7105]
[30, 39321, 7088]
[30, 39321, 7155]
[30, 39321, 7057]
[30, 39321, 7093]
[30, 39321, 7091]
[30, 39321, 7071]
[30, 39321, 7258]
[30, 39321, 7150]
[30, 39321, 6985]
[35, 45875, 9488]
[35, 45875, 9619]
[35, 45875, 9662]
[35, 45875, 9585]
[35, 45875, 9567]
[35, 45875, 9727]
[35, 45875, 9547]
[35, 45875, 9735]
[35, 45875, 9581]
[35, 45875, 9582]
[35, 45875, 9535]
[35, 45875, 9530]
[35, 45875, 9638]
[35, 45875, 9542]
[35, 45875, 9644]
[35, 45875, 9616]
[35, 45875, 9737]
[35, 45875, 9655]
[35, 45875, 9649]
[35, 45875, 9406]
[35, 45875, 9560]
[35, 45875, 9363]
[35, 45875, 9673]
[35, 45875, 9524]
[35, 45875, 9637]
[35, 45875, 9598]
[35, 45875, 9524]
[35, 45875, 9624]
[35, 45875, 9650]
[35, 45875, 9573]
[35, 45875, 9589]
[35, 45875, 9340]
[35, 45875, 9609]
[35, 45875, 9557]
[35, 45875, 9637]
[35, 45875, 9719]
[35, 45875, 9565]
[35, 45875, 9640]
[35, 45875, 9762]
[35, 45875, 9770]
[35, 45875, 9673]
[35, 45875, 9549]
[35, 45875, 9654]
[35, 45875, 9682]
[35, 45875, 9571]
[35, 45875, 9394]
[35, 45875, 9601]
[35, 45875, 9591]
[35, 45875, 9796]
[35, 45875, 9564]
[35, 45875, 9706]
[35, 45875, 9597]
[35, 45875, 9646]
[35, 45875, 9433]
[35, 45875, 9669]
[35, 45875, 9589]
[35, 45875, 9755]
[35, 45875, 9626]
[35, 45875, 9680]
[35, 45875, 9589]
[35, 45875, 9514]
[35, 45875, 9683]
[35, 45875, 9577]
[35, 45875, 9775]
[35, 45875, 9507]
[35, 45875, 9571]
[35, 45875, 9585]
[35, 45875, 9680]
[35, 45875, 9519]
[35, 45875, 9554]
[35, 45875, 9694]
[35, 45875, 9460]
[35, 45875, 9687]
[35, 45875, 9593]
[35, 45875, 9646]
[35, 45875, 9603]
[35, 45875, 9563]
[35, 45875, 9820]
[35, 45875, 9594]
[35, 45875, 9692]
[35, 45875, 9600]
[35, 45875, 9720]
[35, 45875, 9638]
[35, 45875, 9560]
[35, 45875, 9588]
[35, 45875, 9455]
[35, 45875, 9624]
[35, 45875, 9483]
[35, 45875, 9397]
[35, 45875, 9615]
[35, 45875, 9409]
[35, 45875, 9687]
[35, 45875, 9566]
[35, 45875, 9736]
[35, 45875, 9628]
[35, 45875, 9593]
[35, 45875, 9602]
[35, 45875, 9566]
[35, 45875, 9671]
[35, 45875, 9631]
[40, 52428, 12427]
[40, 52428, 12403]
[40, 52428, 12549]
[40, 52428, 12452]
[40, 52428, 12345]
[40, 52428, 12448]
[40, 52428, 12608]
[40, 52428, 12380]
[40, 52428, 12500]
[40, 52428, 12459]
[40, 52428, 12591]
[40, 52428, 12338]
[40, 52428, 12423]
[40, 52428, 12365]
[40, 52428, 12404]
[40, 52428, 12479]
[40, 52428, 12499]
[40, 52428, 12319]
[40, 52428, 12249]
[40, 52428, 12752]
[40, 52428, 12533]
[40, 52428, 12356]
[40, 52428, 12431]
[40, 52428, 12339]
[40, 52428, 12518]
[40, 52428, 12391]
[40, 52428, 12413]
[40, 52428, 12502]
[40, 52428, 12520]
[40, 52428, 12413]
[40, 52428, 12457]
[40, 52428, 12309]
[40, 52428, 12334]
[40, 52428, 12586]
[40, 52428, 12469]
[40, 52428, 12418]
[40, 52428, 12618]
[40, 52428, 12447]
[40, 52428, 12449]
[40, 52428, 12641]
[40, 52428, 12386]
[40, 52428, 12322]
[40, 52428, 12424]
[40, 52428, 12444]
[40, 52428, 12582]
[40, 52428, 12452]
[40, 52428, 12497]
[40, 52428, 12543]
[40, 52428, 12568]
[40, 52428, 12400]
[40, 52428, 12567]
[40, 52428, 12329]
[40, 52428, 12437]
[40, 52428, 12474]
[40, 52428, 12434]
[40, 52428, 12493]
[40, 52428, 12429]
[40, 52428, 12460]
[40, 52428, 12462]
[40, 52428, 12556]
[40, 52428, 12507]
[40, 52428, 12406]
[40, 52428, 12573]
[40, 52428, 12503]
[40, 52428, 12630]
[40, 52428, 12479]
[40, 52428, 12640]
[40, 52428, 12562]
[40, 52428, 12462]
[40, 52428, 12447]
[40, 52428, 12552]
[40, 52428, 12515]
[40, 52428, 12192]
[40, 52428, 12529]
[40, 52428, 12470]
[40, 52428, 12513]
[40, 52428, 12593]
[40, 52428, 12407]
[40, 52428, 12357]
[40, 52428, 12521]
[40, 52428, 12289]
[40, 52428, 12382]
[40, 52428, 12459]
[40, 52428, 12409]
[40, 52428, 12455]
[40, 52428, 12426]
[40, 52428, 12341]
[40, 52428, 12529]
[40, 52428, 12316]
[40, 52428, 12657]
[40, 52428, 12371]
[40, 52428, 12495]
[40, 52428, 12318]
[40, 52428, 12505]
[40, 52428, 12426]
[40, 52428, 12505]
[40, 52428, 12494]
[40, 52428, 12545]
[40, 52428, 12440]
[40, 52428, 12575]
