[1, 327, 26]
[1, 327, 23]
[1, 327, 25]
[1, 327, 23]
[1, 327, 33]
[1, 327, 26]
[1, 327, 33]
[1, 327, 36]
[1, 327, 31]
[1, 327, 29]
[1, 327, 24]
[1, 327, 24]
[1, 327, 31]
[1, 327, 21]
[1, 327, 32]
[1, 327, 21]
[1, 327, 20]
[1, 327, 24]
[1, 327, 22]
[1, 327, 28]
[1, 327, 20]
[1, 327, 30]
[1, 327, 26]
[1, 327, 26]
[1, 327, 31]
[1, 327, 30]
[1, 327, 34]
[1, 327, 33]
[1, 327, 26]
[1, 327, 28]
[1, 327, 28]
[1, 327, 29]
[1, 327, 21]
[1, 327, 22]
[1, 327, 31]
[1, 327, 26]
[1, 327, 32]
[1, 327, 37]
[1, 327, 23]
[1, 327, 31]
[1, 327, 26]
[1, 327, 32]
[1, 327, 21]
[1, 327, 35]
[1, 327, 31]
[1, 327, 22]
[1, 327, 33]
[1, 327, 26]
[1, 327, 23]
[1, 327, 23]
[1, 327, 21]
[1, 327, 29]
[1, 327, 20]
[1, 327, 30]
[1, 327, 32]
[1, 327, 29]
[1, 327, 24]
[1, 327, 35]
[1, 327, 22]
[1, 327, 39]
[1, 327, 29]
[1, 327, 21]
[1, 327, 27]
[1, 327, 32]
[1, 327, 33]
[1, 327, 29]
[1, 327, 28]
[1, 327, 22]
[1, 327, 25]
[1, 327, 26]
[1, 327, 26]
[1, 327, 28]
[1, 327, 31]
[1, 327, 27]
[1, 327, 17]
[1, 327, 32]
[1, 327, 30]
[1, 327, 19]
[1, 327, 24]
[1, 327, 28]
[1, 327, 31]
[1, 327, 25]
[1, 327, 17]
[1, 327, 31]
[1, 327, 30]
[1, 327, 31]
[1, 327, 29]
[1, 327, 34]
[1, 327, 23]
[1, 327, 27]
[1, 327, 27]
[1, 327, 27]
[1, 327, 24]
[1, 327, 28]
[1, 327, 27]
[1, 327, 20]
[1, 327, 20]
[1, 327, 23]
[1, 327, 24]
[1, 327, 26]
[2, 655, 55]
[2, 655, 70]
[2, 655, 63]
[2, 655, 56]
[2, 655, 51]
[2, 655, 57]
[2, 655, 69]
[2, 655, 48]
[2, 655, 57]
[2, 655, 55]
[2, 655, 55]
[2, 655, 59]
[2, 655, 68]
[2, 655, 59]
[2, 655, 56]
[2, 655, 50]
[2, 655, 48]
[2, 655, 61]
[2, 655, 70]
[2, 655, 60]
[2, 655, 57]
[2, 655, 65]
[2, 655, 50]
[2, 655, 66]
[2, 655, 54]
[2, 655, 51]
[2, 655, 77]
[2, 655, 62]
[2, 655, 56]
[2, 655, 58]
[2, 655, 46]
[2, 655, 58]
[2, 655, 60]
[2, 655, 54]
[2, 655, 54]
[2, 655, 49]
[2, 655, 58]
[2, 655, 60]
[2, 655, 62]
[2, 655, 54]
[2, 655, 53]
[2, 655, 51]
[2, 655, 70]
[2, 655, 45]
[2, 655, 44]
[2, 655, 52]
[2, 655, 58]
[2, 655, 62]
[2, 655, 79]
[2, 655, 45]
[2, 655, 46]
[2, 655, 75]
[2, 655, 60]
[2, 655, 56]
[2, 655, 48]
[2, 655, 57]
[2, 655, 56]
[2, 655, 58]
[2, 655, 60]
[2, 655, 45]
[2, 655, 50]
[2, 655, 57]
[2, 655, 59]
[2, 655, 55]
[2, 655, 63]
[2, 655, 51]
[2, 655, 53]
[2, 655, 52]
[2, 655, 63]
[2, 655, 59]
[2, 655, 57]
[2, 655, 64]
[2, 655, 56]
[2, 655, 59]
[2, 655, 65]
[2, 655, 54]
[2, 655, 58]
[2, 655, 46]
[2, 655, 62]
[2, 655, 63]
[2, 655, 50]
[2, 655, 62]
[2, 655, 70]
[2, 655, 61]
[2, 655, 47]
[2, 655, 61]
[2, 655, 51]
[2, 655, 57]
[2, 655, 61]
[2, 655, 48]
[2, 655, 51]
[2, 655, 57]
[2, 655, 68]
[2, 655, 47]
[2, 655, 50]
[2, 655, 49]
[2, 655, 70]
[2, 655, 47]
[2, 655, 61]
[2, 655, 57]
[5, 1638, 164]
[5, 1638, 166]
[5, 1638, 174]
[5, 1638, 158]
[5, 1638, 176]
[5, 1638, 166]
[5, 1638, 153]
[5, 1638, 158]
[5, 1638, 202]
[5, 1638, 186]
[5, 1638, 160]
[5, 1638, 157]
[5, 1638, 160]
[5, 1638, 185]
[5, 1638, 157]
[5, 1638, 172]
[5, 1638, 194]
[5, 1638, 168]
[5, 1638, 193]
[5, 1638, 134]
[5, 1638, 165]
[5, 1638, 165]
[5, 1638, 140]
[5, 1638, 182]
[5, 1638, 188]
[5, 1638, 167]
[5, 1638, 161]
[5, 1638, 174]
[5, 1638, 189]
[5, 1638, 185]
[5, 1638, 172]
[5, 1638, 184]
[5, 1638, 179]
[5, 1638, 161]
[5, 1638, 171]
[5, 1638, 151]
[5, 1638, 160]
[5, 1638, 191]
[5, 1638, 192]
[5, 1638, 179]
[5, 1638, 172]
[5, 1638, 187]
[5, 1638, 139]
[5, 1638, 166]
[5, 1638, 174]
[5, 1638, 170]
[5, 1638, 157]
[5, 1638, 176]
[5, 1638, 167]
[5, 1638, 156]
[5, 1638, 190]
[5, 1638, 166]
[5, 1638, 152]
[5, 1638, 175]
[5, 1638, 153]
[5, 1638, 163]
[5, 1638, 155]
[5, 1638, 169]
[5, 1638, 178]
[5, 1638, 179]
[5, 1638, 154]
[5, 1638, 176]
[5, 1638, 174]
[5, 1638, 177]
[5, 1638, 168]
[5, 1638, 177]
[5, 1638, 148]
[5, 1638, 161]
[5, 1638, 174]
[5, 1638, 170]
[5, 1638, 148]
[5, 1638, 173]
[5, 1638, 181]
[5, 1638, 163]
[5, 1638, 188]
[5, 1638, 158]
[5, 1638, 165]
[5, 1638, 199]
[5, 1638, 153]
[5, 1638, 167]
[5, 1638, 184]
[5, 1638, 160]
[5, 1638, 159]
[5, 1638, 186]
[5, 1638, 166]
[5, 1638, 161]
[5, 1638, 149]
[5, 1638, 188]
[5, 1638, 158]
[5, 1638, 154]
[5, 1638, 169]
[5, 1638, 179]
[5, 1638, 168]
[5, 1638, 182]
[5, 1638, 162]
[5, 1638, 191]
[5, 1638, 142]
[5, 1638, 145]
[5, 1638, 157]
[5, 1638, 164]
[10, 3276, 403]
[10, 3276, 411]
[10, 3276, 407]
[10, 3276, 437]
[10, 3276, 445]
[10, 3276, 432]
[10, 3276, 449]
[10, 3276, 397]
[10, 3276, 432]
[10, 3276, 428]
[10, 3276, 404]
[10, 3276, 416]
[10, 3276, 464]
[10, 3276, 423]
[10, 3276, 411]
[10, 3276, 438]
[10, 3276, 398]
[10, 3276, 415]
[10, 3276, 394]
[10, 3276, 414]
[10, 3276, 427]
[10, 3276, 417]
[10, 3276, 445]
[10, 3276, 406]
[10, 3276, 422]
[10, 3276, 404]
[10, 3276, 404]
[10, 3276, 422]
[10, 3276, 417]
[10, 3276, 385]
[10, 3276, 428]
[10, 3276, 387]
[10, 3276, 437]
[10, 3276, 454]
[10, 3276, 442]
[10, 3276, 405]
[10, 3276, 414]
[10, 3276, 390]
[10, 3276, 420]
[10, 3276, 405]
[10, 3276, 407]
[10, 3276, 403]
[10, 3276, 448]
[10, 3276, 399]
[10, 3276, 412]
[10, 3276, 425]
[10, 3276, 424]
[10, 3276, 415]
[10, 3276, 446]
[10, 3276, 394]
[10, 3276, 438]
[10, 3276, 432]
[10, 3276, 444]
[10, 3276, 414]
[10, 3276, 399]
[10, 3276, 433]
[10, 3276, 434]
[10, 3276, 405]
[10, 3276, 454]
[10, 3276, 418]
[10, 3276, 452]
[10, 3276, 449]
[10, 3276, 414]
[10, 3276, 391]
[10, 3276, 422]
[10, 3276, 452]
[10, 3276, 401]
[10, 3276, 412]
[10, 3276, 380]
[10, 3276, 418]
[10, 3276, 431]
[10, 3276, 413]
[10, 3276, 414]
[10, 3276, 385]
[10, 3276, 420]
[10, 3276, 398]
[10, 3276, 435]
[10, 3276, 385]
[10, 3276, 391]
[10, 3276, 409]
[10, 3276, 397]
[10, 3276, 432]
[10, 3276, 414]
[10, 3276, 411]
[10, 3276, 406]
[10, 3276, 421]
[10, 3276, 447]
[10, 3276, 429]
[10, 3276, 402]
[10, 3276, 425]
[10, 3276, 428]
[10, 3276, 423]
[10, 3276, 425]
[10, 3276, 414]
[10, 3276, 426]
[10, 3276, 415]
[10, 3276, 412]
[10, 3276, 425]
[10, 3276, 416]
[10, 3276, 438]
[15, 4915, 740]
[15, 4915, 743]
[15, 4915, 774]
[15, 4915, 728]
[15, 4915, 744]
[15, 4915, 763]
[15, 4915, 749]
[15, 4915, 765]
[15, 4915, 746]
[15, 4915, 759]
[15, 4915, 738]
[15, 4915, 768]
[15, 4915, 735]
[15, 4915, 769]
[15, 4915, 744]
[15, 4915, 752]
[15, 4915, 782]
[15, 4915, 785]
[15, 4915, 765]
[15, 4915, 802]
[15, 4915, 741]
[15, 4915, 762]
[15, 4915, 728]
[15, 4915, 805]
[15, 4915, 762]
[15, 4915, 822]
[15, 4915, 755]
[15, 4915, 798]
[15, 4915, 745]
[15, 4915, 755]
[15, 4915, 766]
[15, 4915, 729]
[15, 4915, 792]
[15, 4915, 749]
[15, 4915, 747]
[15, 4915, 742]
[15, 4915, 774]
[15, 4915, 759]
[15, 4915, 778]
[15, 4915, 745]
[15, 4915, 750]
[15, 4915, 749]
[15, 4915, 723]
[15, 4915, 734]
[15, 4915, 708]
[15, 4915, 759]
[15, 4915, 775]
[15, 4915, 729]
[15, 4915, 744]
[15, 4915, 735]
[15, 4915, 744]
[15, 4915, 742]
[15, 4915, 728]
[15, 4915, 780]
[15, 4915, 751]
[15, 4915, 738]
[15, 4915, 766]
[15, 4915, 770]
[15, 4915, 711]
[15, 4915, 730]
[15, 4915, 761]
[15, 4915, 723]
[15, 4915, 814]
[15, 4915, 798]
[15, 4915, 755]
[15, 4915, 779]
[15, 4915, 820]
[15, 4915, 807]
[15, 4915, 789]
[15, 4915, 692]
[15, 4915, 777]
[15, 4915, 785]
[15, 4915, 772]
[15, 4915, 761]
[15, 4915, 746]
[15, 4915, 781]
[15, 4915, 751]
[15, 4915, 750]
[15, 4915, 762]
[15, 4915, 744]
[15, 4915, 737]
[15, 4915, 719]
[15, 4915, 726]
[15, 4915, 742]
[15, 4915, 728]
[15, 4915, 777]
[15, 4915, 761]
[15, 4915, 800]
[15, 4915, 740]
[15, 4915, 746]
[15, 4915, 776]
[15, 4915, 732]
[15, 4915, 733]
[15, 4915, 780]
[15, 4915, 717]
[15, 4915, 768]
[15, 4915, 763]
[15, 4915, 781]
[15, 4915, 765]
[15, 4915, 783]
[20, 6553, 1193]
[20, 6553, 1154]
[20, 6553, 1193]
[20, 6553, 1141]
[20, 6553, 1201]
[20, 6553, 1176]
[20, 6553, 1125]
[20, 6553, 1189]
[20, 6553, 1194]
[20, 6553, 1181]
[20, 6553, 1225]
[20, 6553, 1158]
[20, 6553, 1125]
[20, 6553, 1167]
[20, 6553, 1169]
[20, 6553, 1133]
[20, 6553, 1173]
[20, 6553, 1142]
[20, 6553, 1164]
[20, 6553, 1127]
[20, 6553, 1192]
[20, 6553, 1160]
[20, 6553, 1239]
[20, 6553, 1217]
[20, 6553, 1155]
[20, 6553, 1145]
[20, 6553, 1171]
[20, 6553, 1234]
[20, 6553, 1137]
[20, 6553, 1173]
[20, 6553, 1222]
[20, 6553, 1159]
[20, 6553, 1208]
[20, 6553, 1183]
[20, 6553, 1144]
[20, 6553, 1165]
[20, 6553, 1159]
[20, 6553, 1182]
[20, 6553, 1136]
[20, 6553, 1134]
[20, 6553, 1175]
[20, 6553, 1153]
[20, 6553, 1208]
[20, 6553, 1174]
[20, 6553, 1200]
[20, 6553, 1167]
[20, 6553, 1187]
[20, 6553, 1147]
[20, 6553, 1137]
[20, 6553, 1243]
[20, 6553, 1133]
[20, 6553, 1211]
[20, 6553, 1202]
[20, 6553, 1127]
[20, 6553, 1198]
[20, 6553, 1172]
[20, 6553, 1190]
[20, 6553, 1202]
[20, 6553, 1190]
[20, 6553, 1197]
[20, 6553, 1205]
[20, 6553, 1218]
[20, 6553, 1168]
[20, 6553, 1195]
[20, 6553, 1201]
[20, 6553, 1160]
[20, 6553, 1232]
[20, 6553, 1218]
[20, 6553, 1211]
[20, 6553, 1163]
[20, 6553, 1142]
[20, 6553, 1194]
[20, 6553, 1204]
[20, 6553, 1171]
[20, 6553, 1208]
[20, 6553, 1116]
[20, 6553, 1164]
[20, 6553, 1156]
[20, 6553, 1203]
[20, 6553, 1168]
[20, 6553, 1191]
[20, 6553, 1196]
[20, 6553, 1160]
[20, 6553, 1210]
[20, 6553, 1186]
[20, 6553, 1187]
[20, 6553, 1252]
[20, 6553, 1204]
[20, 6553, 1183]
[20, 6553, 1218]
[20, 6553, 1209]
[20, 6553, 1170]
[20, 6553, 1150]
[20, 6553, 1248]
[20, 6553, 1197]
[20, 6553, 1244]
[20, 6553, 1216]
[20, 6553, 1181]
[20, 6553, 1176]
[20, 6553, 1198]
[25, 8192, 1759]
[25, 8192, 1729]
[25, 8192, 1648]
[25, 8192, 1732]
[25, 8192, 1657]
[25, 8192, 1661]
[25, 8192, 1659]
[25, 8192, 1719]
[25, 8192, 1649]
[25, 8192, 1705]
[25, 8192, 1667]
[25, 8192, 1698]
[25, 8192, 1684]
[25, 8192, 1671]
[25, 8192, 1679]
[25, 8192, 1752]
[25, 8192, 1695]
[25, 8192, 1705]
[25, 8192, 1662]
[25, 8192, 1712]
[25, 8192, 1688]
[25, 8192, 1681]
[25, 8192, 1724]
[25, 8192, 1717]
[25, 8192, 1713]
[25, 8192, 1677]
[25, 8192, 1713]
[25, 8192, 1680]
[25, 8192, 1756]
[25, 8192, 1710]
[25, 8192, 1689]
[25, 8192, 1728]
[25, 8192, 1664]
[25, 8192, 1708]
[25, 8192, 1665]
[25, 8192, 1735]
[25, 8192, 1717]
[25, 8192, 1698]
[25, 8192, 1689]
[25, 8192, 1688]
[25, 8192, 1701]
[25, 8192, 1669]
[25, 8192, 1724]
[25, 8192, 1673]
[25, 8192, 1695]
[25, 8192, 1659]
[25, 8192, 1711]
[25, 8192, 1685]
[25, 8192, 1751]
[25, 8192, 1729]
[25, 8192, 1656]
[25, 8192, 1622]
[25, 8192, 1701]
[25, 8192, 1698]
[25, 8192, 1700]
[25, 8192, 1704]
[25, 8192, 1704]
[25, 8192, 1710]
[25, 8192, 1651]
[25, 8192, 1745]
[25, 8192, 1792]
[25, 8192, 1707]
[25, 8192, 1704]
[25, 8192, 1755]
[25, 8192, 1719]
[25, 8192, 1713]
[25, 8192, 1710]
[25, 8192, 1706]
[25, 8192, 1652]
[25, 8192, 1700]
[25, 8192, 1712]
[25, 8192, 1736]
[25, 8192, 1720]
[25, 8192, 1695]
[25, 8192, 1680]
[25, 8192, 1668]
[25, 8192, 1706]
[25, 8192, 1671]
[25, 8192, 1678]
[25, 8192, 1681]
[25, 8192, 1640]
[25, 8192, 1754]
[25, 8192, 1629]
[25, 8192, 1714]
[25, 8192, 1676]
[25, 8192, 1693]
[25, 8192, 1670]
[25, 8192, 1692]
[25, 8192, 1740]
[25, 8192, 1678]
[25, 8192, 1707]
[25, 8192, 1706]
[25, 8192, 1667]
[25, 8192, 1739]
[25, 8192, 1679]
[25, 8192, 1701]
[25, 8192, 1716]
[25, 8192, 1693]
[25, 8192, 1708]
[25, 8192, 1702]
[30, 9830, 2231]
[30, 9830, 2327]
[30, 9830, 2234]
[30, 9830, 2305]
[30, 9830, 2294]
[30, 9830, 2304]
[30, 9830, 2291]
[30, 9830, 2362]
[30, 9830, 2308]
[30, 9830, 2296]
[30, 9830, 2256]
[30, 9830, 2328]
[30, 9830, 2372]
[30, 9830, 2276]
[30, 9830, 2293]
[30, 9830, 2360]
[30, 9830, 2313]
[30, 9830, 2334]
[30, 9830, 2280]
[30, 9830, 2326]
[30, 9830, 2315]
[30, 9830, 2309]
[30, 9830, 2358]
[30, 9830, 2322]
[30, 9830, 2295]
[30, 9830, 2288]
[30, 9830, 2282]
[30, 9830, 2273]
[30, 9830, 2344]
[30, 9830, 2259]
[30, 9830, 2411]
[30, 9830, 2362]
[30, 9830, 2369]
[30, 9830, 2237]
[30, 9830, 2336]
[30, 9830, 2387]
[30, 9830, 2297]
[30, 9830, 2367]
[30, 9830, 2315]
[30, 9830, 2250]
[30, 9830, 2316]
[30, 9830, 2237]
[30, 9830, 2340]
[30, 9830, 2335]
[30, 9830, 2303]
[30, 9830, 2255]
[30, 9830, 2252]
[30, 9830, 2300]
[30, 9830, 2268]
[30, 9830, 2300]
[30, 9830, 2323]
[30, 9830, 2353]
[30, 9830, 2347]
[30, 9830, 2260]
[30, 9830, 2171]
[30, 9830, 2254]
[30, 9830, 2283]
[30, 9830, 2365]
[30, 9830, 2389]
[30, 9830, 2285]
[30, 9830, 2284]
[30, 9830, 2286]
[30, 9830, 2338]
[30, 9830, 2300]
[30, 9830, 2289]
[30, 9830, 2332]
[30, 9830, 2232]
[30, 9830, 2300]
[30, 9830, 2323]
[30, 9830, 2353]
[30, 9830, 2343]
[30, 9830, 2324]
[30, 9830, 2183]
[30, 9830, 2319]
[30, 9830, 2318]
[30, 9830, 2313]
[30, 9830, 2274]
[30, 9830, 2321]
[30, 9830, 2277]
[30, 9830, 2240]
[30, 9830, 2299]
[30, 9830, 2319]
[30, 9830, 2258]
[30, 9830, 2243]
[30, 9830, 2338]
[30, 9830, 2362]
[30, 9830, 2298]
[30, 9830, 2360]
[30, 9830, 2279]
[30, 9830, 2308]
[30, 9830, 2304]
[30, 9830, 2336]
[30, 9830, 2290]
[30, 9830, 2270]
[30, 9830, 2335]
[30, 9830, 2322]
[30, 9830, 2280]
[30, 9830, 2298]
[30, 9830, 2223]
[30, 9830, 2281]
[35, 11468, 3068]
[35, 11468, 3088]
[35, 11468, 3020]
[35, 11468, 3021]
[35, 11468, 2983]
[35, 11468, 2967]
[35, 11468, 3097]
[35, 11468, 3094]
[35, 11468, 3010]
[35, 11468, 3069]
[35, 11468, 3053]
[35, 11468, 2942]
[35, 11468, 3024]
[35, 11468, 3029]
[35, 11468, 2989]
[35, 11468, 2966]
[35, 11468, 3098]
[35, 11468, 2989]
[35, 11468, 3043]
[35, 11468, 2913]
[35, 11468, 2996]
[35, 11468, 3047]
[35, 11468, 2992]
[35, 11468, 3047]
[35, 11468, 2979]
[35, 11468, 3010]
[35, 11468, 2943]
[35, 11468, 3024]
[35, 11468, 2998]
[35, 11468, 3035]
[35, 11468, 3042]
[35, 11468, 3079]
[35, 11468, 3008]
[35, 11468, 3062]
[35, 11468, 3022]
[35, 11468, 3066]
[35, 11468, 2956]
[35, 11468, 3029]
[35, 11468, 2966]
[35, 11468, 3016]
[35, 11468, 3007]
[35, 11468, 2990]
[35, 11468, 2997]
[35, 11468, 3011]
[35, 11468, 3042]
[35, 11468, 2943]
[35, 11468, 2983]
[35, 11468, 2899]
[35, 11468, 3001]
[35, 11468, 3098]
[35, 11468, 3007]
[35, 11468, 2949]
[35, 11468, 3077]
[35, 11468, 3008]
[35, 11468, 3025]
[35, 11468, 2940]
[35, 11468, 3006]
[35, 11468, 3049]
[35, 11468, 2947]
[35, 11468, 3034]
[35, 11468, 3015]
[35, 11468, 2965]
[35, 11468, 2976]
[35, 11468, 3056]
[35, 11468, 3015]
[35, 11468, 3056]
[35, 11468, 2986]
[35, 11468, 3067]
[35, 11468, 2958]
[35, 11468, 3010]
[35, 11468, 2997]
[35, 11468, 2953]
[35, 11468, 2975]
[35, 11468, 2992]
[35, 11468, 2999]
[35, 11468, 2964]
[35, 11468, 3099]
[35, 11468, 3086]
[35, 11468, 3109]
[35, 11468, 3025]
[35, 11468, 2967]
[35, 11468, 2968]
[35, 11468, 3041]
[35, 11468, 2973]
[35, 11468, 2917]
[35, 11468, 2929]
[35, 11468, 3044]
[35, 11468, 3018]
[35, 11468, 3001]
[35, 11468, 3070]
[35, 11468, 3035]
[35, 11468, 2967]
[35, 11468, 2975]
[35, 11468, 3124]
[35, 11468, 3014]
[35, 11468, 3020]
[35, 11468, 2997]
[35, 11468, 3062]
[35, 11468, 2972]
[35, 11468, 2926]
[40, 13107, 3722]
[40, 13107, 3733]
[40, 13107, 3857]
[40, 13107, 3865]
[40, 13107, 3782]
[40, 13107, 3770]
[40, 13107, 3807]
[40, 13107, 3785]
[40, 13107, 3800]
[40, 13107, 3785]
[40, 13107, 3778]
[40, 13107, 3704]
[40, 13107, 3869]
[40, 13107, 3824]
[40, 13107, 3811]
[40, 13107, 3749]
[40, 13107, 3756]
[40, 13107, 3786]
[40, 13107, 3877]
[40, 13107, 3803]
[40, 13107, 3789]
[40, 13107, 3778]
[40, 13107, 3785]
[40, 13107, 3734]
[40, 13107, 3780]
[40, 13107, 3789]
[40, 13107, 3828]
[40, 13107, 3730]
[40, 13107, 3803]
[40, 13107, 3809]
[40, 13107, 3794]
[40, 13107, 3809]
[40, 13107, 3716]
[40, 13107, 3815]
[40, 13107, 3817]
[40, 13107, 3884]
[40, 13107, 3746]
[40, 13107, 3763]
[40, 13107, 3797]
[40, 13107, 3843]
[40, 13107, 3863]
[40, 13107, 3735]
[40, 13107, 3833]
[40, 13107, 3833]
[40, 13107, 3836]
[40, 13107, 3706]
[40, 13107, 3740]
[40, 13107, 3752]
[40, 13107, 3710]
[40, 13107, 3817]
[40, 13107, 3799]
[40, 13107, 3797]
[40, 13107, 3838]
[40, 13107, 3814]
[40, 13107, 3816]
[40, 13107, 3681]
[40, 13107, 3809]
[40, 13107, 3896]
[40, 13107, 3784]
[40, 13107, 3844]
[40, 13107, 3887]
[40, 13107, 3763]
[40, 13107, 3767]
[40, 13107, 3754]
[40, 13107, 3848]
[40, 13107, 3764]
[40, 13107, 3719]
[40, 13107, 3851]
[40, 13107, 3858]
[40, 13107, 3846]
[40, 13107, 3830]
[40, 13107, 3769]
[40, 13107, 3872]
[40, 13107, 3769]
[40, 13107, 3709]
[40, 13107, 3758]
[40, 13107, 3797]
[40, 13107, 3685]
[40, 13107, 3671]
[40, 13107, 3738]
[40, 13107, 3656]
[40, 13107, 3839]
[40, 13107, 3734]
[40, 13107, 3758]
[40, 13107, 3796]
[40, 13107, 3754]
[40, 13107, 3794]
[40, 13107, 3897]
[40, 13107, 3864]
[40, 13107, 3802]
[40, 13107, 3812]
[40, 13107, 3819]
[40, 13107, 3804]
[40, 13107, 3743]
[40, 13107, 3733]
[40, 13107, 3814]
[40, 13107, 3759]
[40, 13107, 3833]
[40, 13107, 3819]
[40, 13107, 3815]
