[1, 327, 17]
[1, 327, 15]
[1, 327, 12]
[1, 327, 11]
[1, 327, 19]
[1, 327, 10]
[1, 327, 15]
[1, 327, 16]
[1, 327, 17]
[1, 327, 19]
[1, 327, 11]
[1, 327, 13]
[1, 327, 12]
[1, 327, 15]
[1, 327, 11]
[1, 327, 18]
[1, 327, 5]
[1, 327, 20]
[1, 327, 11]
[1, 327, 14]
[1, 327, 12]
[1, 327, 15]
[1, 327, 11]
[1, 327, 21]
[1, 327, 18]
[1, 327, 12]
[1, 327, 11]
[1, 327, 9]
[1, 327, 11]
[1, 327, 10]
[1, 327, 16]
[1, 327, 20]
[1, 327, 21]
[1, 327, 19]
[1, 327, 13]
[1, 327, 22]
[1, 327, 12]
[1, 327, 16]
[1, 327, 21]
[1, 327, 15]
[1, 327, 15]
[1, 327, 13]
[1, 327, 20]
[1, 327, 16]
[1, 327, 20]
[1, 327, 16]
[1, 327, 16]
[1, 327, 15]
[1, 327, 12]
[1, 327, 16]
[1, 327, 5]
[1, 327, 12]
[1, 327, 14]
[1, 327, 23]
[1, 327, 13]
[1, 327, 14]
[1, 327, 19]
[1, 327, 17]
[1, 327, 18]
[1, 327, 14]
[1, 327, 16]
[1, 327, 11]
[1, 327, 15]
[1, 327, 16]
[1, 327, 13]
[1, 327, 17]
[1, 327, 14]
[1, 327, 17]
[1, 327, 20]
[1, 327, 13]
[1, 327, 8]
[1, 327, 12]
[1, 327, 12]
[1, 327, 17]
[1, 327, 9]
[1, 327, 10]
[1, 327, 8]
[1, 327, 10]
[1, 327, 9]
[1, 327, 16]
[1, 327, 18]
[1, 327, 9]
[1, 327, 18]
[1, 327, 6]
[1, 327, 15]
[1, 327, 24]
[1, 327, 12]
[1, 327, 9]
[1, 327, 8]
[1, 327, 10]
[1, 327, 19]
[1, 327, 17]
[1, 327, 13]
[1, 327, 14]
[1, 327, 9]
[1, 327, 13]
[1, 327, 8]
[1, 327, 11]
[1, 327, 18]
[1, 327, 15]
[2, 655, 32]
[2, 655, 31]
[2, 655, 38]
[2, 655, 33]
[2, 655, 34]
[2, 655, 26]
[2, 655, 27]
[2, 655, 38]
[2, 655, 30]
[2, 655, 37]
[2, 655, 34]
[2, 655, 37]
[2, 655, 25]
[2, 655, 40]
[2, 655, 29]
[2, 655, 35]
[2, 655, 34]
[2, 655, 32]
[2, 655, 23]
[2, 655, 34]
[2, 655, 27]
[2, 655, 37]
[2, 655, 26]
[2, 655, 27]
[2, 655, 34]
[2, 655, 42]
[2, 655, 32]
[2, 655, 25]
[2, 655, 35]
[2, 655, 33]
[2, 655, 26]
[2, 655, 35]
[2, 655, 35]
[2, 655, 29]
[2, 655, 40]
[2, 655, 37]
[2, 655, 30]
[2, 655, 23]
[2, 655, 37]
[2, 655, 36]
[2, 655, 34]
[2, 655, 32]
[2, 655, 34]
[2, 655, 34]
[2, 655, 23]
[2, 655, 32]
[2, 655, 37]
[2, 655, 27]
[2, 655, 38]
[2, 655, 30]
[2, 655, 31]
[2, 655, 28]
[2, 655, 39]
[2, 655, 31]
[2, 655, 30]
[2, 655, 39]
[2, 655, 27]
[2, 655, 34]
[2, 655, 32]
[2, 655, 35]
[2, 655, 30]
[2, 655, 36]
[2, 655, 34]
[2, 655, 28]
[2, 655, 39]
[2, 655, 30]
[2, 655, 35]
[2, 655, 37]
[2, 655, 31]
[2, 655, 33]
[2, 655, 26]
[2, 655, 27]
[2, 655, 22]
[2, 655, 30]
[2, 655, 39]
[2, 655, 35]
[2, 655, 31]
[2, 655, 25]
[2, 655, 29]
[2, 655, 32]
[2, 655, 31]
[2, 655, 33]
[2, 655, 30]
[2, 655, 30]
[2, 655, 33]
[2, 655, 41]
[2, 655, 31]
[2, 655, 31]
[2, 655, 33]
[2, 655, 25]
[2, 655, 33]
[2, 655, 37]
[2, 655, 26]
[2, 655, 24]
[2, 655, 21]
[2, 655, 34]
[2, 655, 35]
[2, 655, 27]
[2, 655, 27]
[2, 655, 34]
[5, 1638, 100]
[5, 1638, 111]
[5, 1638, 99]
[5, 1638, 122]
[5, 1638, 100]
[5, 1638, 112]
[5, 1638, 92]
[5, 1638, 96]
[5, 1638, 108]
[5, 1638, 112]
[5, 1638, 110]
[5, 1638, 132]
[5, 1638, 109]
[5, 1638, 105]
[5, 1638, 105]
[5, 1638, 100]
[5, 1638, 98]
[5, 1638, 102]
[5, 1638, 120]
[5, 1638, 97]
[5, 1638, 103]
[5, 1638, 105]
[5, 1638, 112]
[5, 1638, 127]
[5, 1638, 110]
[5, 1638, 114]
[5, 1638, 120]
[5, 1638, 98]
[5, 1638, 118]
[5, 1638, 99]
[5, 1638, 128]
[5, 1638, 110]
[5, 1638, 92]
[5, 1638, 105]
[5, 1638, 83]
[5, 1638, 127]
[5, 1638, 110]
[5, 1638, 106]
[5, 1638, 97]
[5, 1638, 102]
[5, 1638, 84]
[5, 1638, 104]
[5, 1638, 102]
[5, 1638, 103]
[5, 1638, 108]
[5, 1638, 107]
[5, 1638, 113]
[5, 1638, 106]
[5, 1638, 113]
[5, 1638, 124]
[5, 1638, 97]
[5, 1638, 102]
[5, 1638, 107]
[5, 1638, 108]
[5, 1638, 98]
[5, 1638, 98]
[5, 1638, 111]
[5, 1638, 111]
[5, 1638, 112]
[5, 1638, 111]
[5, 1638, 115]
[5, 1638, 112]
[5, 1638, 120]
[5, 1638, 90]
[5, 1638, 96]
[5, 1638, 111]
[5, 1638, 110]
[5, 1638, 115]
[5, 1638, 114]
[5, 1638, 104]
[5, 1638, 105]
[5, 1638, 119]
[5, 1638, 114]
[5, 1638, 130]
[5, 1638, 99]
[5, 1638, 106]
[5, 1638, 128]
[5, 1638, 104]
[5, 1638, 110]
[5, 1638, 110]
[5, 1638, 93]
[5, 1638, 105]
[5, 1638, 119]
[5, 1638, 115]
[5, 1638, 124]
[5, 1638, 103]
[5, 1638, 97]
[5, 1638, 99]
[5, 1638, 122]
[5, 1638, 102]
[5, 1638, 110]
[5, 1638, 107]
[5, 1638, 97]
[5, 1638, 100]
[5, 1638, 117]
[5, 1638, 90]
[5, 1638, 106]
[5, 1638, 114]
[5, 1638, 81]
[5, 1638, 111]
[10, 3276, 269]
[10, 3276, 261]
[10, 3276, 274]
[10, 3276, 295]
[10, 3276, 296]
[10, 3276, 304]
[10, 3276, 304]
[10, 3276, 282]
[10, 3276, 310]
[10, 3276, 285]
[10, 3276, 275]
[10, 3276, 292]
[10, 3276, 307]
[10, 3276, 287]
[10, 3276, 293]
[10, 3276, 303]
[10, 3276, 301]
[10, 3276, 309]
[10, 3276, 329]
[10, 3276, 281]
[10, 3276, 300]
[10, 3276, 282]
[10, 3276, 294]
[10, 3276, 284]
[10, 3276, 276]
[10, 3276, 283]
[10, 3276, 308]
[10, 3276, 294]
[10, 3276, 301]
[10, 3276, 302]
[10, 3276, 314]
[10, 3276, 293]
[10, 3276, 304]
[10, 3276, 287]
[10, 3276, 274]
[10, 3276, 290]
[10, 3276, 316]
[10, 3276, 330]
[10, 3276, 296]
[10, 3276, 287]
[10, 3276, 302]
[10, 3276, 277]
[10, 3276, 292]
[10, 3276, 273]
[10, 3276, 290]
[10, 3276, 282]
[10, 3276, 277]
[10, 3276, 300]
[10, 3276, 272]
[10, 3276, 290]
[10, 3276, 281]
[10, 3276, 286]
[10, 3276, 292]
[10, 3276, 295]
[10, 3276, 310]
[10, 3276, 280]
[10, 3276, 290]
[10, 3276, 310]
[10, 3276, 290]
[10, 3276, 291]
[10, 3276, 270]
[10, 3276, 301]
[10, 3276, 283]
[10, 3276, 294]
[10, 3276, 302]
[10, 3276, 276]
[10, 3276, 298]
[10, 3276, 293]
[10, 3276, 282]
[10, 3276, 297]
[10, 3276, 304]
[10, 3276, 288]
[10, 3276, 234]
[10, 3276, 301]
[10, 3276, 286]
[10, 3276, 277]
[10, 3276, 285]
[10, 3276, 302]
[10, 3276, 318]
[10, 3276, 297]
[10, 3276, 311]
[10, 3276, 297]
[10, 3276, 271]
[10, 3276, 272]
[10, 3276, 303]
[10, 3276, 315]
[10, 3276, 282]
[10, 3276, 298]
[10, 3276, 299]
[10, 3276, 299]
[10, 3276, 277]
[10, 3276, 317]
[10, 3276, 289]
[10, 3276, 311]
[10, 3276, 298]
[10, 3276, 259]
[10, 3276, 301]
[10, 3276, 284]
[10, 3276, 301]
[10, 3276, 312]
[15, 4915, 588]
[15, 4915, 580]
[15, 4915, 572]
[15, 4915, 573]
[15, 4915, 592]
[15, 4915, 621]
[15, 4915, 577]
[15, 4915, 593]
[15, 4915, 582]
[15, 4915, 539]
[15, 4915, 560]
[15, 4915, 564]
[15, 4915, 574]
[15, 4915, 580]
[15, 4915, 554]
[15, 4915, 564]
[15, 4915, 594]
[15, 4915, 596]
[15, 4915, 561]
[15, 4915, 622]
[15, 4915, 597]
[15, 4915, 556]
[15, 4915, 558]
[15, 4915, 567]
[15, 4915, 593]
[15, 4915, 537]
[15, 4915, 580]
[15, 4915, 562]
[15, 4915, 580]
[15, 4915, 567]
[15, 4915, 607]
[15, 4915, 598]
[15, 4915, 599]
[15, 4915, 578]
[15, 4915, 534]
[15, 4915, 582]
[15, 4915, 568]
[15, 4915, 533]
[15, 4915, 565]
[15, 4915, 579]
[15, 4915, 537]
[15, 4915, 591]
[15, 4915, 630]
[15, 4915, 531]
[15, 4915, 555]
[15, 4915, 581]
[15, 4915, 595]
[15, 4915, 550]
[15, 4915, 578]
[15, 4915, 560]
[15, 4915, 571]
[15, 4915, 563]
[15, 4915, 572]
[15, 4915, 601]
[15, 4915, 536]
[15, 4915, 586]
[15, 4915, 648]
[15, 4915, 629]
[15, 4915, 564]
[15, 4915, 581]
[15, 4915, 638]
[15, 4915, 576]
[15, 4915, 575]
[15, 4915, 598]
[15, 4915, 603]
[15, 4915, 540]
[15, 4915, 591]
[15, 4915, 549]
[15, 4915, 584]
[15, 4915, 559]
[15, 4915, 602]
[15, 4915, 585]
[15, 4915, 563]
[15, 4915, 532]
[15, 4915, 570]
[15, 4915, 564]
[15, 4915, 572]
[15, 4915, 587]
[15, 4915, 588]
[15, 4915, 574]
[15, 4915, 574]
[15, 4915, 556]
[15, 4915, 586]
[15, 4915, 586]
[15, 4915, 547]
[15, 4915, 582]
[15, 4915, 601]
[15, 4915, 527]
[15, 4915, 533]
[15, 4915, 546]
[15, 4915, 533]
[15, 4915, 558]
[15, 4915, 590]
[15, 4915, 547]
[15, 4915, 568]
[15, 4915, 563]
[15, 4915, 594]
[15, 4915, 575]
[15, 4915, 610]
[15, 4915, 574]
[20, 6553, 930]
[20, 6553, 933]
[20, 6553, 966]
[20, 6553, 940]
[20, 6553, 948]
[20, 6553, 980]
[20, 6553, 924]
[20, 6553, 951]
[20, 6553, 905]
[20, 6553, 934]
[20, 6553, 952]
[20, 6553, 913]
[20, 6553, 971]
[20, 6553, 911]
[20, 6553, 918]
[20, 6553, 952]
[20, 6553, 943]
[20, 6553, 975]
[20, 6553, 992]
[20, 6553, 942]
[20, 6553, 971]
[20, 6553, 882]
[20, 6553, 912]
[20, 6553, 934]
[20, 6553, 1010]
[20, 6553, 943]
[20, 6553, 919]
[20, 6553, 904]
[20, 6553, 948]
[20, 6553, 926]
[20, 6553, 933]
[20, 6553, 981]
[20, 6553, 932]
[20, 6553, 947]
[20, 6553, 933]
[20, 6553, 976]
[20, 6553, 911]
[20, 6553, 927]
[20, 6553, 898]
[20, 6553, 991]
[20, 6553, 955]
[20, 6553, 895]
[20, 6553, 924]
[20, 6553, 967]
[20, 6553, 952]
[20, 6553, 926]
[20, 6553, 981]
[20, 6553, 955]
[20, 6553, 913]
[20, 6553, 918]
[20, 6553, 896]
[20, 6553, 924]
[20, 6553, 980]
[20, 6553, 961]
[20, 6553, 927]
[20, 6553, 952]
[20, 6553, 903]
[20, 6553, 900]
[20, 6553, 919]
[20, 6553, 916]
[20, 6553, 937]
[20, 6553, 935]
[20, 6553, 975]
[20, 6553, 898]
[20, 6553, 902]
[20, 6553, 923]
[20, 6553, 934]
[20, 6553, 960]
[20, 6553, 905]
[20, 6553, 919]
[20, 6553, 983]
[20, 6553, 941]
[20, 6553, 964]
[20, 6553, 956]
[20, 6553, 899]
[20, 6553, 962]
[20, 6553, 926]
[20, 6553, 947]
[20, 6553, 939]
[20, 6553, 998]
[20, 6553, 942]
[20, 6553, 936]
[20, 6553, 936]
[20, 6553, 898]
[20, 6553, 912]
[20, 6553, 858]
[20, 6553, 1024]
[20, 6553, 921]
[20, 6553, 918]
[20, 6553, 925]
[20, 6553, 963]
[20, 6553, 923]
[20, 6553, 957]
[20, 6553, 938]
[20, 6553, 939]
[20, 6553, 958]
[20, 6553, 953]
[20, 6553, 950]
[20, 6553, 929]
[20, 6553, 902]
[25, 8192, 1382]
[25, 8192, 1413]
[25, 8192, 1403]
[25, 8192, 1437]
[25, 8192, 1384]
[25, 8192, 1427]
[25, 8192, 1383]
[25, 8192, 1516]
[25, 8192, 1388]
[25, 8192, 1404]
[25, 8192, 1478]
[25, 8192, 1381]
[25, 8192, 1385]
[25, 8192, 1385]
[25, 8192, 1396]
[25, 8192, 1440]
[25, 8192, 1400]
[25, 8192, 1414]
[25, 8192, 1328]
[25, 8192, 1434]
[25, 8192, 1434]
[25, 8192, 1389]
[25, 8192, 1374]
[25, 8192, 1364]
[25, 8192, 1445]
[25, 8192, 1427]
[25, 8192, 1394]
[25, 8192, 1377]
[25, 8192, 1404]
[25, 8192, 1456]
[25, 8192, 1359]
[25, 8192, 1366]
[25, 8192, 1424]
[25, 8192, 1461]
[25, 8192, 1349]
[25, 8192, 1427]
[25, 8192, 1416]
[25, 8192, 1385]
[25, 8192, 1394]
[25, 8192, 1387]
[25, 8192, 1437]
[25, 8192, 1384]
[25, 8192, 1400]
[25, 8192, 1366]
[25, 8192, 1390]
[25, 8192, 1374]
[25, 8192, 1376]
[25, 8192, 1454]
[25, 8192, 1405]
[25, 8192, 1482]
[25, 8192, 1384]
[25, 8192, 1369]
[25, 8192, 1407]
[25, 8192, 1444]
[25, 8192, 1345]
[25, 8192, 1363]
[25, 8192, 1387]
[25, 8192, 1393]
[25, 8192, 1343]
[25, 8192, 1350]
[25, 8192, 1370]
[25, 8192, 1347]
[25, 8192, 1384]
[25, 8192, 1449]
[25, 8192, 1435]
[25, 8192, 1375]
[25, 8192, 1437]
[25, 8192, 1419]
[25, 8192, 1377]
[25, 8192, 1420]
[25, 8192, 1411]
[25, 8192, 1410]
[25, 8192, 1375]
[25, 8192, 1382]
[25, 8192, 1470]
[25, 8192, 1400]
[25, 8192, 1424]
[25, 8192, 1416]
[25, 8192, 1409]
[25, 8192, 1399]
[25, 8192, 1413]
[25, 8192, 1364]
[25, 8192, 1429]
[25, 8192, 1430]
[25, 8192, 1481]
[25, 8192, 1353]
[25, 8192, 1438]
[25, 8192, 1471]
[25, 8192, 1390]
[25, 8192, 1376]
[25, 8192, 1471]
[25, 8192, 1450]
[25, 8192, 1399]
[25, 8192, 1420]
[25, 8192, 1365]
[25, 8192, 1427]
[25, 8192, 1424]
[25, 8192, 1417]
[25, 8192, 1394]
[25, 8192, 1386]
[30, 9830, 1913]
[30, 9830, 1996]
[30, 9830, 2050]
[30, 9830, 1956]
[30, 9830, 1902]
[30, 9830, 1978]
[30, 9830, 1959]
[30, 9830, 1947]
[30, 9830, 1982]
[30, 9830, 1860]
[30, 9830, 1969]
[30, 9830, 1905]
[30, 9830, 1963]
[30, 9830, 2013]
[30, 9830, 2016]
[30, 9830, 1993]
[30, 9830, 2056]
[30, 9830, 1903]
[30, 9830, 1946]
[30, 9830, 2008]
[30, 9830, 1965]
[30, 9830, 1992]
[30, 9830, 1959]
[30, 9830, 1976]
[30, 9830, 1991]
[30, 9830, 1935]
[30, 9830, 1940]
[30, 9830, 1966]
[30, 9830, 1930]
[30, 9830, 1905]
[30, 9830, 2048]
[30, 9830, 1870]
[30, 9830, 1938]
[30, 9830, 2066]
[30, 9830, 2033]
[30, 9830, 1969]
[30, 9830, 1980]
[30, 9830, 1908]
[30, 9830, 1984]
[30, 9830, 1984]
[30, 9830, 1960]
[30, 9830, 1987]
[30, 9830, 1965]
[30, 9830, 1910]
[30, 9830, 2023]
[30, 9830, 1957]
[30, 9830, 1953]
[30, 9830, 1973]
[30, 9830, 1933]
[30, 9830, 1953]
[30, 9830, 1959]
[30, 9830, 1956]
[30, 9830, 1942]
[30, 9830, 1930]
[30, 9830, 1927]
[30, 9830, 1933]
[30, 9830, 1946]
[30, 9830, 1990]
[30, 9830, 2021]
[30, 9830, 1935]
[30, 9830, 1933]
[30, 9830, 1917]
[30, 9830, 1932]
[30, 9830, 1976]
[30, 9830, 1947]
[30, 9830, 2016]
[30, 9830, 1972]
[30, 9830, 1940]
[30, 9830, 1901]
[30, 9830, 1931]
[30, 9830, 1983]
[30, 9830, 1955]
[30, 9830, 2007]
[30, 9830, 1941]
[30, 9830, 1972]
[30, 9830, 1971]
[30, 9830, 1979]
[30, 9830, 1945]
[30, 9830, 1975]
[30, 9830, 1973]
[30, 9830, 1996]
[30, 9830, 1915]
[30, 9830, 1925]
[30, 9830, 1967]
[30, 9830, 1933]
[30, 9830, 1897]
[30, 9830, 1924]
[30, 9830, 1908]
[30, 9830, 1949]
[30, 9830, 2002]
[30, 9830, 1956]
[30, 9830, 1946]
[30, 9830, 1937]
[30, 9830, 1965]
[30, 9830, 2032]
[30, 9830, 1916]
[30, 9830, 1993]
[30, 9830, 2013]
[30, 9830, 1916]
[30, 9830, 1933]
[35, 11468, 2601]
[35, 11468, 2591]
[35, 11468, 2598]
[35, 11468, 2483]
[35, 11468, 2588]
[35, 11468, 2621]
[35, 11468, 2629]
[35, 11468, 2592]
[35, 11468, 2605]
[35, 11468, 2701]
[35, 11468, 2595]
[35, 11468, 2660]
[35, 11468, 2532]
[35, 11468, 2662]
[35, 11468, 2613]
[35, 11468, 2643]
[35, 11468, 2681]
[35, 11468, 2546]
[35, 11468, 2572]
[35, 11468, 2630]
[35, 11468, 2648]
[35, 11468, 2674]
[35, 11468, 2478]
[35, 11468, 2613]
[35, 11468, 2608]
[35, 11468, 2633]
[35, 11468, 2664]
[35, 11468, 2579]
[35, 11468, 2608]
[35, 11468, 2646]
[35, 11468, 2659]
[35, 11468, 2640]
[35, 11468, 2639]
[35, 11468, 2655]
[35, 11468, 2634]
[35, 11468, 2616]
[35, 11468, 2598]
[35, 11468, 2587]
[35, 11468, 2515]
[35, 11468, 2561]
[35, 11468, 2596]
[35, 11468, 2561]
[35, 11468, 2563]
[35, 11468, 2615]
[35, 11468, 2641]
[35, 11468, 2684]
[35, 11468, 2601]
[35, 11468, 2654]
[35, 11468, 2563]
[35, 11468, 2565]
[35, 11468, 2564]
[35, 11468, 2619]
[35, 11468, 2614]
[35, 11468, 2542]
[35, 11468, 2608]
[35, 11468, 2604]
[35, 11468, 2575]
[35, 11468, 2583]
[35, 11468, 2640]
[35, 11468, 2658]
[35, 11468, 2664]
[35, 11468, 2594]
[35, 11468, 2569]
[35, 11468, 2633]
[35, 11468, 2660]
[35, 11468, 2528]
[35, 11468, 2660]
[35, 11468, 2572]
[35, 11468, 2564]
[35, 11468, 2633]
[35, 11468, 2686]
[35, 11468, 2726]
[35, 11468, 2571]
[35, 11468, 2648]
[35, 11468, 2602]
[35, 11468, 2570]
[35, 11468, 2597]
[35, 11468, 2583]
[35, 11468, 2697]
[35, 11468, 2600]
[35, 11468, 2697]
[35, 11468, 2603]
[35, 11468, 2572]
[35, 11468, 2542]
[35, 11468, 2610]
[35, 11468, 2610]
[35, 11468, 2641]
[35, 11468, 2632]
[35, 11468, 2623]
[35, 11468, 2615]
[35, 11468, 2632]
[35, 11468, 2613]
[35, 11468, 2596]
[35, 11468, 2603]
[35, 11468, 2674]
[35, 11468, 2620]
[35, 11468, 2619]
[35, 11468, 2605]
[35, 11468, 2595]
[35, 11468, 2629]
[40, 13107, 3310]
[40, 13107, 3334]
[40, 13107, 3392]
[40, 13107, 3399]
[40, 13107, 3327]
[40, 13107, 3296]
[40, 13107, 3281]
[40, 13107, 3392]
[40, 13107, 3381]
[40, 13107, 3225]
[40, 13107, 3289]
[40, 13107, 3405]
[40, 13107, 3344]
[40, 13107, 3288]
[40, 13107, 3299]
[40, 13107, 3336]
[40, 13107, 3390]
[40, 13107, 3351]
[40, 13107, 3283]
[40, 13107, 3344]
[40, 13107, 3376]
[40, 13107, 3301]
[40, 13107, 3354]
[40, 13107, 3399]
[40, 13107, 3369]
[40, 13107, 3262]
[40, 13107, 3395]
[40, 13107, 3362]
[40, 13107, 3340]
[40, 13107, 3437]
[40, 13107, 3386]
[40, 13107, 3377]
[40, 13107, 3310]
[40, 13107, 3364]
[40, 13107, 3357]
[40, 13107, 3344]
[40, 13107, 3335]
[40, 13107, 3242]
[40, 13107, 3411]
[40, 13107, 3368]
[40, 13107, 3419]
[40, 13107, 3372]
[40, 13107, 3340]
[40, 13107, 3312]
[40, 13107, 3269]
[40, 13107, 3382]
[40, 13107, 3343]
[40, 13107, 3366]
[40, 13107, 3311]
[40, 13107, 3324]
[40, 13107, 3283]
[40, 13107, 3268]
[40, 13107, 3398]
[40, 13107, 3334]
[40, 13107, 3372]
[40, 13107, 3405]
[40, 13107, 3448]
[40, 13107, 3443]
[40, 13107, 3277]
[40, 13107, 3315]
[40, 13107, 3256]
[40, 13107, 3325]
[40, 13107, 3334]
[40, 13107, 3408]
[40, 13107, 3415]
[40, 13107, 3326]
[40, 13107, 3306]
[40, 13107, 3246]
[40, 13107, 3341]
[40, 13107, 3357]
[40, 13107, 3312]
[40, 13107, 3283]
[40, 13107, 3410]
[40, 13107, 3401]
[40, 13107, 3356]
[40, 13107, 3278]
[40, 13107, 3270]
[40, 13107, 3402]
[40, 13107, 3427]
[40, 13107, 3299]
[40, 13107, 3426]
[40, 13107, 3284]
[40, 13107, 3373]
[40, 13107, 3302]
[40, 13107, 3314]
[40, 13107, 3305]
[40, 13107, 3324]
[40, 13107, 3385]
[40, 13107, 3337]
[40, 13107, 3369]
[40, 13107, 3361]
[40, 13107, 3346]
[40, 13107, 3182]
[40, 13107, 3304]
[40, 13107, 3343]
[40, 13107, 3290]
[40, 13107, 3325]
[40, 13107, 3332]
[40, 13107, 3330]
[40, 13107, 3330]
