[1, 655, 17]
[1, 655, 23]
[1, 655, 16]
[1, 655, 18]
[1, 655, 14]
[1, 655, 11]
[1, 655, 15]
[1, 655, 21]
[1, 655, 14]
[1, 655, 15]
[1, 655, 9]
[1, 655, 16]
[1, 655, 15]
[1, 655, 16]
[1, 655, 18]
[1, 655, 18]
[1, 655, 16]
[1, 655, 21]
[1, 655, 19]
[1, 655, 15]
[1, 655, 8]
[1, 655, 19]
[1, 655, 17]
[1, 655, 29]
[1, 655, 18]
[1, 655, 19]
[1, 655, 12]
[1, 655, 14]
[1, 655, 18]
[1, 655, 21]
[1, 655, 13]
[1, 655, 20]
[1, 655, 14]
[1, 655, 20]
[1, 655, 16]
[1, 655, 9]
[1, 655, 16]
[1, 655, 17]
[1, 655, 20]
[1, 655, 24]
[1, 655, 24]
[1, 655, 16]
[1, 655, 24]
[1, 655, 22]
[1, 655, 11]
[1, 655, 14]
[1, 655, 15]
[1, 655, 15]
[1, 655, 19]
[1, 655, 16]
[1, 655, 17]
[1, 655, 14]
[1, 655, 15]
[1, 655, 21]
[1, 655, 10]
[1, 655, 17]
[1, 655, 15]
[1, 655, 15]
[1, 655, 14]
[1, 655, 18]
[1, 655, 24]
[1, 655, 16]
[1, 655, 17]
[1, 655, 15]
[1, 655, 13]
[1, 655, 11]
[1, 655, 15]
[1, 655, 17]
[1, 655, 20]
[1, 655, 22]
[1, 655, 18]
[1, 655, 19]
[1, 655, 15]
[1, 655, 17]
[1, 655, 18]
[1, 655, 22]
[1, 655, 16]
[1, 655, 18]
[1, 655, 12]
[1, 655, 23]
[1, 655, 12]
[1, 655, 8]
[1, 655, 15]
[1, 655, 11]
[1, 655, 15]
[1, 655, 23]
[1, 655, 21]
[1, 655, 17]
[1, 655, 26]
[1, 655, 18]
[1, 655, 14]
[1, 655, 12]
[1, 655, 18]
[1, 655, 15]
[1, 655, 14]
[1, 655, 18]
[1, 655, 15]
[1, 655, 17]
[1, 655, 17]
[1, 655, 10]
[2, 1310, 48]
[2, 1310, 43]
[2, 1310, 43]
[2, 1310, 41]
[2, 1310, 32]
[2, 1310, 30]
[2, 1310, 42]
[2, 1310, 47]
[2, 1310, 44]
[2, 1310, 36]
[2, 1310, 35]
[2, 1310, 41]
[2, 1310, 42]
[2, 1310, 36]
[2, 1310, 41]
[2, 1310, 34]
[2, 1310, 40]
[2, 1310, 36]
[2, 1310, 45]
[2, 1310, 39]
[2, 1310, 41]
[2, 1310, 40]
[2, 1310, 34]
[2, 1310, 35]
[2, 1310, 36]
[2, 1310, 45]
[2, 1310, 42]
[2, 1310, 40]
[2, 1310, 36]
[2, 1310, 38]
[2, 1310, 33]
[2, 1310, 42]
[2, 1310, 55]
[2, 1310, 36]
[2, 1310, 49]
[2, 1310, 48]
[2, 1310, 35]
[2, 1310, 40]
[2, 1310, 37]
[2, 1310, 34]
[2, 1310, 52]
[2, 1310, 38]
[2, 1310, 39]
[2, 1310, 35]
[2, 1310, 43]
[2, 1310, 39]
[2, 1310, 33]
[2, 1310, 34]
[2, 1310, 36]
[2, 1310, 33]
[2, 1310, 32]
[2, 1310, 36]
[2, 1310, 39]
[2, 1310, 50]
[2, 1310, 32]
[2, 1310, 40]
[2, 1310, 30]
[2, 1310, 49]
[2, 1310, 50]
[2, 1310, 34]
[2, 1310, 36]
[2, 1310, 37]
[2, 1310, 39]
[2, 1310, 38]
[2, 1310, 44]
[2, 1310, 42]
[2, 1310, 34]
[2, 1310, 40]
[2, 1310, 31]
[2, 1310, 31]
[2, 1310, 30]
[2, 1310, 39]
[2, 1310, 31]
[2, 1310, 31]
[2, 1310, 37]
[2, 1310, 39]
[2, 1310, 31]
[2, 1310, 48]
[2, 1310, 40]
[2, 1310, 45]
[2, 1310, 44]
[2, 1310, 50]
[2, 1310, 38]
[2, 1310, 37]
[2, 1310, 47]
[2, 1310, 39]
[2, 1310, 41]
[2, 1310, 44]
[2, 1310, 51]
[2, 1310, 46]
[2, 1310, 47]
[2, 1310, 39]
[2, 1310, 31]
[2, 1310, 45]
[2, 1310, 33]
[2, 1310, 46]
[2, 1310, 35]
[2, 1310, 36]
[2, 1310, 40]
[2, 1310, 36]
[5, 3276, 150]
[5, 3276, 145]
[5, 3276, 135]
[5, 3276, 152]
[5, 3276, 149]
[5, 3276, 139]
[5, 3276, 134]
[5, 3276, 150]
[5, 3276, 147]
[5, 3276, 159]
[5, 3276, 145]
[5, 3276, 134]
[5, 3276, 165]
[5, 3276, 153]
[5, 3276, 153]
[5, 3276, 126]
[5, 3276, 174]
[5, 3276, 128]
[5, 3276, 122]
[5, 3276, 158]
[5, 3276, 140]
[5, 3276, 178]
[5, 3276, 147]
[5, 3276, 147]
[5, 3276, 150]
[5, 3276, 133]
[5, 3276, 130]
[5, 3276, 153]
[5, 3276, 137]
[5, 3276, 148]
[5, 3276, 161]
[5, 3276, 145]
[5, 3276, 162]
[5, 3276, 140]
[5, 3276, 131]
[5, 3276, 137]
[5, 3276, 140]
[5, 3276, 145]
[5, 3276, 136]
[5, 3276, 164]
[5, 3276, 128]
[5, 3276, 150]
[5, 3276, 121]
[5, 3276, 151]
[5, 3276, 149]
[5, 3276, 137]
[5, 3276, 142]
[5, 3276, 159]
[5, 3276, 132]
[5, 3276, 125]
[5, 3276, 122]
[5, 3276, 150]
[5, 3276, 149]
[5, 3276, 138]
[5, 3276, 138]
[5, 3276, 148]
[5, 3276, 142]
[5, 3276, 126]
[5, 3276, 145]
[5, 3276, 158]
[5, 3276, 166]
[5, 3276, 150]
[5, 3276, 145]
[5, 3276, 146]
[5, 3276, 142]
[5, 3276, 141]
[5, 3276, 143]
[5, 3276, 164]
[5, 3276, 160]
[5, 3276, 152]
[5, 3276, 149]
[5, 3276, 136]
[5, 3276, 168]
[5, 3276, 149]
[5, 3276, 131]
[5, 3276, 171]
[5, 3276, 156]
[5, 3276, 155]
[5, 3276, 164]
[5, 3276, 144]
[5, 3276, 130]
[5, 3276, 154]
[5, 3276, 154]
[5, 3276, 155]
[5, 3276, 139]
[5, 3276, 144]
[5, 3276, 159]
[5, 3276, 152]
[5, 3276, 132]
[5, 3276, 139]
[5, 3276, 181]
[5, 3276, 146]
[5, 3276, 167]
[5, 3276, 163]
[5, 3276, 157]
[5, 3276, 126]
[5, 3276, 133]
[5, 3276, 151]
[5, 3276, 153]
[5, 3276, 165]
[10, 6553, 489]
[10, 6553, 488]
[10, 6553, 457]
[10, 6553, 474]
[10, 6553, 454]
[10, 6553, 437]
[10, 6553, 445]
[10, 6553, 443]
[10, 6553, 480]
[10, 6553, 458]
[10, 6553, 482]
[10, 6553, 456]
[10, 6553, 469]
[10, 6553, 425]
[10, 6553, 443]
[10, 6553, 428]
[10, 6553, 451]
[10, 6553, 465]
[10, 6553, 441]
[10, 6553, 462]
[10, 6553, 446]
[10, 6553, 449]
[10, 6553, 431]
[10, 6553, 469]
[10, 6553, 436]
[10, 6553, 441]
[10, 6553, 459]
[10, 6553, 457]
[10, 6553, 479]
[10, 6553, 477]
[10, 6553, 446]
[10, 6553, 478]
[10, 6553, 433]
[10, 6553, 447]
[10, 6553, 460]
[10, 6553, 429]
[10, 6553, 451]
[10, 6553, 472]
[10, 6553, 420]
[10, 6553, 498]
[10, 6553, 466]
[10, 6553, 472]
[10, 6553, 460]
[10, 6553, 465]
[10, 6553, 466]
[10, 6553, 486]
[10, 6553, 464]
[10, 6553, 472]
[10, 6553, 476]
[10, 6553, 437]
[10, 6553, 456]
[10, 6553, 518]
[10, 6553, 447]
[10, 6553, 462]
[10, 6553, 530]
[10, 6553, 471]
[10, 6553, 472]
[10, 6553, 478]
[10, 6553, 479]
[10, 6553, 463]
[10, 6553, 471]
[10, 6553, 466]
[10, 6553, 472]
[10, 6553, 450]
[10, 6553, 477]
[10, 6553, 472]
[10, 6553, 472]
[10, 6553, 459]
[10, 6553, 464]
[10, 6553, 402]
[10, 6553, 457]
[10, 6553, 473]
[10, 6553, 485]
[10, 6553, 476]
[10, 6553, 462]
[10, 6553, 422]
[10, 6553, 479]
[10, 6553, 511]
[10, 6553, 467]
[10, 6553, 492]
[10, 6553, 454]
[10, 6553, 478]
[10, 6553, 475]
[10, 6553, 459]
[10, 6553, 451]
[10, 6553, 489]
[10, 6553, 465]
[10, 6553, 491]
[10, 6553, 475]
[10, 6553, 495]
[10, 6553, 477]
[10, 6553, 471]
[10, 6553, 477]
[10, 6553, 449]
[10, 6553, 462]
[10, 6553, 437]
[10, 6553, 526]
[10, 6553, 437]
[10, 6553, 445]
[10, 6553, 476]
[15, 9830, 954]
[15, 9830, 961]
[15, 9830, 965]
[15, 9830, 939]
[15, 9830, 922]
[15, 9830, 1016]
[15, 9830, 1001]
[15, 9830, 970]
[15, 9830, 975]
[15, 9830, 980]
[15, 9830, 962]
[15, 9830, 955]
[15, 9830, 948]
[15, 9830, 1014]
[15, 9830, 962]
[15, 9830, 987]
[15, 9830, 1004]
[15, 9830, 967]
[15, 9830, 940]
[15, 9830, 957]
[15, 9830, 900]
[15, 9830, 954]
[15, 9830, 928]
[15, 9830, 971]
[15, 9830, 944]
[15, 9830, 972]
[15, 9830, 922]
[15, 9830, 998]
[15, 9830, 991]
[15, 9830, 968]
[15, 9830, 901]
[15, 9830, 928]
[15, 9830, 983]
[15, 9830, 950]
[15, 9830, 964]
[15, 9830, 1015]
[15, 9830, 952]
[15, 9830, 952]
[15, 9830, 932]
[15, 9830, 960]
[15, 9830, 991]
[15, 9830, 915]
[15, 9830, 1008]
[15, 9830, 994]
[15, 9830, 935]
[15, 9830, 962]
[15, 9830, 968]
[15, 9830, 922]
[15, 9830, 945]
[15, 9830, 982]
[15, 9830, 1002]
[15, 9830, 957]
[15, 9830, 946]
[15, 9830, 922]
[15, 9830, 967]
[15, 9830, 952]
[15, 9830, 948]
[15, 9830, 968]
[15, 9830, 984]
[15, 9830, 940]
[15, 9830, 949]
[15, 9830, 912]
[15, 9830, 916]
[15, 9830, 997]
[15, 9830, 1036]
[15, 9830, 973]
[15, 9830, 955]
[15, 9830, 953]
[15, 9830, 1001]
[15, 9830, 942]
[15, 9830, 959]
[15, 9830, 943]
[15, 9830, 953]
[15, 9830, 959]
[15, 9830, 930]
[15, 9830, 913]
[15, 9830, 983]
[15, 9830, 978]
[15, 9830, 920]
[15, 9830, 964]
[15, 9830, 952]
[15, 9830, 965]
[15, 9830, 897]
[15, 9830, 995]
[15, 9830, 991]
[15, 9830, 938]
[15, 9830, 989]
[15, 9830, 951]
[15, 9830, 938]
[15, 9830, 922]
[15, 9830, 985]
[15, 9830, 967]
[15, 9830, 917]
[15, 9830, 956]
[15, 9830, 981]
[15, 9830, 956]
[15, 9830, 930]
[15, 9830, 921]
[15, 9830, 973]
[15, 9830, 946]
[20, 13107, 1655]
[20, 13107, 1613]
[20, 13107, 1568]
[20, 13107, 1599]
[20, 13107, 1664]
[20, 13107, 1636]
[20, 13107, 1553]
[20, 13107, 1616]
[20, 13107, 1620]
[20, 13107, 1651]
[20, 13107, 1653]
[20, 13107, 1621]
[20, 13107, 1680]
[20, 13107, 1658]
[20, 13107, 1681]
[20, 13107, 1607]
[20, 13107, 1697]
[20, 13107, 1643]
[20, 13107, 1676]
[20, 13107, 1567]
[20, 13107, 1620]
[20, 13107, 1648]
[20, 13107, 1642]
[20, 13107, 1737]
[20, 13107, 1614]
[20, 13107, 1636]
[20, 13107, 1635]
[20, 13107, 1601]
[20, 13107, 1666]
[20, 13107, 1693]
[20, 13107, 1692]
[20, 13107, 1714]
[20, 13107, 1619]
[20, 13107, 1646]
[20, 13107, 1629]
[20, 13107, 1640]
[20, 13107, 1652]
[20, 13107, 1621]
[20, 13107, 1707]
[20, 13107, 1678]
[20, 13107, 1640]
[20, 13107, 1585]
[20, 13107, 1713]
[20, 13107, 1608]
[20, 13107, 1671]
[20, 13107, 1632]
[20, 13107, 1626]
[20, 13107, 1656]
[20, 13107, 1636]
[20, 13107, 1712]
[20, 13107, 1650]
[20, 13107, 1649]
[20, 13107, 1611]
[20, 13107, 1627]
[20, 13107, 1661]
[20, 13107, 1635]
[20, 13107, 1719]
[20, 13107, 1692]
[20, 13107, 1606]
[20, 13107, 1593]
[20, 13107, 1741]
[20, 13107, 1616]
[20, 13107, 1677]
[20, 13107, 1649]
[20, 13107, 1671]
[20, 13107, 1724]
[20, 13107, 1615]
[20, 13107, 1638]
[20, 13107, 1619]
[20, 13107, 1616]
[20, 13107, 1628]
[20, 13107, 1644]
[20, 13107, 1643]
[20, 13107, 1640]
[20, 13107, 1632]
[20, 13107, 1589]
[20, 13107, 1617]
[20, 13107, 1679]
[20, 13107, 1654]
[20, 13107, 1635]
[20, 13107, 1613]
[20, 13107, 1705]
[20, 13107, 1652]
[20, 13107, 1688]
[20, 13107, 1704]
[20, 13107, 1644]
[20, 13107, 1601]
[20, 13107, 1629]
[20, 13107, 1635]
[20, 13107, 1711]
[20, 13107, 1574]
[20, 13107, 1701]
[20, 13107, 1565]
[20, 13107, 1651]
[20, 13107, 1690]
[20, 13107, 1641]
[20, 13107, 1554]
[20, 13107, 1676]
[20, 13107, 1627]
[20, 13107, 1622]
[25, 16384, 2517]
[25, 16384, 2449]
[25, 16384, 2463]
[25, 16384, 2562]
[25, 16384, 2506]
[25, 16384, 2494]
[25, 16384, 2483]
[25, 16384, 2505]
[25, 16384, 2534]
[25, 16384, 2563]
[25, 16384, 2512]
[25, 16384, 2558]
[25, 16384, 2569]
[25, 16384, 2588]
[25, 16384, 2526]
[25, 16384, 2492]
[25, 16384, 2635]
[25, 16384, 2544]
[25, 16384, 2477]
[25, 16384, 2544]
[25, 16384, 2451]
[25, 16384, 2523]
[25, 16384, 2490]
[25, 16384, 2462]
[25, 16384, 2543]
[25, 16384, 2525]
[25, 16384, 2432]
[25, 16384, 2573]
[25, 16384, 2492]
[25, 16384, 2545]
[25, 16384, 2440]
[25, 16384, 2502]
[25, 16384, 2545]
[25, 16384, 2570]
[25, 16384, 2488]
[25, 16384, 2545]
[25, 16384, 2429]
[25, 16384, 2552]
[25, 16384, 2498]
[25, 16384, 2475]
[25, 16384, 2461]
[25, 16384, 2615]
[25, 16384, 2466]
[25, 16384, 2469]
[25, 16384, 2541]
[25, 16384, 2472]
[25, 16384, 2540]
[25, 16384, 2553]
[25, 16384, 2556]
[25, 16384, 2529]
[25, 16384, 2549]
[25, 16384, 2456]
[25, 16384, 2470]
[25, 16384, 2489]
[25, 16384, 2484]
[25, 16384, 2472]
[25, 16384, 2521]
[25, 16384, 2558]
[25, 16384, 2524]
[25, 16384, 2500]
[25, 16384, 2588]
[25, 16384, 2460]
[25, 16384, 2562]
[25, 16384, 2489]
[25, 16384, 2498]
[25, 16384, 2450]
[25, 16384, 2354]
[25, 16384, 2490]
[25, 16384, 2390]
[25, 16384, 2545]
[25, 16384, 2346]
[25, 16384, 2425]
[25, 16384, 2587]
[25, 16384, 2476]
[25, 16384, 2550]
[25, 16384, 2538]
[25, 16384, 2553]
[25, 16384, 2490]
[25, 16384, 2622]
[25, 16384, 2486]
[25, 16384, 2492]
[25, 16384, 2450]
[25, 16384, 2576]
[25, 16384, 2491]
[25, 16384, 2477]
[25, 16384, 2472]
[25, 16384, 2528]
[25, 16384, 2501]
[25, 16384, 2502]
[25, 16384, 2523]
[25, 16384, 2486]
[25, 16384, 2575]
[25, 16384, 2449]
[25, 16384, 2484]
[25, 16384, 2470]
[25, 16384, 2494]
[25, 16384, 2492]
[25, 16384, 2476]
[25, 16384, 2509]
[25, 16384, 2473]
[30, 19660, 3640]
[30, 19660, 3544]
[30, 19660, 3524]
[30, 19660, 3599]
[30, 19660, 3546]
[30, 19660, 3476]
[30, 19660, 3682]
[30, 19660, 3593]
[30, 19660, 3576]
[30, 19660, 3431]
[30, 19660, 3661]
[30, 19660, 3668]
[30, 19660, 3540]
[30, 19660, 3579]
[30, 19660, 3656]
[30, 19660, 3465]
[30, 19660, 3577]
[30, 19660, 3646]
[30, 19660, 3613]
[30, 19660, 3560]
[30, 19660, 3545]
[30, 19660, 3670]
[30, 19660, 3619]
[30, 19660, 3480]
[30, 19660, 3598]
[30, 19660, 3538]
[30, 19660, 3612]
[30, 19660, 3531]
[30, 19660, 3600]
[30, 19660, 3507]
[30, 19660, 3572]
[30, 19660, 3581]
[30, 19660, 3513]
[30, 19660, 3526]
[30, 19660, 3495]
[30, 19660, 3524]
[30, 19660, 3582]
[30, 19660, 3532]
[30, 19660, 3589]
[30, 19660, 3537]
[30, 19660, 3521]
[30, 19660, 3467]
[30, 19660, 3599]
[30, 19660, 3421]
[30, 19660, 3570]
[30, 19660, 3517]
[30, 19660, 3566]
[30, 19660, 3613]
[30, 19660, 3586]
[30, 19660, 3528]
[30, 19660, 3506]
[30, 19660, 3605]
[30, 19660, 3528]
[30, 19660, 3618]
[30, 19660, 3626]
[30, 19660, 3579]
[30, 19660, 3541]
[30, 19660, 3606]
[30, 19660, 3627]
[30, 19660, 3478]
[30, 19660, 3629]
[30, 19660, 3583]
[30, 19660, 3551]
[30, 19660, 3564]
[30, 19660, 3558]
[30, 19660, 3489]
[30, 19660, 3613]
[30, 19660, 3487]
[30, 19660, 3555]
[30, 19660, 3508]
[30, 19660, 3601]
[30, 19660, 3503]
[30, 19660, 3578]
[30, 19660, 3673]
[30, 19660, 3553]
[30, 19660, 3555]
[30, 19660, 3623]
[30, 19660, 3623]
[30, 19660, 3596]
[30, 19660, 3512]
[30, 19660, 3633]
[30, 19660, 3475]
[30, 19660, 3622]
[30, 19660, 3555]
[30, 19660, 3555]
[30, 19660, 3652]
[30, 19660, 3650]
[30, 19660, 3643]
[30, 19660, 3602]
[30, 19660, 3584]
[30, 19660, 3582]
[30, 19660, 3546]
[30, 19660, 3577]
[30, 19660, 3573]
[30, 19660, 3430]
[30, 19660, 3607]
[30, 19660, 3656]
[30, 19660, 3582]
[30, 19660, 3602]
[30, 19660, 3536]
[35, 22937, 4731]
[35, 22937, 4938]
[35, 22937, 4769]
[35, 22937, 4723]
[35, 22937, 4782]
[35, 22937, 4846]
[35, 22937, 4819]
[35, 22937, 4746]
[35, 22937, 4691]
[35, 22937, 4729]
[35, 22937, 4743]
[35, 22937, 4777]
[35, 22937, 4816]
[35, 22937, 4816]
[35, 22937, 4789]
[35, 22937, 4647]
[35, 22937, 4797]
[35, 22937, 4817]
[35, 22937, 4737]
[35, 22937, 4708]
[35, 22937, 4739]
[35, 22937, 4889]
[35, 22937, 4810]
[35, 22937, 4814]
[35, 22937, 4722]
[35, 22937, 4801]
[35, 22937, 4998]
[35, 22937, 4756]
[35, 22937, 4861]
[35, 22937, 4742]
[35, 22937, 4646]
[35, 22937, 4834]
[35, 22937, 4741]
[35, 22937, 4872]
[35, 22937, 4680]
[35, 22937, 4821]
[35, 22937, 4827]
[35, 22937, 4816]
[35, 22937, 4744]
[35, 22937, 4885]
[35, 22937, 4868]
[35, 22937, 4816]
[35, 22937, 4815]
[35, 22937, 4789]
[35, 22937, 4857]
[35, 22937, 4876]
[35, 22937, 4712]
[35, 22937, 4764]
[35, 22937, 4852]
[35, 22937, 4808]
[35, 22937, 4738]
[35, 22937, 4673]
[35, 22937, 4832]
[35, 22937, 4896]
[35, 22937, 4876]
[35, 22937, 4662]
[35, 22937, 4687]
[35, 22937, 4903]
[35, 22937, 4775]
[35, 22937, 4788]
[35, 22937, 4885]
[35, 22937, 4670]
[35, 22937, 4934]
[35, 22937, 4805]
[35, 22937, 4801]
[35, 22937, 4681]
[35, 22937, 4759]
[35, 22937, 4820]
[35, 22937, 4915]
[35, 22937, 4835]
[35, 22937, 4833]
[35, 22937, 4783]
[35, 22937, 4781]
[35, 22937, 4754]
[35, 22937, 4671]
[35, 22937, 4846]
[35, 22937, 4783]
[35, 22937, 4864]
[35, 22937, 4812]
[35, 22937, 4888]
[35, 22937, 4751]
[35, 22937, 4885]
[35, 22937, 4766]
[35, 22937, 4839]
[35, 22937, 4746]
[35, 22937, 4790]
[35, 22937, 4710]
[35, 22937, 4742]
[35, 22937, 4795]
[35, 22937, 4727]
[35, 22937, 4833]
[35, 22937, 4857]
[35, 22937, 4760]
[35, 22937, 4865]
[35, 22937, 4803]
[35, 22937, 4769]
[35, 22937, 4885]
[35, 22937, 4779]
[35, 22937, 4835]
[35, 22937, 4767]
[40, 26214, 6238]
[40, 26214, 6166]
[40, 26214, 6204]
[40, 26214, 6284]
[40, 26214, 6293]
[40, 26214, 6231]
[40, 26214, 6427]
[40, 26214, 6310]
[40, 26214, 6218]
[40, 26214, 6174]
[40, 26214, 6251]
[40, 26214, 6349]
[40, 26214, 6234]
[40, 26214, 6239]
[40, 26214, 6211]
[40, 26214, 6200]
[40, 26214, 6196]
[40, 26214, 6248]
[40, 26214, 6169]
[40, 26214, 6236]
[40, 26214, 6232]
[40, 26214, 6354]
[40, 26214, 6211]
[40, 26214, 6218]
[40, 26214, 6243]
[40, 26214, 6302]
[40, 26214, 6208]
[40, 26214, 6274]
[40, 26214, 6297]
[40, 26214, 6331]
[40, 26214, 6295]
[40, 26214, 6228]
[40, 26214, 6244]
[40, 26214, 6134]
[40, 26214, 6281]
[40, 26214, 6196]
[40, 26214, 6241]
[40, 26214, 6349]
[40, 26214, 6319]
[40, 26214, 6364]
[40, 26214, 6215]
[40, 26214, 6183]
[40, 26214, 6172]
[40, 26214, 6224]
[40, 26214, 6174]
[40, 26214, 6118]
[40, 26214, 6176]
[40, 26214, 6182]
[40, 26214, 6178]
[40, 26214, 6261]
[40, 26214, 6206]
[40, 26214, 6241]
[40, 26214, 6099]
[40, 26214, 6153]
[40, 26214, 6250]
[40, 26214, 6348]
[40, 26214, 6169]
[40, 26214, 6170]
[40, 26214, 6212]
[40, 26214, 6075]
[40, 26214, 6237]
[40, 26214, 6316]
[40, 26214, 6279]
[40, 26214, 6286]
[40, 26214, 6189]
[40, 26214, 6322]
[40, 26214, 6130]
[40, 26214, 6215]
[40, 26214, 6271]
[40, 26214, 6362]
[40, 26214, 6286]
[40, 26214, 6294]
[40, 26214, 6245]
[40, 26214, 6249]
[40, 26214, 6231]
[40, 26214, 6158]
[40, 26214, 6060]
[40, 26214, 6208]
[40, 26214, 6136]
[40, 26214, 6275]
[40, 26214, 6254]
[40, 26214, 6331]
[40, 26214, 6099]
[40, 26214, 6112]
[40, 26214, 6221]
[40, 26214, 6222]
[40, 26214, 6320]
[40, 26214, 6125]
[40, 26214, 6189]
[40, 26214, 6247]
[40, 26214, 6203]
[40, 26214, 6278]
[40, 26214, 6485]
[40, 26214, 6189]
[40, 26214, 6206]
[40, 26214, 6278]
[40, 26214, 6294]
[40, 26214, 6338]
[40, 26214, 6307]
[40, 26214, 6146]
