[1, 1310, 20]
[1, 1310, 18]
[1, 1310, 15]
[1, 1310, 15]
[1, 1310, 23]
[1, 1310, 19]
[1, 1310, 21]
[1, 1310, 18]
[1, 1310, 18]
[1, 1310, 18]
[1, 1310, 12]
[1, 1310, 14]
[1, 1310, 14]
[1, 1310, 20]
[1, 1310, 15]
[1, 1310, 18]
[1, 1310, 18]
[1, 1310, 15]
[1, 1310, 24]
[1, 1310, 12]
[1, 1310, 25]
[1, 1310, 18]
[1, 1310, 15]
[1, 1310, 26]
[1, 1310, 24]
[1, 1310, 22]
[1, 1310, 14]
[1, 1310, 21]
[1, 1310, 17]
[1, 1310, 11]
[1, 1310, 19]
[1, 1310, 28]
[1, 1310, 26]
[1, 1310, 24]
[1, 1310, 13]
[1, 1310, 18]
[1, 1310, 24]
[1, 1310, 23]
[1, 1310, 20]
[1, 1310, 18]
[1, 1310, 19]
[1, 1310, 22]
[1, 1310, 19]
[1, 1310, 20]
[1, 1310, 17]
[1, 1310, 22]
[1, 1310, 29]
[1, 1310, 30]
[1, 1310, 22]
[1, 1310, 16]
[1, 1310, 19]
[1, 1310, 21]
[1, 1310, 22]
[1, 1310, 20]
[1, 1310, 22]
[1, 1310, 23]
[1, 1310, 15]
[1, 1310, 23]
[1, 1310, 21]
[1, 1310, 18]
[1, 1310, 11]
[1, 1310, 19]
[1, 1310, 20]
[1, 1310, 17]
[1, 1310, 21]
[1, 1310, 14]
[1, 1310, 33]
[1, 1310, 17]
[1, 1310, 18]
[1, 1310, 25]
[1, 1310, 23]
[1, 1310, 21]
[1, 1310, 25]
[1, 1310, 18]
[1, 1310, 20]
[1, 1310, 19]
[1, 1310, 20]
[1, 1310, 21]
[1, 1310, 16]
[1, 1310, 25]
[1, 1310, 21]
[1, 1310, 21]
[1, 1310, 19]
[1, 1310, 17]
[1, 1310, 16]
[1, 1310, 21]
[1, 1310, 20]
[1, 1310, 20]
[1, 1310, 21]
[1, 1310, 26]
[1, 1310, 21]
[1, 1310, 24]
[1, 1310, 19]
[1, 1310, 23]
[1, 1310, 19]
[1, 1310, 17]
[1, 1310, 21]
[1, 1310, 28]
[1, 1310, 20]
[1, 1310, 9]
[2, 2621, 60]
[2, 2621, 47]
[2, 2621, 54]
[2, 2621, 45]
[2, 2621, 47]
[2, 2621, 48]
[2, 2621, 67]
[2, 2621, 55]
[2, 2621, 51]
[2, 2621, 43]
[2, 2621, 39]
[2, 2621, 51]
[2, 2621, 47]
[2, 2621, 55]
[2, 2621, 68]
[2, 2621, 52]
[2, 2621, 46]
[2, 2621, 37]
[2, 2621, 54]
[2, 2621, 64]
[2, 2621, 49]
[2, 2621, 39]
[2, 2621, 55]
[2, 2621, 49]
[2, 2621, 39]
[2, 2621, 68]
[2, 2621, 67]
[2, 2621, 71]
[2, 2621, 45]
[2, 2621, 52]
[2, 2621, 59]
[2, 2621, 58]
[2, 2621, 61]
[2, 2621, 50]
[2, 2621, 39]
[2, 2621, 48]
[2, 2621, 51]
[2, 2621, 39]
[2, 2621, 56]
[2, 2621, 52]
[2, 2621, 62]
[2, 2621, 55]
[2, 2621, 44]
[2, 2621, 47]
[2, 2621, 43]
[2, 2621, 63]
[2, 2621, 57]
[2, 2621, 39]
[2, 2621, 56]
[2, 2621, 45]
[2, 2621, 47]
[2, 2621, 49]
[2, 2621, 50]
[2, 2621, 61]
[2, 2621, 41]
[2, 2621, 51]
[2, 2621, 60]
[2, 2621, 45]
[2, 2621, 43]
[2, 2621, 50]
[2, 2621, 57]
[2, 2621, 55]
[2, 2621, 61]
[2, 2621, 59]
[2, 2621, 47]
[2, 2621, 45]
[2, 2621, 44]
[2, 2621, 55]
[2, 2621, 39]
[2, 2621, 53]
[2, 2621, 66]
[2, 2621, 48]
[2, 2621, 50]
[2, 2621, 59]
[2, 2621, 56]
[2, 2621, 48]
[2, 2621, 61]
[2, 2621, 59]
[2, 2621, 41]
[2, 2621, 45]
[2, 2621, 53]
[2, 2621, 51]
[2, 2621, 44]
[2, 2621, 59]
[2, 2621, 64]
[2, 2621, 47]
[2, 2621, 52]
[2, 2621, 46]
[2, 2621, 46]
[2, 2621, 39]
[2, 2621, 49]
[2, 2621, 54]
[2, 2621, 50]
[2, 2621, 54]
[2, 2621, 54]
[2, 2621, 46]
[2, 2621, 53]
[2, 2621, 49]
[2, 2621, 65]
[2, 2621, 50]
[5, 6553, 225]
[5, 6553, 211]
[5, 6553, 232]
[5, 6553, 222]
[5, 6553, 255]
[5, 6553, 226]
[5, 6553, 246]
[5, 6553, 235]
[5, 6553, 227]
[5, 6553, 240]
[5, 6553, 245]
[5, 6553, 235]
[5, 6553, 220]
[5, 6553, 246]
[5, 6553, 232]
[5, 6553, 203]
[5, 6553, 211]
[5, 6553, 252]
[5, 6553, 228]
[5, 6553, 236]
[5, 6553, 223]
[5, 6553, 239]
[5, 6553, 227]
[5, 6553, 230]
[5, 6553, 241]
[5, 6553, 200]
[5, 6553, 219]
[5, 6553, 226]
[5, 6553, 218]
[5, 6553, 214]
[5, 6553, 226]
[5, 6553, 225]
[5, 6553, 245]
[5, 6553, 234]
[5, 6553, 223]
[5, 6553, 260]
[5, 6553, 222]
[5, 6553, 222]
[5, 6553, 224]
[5, 6553, 249]
[5, 6553, 227]
[5, 6553, 225]
[5, 6553, 220]
[5, 6553, 252]
[5, 6553, 251]
[5, 6553, 224]
[5, 6553, 247]
[5, 6553, 227]
[5, 6553, 225]
[5, 6553, 226]
[5, 6553, 209]
[5, 6553, 259]
[5, 6553, 242]
[5, 6553, 210]
[5, 6553, 214]
[5, 6553, 225]
[5, 6553, 247]
[5, 6553, 219]
[5, 6553, 236]
[5, 6553, 226]
[5, 6553, 225]
[5, 6553, 219]
[5, 6553, 220]
[5, 6553, 195]
[5, 6553, 231]
[5, 6553, 241]
[5, 6553, 236]
[5, 6553, 248]
[5, 6553, 231]
[5, 6553, 254]
[5, 6553, 217]
[5, 6553, 239]
[5, 6553, 214]
[5, 6553, 235]
[5, 6553, 245]
[5, 6553, 250]
[5, 6553, 235]
[5, 6553, 248]
[5, 6553, 227]
[5, 6553, 232]
[5, 6553, 217]
[5, 6553, 237]
[5, 6553, 224]
[5, 6553, 226]
[5, 6553, 209]
[5, 6553, 238]
[5, 6553, 210]
[5, 6553, 230]
[5, 6553, 228]
[5, 6553, 243]
[5, 6553, 240]
[5, 6553, 228]
[5, 6553, 227]
[5, 6553, 245]
[5, 6553, 211]
[5, 6553, 220]
[5, 6553, 251]
[5, 6553, 243]
[5, 6553, 226]
[5, 6553, 224]
[10, 13107, 830]
[10, 13107, 774]
[10, 13107, 818]
[10, 13107, 798]
[10, 13107, 808]
[10, 13107, 785]
[10, 13107, 777]
[10, 13107, 798]
[10, 13107, 812]
[10, 13107, 781]
[10, 13107, 791]
[10, 13107, 818]
[10, 13107, 799]
[10, 13107, 838]
[10, 13107, 812]
[10, 13107, 829]
[10, 13107, 803]
[10, 13107, 846]
[10, 13107, 815]
[10, 13107, 758]
[10, 13107, 801]
[10, 13107, 794]
[10, 13107, 818]
[10, 13107, 799]
[10, 13107, 802]
[10, 13107, 840]
[10, 13107, 787]
[10, 13107, 821]
[10, 13107, 821]
[10, 13107, 780]
[10, 13107, 865]
[10, 13107, 786]
[10, 13107, 801]
[10, 13107, 830]
[10, 13107, 838]
[10, 13107, 824]
[10, 13107, 786]
[10, 13107, 810]
[10, 13107, 778]
[10, 13107, 782]
[10, 13107, 834]
[10, 13107, 780]
[10, 13107, 861]
[10, 13107, 775]
[10, 13107, 829]
[10, 13107, 805]
[10, 13107, 781]
[10, 13107, 790]
[10, 13107, 822]
[10, 13107, 775]
[10, 13107, 793]
[10, 13107, 789]
[10, 13107, 860]
[10, 13107, 859]
[10, 13107, 809]
[10, 13107, 837]
[10, 13107, 798]
[10, 13107, 784]
[10, 13107, 826]
[10, 13107, 838]
[10, 13107, 780]
[10, 13107, 768]
[10, 13107, 803]
[10, 13107, 841]
[10, 13107, 797]
[10, 13107, 816]
[10, 13107, 822]
[10, 13107, 801]
[10, 13107, 848]
[10, 13107, 786]
[10, 13107, 818]
[10, 13107, 818]
[10, 13107, 852]
[10, 13107, 786]
[10, 13107, 801]
[10, 13107, 835]
[10, 13107, 830]
[10, 13107, 828]
[10, 13107, 788]
[10, 13107, 838]
[10, 13107, 755]
[10, 13107, 774]
[10, 13107, 826]
[10, 13107, 825]
[10, 13107, 866]
[10, 13107, 777]
[10, 13107, 803]
[10, 13107, 843]
[10, 13107, 844]
[10, 13107, 799]
[10, 13107, 811]
[10, 13107, 763]
[10, 13107, 839]
[10, 13107, 765]
[10, 13107, 837]
[10, 13107, 823]
[10, 13107, 830]
[10, 13107, 821]
[10, 13107, 805]
[10, 13107, 743]
[15, 19660, 1695]
[15, 19660, 1735]
[15, 19660, 1747]
[15, 19660, 1726]
[15, 19660, 1677]
[15, 19660, 1690]
[15, 19660, 1809]
[15, 19660, 1764]
[15, 19660, 1676]
[15, 19660, 1758]
[15, 19660, 1750]
[15, 19660, 1775]
[15, 19660, 1741]
[15, 19660, 1737]
[15, 19660, 1828]
[15, 19660, 1797]
[15, 19660, 1760]
[15, 19660, 1754]
[15, 19660, 1690]
[15, 19660, 1738]
[15, 19660, 1751]
[15, 19660, 1728]
[15, 19660, 1774]
[15, 19660, 1673]
[15, 19660, 1723]
[15, 19660, 1760]
[15, 19660, 1753]
[15, 19660, 1738]
[15, 19660, 1664]
[15, 19660, 1730]
[15, 19660, 1721]
[15, 19660, 1709]
[15, 19660, 1791]
[15, 19660, 1723]
[15, 19660, 1696]
[15, 19660, 1742]
[15, 19660, 1705]
[15, 19660, 1758]
[15, 19660, 1721]
[15, 19660, 1785]
[15, 19660, 1765]
[15, 19660, 1780]
[15, 19660, 1715]
[15, 19660, 1762]
[15, 19660, 1740]
[15, 19660, 1702]
[15, 19660, 1698]
[15, 19660, 1680]
[15, 19660, 1768]
[15, 19660, 1755]
[15, 19660, 1712]
[15, 19660, 1694]
[15, 19660, 1775]
[15, 19660, 1771]
[15, 19660, 1690]
[15, 19660, 1710]
[15, 19660, 1775]
[15, 19660, 1785]
[15, 19660, 1730]
[15, 19660, 1768]
[15, 19660, 1754]
[15, 19660, 1728]
[15, 19660, 1777]
[15, 19660, 1721]
[15, 19660, 1778]
[15, 19660, 1680]
[15, 19660, 1745]
[15, 19660, 1687]
[15, 19660, 1674]
[15, 19660, 1762]
[15, 19660, 1744]
[15, 19660, 1684]
[15, 19660, 1729]
[15, 19660, 1827]
[15, 19660, 1649]
[15, 19660, 1752]
[15, 19660, 1714]
[15, 19660, 1758]
[15, 19660, 1691]
[15, 19660, 1801]
[15, 19660, 1740]
[15, 19660, 1740]
[15, 19660, 1802]
[15, 19660, 1800]
[15, 19660, 1754]
[15, 19660, 1655]
[15, 19660, 1693]
[15, 19660, 1723]
[15, 19660, 1720]
[15, 19660, 1739]
[15, 19660, 1791]
[15, 19660, 1705]
[15, 19660, 1740]
[15, 19660, 1782]
[15, 19660, 1744]
[15, 19660, 1742]
[15, 19660, 1691]
[15, 19660, 1741]
[15, 19660, 1728]
[15, 19660, 1714]
[20, 26214, 2943]
[20, 26214, 2971]
[20, 26214, 3113]
[20, 26214, 3019]
[20, 26214, 3033]
[20, 26214, 3002]
[20, 26214, 2976]
[20, 26214, 3029]
[20, 26214, 2998]
[20, 26214, 2984]
[20, 26214, 2983]
[20, 26214, 2981]
[20, 26214, 3055]
[20, 26214, 3042]
[20, 26214, 3002]
[20, 26214, 3050]
[20, 26214, 3076]
[20, 26214, 3008]
[20, 26214, 2997]
[20, 26214, 3022]
[20, 26214, 3063]
[20, 26214, 2952]
[20, 26214, 3051]
[20, 26214, 2968]
[20, 26214, 2969]
[20, 26214, 3013]
[20, 26214, 2955]
[20, 26214, 3025]
[20, 26214, 2946]
[20, 26214, 2956]
[20, 26214, 3048]
[20, 26214, 3095]
[20, 26214, 2910]
[20, 26214, 3046]
[20, 26214, 2989]
[20, 26214, 2923]
[20, 26214, 2952]
[20, 26214, 3014]
[20, 26214, 3028]
[20, 26214, 3052]
[20, 26214, 2967]
[20, 26214, 2936]
[20, 26214, 3022]
[20, 26214, 3076]
[20, 26214, 2957]
[20, 26214, 3009]
[20, 26214, 3039]
[20, 26214, 3147]
[20, 26214, 3091]
[20, 26214, 3047]
[20, 26214, 3082]
[20, 26214, 2993]
[20, 26214, 3036]
[20, 26214, 3084]
[20, 26214, 2909]
[20, 26214, 3062]
[20, 26214, 3030]
[20, 26214, 3043]
[20, 26214, 3107]
[20, 26214, 3015]
[20, 26214, 3144]
[20, 26214, 3018]
[20, 26214, 3025]
[20, 26214, 2939]
[20, 26214, 3011]
[20, 26214, 3012]
[20, 26214, 2982]
[20, 26214, 3120]
[20, 26214, 3066]
[20, 26214, 3042]
[20, 26214, 3003]
[20, 26214, 3000]
[20, 26214, 2980]
[20, 26214, 3140]
[20, 26214, 3004]
[20, 26214, 3079]
[20, 26214, 3122]
[20, 26214, 3021]
[20, 26214, 2953]
[20, 26214, 2993]
[20, 26214, 3011]
[20, 26214, 3202]
[20, 26214, 3109]
[20, 26214, 3140]
[20, 26214, 3088]
[20, 26214, 3068]
[20, 26214, 3018]
[20, 26214, 3037]
[20, 26214, 3123]
[20, 26214, 2998]
[20, 26214, 2960]
[20, 26214, 3052]
[20, 26214, 3016]
[20, 26214, 3043]
[20, 26214, 2956]
[20, 26214, 3004]
[20, 26214, 3093]
[20, 26214, 2963]
[20, 26214, 3031]
[20, 26214, 3078]
[25, 32768, 4692]
[25, 32768, 4698]
[25, 32768, 4630]
[25, 32768, 4608]
[25, 32768, 4742]
[25, 32768, 4664]
[25, 32768, 4780]
[25, 32768, 4674]
[25, 32768, 4759]
[25, 32768, 4755]
[25, 32768, 4622]
[25, 32768, 4813]
[25, 32768, 4760]
[25, 32768, 4707]
[25, 32768, 4775]
[25, 32768, 4685]
[25, 32768, 4751]
[25, 32768, 4632]
[25, 32768, 4694]
[25, 32768, 4781]
[25, 32768, 4780]
[25, 32768, 4691]
[25, 32768, 4762]
[25, 32768, 4698]
[25, 32768, 4700]
[25, 32768, 4730]
[25, 32768, 4583]
[25, 32768, 4637]
[25, 32768, 4741]
[25, 32768, 4609]
[25, 32768, 4653]
[25, 32768, 4678]
[25, 32768, 4739]
[25, 32768, 4640]
[25, 32768, 4600]
[25, 32768, 4655]
[25, 32768, 4822]
[25, 32768, 4711]
[25, 32768, 4779]
[25, 32768, 4831]
[25, 32768, 4696]
[25, 32768, 4688]
[25, 32768, 4692]
[25, 32768, 4736]
[25, 32768, 4703]
[25, 32768, 4829]
[25, 32768, 4750]
[25, 32768, 4756]
[25, 32768, 4693]
[25, 32768, 4697]
[25, 32768, 4653]
[25, 32768, 4730]
[25, 32768, 4735]
[25, 32768, 4641]
[25, 32768, 4658]
[25, 32768, 4608]
[25, 32768, 4558]
[25, 32768, 4772]
[25, 32768, 4671]
[25, 32768, 4768]
[25, 32768, 4643]
[25, 32768, 4661]
[25, 32768, 4718]
[25, 32768, 4687]
[25, 32768, 4699]
[25, 32768, 4660]
[25, 32768, 4827]
[25, 32768, 4638]
[25, 32768, 4600]
[25, 32768, 4754]
[25, 32768, 4630]
[25, 32768, 4608]
[25, 32768, 4691]
[25, 32768, 4761]
[25, 32768, 4772]
[25, 32768, 4729]
[25, 32768, 4759]
[25, 32768, 4745]
[25, 32768, 4864]
[25, 32768, 4825]
[25, 32768, 4727]
[25, 32768, 4655]
[25, 32768, 4699]
[25, 32768, 4750]
[25, 32768, 4779]
[25, 32768, 4642]
[25, 32768, 4693]
[25, 32768, 4651]
[25, 32768, 4803]
[25, 32768, 4632]
[25, 32768, 4655]
[25, 32768, 4784]
[25, 32768, 4638]
[25, 32768, 4659]
[25, 32768, 4653]
[25, 32768, 4703]
[25, 32768, 4620]
[25, 32768, 4612]
[25, 32768, 4702]
[25, 32768, 4758]
[30, 39321, 6715]
[30, 39321, 6791]
[30, 39321, 6811]
[30, 39321, 6795]
[30, 39321, 6754]
[30, 39321, 6681]
[30, 39321, 6646]
[30, 39321, 6730]
[30, 39321, 6801]
[30, 39321, 6665]
[30, 39321, 6732]
[30, 39321, 6813]
[30, 39321, 6622]
[30, 39321, 6717]
[30, 39321, 6913]
[30, 39321, 6793]
[30, 39321, 6703]
[30, 39321, 6703]
[30, 39321, 6756]
[30, 39321, 6690]
[30, 39321, 6743]
[30, 39321, 6745]
[30, 39321, 6686]
[30, 39321, 6879]
[30, 39321, 6712]
[30, 39321, 6718]
[30, 39321, 6667]
[30, 39321, 6699]
[30, 39321, 6804]
[30, 39321, 6778]
[30, 39321, 6683]
[30, 39321, 6816]
[30, 39321, 6747]
[30, 39321, 6738]
[30, 39321, 6783]
[30, 39321, 6645]
[30, 39321, 6759]
[30, 39321, 6831]
[30, 39321, 6726]
[30, 39321, 6729]
[30, 39321, 6752]
[30, 39321, 6690]
[30, 39321, 6814]
[30, 39321, 6744]
[30, 39321, 6750]
[30, 39321, 6687]
[30, 39321, 6881]
[30, 39321, 6822]
[30, 39321, 6830]
[30, 39321, 6714]
[30, 39321, 6793]
[30, 39321, 6679]
[30, 39321, 6744]
[30, 39321, 6733]
[30, 39321, 6776]
[30, 39321, 6632]
[30, 39321, 6728]
[30, 39321, 6670]
[30, 39321, 6731]
[30, 39321, 6762]
[30, 39321, 6820]
[30, 39321, 6625]
[30, 39321, 6767]
[30, 39321, 6593]
[30, 39321, 6785]
[30, 39321, 6776]
[30, 39321, 6775]
[30, 39321, 6798]
[30, 39321, 6644]
[30, 39321, 6724]
[30, 39321, 6642]
[30, 39321, 6779]
[30, 39321, 6849]
[30, 39321, 6727]
[30, 39321, 6602]
[30, 39321, 6807]
[30, 39321, 6746]
[30, 39321, 6698]
[30, 39321, 6859]
[30, 39321, 6718]
[30, 39321, 6631]
[30, 39321, 6746]
[30, 39321, 6828]
[30, 39321, 6649]
[30, 39321, 6679]
[30, 39321, 6774]
[30, 39321, 6647]
[30, 39321, 6622]
[30, 39321, 6634]
[30, 39321, 6761]
[30, 39321, 6720]
[30, 39321, 6650]
[30, 39321, 6695]
[30, 39321, 6759]
[30, 39321, 6814]
[30, 39321, 6748]
[30, 39321, 6866]
[30, 39321, 6734]
[30, 39321, 6665]
[30, 39321, 6727]
[35, 45875, 9340]
[35, 45875, 9205]
[35, 45875, 9207]
[35, 45875, 9271]
[35, 45875, 9143]
[35, 45875, 9366]
[35, 45875, 9012]
[35, 45875, 9213]
[35, 45875, 9231]
[35, 45875, 9208]
[35, 45875, 9104]
[35, 45875, 9198]
[35, 45875, 9210]
[35, 45875, 9095]
[35, 45875, 9026]
[35, 45875, 9187]
[35, 45875, 9230]
[35, 45875, 9064]
[35, 45875, 9105]
[35, 45875, 9030]
[35, 45875, 9230]
[35, 45875, 9235]
[35, 45875, 9277]
[35, 45875, 9272]
[35, 45875, 9246]
[35, 45875, 9278]
[35, 45875, 9096]
[35, 45875, 8940]
[35, 45875, 9201]
[35, 45875, 9231]
[35, 45875, 9186]
[35, 45875, 9281]
[35, 45875, 9204]
[35, 45875, 9241]
[35, 45875, 9226]
[35, 45875, 9210]
[35, 45875, 9186]
[35, 45875, 9242]
[35, 45875, 9275]
[35, 45875, 9324]
[35, 45875, 9172]
[35, 45875, 9245]
[35, 45875, 9126]
[35, 45875, 9194]
[35, 45875, 9197]
[35, 45875, 9250]
[35, 45875, 9200]
[35, 45875, 9238]
[35, 45875, 9054]
[35, 45875, 8928]
[35, 45875, 9315]
[35, 45875, 9142]
[35, 45875, 9289]
[35, 45875, 9287]
[35, 45875, 9236]
[35, 45875, 9264]
[35, 45875, 9071]
[35, 45875, 9103]
[35, 45875, 9416]
[35, 45875, 8969]
[35, 45875, 9158]
[35, 45875, 9198]
[35, 45875, 9337]
[35, 45875, 9094]
[35, 45875, 9078]
[35, 45875, 9332]
[35, 45875, 9043]
[35, 45875, 9100]
[35, 45875, 9102]
[35, 45875, 9271]
[35, 45875, 9165]
[35, 45875, 9095]
[35, 45875, 9246]
[35, 45875, 9113]
[35, 45875, 9241]
[35, 45875, 9202]
[35, 45875, 9231]
[35, 45875, 9149]
[35, 45875, 9221]
[35, 45875, 9194]
[35, 45875, 9288]
[35, 45875, 9135]
[35, 45875, 9172]
[35, 45875, 9207]
[35, 45875, 9159]
[35, 45875, 9325]
[35, 45875, 9234]
[35, 45875, 9378]
[35, 45875, 9070]
[35, 45875, 9098]
[35, 45875, 9129]
[35, 45875, 9168]
[35, 45875, 9128]
[35, 45875, 9184]
[35, 45875, 9185]
[35, 45875, 9155]
[35, 45875, 9271]
[35, 45875, 9192]
[35, 45875, 9270]
[35, 45875, 9173]
[40, 52428, 12147]
[40, 52428, 12003]
[40, 52428, 11901]
[40, 52428, 11892]
[40, 52428, 11924]
[40, 52428, 11949]
[40, 52428, 11949]
[40, 52428, 12171]
[40, 52428, 12063]
[40, 52428, 12042]
[40, 52428, 12258]
[40, 52428, 12028]
[40, 52428, 11998]
[40, 52428, 11877]
[40, 52428, 12034]
[40, 52428, 11949]
[40, 52428, 11909]
[40, 52428, 12013]
[40, 52428, 11981]
[40, 52428, 11959]
[40, 52428, 12037]
[40, 52428, 11971]
[40, 52428, 11931]
[40, 52428, 12051]
[40, 52428, 12149]
[40, 52428, 12044]
[40, 52428, 11960]
[40, 52428, 11837]
[40, 52428, 12047]
[40, 52428, 12006]
[40, 52428, 11910]
[40, 52428, 12171]
[40, 52428, 11621]
[40, 52428, 12220]
[40, 52428, 11882]
[40, 52428, 12020]
[40, 52428, 12050]
[40, 52428, 12217]
[40, 52428, 12049]
[40, 52428, 12111]
[40, 52428, 12078]
[40, 52428, 11889]
[40, 52428, 11767]
[40, 52428, 12010]
[40, 52428, 12000]
[40, 52428, 12240]
[40, 52428, 12136]
[40, 52428, 12035]
[40, 52428, 11876]
[40, 52428, 12046]
[40, 52428, 11941]
[40, 52428, 11913]
[40, 52428, 11989]
[40, 52428, 12066]
[40, 52428, 12104]
[40, 52428, 11826]
[40, 52428, 12041]
[40, 52428, 12095]
[40, 52428, 11845]
[40, 52428, 11921]
[40, 52428, 11945]
[40, 52428, 12010]
[40, 52428, 12135]
[40, 52428, 12109]
[40, 52428, 12006]
[40, 52428, 12125]
[40, 52428, 12163]
[40, 52428, 12044]
[40, 52428, 12044]
[40, 52428, 12077]
[40, 52428, 11886]
[40, 52428, 12062]
[40, 52428, 12138]
[40, 52428, 11991]
[40, 52428, 12123]
[40, 52428, 12057]
[40, 52428, 11859]
[40, 52428, 11989]
[40, 52428, 11763]
[40, 52428, 11997]
[40, 52428, 12049]
[40, 52428, 11881]
[40, 52428, 12007]
[40, 52428, 11988]
[40, 52428, 11977]
[40, 52428, 11842]
[40, 52428, 11956]
[40, 52428, 12069]
[40, 52428, 11930]
[40, 52428, 11804]
[40, 52428, 12083]
[40, 52428, 12088]
[40, 52428, 11967]
[40, 52428, 11929]
[40, 52428, 12029]
[40, 52428, 11916]
[40, 52428, 12017]
[40, 52428, 12051]
[40, 52428, 11912]
[40, 52428, 11941]
