[1, 1310, 4, 7, 2, 8]
[1, 1310, 8, 3, 5, 2]
[1, 1310, 5, 5, 3, 4]
[1, 1310, 5, 6, 8, 4]
[1, 1310, 3, 1, 4, 2]
[1, 1310, 2, 5, 9, 7]
[1, 1310, 3, 9, 6, 2]
[1, 1310, 3, 7, 2, 5]
[1, 1310, 9, 10, 4, 4]
[1, 1310, 7, 3, 3, 6]
[1, 1310, 4, 7, 3, 3]
[1, 1310, 4, 3, 3, 4]
[1, 1310, 4, 4, 1, 4]
[1, 1310, 2, 11, 6, 2]
[1, 1310, 7, 6, 2, 1]
[1, 1310, 7, 10, 10, 3]
[1, 1310, 7, 6, 5, 5]
[1, 1310, 4, 3, 2, 7]
[1, 1310, 3, 3, 3, 6]
[1, 1310, 3, 4, 6, 4]
[1, 1310, 2, 4, 7, 5]
[1, 1310, 9, 1, 1, 6]
[1, 1310, 4, 4, 3, 10]
[1, 1310, 6, 7, 8, 6]
[1, 1310, 9, 11, 3, 5]
[1, 1310, 6, 4, 3, 1]
[1, 1310, 2, 2, 1, 7]
[1, 1310, 6, 2, 6, 2]
[1, 1310, 6, 5, 5, 6]
[1, 1310, 4, 6, 1, 6]
[1, 1310, 8, 4, 5, 10]
[1, 1310, 5, 2, 5, 4]
[1, 1310, 4, 3, 3, 4]
[1, 1310, 3, 4, 4, 5]
[1, 1310, 3, 4, 1, 5]
[1, 1310, 2, 5, 8, 3]
[1, 1310, 4, 10, 3, 4]
[1, 1310, 3, 7, 3, 12]
[1, 1310, 3, 2, 6, 5]
[1, 1310, 3, 6, 6, 6]
[1, 1310, 9, 6, 4, 4]
[1, 1310, 1, 2, 4, 4]
[1, 1310, 5, 3, 4, 1]
[1, 1310, 7, 3, 4, 2]
[1, 1310, 4, 8, 3, 2]
[1, 1310, 2, 2, 9, 4]
[1, 1310, 10, 7, 6, 7]
[1, 1310, 5, 3, 3, 9]
[1, 1310, 5, 0, 7, 3]
[1, 1310, 4, 3, 7, 5]
[1, 1310, 4, 4, 4, 4]
[1, 1310, 3, 5, 5, 6]
[1, 1310, 7, 3, 6, 9]
[1, 1310, 2, 2, 9, 5]
[1, 1310, 6, 5, 6, 3]
[1, 1310, 6, 6, 5, 4]
[1, 1310, 6, 4, 3, 4]
[1, 1310, 5, 4, 3, 5]
[1, 1310, 8, 10, 0, 3]
[1, 1310, 4, 6, 7, 4]
[1, 1310, 7, 4, 9, 8]
[1, 1310, 7, 1, 8, 7]
[1, 1310, 4, 0, 4, 6]
[1, 1310, 5, 6, 2, 6]
[1, 1310, 2, 3, 5, 4]
[1, 1310, 8, 0, 0, 4]
[1, 1310, 5, 9, 5, 7]
[1, 1310, 5, 5, 6, 3]
[1, 1310, 6, 5, 2, 5]
[1, 1310, 6, 6, 4, 5]
[1, 1310, 6, 4, 5, 2]
[1, 1310, 7, 3, 4, 7]
[1, 1310, 7, 5, 4, 6]
[1, 1310, 7, 6, 2, 4]
[1, 1310, 3, 1, 4, 9]
[1, 1310, 7, 4, 1, 7]
[1, 1310, 5, 6, 6, 4]
[1, 1310, 4, 4, 6, 6]
[1, 1310, 2, 4, 9, 8]
[1, 1310, 2, 6, 6, 7]
[1, 1310, 2, 1, 4, 4]
[1, 1310, 6, 3, 7, 2]
[1, 1310, 2, 6, 3, 2]
[1, 1310, 5, 5, 5, 6]
[1, 1310, 8, 3, 7, 5]
[1, 1310, 4, 4, 7, 2]
[1, 1310, 0, 6, 3, 4]
[1, 1310, 0, 3, 10, 1]
[1, 1310, 9, 6, 4, 3]
[1, 1310, 4, 5, 10, 1]
[1, 1310, 5, 7, 6, 2]
[1, 1310, 5, 7, 7, 3]
[1, 1310, 6, 5, 5, 7]
[1, 1310, 11, 4, 5, 5]
[1, 1310, 5, 7, 7, 8]
[1, 1310, 6, 5, 3, 5]
[1, 1310, 1, 6, 2, 3]
[1, 1310, 5, 4, 8, 1]
[1, 1310, 6, 2, 5, 5]
[1, 1310, 5, 4, 3, 5]
[2, 2621, 19, 20, 16, 11]
[2, 2621, 14, 21, 18, 16]
[2, 2621, 15, 7, 13, 8]
[2, 2621, 11, 12, 16, 13]
[2, 2621, 18, 22, 14, 11]
[2, 2621, 7, 10, 7, 10]
[2, 2621, 12, 13, 11, 14]
[2, 2621, 4, 7, 14, 15]
[2, 2621, 9, 20, 12, 14]
[2, 2621, 12, 9, 11, 14]
[2, 2621, 12, 16, 16, 16]
[2, 2621, 10, 17, 14, 17]
[2, 2621, 12, 15, 13, 7]
[2, 2621, 14, 12, 16, 16]
[2, 2621, 12, 15, 14, 12]
[2, 2621, 15, 12, 15, 17]
[2, 2621, 13, 13, 12, 14]
[2, 2621, 10, 10, 14, 17]
[2, 2621, 13, 9, 15, 11]
[2, 2621, 17, 16, 12, 10]
[2, 2621, 12, 12, 14, 12]
[2, 2621, 14, 13, 12, 14]
[2, 2621, 12, 16, 20, 9]
[2, 2621, 16, 11, 13, 11]
[2, 2621, 14, 12, 9, 8]
[2, 2621, 7, 19, 18, 12]
[2, 2621, 10, 11, 13, 21]
[2, 2621, 17, 14, 15, 10]
[2, 2621, 8, 8, 9, 13]
[2, 2621, 12, 10, 7, 11]
[2, 2621, 9, 19, 12, 12]
[2, 2621, 11, 5, 12, 9]
[2, 2621, 15, 15, 12, 7]
[2, 2621, 11, 18, 15, 14]
[2, 2621, 11, 13, 11, 10]
[2, 2621, 17, 15, 11, 14]
[2, 2621, 11, 11, 13, 14]
[2, 2621, 13, 14, 12, 12]
[2, 2621, 17, 8, 5, 15]
[2, 2621, 12, 13, 11, 16]
[2, 2621, 12, 15, 18, 12]
[2, 2621, 10, 9, 9, 17]
[2, 2621, 11, 7, 17, 9]
[2, 2621, 15, 14, 9, 15]
[2, 2621, 15, 10, 10, 17]
[2, 2621, 14, 11, 10, 13]
[2, 2621, 10, 11, 12, 13]
[2, 2621, 13, 5, 12, 5]
[2, 2621, 18, 14, 11, 15]
[2, 2621, 13, 15, 12, 15]
[2, 2621, 15, 13, 13, 16]
[2, 2621, 17, 18, 16, 11]
[2, 2621, 12, 16, 11, 15]
[2, 2621, 17, 10, 9, 8]
[2, 2621, 20, 14, 11, 19]
[2, 2621, 16, 8, 18, 10]
[2, 2621, 20, 15, 13, 21]
[2, 2621, 14, 13, 8, 11]
[2, 2621, 9, 17, 11, 14]
[2, 2621, 16, 17, 13, 15]
[2, 2621, 21, 13, 12, 20]
[2, 2621, 13, 16, 11, 12]
[2, 2621, 11, 13, 12, 16]
[2, 2621, 9, 13, 14, 16]
[2, 2621, 10, 16, 12, 11]
[2, 2621, 11, 12, 16, 9]
[2, 2621, 13, 14, 13, 12]
[2, 2621, 16, 19, 18, 10]
[2, 2621, 12, 17, 11, 16]
[2, 2621, 12, 10, 8, 16]
[2, 2621, 12, 14, 7, 16]
[2, 2621, 14, 12, 16, 20]
[2, 2621, 9, 9, 7, 12]
[2, 2621, 15, 10, 7, 13]
[2, 2621, 11, 14, 15, 16]
[2, 2621, 10, 11, 14, 16]
[2, 2621, 14, 17, 15, 16]
[2, 2621, 18, 17, 11, 17]
[2, 2621, 14, 8, 10, 6]
[2, 2621, 19, 10, 8, 10]
[2, 2621, 16, 9, 13, 21]
[2, 2621, 13, 8, 20, 14]
[2, 2621, 19, 12, 10, 17]
[2, 2621, 12, 10, 12, 13]
[2, 2621, 10, 9, 12, 11]
[2, 2621, 13, 13, 14, 20]
[2, 2621, 13, 12, 14, 15]
[2, 2621, 13, 15, 14, 14]
[2, 2621, 12, 15, 16, 9]
[2, 2621, 15, 10, 14, 13]
[2, 2621, 6, 13, 16, 12]
[2, 2621, 14, 8, 12, 12]
[2, 2621, 7, 10, 15, 14]
[2, 2621, 13, 10, 5, 18]
[2, 2621, 14, 16, 18, 16]
[2, 2621, 15, 16, 11, 13]
[2, 2621, 15, 13, 17, 12]
[2, 2621, 15, 17, 14, 12]
[2, 2621, 11, 17, 19, 15]
[2, 2621, 16, 11, 10, 14]
[5, 6553, 65, 58, 63, 69]
[5, 6553, 56, 66, 49, 65]
[5, 6553, 50, 47, 66, 56]
[5, 6553, 60, 57, 55, 58]
[5, 6553, 51, 65, 67, 72]
[5, 6553, 55, 59, 55, 55]
[5, 6553, 52, 64, 64, 58]
[5, 6553, 62, 44, 56, 60]
[5, 6553, 62, 63, 43, 70]
[5, 6553, 70, 52, 54, 50]
[5, 6553, 54, 36, 40, 61]
[5, 6553, 58, 47, 54, 61]
[5, 6553, 62, 55, 45, 52]
[5, 6553, 45, 51, 60, 59]
[5, 6553, 60, 49, 70, 50]
[5, 6553, 58, 69, 47, 47]
[5, 6553, 62, 61, 72, 40]
[5, 6553, 72, 64, 51, 48]
[5, 6553, 72, 54, 52, 72]
[5, 6553, 54, 51, 51, 47]
[5, 6553, 52, 75, 72, 59]
[5, 6553, 53, 58, 59, 59]
[5, 6553, 49, 57, 65, 56]
[5, 6553, 61, 63, 59, 73]
[5, 6553, 54, 65, 43, 64]
[5, 6553, 60, 59, 70, 63]
[5, 6553, 47, 48, 73, 55]
[5, 6553, 51, 52, 67, 44]
[5, 6553, 44, 52, 63, 52]
[5, 6553, 67, 46, 51, 62]
[5, 6553, 36, 48, 56, 57]
[5, 6553, 55, 67, 46, 58]
[5, 6553, 57, 59, 50, 30]
[5, 6553, 50, 52, 67, 44]
[5, 6553, 62, 52, 47, 63]
[5, 6553, 55, 60, 64, 48]
[5, 6553, 42, 64, 53, 60]
[5, 6553, 58, 54, 75, 48]
[5, 6553, 52, 55, 63, 56]
[5, 6553, 56, 71, 63, 63]
[5, 6553, 65, 61, 59, 54]
[5, 6553, 64, 51, 50, 55]
[5, 6553, 68, 54, 52, 44]
[5, 6553, 48, 60, 60, 65]
[5, 6553, 72, 64, 45, 59]
[5, 6553, 56, 62, 52, 53]
[5, 6553, 55, 58, 53, 49]
[5, 6553, 50, 66, 54, 50]
[5, 6553, 67, 60, 70, 58]
[5, 6553, 67, 56, 58, 63]
[5, 6553, 59, 57, 66, 67]
[5, 6553, 55, 59, 67, 52]
[5, 6553, 65, 48, 58, 58]
[5, 6553, 45, 60, 60, 57]
[5, 6553, 59, 58, 84, 68]
[5, 6553, 75, 55, 61, 57]
[5, 6553, 59, 61, 60, 56]
[5, 6553, 52, 58, 54, 73]
[5, 6553, 58, 52, 61, 57]
[5, 6553, 62, 68, 67, 55]
[5, 6553, 64, 57, 56, 64]
[5, 6553, 66, 64, 56, 70]
[5, 6553, 49, 63, 64, 60]
[5, 6553, 48, 69, 54, 48]
[5, 6553, 57, 56, 58, 57]
[5, 6553, 60, 47, 50, 63]
[5, 6553, 59, 46, 52, 41]
[5, 6553, 49, 58, 73, 47]
[5, 6553, 64, 58, 53, 49]
[5, 6553, 68, 54, 53, 55]
[5, 6553, 62, 61, 51, 54]
[5, 6553, 61, 46, 69, 56]
[5, 6553, 51, 60, 65, 57]
[5, 6553, 64, 50, 59, 57]
[5, 6553, 64, 66, 84, 62]
[5, 6553, 57, 70, 47, 56]
[5, 6553, 52, 65, 45, 69]
[5, 6553, 54, 68, 64, 49]
[5, 6553, 62, 55, 57, 61]
[5, 6553, 78, 47, 59, 54]
[5, 6553, 69, 49, 56, 59]
[5, 6553, 65, 57, 51, 55]
[5, 6553, 61, 51, 53, 69]
[5, 6553, 57, 66, 59, 46]
[5, 6553, 61, 60, 51, 52]
[5, 6553, 61, 48, 62, 47]
[5, 6553, 59, 43, 50, 58]
[5, 6553, 73, 65, 74, 50]
[5, 6553, 52, 68, 58, 53]
[5, 6553, 57, 64, 70, 64]
[5, 6553, 42, 46, 59, 66]
[5, 6553, 47, 61, 64, 54]
[5, 6553, 49, 60, 73, 54]
[5, 6553, 70, 68, 54, 60]
[5, 6553, 42, 52, 59, 66]
[5, 6553, 61, 65, 73, 60]
[5, 6553, 59, 59, 74, 54]
[5, 6553, 53, 55, 50, 68]
[5, 6553, 65, 65, 55, 58]
[5, 6553, 55, 60, 53, 54]
[10, 13107, 204, 176, 168, 237]
[10, 13107, 197, 185, 220, 217]
[10, 13107, 196, 204, 188, 197]
[10, 13107, 209, 188, 198, 207]
[10, 13107, 207, 207, 231, 204]
[10, 13107, 203, 191, 209, 213]
[10, 13107, 196, 188, 206, 207]
[10, 13107, 186, 203, 213, 223]
[10, 13107, 221, 193, 199, 193]
[10, 13107, 198, 181, 200, 177]
[10, 13107, 186, 201, 210, 223]
[10, 13107, 199, 178, 221, 214]
[10, 13107, 231, 171, 205, 203]
[10, 13107, 214, 206, 164, 211]
[10, 13107, 201, 188, 225, 215]
[10, 13107, 218, 183, 187, 187]
[10, 13107, 213, 215, 186, 207]
[10, 13107, 205, 212, 200, 173]
[10, 13107, 198, 179, 192, 204]
[10, 13107, 187, 202, 222, 173]
[10, 13107, 195, 202, 218, 187]
[10, 13107, 210, 210, 205, 226]
[10, 13107, 209, 213, 153, 200]
[10, 13107, 212, 192, 208, 210]
[10, 13107, 190, 212, 197, 207]
[10, 13107, 183, 182, 214, 212]
[10, 13107, 197, 199, 208, 189]
[10, 13107, 236, 199, 205, 225]
[10, 13107, 173, 204, 206, 215]
[10, 13107, 199, 179, 213, 207]
[10, 13107, 192, 251, 229, 186]
[10, 13107, 210, 219, 195, 201]
[10, 13107, 197, 205, 187, 190]
[10, 13107, 208, 213, 206, 223]
[10, 13107, 202, 210, 195, 212]
[10, 13107, 195, 189, 218, 222]
[10, 13107, 194, 205, 198, 209]
[10, 13107, 202, 166, 231, 204]
[10, 13107, 219, 178, 187, 207]
[10, 13107, 199, 186, 200, 188]
[10, 13107, 215, 192, 190, 197]
[10, 13107, 201, 202, 195, 222]
[10, 13107, 192, 227, 206, 201]
[10, 13107, 220, 206, 222, 200]
[10, 13107, 181, 199, 210, 223]
[10, 13107, 198, 200, 224, 190]
[10, 13107, 194, 187, 198, 215]
[10, 13107, 193, 217, 224, 160]
[10, 13107, 228, 214, 215, 189]
[10, 13107, 219, 213, 183, 208]
[10, 13107, 209, 204, 204, 186]
[10, 13107, 205, 187, 200, 216]
[10, 13107, 208, 185, 179, 175]
[10, 13107, 181, 201, 196, 194]
[10, 13107, 185, 186, 193, 225]
[10, 13107, 229, 203, 222, 203]
[10, 13107, 186, 185, 207, 222]
[10, 13107, 202, 197, 204, 188]
[10, 13107, 196, 180, 184, 211]
[10, 13107, 219, 200, 214, 187]
[10, 13107, 201, 189, 218, 233]
[10, 13107, 182, 221, 211, 223]
[10, 13107, 197, 178, 219, 191]
[10, 13107, 209, 238, 206, 180]
[10, 13107, 202, 202, 194, 205]
[10, 13107, 203, 207, 203, 228]
[10, 13107, 185, 204, 193, 193]
[10, 13107, 210, 199, 212, 219]
[10, 13107, 203, 224, 208, 221]
[10, 13107, 200, 211, 205, 197]
[10, 13107, 215, 190, 177, 217]
[10, 13107, 172, 196, 187, 189]
[10, 13107, 187, 196, 202, 196]
[10, 13107, 210, 197, 192, 203]
[10, 13107, 228, 186, 210, 189]
[10, 13107, 212, 207, 220, 189]
[10, 13107, 201, 216, 185, 201]
[10, 13107, 201, 222, 207, 206]
[10, 13107, 217, 197, 214, 229]
[10, 13107, 235, 193, 181, 186]
[10, 13107, 236, 168, 193, 206]
[10, 13107, 202, 182, 213, 202]
[10, 13107, 203, 175, 210, 191]
[10, 13107, 236, 188, 212, 190]
[10, 13107, 195, 172, 228, 189]
[10, 13107, 246, 206, 203, 198]
[10, 13107, 193, 178, 217, 187]
[10, 13107, 242, 231, 191, 196]
[10, 13107, 197, 183, 222, 227]
[10, 13107, 206, 201, 200, 208]
[10, 13107, 188, 204, 182, 174]
[10, 13107, 195, 180, 189, 188]
[10, 13107, 198, 192, 197, 149]
[10, 13107, 221, 212, 183, 180]
[10, 13107, 168, 199, 186, 213]
[10, 13107, 201, 208, 199, 214]
[10, 13107, 211, 212, 228, 180]
[10, 13107, 184, 190, 216, 204]
[10, 13107, 174, 180, 210, 217]
[10, 13107, 208, 195, 219, 206]
[15, 19660, 450, 433, 405, 414]
[15, 19660, 409, 400, 436, 455]
[15, 19660, 406, 430, 438, 428]
[15, 19660, 421, 420, 432, 428]
[15, 19660, 429, 441, 454, 382]
[15, 19660, 451, 443, 450, 443]
[15, 19660, 441, 446, 419, 414]
[15, 19660, 484, 444, 477, 479]
[15, 19660, 465, 444, 442, 445]
[15, 19660, 458, 457, 452, 408]
[15, 19660, 407, 403, 425, 409]
[15, 19660, 474, 437, 435, 432]
[15, 19660, 477, 440, 424, 430]
[15, 19660, 478, 439, 401, 452]
[15, 19660, 470, 422, 452, 413]
[15, 19660, 449, 486, 447, 430]
[15, 19660, 409, 414, 456, 448]
[15, 19660, 385, 428, 426, 483]
[15, 19660, 445, 445, 391, 427]
[15, 19660, 459, 450, 446, 418]
[15, 19660, 435, 449, 420, 408]
[15, 19660, 451, 405, 467, 446]
[15, 19660, 426, 413, 440, 382]
[15, 19660, 449, 423, 412, 414]
[15, 19660, 476, 439, 441, 395]
[15, 19660, 418, 462, 468, 427]
[15, 19660, 420, 435, 422, 447]
[15, 19660, 473, 403, 429, 422]
[15, 19660, 418, 418, 450, 419]
[15, 19660, 443, 430, 440, 408]
[15, 19660, 415, 432, 466, 412]
[15, 19660, 441, 462, 409, 409]
[15, 19660, 455, 428, 476, 436]
[15, 19660, 408, 432, 440, 450]
[15, 19660, 462, 422, 456, 432]
[15, 19660, 422, 398, 439, 440]
[15, 19660, 407, 479, 423, 458]
[15, 19660, 448, 401, 449, 427]
[15, 19660, 474, 423, 452, 451]
[15, 19660, 442, 456, 447, 455]
[15, 19660, 390, 399, 426, 444]
[15, 19660, 423, 420, 390, 456]
[15, 19660, 441, 415, 441, 452]
[15, 19660, 427, 439, 444, 420]
[15, 19660, 428, 468, 394, 492]
[15, 19660, 417, 427, 420, 435]
[15, 19660, 430, 457, 467, 391]
[15, 19660, 413, 432, 431, 414]
[15, 19660, 451, 435, 429, 448]
[15, 19660, 446, 424, 399, 434]
[15, 19660, 465, 408, 407, 385]
[15, 19660, 411, 427, 395, 472]
[15, 19660, 446, 436, 416, 437]
[15, 19660, 389, 424, 439, 431]
[15, 19660, 411, 476, 437, 430]
[15, 19660, 450, 473, 426, 416]
[15, 19660, 438, 431, 455, 465]
[15, 19660, 418, 431, 438, 416]
[15, 19660, 445, 434, 453, 405]
[15, 19660, 421, 420, 430, 434]
[15, 19660, 431, 410, 437, 449]
[15, 19660, 444, 435, 436, 425]
[15, 19660, 438, 464, 448, 431]
[15, 19660, 425, 467, 444, 406]
[15, 19660, 447, 407, 454, 457]
[15, 19660, 424, 442, 477, 435]
[15, 19660, 467, 453, 398, 428]
[15, 19660, 416, 468, 470, 441]
[15, 19660, 437, 446, 415, 412]
[15, 19660, 451, 460, 433, 478]
[15, 19660, 433, 391, 421, 466]
[15, 19660, 470, 434, 433, 475]
[15, 19660, 412, 416, 408, 471]
[15, 19660, 447, 456, 417, 474]
[15, 19660, 423, 445, 425, 428]
[15, 19660, 433, 368, 402, 469]
[15, 19660, 471, 443, 437, 436]
[15, 19660, 438, 390, 452, 436]
[15, 19660, 422, 459, 419, 439]
[15, 19660, 438, 416, 448, 389]
[15, 19660, 445, 429, 444, 463]
[15, 19660, 426, 466, 428, 444]
[15, 19660, 441, 436, 420, 421]
[15, 19660, 419, 443, 447, 423]
[15, 19660, 405, 389, 427, 467]
[15, 19660, 473, 450, 427, 402]
[15, 19660, 434, 397, 465, 444]
[15, 19660, 420, 425, 437, 429]
[15, 19660, 426, 382, 463, 450]
[15, 19660, 432, 432, 407, 456]
[15, 19660, 433, 432, 459, 405]
[15, 19660, 425, 438, 453, 463]
[15, 19660, 433, 385, 429, 431]
[15, 19660, 424, 462, 415, 463]
[15, 19660, 409, 415, 423, 478]
[15, 19660, 426, 456, 407, 447]
[15, 19660, 394, 393, 490, 399]
[15, 19660, 427, 461, 483, 490]
[15, 19660, 421, 448, 432, 430]
[15, 19660, 457, 368, 402, 432]
[20, 26214, 770, 749, 685, 748]
[20, 26214, 752, 716, 738, 761]
[20, 26214, 787, 776, 780, 793]
[20, 26214, 757, 739, 762, 765]
[20, 26214, 758, 767, 757, 767]
[20, 26214, 780, 796, 726, 708]
[20, 26214, 709, 771, 739, 763]
[20, 26214, 733, 751, 764, 816]
[20, 26214, 698, 786, 761, 771]
[20, 26214, 712, 735, 748, 726]
[20, 26214, 751, 735, 790, 777]
[20, 26214, 788, 757, 709, 778]
[20, 26214, 710, 720, 720, 752]
[20, 26214, 722, 769, 699, 765]
[20, 26214, 797, 748, 783, 798]
[20, 26214, 759, 838, 771, 710]
[20, 26214, 699, 772, 727, 746]
[20, 26214, 783, 787, 769, 746]
[20, 26214, 835, 741, 745, 726]
[20, 26214, 752, 723, 756, 758]
[20, 26214, 755, 764, 767, 742]
[20, 26214, 784, 739, 711, 755]
[20, 26214, 787, 708, 758, 736]
[20, 26214, 759, 766, 731, 721]
[20, 26214, 769, 766, 761, 750]
[20, 26214, 740, 741, 752, 755]
[20, 26214, 780, 701, 750, 832]
[20, 26214, 775, 709, 697, 784]
[20, 26214, 687, 777, 784, 807]
[20, 26214, 787, 770, 761, 757]
[20, 26214, 749, 791, 790, 672]
[20, 26214, 788, 742, 735, 735]
[20, 26214, 798, 726, 753, 725]
[20, 26214, 717, 768, 734, 735]
[20, 26214, 761, 784, 802, 703]
[20, 26214, 753, 764, 747, 761]
[20, 26214, 750, 772, 791, 755]
[20, 26214, 762, 760, 768, 683]
[20, 26214, 793, 752, 789, 750]
[20, 26214, 637, 781, 798, 729]
[20, 26214, 756, 700, 795, 806]
[20, 26214, 714, 715, 772, 831]
[20, 26214, 760, 734, 821, 753]
[20, 26214, 771, 768, 749, 762]
[20, 26214, 701, 785, 717, 742]
[20, 26214, 773, 741, 799, 751]
[20, 26214, 766, 748, 755, 779]
[20, 26214, 723, 706, 750, 712]
[20, 26214, 756, 745, 729, 740]
[20, 26214, 811, 779, 726, 772]
[20, 26214, 758, 779, 722, 747]
[20, 26214, 762, 775, 714, 762]
[20, 26214, 731, 733, 727, 755]
[20, 26214, 713, 802, 725, 766]
[20, 26214, 710, 788, 766, 761]
[20, 26214, 735, 778, 815, 757]
[20, 26214, 771, 724, 751, 807]
[20, 26214, 780, 760, 777, 732]
[20, 26214, 803, 757, 753, 730]
[20, 26214, 764, 699, 753, 710]
[20, 26214, 736, 744, 732, 760]
[20, 26214, 750, 795, 708, 811]
[20, 26214, 706, 715, 704, 741]
[20, 26214, 737, 792, 694, 738]
[20, 26214, 712, 788, 802, 741]
[20, 26214, 783, 770, 760, 785]
[20, 26214, 735, 725, 741, 735]
[20, 26214, 820, 744, 754, 762]
[20, 26214, 744, 712, 772, 720]
[20, 26214, 781, 794, 783, 758]
[20, 26214, 742, 755, 712, 786]
[20, 26214, 700, 768, 797, 728]
[20, 26214, 765, 699, 745, 767]
[20, 26214, 759, 771, 782, 731]
[20, 26214, 777, 738, 788, 785]
[20, 26214, 777, 729, 774, 711]
[20, 26214, 836, 721, 775, 756]
[20, 26214, 796, 756, 746, 726]
[20, 26214, 767, 741, 720, 778]
[20, 26214, 788, 720, 697, 749]
[20, 26214, 733, 688, 692, 726]
[20, 26214, 789, 720, 724, 839]
[20, 26214, 777, 759, 743, 772]
[20, 26214, 705, 737, 822, 750]
[20, 26214, 781, 742, 791, 801]
[20, 26214, 742, 755, 788, 697]
[20, 26214, 705, 722, 790, 772]
[20, 26214, 784, 736, 732, 715]
[20, 26214, 750, 767, 815, 738]
[20, 26214, 724, 782, 774, 832]
[20, 26214, 730, 704, 854, 784]
[20, 26214, 742, 757, 762, 818]
[20, 26214, 771, 705, 751, 779]
[20, 26214, 738, 764, 699, 822]
[20, 26214, 729, 726, 779, 767]
[20, 26214, 723, 743, 789, 796]
[20, 26214, 670, 716, 783, 761]
[20, 26214, 759, 753, 755, 797]
[20, 26214, 788, 806, 763, 779]
[20, 26214, 820, 736, 699, 755]
[25, 32768, 1210, 1151, 1160, 1129]
[25, 32768, 1193, 1130, 1250, 1190]
[25, 32768, 1180, 1145, 1176, 1213]
[25, 32768, 1119, 1145, 1160, 1157]
[25, 32768, 1157, 1188, 1253, 1126]
[25, 32768, 1137, 1152, 1272, 1099]
[25, 32768, 1080, 1205, 1183, 1119]
[25, 32768, 1116, 1189, 1194, 1210]
[25, 32768, 1160, 1173, 1164, 1159]
[25, 32768, 1176, 1097, 1165, 1162]
[25, 32768, 1168, 1170, 1226, 1174]
[25, 32768, 1204, 1152, 1127, 1133]
[25, 32768, 1235, 1117, 1137, 1239]
[25, 32768, 1223, 1097, 1177, 1241]
[25, 32768, 1146, 1160, 1137, 1202]
[25, 32768, 1212, 1238, 1116, 1131]
[25, 32768, 1148, 1135, 1227, 1198]
[25, 32768, 1139, 1198, 1128, 1215]
[25, 32768, 1179, 1162, 1186, 1104]
[25, 32768, 1132, 1165, 1113, 1255]
[25, 32768, 1162, 1138, 1161, 1157]
[25, 32768, 1151, 1187, 1213, 1185]
[25, 32768, 1206, 1141, 1126, 1100]
[25, 32768, 1141, 1227, 1142, 1141]
[25, 32768, 1267, 1198, 1136, 1134]
[25, 32768, 1155, 1274, 1208, 1186]
[25, 32768, 1212, 1106, 1163, 1220]
[25, 32768, 1214, 1115, 1101, 1216]
[25, 32768, 1126, 1171, 1225, 1190]
[25, 32768, 1212, 1118, 1194, 1157]
[25, 32768, 1201, 1212, 1168, 1154]
[25, 32768, 1179, 1237, 1123, 1208]
[25, 32768, 1226, 1227, 1207, 1101]
[25, 32768, 1145, 1180, 1114, 1240]
[25, 32768, 1208, 1164, 1166, 1148]
[25, 32768, 1203, 1124, 1175, 1172]
[25, 32768, 1171, 1140, 1189, 1160]
[25, 32768, 1173, 1241, 1189, 1177]
[25, 32768, 1119, 1153, 1134, 1206]
[25, 32768, 1135, 1148, 1294, 1204]
[25, 32768, 1143, 1155, 1198, 1111]
[25, 32768, 1196, 1176, 1151, 1255]
[25, 32768, 1106, 1216, 1175, 1182]
[25, 32768, 1180, 1175, 1153, 1170]
[25, 32768, 1125, 1176, 1222, 1115]
[25, 32768, 1200, 1139, 1200, 1215]
[25, 32768, 1208, 1088, 1143, 1252]
[25, 32768, 1225, 1204, 1210, 1152]
[25, 32768, 1230, 1171, 1158, 1117]
[25, 32768, 1212, 1174, 1175, 1127]
[25, 32768, 1258, 1172, 1153, 1134]
[25, 32768, 1210, 1150, 1140, 1172]
[25, 32768, 1228, 1176, 1156, 1171]
[25, 32768, 1123, 1151, 1180, 1157]
[25, 32768, 1165, 1209, 1183, 1221]
[25, 32768, 1181, 1170, 1175, 1169]
[25, 32768, 1141, 1163, 1177, 1249]
[25, 32768, 1156, 1188, 1173, 1168]
[25, 32768, 1192, 1132, 1167, 1133]
[25, 32768, 1231, 1179, 1143, 1176]
[25, 32768, 1126, 1226, 1101, 1098]
[25, 32768, 1158, 1191, 1229, 1181]
[25, 32768, 1224, 1237, 1173, 1179]
[25, 32768, 1117, 1250, 1123, 1222]
[25, 32768, 1138, 1179, 1324, 1166]
[25, 32768, 1183, 1128, 1128, 1170]
[25, 32768, 1211, 1135, 1217, 1197]
[25, 32768, 1240, 1206, 1193, 1182]
[25, 32768, 1234, 1130, 1137, 1165]
[25, 32768, 1203, 1220, 1214, 1187]
[25, 32768, 1247, 1142, 1094, 1192]
[25, 32768, 1147, 1158, 1239, 1274]
[25, 32768, 1045, 1083, 1130, 1130]
[25, 32768, 1218, 1133, 1153, 1128]
[25, 32768, 1211, 1140, 1178, 1197]
[25, 32768, 1165, 1228, 1163, 1142]
[25, 32768, 1254, 1187, 1187, 1148]
[25, 32768, 1147, 1191, 1200, 1213]
[25, 32768, 1216, 1207, 1153, 1162]
[25, 32768, 1168, 1114, 1143, 1132]
[25, 32768, 1204, 1124, 1125, 1182]
[25, 32768, 1098, 1169, 1163, 1249]
[25, 32768, 1160, 1217, 1186, 1190]
[25, 32768, 1152, 1151, 1201, 1136]
[25, 32768, 1160, 1146, 1169, 1170]
[25, 32768, 1171, 1153, 1218, 1146]
[25, 32768, 1133, 1243, 1184, 1183]
[25, 32768, 1165, 1168, 1211, 1110]
[25, 32768, 1232, 1104, 1205, 1252]
[25, 32768, 1158, 1172, 1108, 1273]
[25, 32768, 1156, 1130, 1221, 1169]
[25, 32768, 1104, 1173, 1163, 1199]
[25, 32768, 1172, 1075, 1192, 1180]
[25, 32768, 1174, 1136, 1168, 1218]
[25, 32768, 1147, 1167, 1216, 1146]
[25, 32768, 1186, 1230, 1144, 1210]
[25, 32768, 1189, 1175, 1188, 1164]
[25, 32768, 1128, 1162, 1162, 1194]
[25, 32768, 1171, 1205, 1185, 1193]
[25, 32768, 1143, 1146, 1142, 1161]
[30, 39321, 1665, 1701, 1613, 1674]
[30, 39321, 1624, 1678, 1685, 1759]
[30, 39321, 1670, 1698, 1685, 1725]
[30, 39321, 1610, 1685, 1702, 1697]
[30, 39321, 1713, 1670, 1687, 1707]
[30, 39321, 1697, 1695, 1733, 1662]
[30, 39321, 1673, 1717, 1716, 1700]
[30, 39321, 1607, 1665, 1684, 1755]
[30, 39321, 1626, 1646, 1689, 1638]
[30, 39321, 1674, 1653, 1708, 1714]
[30, 39321, 1696, 1622, 1766, 1663]
[30, 39321, 1704, 1728, 1610, 1615]
[30, 39321, 1664, 1702, 1688, 1735]
[30, 39321, 1677, 1642, 1681, 1771]
[30, 39321, 1669, 1690, 1641, 1680]
[30, 39321, 1663, 1789, 1741, 1712]
[30, 39321, 1639, 1617, 1696, 1718]
[30, 39321, 1642, 1755, 1670, 1725]
[30, 39321, 1682, 1692, 1716, 1617]
[30, 39321, 1684, 1643, 1728, 1673]
[30, 39321, 1743, 1678, 1726, 1711]
[30, 39321, 1725, 1693, 1699, 1658]
[30, 39321, 1721, 1627, 1657, 1646]
[30, 39321, 1708, 1747, 1654, 1630]
[30, 39321, 1663, 1705, 1625, 1736]
[30, 39321, 1630, 1615, 1707, 1694]
[30, 39321, 1659, 1701, 1663, 1727]
[30, 39321, 1756, 1622, 1682, 1792]
[30, 39321, 1599, 1767, 1728, 1660]
[30, 39321, 1743, 1708, 1696, 1665]
[30, 39321, 1656, 1717, 1690, 1668]
[30, 39321, 1711, 1704, 1567, 1718]
[30, 39321, 1736, 1746, 1661, 1651]
[30, 39321, 1618, 1740, 1724, 1647]
[30, 39321, 1688, 1685, 1684, 1684]
[30, 39321, 1742, 1679, 1707, 1677]
[30, 39321, 1693, 1757, 1703, 1572]
[30, 39321, 1707, 1688, 1631, 1648]
[30, 39321, 1717, 1621, 1630, 1739]
[30, 39321, 1611, 1660, 1755, 1688]
[30, 39321, 1683, 1535, 1790, 1583]
[30, 39321, 1598, 1704, 1575, 1680]
[30, 39321, 1587, 1602, 1609, 1686]
[30, 39321, 1706, 1712, 1611, 1637]
[30, 39321, 1651, 1694, 1713, 1677]
[30, 39321, 1713, 1658, 1700, 1721]
[30, 39321, 1684, 1679, 1725, 1698]
[30, 39321, 1629, 1705, 1677, 1690]
[30, 39321, 1697, 1690, 1745, 1713]
[30, 39321, 1723, 1706, 1627, 1647]
[30, 39321, 1751, 1644, 1664, 1689]
[30, 39321, 1673, 1626, 1708, 1732]
[30, 39321, 1708, 1674, 1711, 1657]
[30, 39321, 1653, 1650, 1680, 1707]
[30, 39321, 1635, 1691, 1624, 1766]
[30, 39321, 1753, 1655, 1710, 1663]
[30, 39321, 1659, 1654, 1734, 1726]
[30, 39321, 1694, 1685, 1745, 1655]
[30, 39321, 1783, 1709, 1688, 1711]
[30, 39321, 1726, 1777, 1693, 1706]
[30, 39321, 1712, 1719, 1648, 1650]
[30, 39321, 1686, 1732, 1568, 1676]
[30, 39321, 1762, 1721, 1719, 1679]
[30, 39321, 1654, 1707, 1632, 1662]
[30, 39321, 1574, 1623, 1753, 1662]
[30, 39321, 1640, 1651, 1747, 1669]
[30, 39321, 1774, 1727, 1575, 1791]
[30, 39321, 1725, 1669, 1646, 1655]
[30, 39321, 1722, 1646, 1740, 1698]
[30, 39321, 1682, 1697, 1664, 1673]
[30, 39321, 1792, 1694, 1704, 1640]
[30, 39321, 1701, 1695, 1699, 1742]
[30, 39321, 1708, 1663, 1737, 1751]
[30, 39321, 1664, 1605, 1743, 1688]
[30, 39321, 1735, 1699, 1656, 1642]
[30, 39321, 1644, 1588, 1653, 1736]
[30, 39321, 1736, 1716, 1697, 1640]
[30, 39321, 1695, 1667, 1762, 1695]
[30, 39321, 1712, 1734, 1659, 1722]
[30, 39321, 1678, 1719, 1674, 1607]
[30, 39321, 1763, 1681, 1660, 1681]
[30, 39321, 1737, 1696, 1696, 1777]
[30, 39321, 1773, 1643, 1658, 1652]
[30, 39321, 1680, 1689, 1644, 1671]
[30, 39321, 1661, 1668, 1674, 1780]
[30, 39321, 1733, 1674, 1671, 1667]
[30, 39321, 1663, 1730, 1693, 1660]
[30, 39321, 1732, 1618, 1735, 1590]
[30, 39321, 1673, 1595, 1670, 1633]
[30, 39321, 1675, 1719, 1653, 1685]
[30, 39321, 1631, 1700, 1693, 1632]
[30, 39321, 1647, 1707, 1641, 1689]
[30, 39321, 1733, 1582, 1684, 1661]
[30, 39321, 1685, 1655, 1711, 1639]
[30, 39321, 1739, 1693, 1630, 1756]
[30, 39321, 1637, 1709, 1656, 1754]
[30, 39321, 1577, 1648, 1633, 1741]
[30, 39321, 1655, 1623, 1655, 1710]
[30, 39321, 1731, 1709, 1704, 1627]
[30, 39321, 1698, 1660, 1714, 1734]
[35, 45875, 2292, 2364, 2151, 2194]
[35, 45875, 2307, 2232, 2293, 2424]
[35, 45875, 2197, 2253, 2337, 2325]
[35, 45875, 2315, 2220, 2285, 2226]
[35, 45875, 2260, 2216, 2254, 2211]
[35, 45875, 2305, 2201, 2307, 2206]
[35, 45875, 2186, 2378, 2339, 2174]
[35, 45875, 2219, 2245, 2321, 2285]
[35, 45875, 2249, 2364, 2292, 2267]
[35, 45875, 2316, 2294, 2319, 2233]
[35, 45875, 2258, 2284, 2342, 2296]
[35, 45875, 2345, 2304, 2297, 2333]
[35, 45875, 2319, 2297, 2314, 2349]
[35, 45875, 2371, 2267, 2257, 2318]
[35, 45875, 2246, 2288, 2261, 2300]
[35, 45875, 2272, 2365, 2296, 2216]
[35, 45875, 2216, 2263, 2267, 2331]
[35, 45875, 2232, 2332, 2371, 2388]
[35, 45875, 2340, 2249, 2371, 2269]
[35, 45875, 2229, 2387, 2327, 2277]
[35, 45875, 2280, 2292, 2366, 2268]
[35, 45875, 2317, 2335, 2276, 2274]
[35, 45875, 2371, 2303, 2240, 2214]
[35, 45875, 2300, 2291, 2235, 2288]
[35, 45875, 2276, 2358, 2191, 2381]
[35, 45875, 2187, 2285, 2343, 2281]
[35, 45875, 2339, 2238, 2284, 2216]
[35, 45875, 2354, 2187, 2216, 2389]
[35, 45875, 2238, 2274, 2304, 2265]
[35, 45875, 2329, 2309, 2340, 2314]
[35, 45875, 2359, 2432, 2258, 2229]
[35, 45875, 2279, 2303, 2255, 2225]
[35, 45875, 2411, 2264, 2326, 2197]
[35, 45875, 2233, 2277, 2303, 2267]
[35, 45875, 2242, 2347, 2298, 2344]
[35, 45875, 2248, 2334, 2275, 2221]
[35, 45875, 2250, 2284, 2341, 2284]
[35, 45875, 2289, 2236, 2251, 2366]
[35, 45875, 2268, 2254, 2251, 2284]
[35, 45875, 2234, 2253, 2296, 2311]
[35, 45875, 2327, 2208, 2293, 2251]
[35, 45875, 2304, 2337, 2241, 2365]
[35, 45875, 2179, 2408, 2349, 2283]
[35, 45875, 2253, 2262, 2348, 2249]
[35, 45875, 2233, 2266, 2301, 2270]
[35, 45875, 2219, 2322, 2315, 2255]
[35, 45875, 2351, 2306, 2278, 2267]
[35, 45875, 2261, 2381, 2315, 2342]
[35, 45875, 2302, 2395, 2253, 2268]
[35, 45875, 2444, 2232, 2209, 2218]
[35, 45875, 2319, 2314, 2293, 2307]
[35, 45875, 2323, 2411, 2377, 2325]
[35, 45875, 2394, 2234, 2349, 2305]
[35, 45875, 2282, 2262, 2269, 2388]
[35, 45875, 2249, 2261, 2247, 2291]
[35, 45875, 2380, 2302, 2268, 2372]
[35, 45875, 2274, 2246, 2256, 2377]
[35, 45875, 2241, 2291, 2271, 2218]
[35, 45875, 2288, 2264, 2260, 2252]
[35, 45875, 2331, 2393, 2331, 2227]
[35, 45875, 2230, 2391, 2202, 2398]
[35, 45875, 2322, 2398, 2168, 2396]
[35, 45875, 2287, 2318, 2274, 2287]
[35, 45875, 2344, 2335, 2373, 2280]
[35, 45875, 2264, 2388, 2315, 2303]
[35, 45875, 2318, 2293, 2308, 2343]
[35, 45875, 2290, 2264, 2278, 2407]
[35, 45875, 2323, 2243, 2283, 2327]
[35, 45875, 2285, 2220, 2390, 2364]
[35, 45875, 2310, 2279, 2312, 2315]
[35, 45875, 2369, 2306, 2221, 2285]
[35, 45875, 2259, 2340, 2296, 2317]
[35, 45875, 2310, 2335, 2290, 2435]
[35, 45875, 2295, 2260, 2352, 2429]
[35, 45875, 2299, 2337, 2376, 2248]
[35, 45875, 2270, 2212, 2342, 2242]
[35, 45875, 2322, 2272, 2304, 2249]
[35, 45875, 2229, 2372, 2251, 2327]
[35, 45875, 2317, 2283, 2277, 2372]
[35, 45875, 2287, 2277, 2331, 2359]
[35, 45875, 2320, 2235, 2218, 2357]
[35, 45875, 2252, 2218, 2265, 2435]
[35, 45875, 2365, 2378, 2250, 2202]
[35, 45875, 2396, 2299, 2287, 2341]
[35, 45875, 2312, 2202, 2232, 2370]
[35, 45875, 2313, 2312, 2361, 2236]
[35, 45875, 2310, 2294, 2363, 2216]
[35, 45875, 2389, 2292, 2297, 2228]
[35, 45875, 2384, 2211, 2367, 2303]
[35, 45875, 2227, 2291, 2262, 2439]
[35, 45875, 2296, 2249, 2407, 2295]
[35, 45875, 2318, 2220, 2321, 2295]
[35, 45875, 2307, 2226, 2366, 2261]
[35, 45875, 2323, 2347, 2284, 2258]
[35, 45875, 2281, 2347, 2305, 2378]
[35, 45875, 2395, 2321, 2231, 2408]
[35, 45875, 2290, 2325, 2296, 2314]
[35, 45875, 2256, 2244, 2392, 2353]
[35, 45875, 2393, 2320, 2193, 2313]
[35, 45875, 2358, 2265, 2233, 2250]
[40, 52428, 3039, 3039, 3028, 2995]
[40, 52428, 2998, 2953, 3022, 3082]
[40, 52428, 2971, 2992, 3038, 3014]
[40, 52428, 3038, 2991, 3022, 3028]
[40, 52428, 3024, 3019, 3040, 2964]
[40, 52428, 3022, 3070, 2937, 2843]
[40, 52428, 2997, 3036, 3116, 2921]
[40, 52428, 2945, 2963, 2994, 3014]
[40, 52428, 2960, 3076, 2890, 2898]
[40, 52428, 2956, 2913, 3005, 3040]
[40, 52428, 3035, 2876, 3073, 2957]
[40, 52428, 3015, 3031, 3021, 3047]
[40, 52428, 3079, 2825, 3135, 2982]
[40, 52428, 3066, 2986, 2875, 3089]
[40, 52428, 2932, 2960, 3016, 3046]
[40, 52428, 2986, 3051, 2927, 2930]
[40, 52428, 2996, 2895, 3043, 2976]
[40, 52428, 2900, 2906, 2958, 3079]
[40, 52428, 3144, 2899, 2988, 2883]
[40, 52428, 3066, 2975, 3014, 2949]
[40, 52428, 3010, 3001, 2939, 2861]
[40, 52428, 2976, 3033, 3046, 3050]
[40, 52428, 2996, 3008, 2988, 2947]
[40, 52428, 2993, 3013, 3022, 2936]
[40, 52428, 3086, 2959, 2897, 3060]
[40, 52428, 2956, 3029, 3057, 2927]
[40, 52428, 2973, 2947, 2955, 3051]
[40, 52428, 3207, 2846, 2895, 3072]
[40, 52428, 2990, 2950, 3020, 2911]
[40, 52428, 2963, 2957, 3071, 2995]
[40, 52428, 2961, 3045, 2965, 2975]
[40, 52428, 3104, 3007, 3047, 2998]
[40, 52428, 3052, 3024, 3030, 2923]
[40, 52428, 2943, 2913, 3009, 2930]
[40, 52428, 3075, 2904, 3040, 3034]
[40, 52428, 3022, 2881, 2952, 2899]
[40, 52428, 2921, 3062, 2995, 3008]
[40, 52428, 3113, 2885, 2967, 2878]
[40, 52428, 3091, 3012, 3057, 2995]
[40, 52428, 2975, 3012, 3048, 2933]
[40, 52428, 3043, 2957, 3063, 2956]
[40, 52428, 2992, 2994, 2941, 2988]
[40, 52428, 2899, 3020, 2941, 3106]
[40, 52428, 3041, 3037, 3099, 2946]
[40, 52428, 2936, 2965, 2993, 3098]
[40, 52428, 2975, 2968, 3115, 3113]
[40, 52428, 2985, 2853, 2912, 3039]
[40, 52428, 2990, 2982, 2995, 2902]
[40, 52428, 2978, 2964, 3022, 2992]
[40, 52428, 3142, 2920, 2947, 3033]
[40, 52428, 3137, 2826, 2916, 2904]
[40, 52428, 3087, 3065, 2950, 2883]
[40, 52428, 3003, 2927, 2991, 2971]
[40, 52428, 2964, 2940, 3084, 2973]
[40, 52428, 2925, 2995, 3043, 3081]
[40, 52428, 2994, 2995, 3015, 2992]
[40, 52428, 2991, 3050, 2930, 2995]
[40, 52428, 3040, 3055, 3018, 2989]
[40, 52428, 3104, 3039, 2964, 3033]
[40, 52428, 3001, 3008, 3056, 3073]
[40, 52428, 2870, 3085, 2937, 3058]
[40, 52428, 2928, 3047, 2838, 2991]
[40, 52428, 2954, 2938, 3059, 3043]
[40, 52428, 2979, 3030, 2972, 3030]
[40, 52428, 2912, 2943, 3125, 2944]
[40, 52428, 2905, 2998, 3001, 2984]
[40, 52428, 2971, 2979, 2908, 3066]
[40, 52428, 3020, 2959, 2959, 3110]
[40, 52428, 3049, 2877, 3065, 3006]
[40, 52428, 2923, 2978, 2940, 2963]
[40, 52428, 3074, 2934, 2842, 3016]
[40, 52428, 2993, 3021, 2971, 3021]
[40, 52428, 2891, 2961, 3039, 3036]
[40, 52428, 3024, 3051, 3046, 3082]
[40, 52428, 2911, 3032, 3057, 2928]
[40, 52428, 2968, 2985, 2983, 2995]
[40, 52428, 2960, 2888, 3082, 2960]
[40, 52428, 2948, 2965, 3029, 2918]
[40, 52428, 3005, 2932, 2924, 2985]
[40, 52428, 2998, 2988, 3021, 3001]
[40, 52428, 3031, 3020, 2959, 3060]
[40, 52428, 3003, 2850, 3009, 3078]
[40, 52428, 2991, 2949, 3032, 3084]
[40, 52428, 2952, 2922, 3002, 3031]
[40, 52428, 2887, 2862, 3031, 3161]
[40, 52428, 3069, 3034, 2997, 2955]
[40, 52428, 2853, 3089, 2935, 2938]
[40, 52428, 3011, 3000, 3065, 2855]
[40, 52428, 3009, 2921, 3005, 2964]
[40, 52428, 2934, 3069, 2932, 3013]
[40, 52428, 2982, 2973, 3111, 3003]
[40, 52428, 2923, 2995, 2991, 2983]
[40, 52428, 3020, 2877, 2955, 2984]
[40, 52428, 3092, 3033, 2979, 2910]
[40, 52428, 2944, 3042, 2992, 2975]
[40, 52428, 2999, 2983, 2883, 3099]
[40, 52428, 2871, 3032, 3057, 3034]
[40, 52428, 2949, 2984, 2972, 3001]
[40, 52428, 3037, 3061, 2851, 2891]
[40, 52428, 3012, 2820, 3040, 2931]
