[1, 1310, 10]
[1, 1310, 4]
[1, 1310, 4]
[1, 1310, 6]
[1, 1310, 5]
[1, 1310, 6]
[1, 1310, 7]
[1, 1310, 9]
[1, 1310, 1]
[1, 1310, 9]
[1, 1310, 7]
[1, 1310, 5]
[1, 1310, 7]
[1, 1310, 3]
[1, 1310, 3]
[1, 1310, 6]
[1, 1310, 4]
[1, 1310, 5]
[1, 1310, 4]
[1, 1310, 5]
[1, 1310, 6]
[1, 1310, 5]
[1, 1310, 7]
[1, 1310, 5]
[1, 1310, 3]
[1, 1310, 7]
[1, 1310, 3]
[1, 1310, 11]
[1, 1310, 7]
[1, 1310, 5]
[1, 1310, 2]
[1, 1310, 9]
[1, 1310, 8]
[1, 1310, 8]
[1, 1310, 5]
[1, 1310, 6]
[1, 1310, 4]
[1, 1310, 5]
[1, 1310, 5]
[1, 1310, 2]
[1, 1310, 7]
[1, 1310, 8]
[1, 1310, 3]
[1, 1310, 9]
[1, 1310, 7]
[1, 1310, 6]
[1, 1310, 10]
[1, 1310, 5]
[1, 1310, 3]
[1, 1310, 8]
[1, 1310, 4]
[1, 1310, 8]
[1, 1310, 9]
[1, 1310, 4]
[1, 1310, 4]
[1, 1310, 4]
[1, 1310, 4]
[1, 1310, 10]
[1, 1310, 6]
[1, 1310, 4]
[1, 1310, 8]
[1, 1310, 3]
[1, 1310, 6]
[1, 1310, 5]
[1, 1310, 8]
[1, 1310, 7]
[1, 1310, 5]
[1, 1310, 2]
[1, 1310, 6]
[1, 1310, 5]
[1, 1310, 6]
[1, 1310, 4]
[1, 1310, 5]
[1, 1310, 7]
[1, 1310, 7]
[1, 1310, 5]
[1, 1310, 5]
[1, 1310, 1]
[1, 1310, 4]
[1, 1310, 4]
[1, 1310, 8]
[1, 1310, 4]
[1, 1310, 3]
[1, 1310, 4]
[1, 1310, 5]
[1, 1310, 3]
[1, 1310, 7]
[1, 1310, 4]
[1, 1310, 7]
[1, 1310, 3]
[1, 1310, 9]
[1, 1310, 2]
[1, 1310, 7]
[1, 1310, 1]
[1, 1310, 4]
[1, 1310, 5]
[1, 1310, 9]
[1, 1310, 12]
[1, 1310, 7]
[1, 1310, 3]
[2, 2621, 15]
[2, 2621, 13]
[2, 2621, 12]
[2, 2621, 16]
[2, 2621, 14]
[2, 2621, 16]
[2, 2621, 13]
[2, 2621, 14]
[2, 2621, 12]
[2, 2621, 11]
[2, 2621, 10]
[2, 2621, 13]
[2, 2621, 20]
[2, 2621, 7]
[2, 2621, 17]
[2, 2621, 14]
[2, 2621, 16]
[2, 2621, 10]
[2, 2621, 13]
[2, 2621, 12]
[2, 2621, 20]
[2, 2621, 7]
[2, 2621, 15]
[2, 2621, 10]
[2, 2621, 15]
[2, 2621, 11]
[2, 2621, 10]
[2, 2621, 12]
[2, 2621, 7]
[2, 2621, 16]
[2, 2621, 15]
[2, 2621, 16]
[2, 2621, 6]
[2, 2621, 14]
[2, 2621, 16]
[2, 2621, 11]
[2, 2621, 12]
[2, 2621, 16]
[2, 2621, 13]
[2, 2621, 8]
[2, 2621, 12]
[2, 2621, 15]
[2, 2621, 25]
[2, 2621, 10]
[2, 2621, 15]
[2, 2621, 16]
[2, 2621, 9]
[2, 2621, 16]
[2, 2621, 14]
[2, 2621, 15]
[2, 2621, 17]
[2, 2621, 17]
[2, 2621, 14]
[2, 2621, 17]
[2, 2621, 14]
[2, 2621, 15]
[2, 2621, 10]
[2, 2621, 15]
[2, 2621, 22]
[2, 2621, 13]
[2, 2621, 7]
[2, 2621, 16]
[2, 2621, 13]
[2, 2621, 9]
[2, 2621, 17]
[2, 2621, 15]
[2, 2621, 10]
[2, 2621, 14]
[2, 2621, 14]
[2, 2621, 22]
[2, 2621, 17]
[2, 2621, 12]
[2, 2621, 15]
[2, 2621, 15]
[2, 2621, 11]
[2, 2621, 12]
[2, 2621, 9]
[2, 2621, 12]
[2, 2621, 14]
[2, 2621, 15]
[2, 2621, 19]
[2, 2621, 20]
[2, 2621, 13]
[2, 2621, 15]
[2, 2621, 8]
[2, 2621, 17]
[2, 2621, 9]
[2, 2621, 17]
[2, 2621, 12]
[2, 2621, 14]
[2, 2621, 13]
[2, 2621, 11]
[2, 2621, 12]
[2, 2621, 16]
[2, 2621, 16]
[2, 2621, 13]
[2, 2621, 14]
[2, 2621, 13]
[2, 2621, 13]
[2, 2621, 15]
[5, 6553, 53]
[5, 6553, 55]
[5, 6553, 55]
[5, 6553, 54]
[5, 6553, 52]
[5, 6553, 61]
[5, 6553, 44]
[5, 6553, 51]
[5, 6553, 51]
[5, 6553, 54]
[5, 6553, 59]
[5, 6553, 42]
[5, 6553, 60]
[5, 6553, 56]
[5, 6553, 60]
[5, 6553, 48]
[5, 6553, 64]
[5, 6553, 58]
[5, 6553, 47]
[5, 6553, 63]
[5, 6553, 46]
[5, 6553, 53]
[5, 6553, 46]
[5, 6553, 46]
[5, 6553, 57]
[5, 6553, 51]
[5, 6553, 55]
[5, 6553, 57]
[5, 6553, 71]
[5, 6553, 62]
[5, 6553, 64]
[5, 6553, 52]
[5, 6553, 47]
[5, 6553, 57]
[5, 6553, 61]
[5, 6553, 59]
[5, 6553, 67]
[5, 6553, 56]
[5, 6553, 53]
[5, 6553, 46]
[5, 6553, 69]
[5, 6553, 51]
[5, 6553, 63]
[5, 6553, 53]
[5, 6553, 58]
[5, 6553, 59]
[5, 6553, 62]
[5, 6553, 53]
[5, 6553, 54]
[5, 6553, 65]
[5, 6553, 48]
[5, 6553, 55]
[5, 6553, 52]
[5, 6553, 56]
[5, 6553, 61]
[5, 6553, 61]
[5, 6553, 54]
[5, 6553, 49]
[5, 6553, 48]
[5, 6553, 50]
[5, 6553, 58]
[5, 6553, 59]
[5, 6553, 65]
[5, 6553, 53]
[5, 6553, 62]
[5, 6553, 64]
[5, 6553, 58]
[5, 6553, 71]
[5, 6553, 50]
[5, 6553, 59]
[5, 6553, 57]
[5, 6553, 46]
[5, 6553, 52]
[5, 6553, 58]
[5, 6553, 57]
[5, 6553, 50]
[5, 6553, 46]
[5, 6553, 64]
[5, 6553, 73]
[5, 6553, 64]
[5, 6553, 64]
[5, 6553, 76]
[5, 6553, 52]
[5, 6553, 48]
[5, 6553, 52]
[5, 6553, 63]
[5, 6553, 53]
[5, 6553, 54]
[5, 6553, 50]
[5, 6553, 75]
[5, 6553, 70]
[5, 6553, 62]
[5, 6553, 62]
[5, 6553, 46]
[5, 6553, 46]
[5, 6553, 38]
[5, 6553, 54]
[5, 6553, 64]
[5, 6553, 53]
[5, 6553, 54]
[10, 13107, 198]
[10, 13107, 236]
[10, 13107, 202]
[10, 13107, 198]
[10, 13107, 217]
[10, 13107, 201]
[10, 13107, 186]
[10, 13107, 198]
[10, 13107, 196]
[10, 13107, 202]
[10, 13107, 179]
[10, 13107, 209]
[10, 13107, 212]
[10, 13107, 178]
[10, 13107, 211]
[10, 13107, 200]
[10, 13107, 192]
[10, 13107, 171]
[10, 13107, 193]
[10, 13107, 220]
[10, 13107, 212]
[10, 13107, 186]
[10, 13107, 185]
[10, 13107, 180]
[10, 13107, 226]
[10, 13107, 207]
[10, 13107, 211]
[10, 13107, 189]
[10, 13107, 205]
[10, 13107, 207]
[10, 13107, 213]
[10, 13107, 191]
[10, 13107, 210]
[10, 13107, 170]
[10, 13107, 192]
[10, 13107, 183]
[10, 13107, 215]
[10, 13107, 203]
[10, 13107, 235]
[10, 13107, 187]
[10, 13107, 182]
[10, 13107, 185]
[10, 13107, 194]
[10, 13107, 192]
[10, 13107, 166]
[10, 13107, 193]
[10, 13107, 195]
[10, 13107, 196]
[10, 13107, 198]
[10, 13107, 179]
[10, 13107, 205]
[10, 13107, 186]
[10, 13107, 209]
[10, 13107, 192]
[10, 13107, 210]
[10, 13107, 209]
[10, 13107, 226]
[10, 13107, 195]
[10, 13107, 206]
[10, 13107, 211]
[10, 13107, 188]
[10, 13107, 189]
[10, 13107, 203]
[10, 13107, 214]
[10, 13107, 205]
[10, 13107, 203]
[10, 13107, 184]
[10, 13107, 202]
[10, 13107, 210]
[10, 13107, 192]
[10, 13107, 183]
[10, 13107, 217]
[10, 13107, 177]
[10, 13107, 214]
[10, 13107, 228]
[10, 13107, 190]
[10, 13107, 212]
[10, 13107, 188]
[10, 13107, 193]
[10, 13107, 229]
[10, 13107, 204]
[10, 13107, 199]
[10, 13107, 199]
[10, 13107, 219]
[10, 13107, 201]
[10, 13107, 193]
[10, 13107, 201]
[10, 13107, 176]
[10, 13107, 204]
[10, 13107, 185]
[10, 13107, 202]
[10, 13107, 176]
[10, 13107, 196]
[10, 13107, 213]
[10, 13107, 195]
[10, 13107, 197]
[10, 13107, 198]
[10, 13107, 197]
[10, 13107, 194]
[10, 13107, 214]
[15, 19660, 446]
[15, 19660, 441]
[15, 19660, 402]
[15, 19660, 432]
[15, 19660, 436]
[15, 19660, 416]
[15, 19660, 410]
[15, 19660, 426]
[15, 19660, 419]
[15, 19660, 424]
[15, 19660, 446]
[15, 19660, 439]
[15, 19660, 432]
[15, 19660, 436]
[15, 19660, 446]
[15, 19660, 446]
[15, 19660, 411]
[15, 19660, 401]
[15, 19660, 455]
[15, 19660, 447]
[15, 19660, 404]
[15, 19660, 425]
[15, 19660, 476]
[15, 19660, 437]
[15, 19660, 449]
[15, 19660, 425]
[15, 19660, 400]
[15, 19660, 436]
[15, 19660, 449]
[15, 19660, 450]
[15, 19660, 427]
[15, 19660, 421]
[15, 19660, 403]
[15, 19660, 416]
[15, 19660, 432]
[15, 19660, 480]
[15, 19660, 402]
[15, 19660, 454]
[15, 19660, 425]
[15, 19660, 425]
[15, 19660, 388]
[15, 19660, 439]
[15, 19660, 456]
[15, 19660, 421]
[15, 19660, 410]
[15, 19660, 436]
[15, 19660, 417]
[15, 19660, 404]
[15, 19660, 426]
[15, 19660, 444]
[15, 19660, 431]
[15, 19660, 414]
[15, 19660, 464]
[15, 19660, 439]
[15, 19660, 439]
[15, 19660, 425]
[15, 19660, 414]
[15, 19660, 393]
[15, 19660, 432]
[15, 19660, 433]
[15, 19660, 423]
[15, 19660, 425]
[15, 19660, 429]
[15, 19660, 409]
[15, 19660, 471]
[15, 19660, 430]
[15, 19660, 398]
[15, 19660, 436]
[15, 19660, 479]
[15, 19660, 393]
[15, 19660, 422]
[15, 19660, 452]
[15, 19660, 404]
[15, 19660, 458]
[15, 19660, 422]
[15, 19660, 440]
[15, 19660, 441]
[15, 19660, 434]
[15, 19660, 473]
[15, 19660, 446]
[15, 19660, 409]
[15, 19660, 435]
[15, 19660, 421]
[15, 19660, 404]
[15, 19660, 426]
[15, 19660, 394]
[15, 19660, 450]
[15, 19660, 427]
[15, 19660, 400]
[15, 19660, 444]
[15, 19660, 389]
[15, 19660, 400]
[15, 19660, 426]
[15, 19660, 432]
[15, 19660, 448]
[15, 19660, 424]
[15, 19660, 402]
[15, 19660, 434]
[15, 19660, 431]
[15, 19660, 418]
[20, 26214, 772]
[20, 26214, 786]
[20, 26214, 716]
[20, 26214, 759]
[20, 26214, 773]
[20, 26214, 783]
[20, 26214, 775]
[20, 26214, 725]
[20, 26214, 671]
[20, 26214, 739]
[20, 26214, 732]
[20, 26214, 749]
[20, 26214, 669]
[20, 26214, 727]
[20, 26214, 751]
[20, 26214, 811]
[20, 26214, 751]
[20, 26214, 743]
[20, 26214, 733]
[20, 26214, 757]
[20, 26214, 746]
[20, 26214, 741]
[20, 26214, 748]
[20, 26214, 791]
[20, 26214, 771]
[20, 26214, 709]
[20, 26214, 735]
[20, 26214, 687]
[20, 26214, 737]
[20, 26214, 745]
[20, 26214, 686]
[20, 26214, 722]
[20, 26214, 779]
[20, 26214, 731]
[20, 26214, 761]
[20, 26214, 754]
[20, 26214, 732]
[20, 26214, 745]
[20, 26214, 730]
[20, 26214, 748]
[20, 26214, 779]
[20, 26214, 733]
[20, 26214, 706]
[20, 26214, 790]
[20, 26214, 763]
[20, 26214, 746]
[20, 26214, 717]
[20, 26214, 760]
[20, 26214, 762]
[20, 26214, 750]
[20, 26214, 739]
[20, 26214, 813]
[20, 26214, 733]
[20, 26214, 764]
[20, 26214, 728]
[20, 26214, 719]
[20, 26214, 765]
[20, 26214, 731]
[20, 26214, 695]
[20, 26214, 740]
[20, 26214, 756]
[20, 26214, 702]
[20, 26214, 729]
[20, 26214, 760]
[20, 26214, 758]
[20, 26214, 730]
[20, 26214, 739]
[20, 26214, 760]
[20, 26214, 792]
[20, 26214, 731]
[20, 26214, 716]
[20, 26214, 707]
[20, 26214, 692]
[20, 26214, 801]
[20, 26214, 756]
[20, 26214, 679]
[20, 26214, 754]
[20, 26214, 731]
[20, 26214, 727]
[20, 26214, 736]
[20, 26214, 780]
[20, 26214, 724]
[20, 26214, 761]
[20, 26214, 762]
[20, 26214, 763]
[20, 26214, 754]
[20, 26214, 767]
[20, 26214, 788]
[20, 26214, 729]
[20, 26214, 731]
[20, 26214, 737]
[20, 26214, 724]
[20, 26214, 752]
[20, 26214, 705]
[20, 26214, 733]
[20, 26214, 769]
[20, 26214, 705]
[20, 26214, 792]
[20, 26214, 748]
[20, 26214, 713]
[25, 32768, 1149]
[25, 32768, 1149]
[25, 32768, 1093]
[25, 32768, 1180]
[25, 32768, 1227]
[25, 32768, 1144]
[25, 32768, 1196]
[25, 32768, 1126]
[25, 32768, 1100]
[25, 32768, 1153]
[25, 32768, 1139]
[25, 32768, 1171]
[25, 32768, 1031]
[25, 32768, 1102]
[25, 32768, 1145]
[25, 32768, 1164]
[25, 32768, 1157]
[25, 32768, 1133]
[25, 32768, 1129]
[25, 32768, 1141]
[25, 32768, 1162]
[25, 32768, 1128]
[25, 32768, 1144]
[25, 32768, 1145]
[25, 32768, 1124]
[25, 32768, 1121]
[25, 32768, 1148]
[25, 32768, 1196]
[25, 32768, 1198]
[25, 32768, 1149]
[25, 32768, 1240]
[25, 32768, 1124]
[25, 32768, 1135]
[25, 32768, 1145]
[25, 32768, 1145]
[25, 32768, 1111]
[25, 32768, 1176]
[25, 32768, 1210]
[25, 32768, 1112]
[25, 32768, 1149]
[25, 32768, 1151]
[25, 32768, 1125]
[25, 32768, 1191]
[25, 32768, 1190]
[25, 32768, 1099]
[25, 32768, 1191]
[25, 32768, 1157]
[25, 32768, 1137]
[25, 32768, 1148]
[25, 32768, 1205]
[25, 32768, 1132]
[25, 32768, 1127]
[25, 32768, 1222]
[25, 32768, 1094]
[25, 32768, 1180]
[25, 32768, 1173]
[25, 32768, 1205]
[25, 32768, 1138]
[25, 32768, 1158]
[25, 32768, 1142]
[25, 32768, 1112]
[25, 32768, 1190]
[25, 32768, 1097]
[25, 32768, 1190]
[25, 32768, 1184]
[25, 32768, 1091]
[25, 32768, 1152]
[25, 32768, 1160]
[25, 32768, 1100]
[25, 32768, 1168]
[25, 32768, 1160]
[25, 32768, 1113]
[25, 32768, 1119]
[25, 32768, 1151]
[25, 32768, 1112]
[25, 32768, 1136]
[25, 32768, 1156]
[25, 32768, 1161]
[25, 32768, 1103]
[25, 32768, 1167]
[25, 32768, 1150]
[25, 32768, 1197]
[25, 32768, 1192]
[25, 32768, 1202]
[25, 32768, 1231]
[25, 32768, 1117]
[25, 32768, 1194]
[25, 32768, 1072]
[25, 32768, 1092]
[25, 32768, 1114]
[25, 32768, 1122]
[25, 32768, 1056]
[25, 32768, 1156]
[25, 32768, 1197]
[25, 32768, 1104]
[25, 32768, 1115]
[25, 32768, 1136]
[25, 32768, 1163]
[25, 32768, 1207]
[25, 32768, 1096]
[30, 39321, 1639]
[30, 39321, 1631]
[30, 39321, 1642]
[30, 39321, 1698]
[30, 39321, 1703]
[30, 39321, 1638]
[30, 39321, 1655]
[30, 39321, 1635]
[30, 39321, 1629]
[30, 39321, 1651]
[30, 39321, 1566]
[30, 39321, 1664]
[30, 39321, 1562]
[30, 39321, 1651]
[30, 39321, 1701]
[30, 39321, 1705]
[30, 39321, 1551]
[30, 39321, 1647]
[30, 39321, 1598]
[30, 39321, 1672]
[30, 39321, 1554]
[30, 39321, 1652]
[30, 39321, 1588]
[30, 39321, 1576]
[30, 39321, 1604]
[30, 39321, 1672]
[30, 39321, 1643]
[30, 39321, 1627]
[30, 39321, 1612]
[30, 39321, 1645]
[30, 39321, 1697]
[30, 39321, 1626]
[30, 39321, 1628]
[30, 39321, 1598]
[30, 39321, 1597]
[30, 39321, 1681]
[30, 39321, 1648]
[30, 39321, 1662]
[30, 39321, 1651]
[30, 39321, 1601]
[30, 39321, 1613]
[30, 39321, 1595]
[30, 39321, 1630]
[30, 39321, 1715]
[30, 39321, 1566]
[30, 39321, 1643]
[30, 39321, 1586]
[30, 39321, 1606]
[30, 39321, 1659]
[30, 39321, 1669]
[30, 39321, 1665]
[30, 39321, 1696]
[30, 39321, 1613]
[30, 39321, 1654]
[30, 39321, 1643]
[30, 39321, 1725]
[30, 39321, 1602]
[30, 39321, 1635]
[30, 39321, 1692]
[30, 39321, 1630]
[30, 39321, 1671]
[30, 39321, 1679]
[30, 39321, 1612]
[30, 39321, 1609]
[30, 39321, 1705]
[30, 39321, 1605]
[30, 39321, 1673]
[30, 39321, 1635]
[30, 39321, 1625]
[30, 39321, 1678]
[30, 39321, 1578]
[30, 39321, 1694]
[30, 39321, 1613]
[30, 39321, 1696]
[30, 39321, 1639]
[30, 39321, 1615]
[30, 39321, 1626]
[30, 39321, 1600]
[30, 39321, 1643]
[30, 39321, 1669]
[30, 39321, 1644]
[30, 39321, 1708]
[30, 39321, 1675]
[30, 39321, 1621]
[30, 39321, 1675]
[30, 39321, 1618]
[30, 39321, 1653]
[30, 39321, 1637]
[30, 39321, 1578]
[30, 39321, 1572]
[30, 39321, 1725]
[30, 39321, 1601]
[30, 39321, 1665]
[30, 39321, 1610]
[30, 39321, 1578]
[30, 39321, 1607]
[30, 39321, 1665]
[30, 39321, 1606]
[30, 39321, 1618]
[30, 39321, 1617]
[35, 45875, 2141]
[35, 45875, 2306]
[35, 45875, 2152]
[35, 45875, 2177]
[35, 45875, 2242]
[35, 45875, 2132]
[35, 45875, 2149]
[35, 45875, 2259]
[35, 45875, 2142]
[35, 45875, 2288]
[35, 45875, 2200]
[35, 45875, 2356]
[35, 45875, 2204]
[35, 45875, 2213]
[35, 45875, 2313]
[35, 45875, 2226]
[35, 45875, 2266]
[35, 45875, 2169]
[35, 45875, 2247]
[35, 45875, 2205]
[35, 45875, 2128]
[35, 45875, 2219]
[35, 45875, 2160]
[35, 45875, 2230]
[35, 45875, 2284]
[35, 45875, 2209]
[35, 45875, 2244]
[35, 45875, 2094]
[35, 45875, 2242]
[35, 45875, 2215]
[35, 45875, 2261]
[35, 45875, 2194]
[35, 45875, 2135]
[35, 45875, 2242]
[35, 45875, 2236]
[35, 45875, 2205]
[35, 45875, 2239]
[35, 45875, 2239]
[35, 45875, 2151]
[35, 45875, 2156]
[35, 45875, 2155]
[35, 45875, 2182]
[35, 45875, 2236]
[35, 45875, 2252]
[35, 45875, 2164]
[35, 45875, 2160]
[35, 45875, 2232]
[35, 45875, 2129]
[35, 45875, 2253]
[35, 45875, 2231]
[35, 45875, 2292]
[35, 45875, 2277]
[35, 45875, 2231]
[35, 45875, 2234]
[35, 45875, 2243]
[35, 45875, 2200]
[35, 45875, 2207]
[35, 45875, 2264]
[35, 45875, 2169]
[35, 45875, 2206]
[35, 45875, 2249]
[35, 45875, 2270]
[35, 45875, 2276]
[35, 45875, 2161]
[35, 45875, 2200]
[35, 45875, 2155]
[35, 45875, 2216]
[35, 45875, 2249]
[35, 45875, 2263]
[35, 45875, 2192]
[35, 45875, 2240]
[35, 45875, 2287]
[35, 45875, 2181]
[35, 45875, 2246]
[35, 45875, 2221]
[35, 45875, 2277]
[35, 45875, 2222]
[35, 45875, 2225]
[35, 45875, 2271]
[35, 45875, 2248]
[35, 45875, 2195]
[35, 45875, 2273]
[35, 45875, 2230]
[35, 45875, 2274]
[35, 45875, 2254]
[35, 45875, 2204]
[35, 45875, 2213]
[35, 45875, 2236]
[35, 45875, 2262]
[35, 45875, 2161]
[35, 45875, 2157]
[35, 45875, 2183]
[35, 45875, 2246]
[35, 45875, 2168]
[35, 45875, 2254]
[35, 45875, 2229]
[35, 45875, 2228]
[35, 45875, 2226]
[35, 45875, 2206]
[35, 45875, 2214]
[40, 52428, 2869]
[40, 52428, 2984]
[40, 52428, 2932]
[40, 52428, 3014]
[40, 52428, 2978]
[40, 52428, 2903]
[40, 52428, 2810]
[40, 52428, 2933]
[40, 52428, 2804]
[40, 52428, 2900]
[40, 52428, 2921]
[40, 52428, 2951]
[40, 52428, 2815]
[40, 52428, 2985]
[40, 52428, 2963]
[40, 52428, 2928]
[40, 52428, 2943]
[40, 52428, 2918]
[40, 52428, 3015]
[40, 52428, 2878]
[40, 52428, 2935]
[40, 52428, 3022]
[40, 52428, 2884]
[40, 52428, 2871]
[40, 52428, 2997]
[40, 52428, 2896]
[40, 52428, 2873]
[40, 52428, 2869]
[40, 52428, 2854]
[40, 52428, 2914]
[40, 52428, 2862]
[40, 52428, 2830]
[40, 52428, 2780]
[40, 52428, 2890]
[40, 52428, 2964]
[40, 52428, 2920]
[40, 52428, 2962]
[40, 52428, 2934]
[40, 52428, 2952]
[40, 52428, 2861]
[40, 52428, 2829]
[40, 52428, 2901]
[40, 52428, 2823]
[40, 52428, 2890]
[40, 52428, 2865]
[40, 52428, 2830]
[40, 52428, 2979]
[40, 52428, 2917]
[40, 52428, 3035]
[40, 52428, 2913]
[40, 52428, 2876]
[40, 52428, 2937]
[40, 52428, 2853]
[40, 52428, 2883]
[40, 52428, 2844]
[40, 52428, 2985]
[40, 52428, 2936]
[40, 52428, 3012]
[40, 52428, 2790]
[40, 52428, 2891]
[40, 52428, 2849]
[40, 52428, 2889]
[40, 52428, 2806]
[40, 52428, 2786]
[40, 52428, 2799]
[40, 52428, 2838]
[40, 52428, 2990]
[40, 52428, 2912]
[40, 52428, 2863]
[40, 52428, 2967]
[40, 52428, 3025]
[40, 52428, 2919]
[40, 52428, 2843]
[40, 52428, 2870]
[40, 52428, 2895]
[40, 52428, 2953]
[40, 52428, 2955]
[40, 52428, 2937]
[40, 52428, 2890]
[40, 52428, 2944]
[40, 52428, 2875]
[40, 52428, 2927]
[40, 52428, 2842]
[40, 52428, 2888]
[40, 52428, 2995]
[40, 52428, 2936]
[40, 52428, 2978]
[40, 52428, 2949]
[40, 52428, 2870]
[40, 52428, 2935]
[40, 52428, 2853]
[40, 52428, 2920]
[40, 52428, 2927]
[40, 52428, 2894]
[40, 52428, 2968]
[40, 52428, 2924]
[40, 52428, 2888]
[40, 52428, 2845]
[40, 52428, 2874]
[40, 52428, 2864]
