[1, 1310, 6, 9, 11, 9]
[1, 1310, 6, 5, 10, 4]
[1, 1310, 11, 10, 9, 8]
[1, 1310, 4, 4, 5, 8]
[1, 1310, 5, 5, 11, 11]
[1, 1310, 11, 4, 5, 8]
[1, 1310, 7, 7, 7, 5]
[1, 1310, 5, 10, 2, 8]
[1, 1310, 6, 6, 7, 9]
[1, 1310, 9, 11, 9, 10]
[1, 1310, 4, 7, 11, 6]
[1, 1310, 4, 8, 7, 6]
[1, 1310, 9, 10, 8, 8]
[1, 1310, 8, 15, 10, 5]
[1, 1310, 10, 5, 10, 7]
[1, 1310, 8, 8, 5, 8]
[1, 1310, 11, 5, 6, 13]
[1, 1310, 9, 5, 9, 8]
[1, 1310, 4, 8, 12, 8]
[1, 1310, 6, 7, 9, 7]
[1, 1310, 8, 13, 5, 7]
[1, 1310, 5, 3, 12, 5]
[1, 1310, 4, 4, 9, 9]
[1, 1310, 6, 9, 7, 11]
[1, 1310, 11, 11, 12, 9]
[1, 1310, 8, 5, 9, 7]
[1, 1310, 15, 5, 14, 8]
[1, 1310, 6, 6, 8, 6]
[1, 1310, 9, 10, 9, 10]
[1, 1310, 12, 10, 4, 9]
[1, 1310, 5, 2, 9, 13]
[1, 1310, 9, 10, 5, 5]
[1, 1310, 18, 9, 8, 8]
[1, 1310, 10, 15, 12, 9]
[1, 1310, 10, 13, 8, 3]
[1, 1310, 7, 10, 10, 6]
[1, 1310, 12, 10, 9, 3]
[1, 1310, 5, 6, 8, 6]
[1, 1310, 5, 6, 8, 6]
[1, 1310, 4, 10, 8, 11]
[1, 1310, 15, 5, 10, 11]
[1, 1310, 11, 11, 7, 6]
[1, 1310, 14, 8, 13, 9]
[1, 1310, 9, 4, 10, 9]
[1, 1310, 6, 12, 6, 5]
[1, 1310, 8, 10, 9, 10]
[1, 1310, 5, 9, 10, 6]
[1, 1310, 4, 8, 5, 8]
[1, 1310, 8, 12, 13, 4]
[1, 1310, 6, 7, 9, 6]
[1, 1310, 10, 6, 7, 8]
[1, 1310, 4, 10, 5, 8]
[1, 1310, 10, 6, 6, 8]
[1, 1310, 6, 5, 9, 7]
[1, 1310, 9, 5, 5, 6]
[1, 1310, 13, 8, 13, 8]
[1, 1310, 8, 8, 3, 7]
[1, 1310, 5, 5, 9, 12]
[1, 1310, 7, 10, 9, 7]
[1, 1310, 8, 7, 10, 11]
[1, 1310, 8, 7, 4, 5]
[1, 1310, 8, 8, 2, 9]
[1, 1310, 7, 9, 8, 12]
[1, 1310, 10, 11, 10, 12]
[1, 1310, 8, 13, 8, 5]
[1, 1310, 6, 7, 9, 9]
[1, 1310, 9, 8, 8, 5]
[1, 1310, 9, 5, 11, 4]
[1, 1310, 13, 10, 5, 4]
[1, 1310, 11, 5, 9, 6]
[1, 1310, 5, 5, 7, 7]
[1, 1310, 2, 11, 9, 5]
[1, 1310, 7, 9, 9, 5]
[1, 1310, 4, 4, 11, 6]
[1, 1310, 7, 5, 16, 5]
[1, 1310, 11, 11, 8, 4]
[1, 1310, 4, 8, 7, 12]
[1, 1310, 3, 9, 7, 11]
[1, 1310, 8, 13, 8, 4]
[1, 1310, 7, 12, 6, 8]
[1, 1310, 8, 5, 8, 7]
[1, 1310, 13, 8, 11, 8]
[1, 1310, 11, 8, 11, 9]
[1, 1310, 8, 4, 8, 9]
[1, 1310, 14, 6, 8, 11]
[1, 1310, 8, 12, 7, 8]
[1, 1310, 5, 13, 6, 11]
[1, 1310, 5, 6, 9, 4]
[1, 1310, 9, 10, 11, 9]
[1, 1310, 7, 6, 7, 4]
[1, 1310, 7, 9, 12, 11]
[1, 1310, 9, 8, 4, 9]
[1, 1310, 9, 7, 3, 8]
[1, 1310, 16, 7, 5, 9]
[1, 1310, 7, 10, 11, 9]
[1, 1310, 7, 8, 5, 11]
[1, 1310, 14, 6, 8, 2]
[1, 1310, 9, 9, 8, 8]
[1, 1310, 9, 2, 10, 14]
[1, 1310, 5, 9, 12, 8]
[2, 2621, 22, 19, 22, 23]
[2, 2621, 17, 19, 21, 17]
[2, 2621, 20, 17, 18, 25]
[2, 2621, 21, 22, 18, 18]
[2, 2621, 15, 23, 26, 19]
[2, 2621, 19, 22, 26, 23]
[2, 2621, 20, 32, 17, 20]
[2, 2621, 17, 17, 10, 21]
[2, 2621, 22, 23, 26, 26]
[2, 2621, 14, 18, 21, 13]
[2, 2621, 17, 25, 11, 21]
[2, 2621, 16, 23, 17, 13]
[2, 2621, 24, 26, 21, 20]
[2, 2621, 18, 19, 19, 19]
[2, 2621, 17, 21, 16, 23]
[2, 2621, 23, 20, 14, 26]
[2, 2621, 19, 20, 10, 16]
[2, 2621, 19, 16, 18, 19]
[2, 2621, 13, 17, 19, 15]
[2, 2621, 23, 11, 22, 14]
[2, 2621, 18, 16, 24, 13]
[2, 2621, 29, 21, 16, 24]
[2, 2621, 21, 18, 20, 20]
[2, 2621, 16, 18, 20, 26]
[2, 2621, 15, 19, 25, 14]
[2, 2621, 21, 18, 19, 22]
[2, 2621, 21, 26, 16, 17]
[2, 2621, 25, 14, 23, 17]
[2, 2621, 18, 19, 25, 20]
[2, 2621, 16, 22, 15, 22]
[2, 2621, 25, 25, 15, 16]
[2, 2621, 15, 22, 18, 6]
[2, 2621, 19, 17, 17, 19]
[2, 2621, 19, 16, 21, 20]
[2, 2621, 26, 23, 21, 30]
[2, 2621, 10, 25, 19, 21]
[2, 2621, 17, 16, 25, 21]
[2, 2621, 16, 22, 21, 22]
[2, 2621, 23, 17, 27, 18]
[2, 2621, 14, 19, 19, 16]
[2, 2621, 19, 16, 19, 19]
[2, 2621, 23, 20, 26, 12]
[2, 2621, 20, 17, 15, 24]
[2, 2621, 19, 23, 9, 25]
[2, 2621, 24, 20, 17, 24]
[2, 2621, 19, 23, 19, 23]
[2, 2621, 25, 21, 29, 18]
[2, 2621, 20, 19, 18, 16]
[2, 2621, 18, 21, 18, 26]
[2, 2621, 22, 21, 19, 18]
[2, 2621, 19, 17, 13, 20]
[2, 2621, 18, 9, 23, 24]
[2, 2621, 17, 15, 9, 16]
[2, 2621, 22, 19, 16, 16]
[2, 2621, 15, 23, 28, 12]
[2, 2621, 16, 15, 20, 20]
[2, 2621, 21, 24, 28, 16]
[2, 2621, 14, 17, 20, 20]
[2, 2621, 17, 22, 11, 23]
[2, 2621, 14, 18, 25, 19]
[2, 2621, 26, 19, 19, 24]
[2, 2621, 17, 22, 21, 24]
[2, 2621, 20, 16, 19, 21]
[2, 2621, 18, 22, 12, 24]
[2, 2621, 10, 24, 15, 24]
[2, 2621, 22, 18, 10, 18]
[2, 2621, 18, 19, 17, 16]
[2, 2621, 17, 14, 15, 18]
[2, 2621, 15, 21, 21, 20]
[2, 2621, 18, 23, 22, 14]
[2, 2621, 16, 24, 25, 22]
[2, 2621, 19, 9, 17, 18]
[2, 2621, 23, 26, 24, 19]
[2, 2621, 21, 15, 25, 20]
[2, 2621, 27, 23, 21, 18]
[2, 2621, 16, 19, 11, 16]
[2, 2621, 27, 22, 26, 16]
[2, 2621, 16, 19, 31, 18]
[2, 2621, 25, 16, 22, 14]
[2, 2621, 21, 21, 16, 14]
[2, 2621, 18, 28, 11, 16]
[2, 2621, 26, 21, 15, 23]
[2, 2621, 13, 26, 22, 18]
[2, 2621, 22, 22, 19, 24]
[2, 2621, 20, 20, 17, 12]
[2, 2621, 18, 21, 16, 15]
[2, 2621, 26, 24, 24, 15]
[2, 2621, 19, 20, 19, 20]
[2, 2621, 17, 20, 15, 25]
[2, 2621, 9, 21, 17, 21]
[2, 2621, 23, 19, 14, 17]
[2, 2621, 20, 26, 28, 23]
[2, 2621, 20, 15, 18, 19]
[2, 2621, 18, 24, 16, 22]
[2, 2621, 16, 24, 20, 16]
[2, 2621, 28, 23, 20, 20]
[2, 2621, 8, 27, 34, 23]
[2, 2621, 20, 13, 13, 19]
[2, 2621, 19, 19, 23, 15]
[2, 2621, 19, 16, 20, 25]
[5, 6553, 75, 74, 91, 65]
[5, 6553, 77, 69, 86, 73]
[5, 6553, 85, 58, 71, 82]
[5, 6553, 65, 68, 76, 81]
[5, 6553, 62, 82, 80, 94]
[5, 6553, 58, 79, 66, 70]
[5, 6553, 79, 83, 68, 65]
[5, 6553, 79, 65, 75, 80]
[5, 6553, 68, 65, 80, 69]
[5, 6553, 61, 73, 86, 63]
[5, 6553, 70, 78, 66, 81]
[5, 6553, 72, 63, 90, 88]
[5, 6553, 85, 96, 71, 70]
[5, 6553, 70, 80, 71, 75]
[5, 6553, 63, 70, 75, 78]
[5, 6553, 96, 63, 73, 89]
[5, 6553, 77, 101, 58, 73]
[5, 6553, 76, 72, 71, 60]
[5, 6553, 75, 76, 75, 67]
[5, 6553, 95, 74, 69, 78]
[5, 6553, 73, 78, 64, 85]
[5, 6553, 73, 58, 69, 92]
[5, 6553, 82, 76, 68, 86]
[5, 6553, 68, 77, 71, 77]
[5, 6553, 73, 67, 69, 75]
[5, 6553, 72, 70, 77, 57]
[5, 6553, 72, 61, 80, 73]
[5, 6553, 64, 85, 83, 79]
[5, 6553, 78, 63, 79, 62]
[5, 6553, 85, 61, 71, 67]
[5, 6553, 70, 75, 54, 71]
[5, 6553, 69, 74, 71, 75]
[5, 6553, 82, 76, 71, 73]
[5, 6553, 67, 64, 70, 73]
[5, 6553, 81, 72, 80, 70]
[5, 6553, 76, 77, 77, 76]
[5, 6553, 73, 63, 81, 76]
[5, 6553, 74, 72, 78, 65]
[5, 6553, 70, 61, 68, 62]
[5, 6553, 67, 72, 73, 77]
[5, 6553, 71, 69, 70, 90]
[5, 6553, 66, 73, 76, 71]
[5, 6553, 70, 70, 80, 71]
[5, 6553, 89, 76, 83, 73]
[5, 6553, 81, 76, 87, 60]
[5, 6553, 71, 71, 85, 70]
[5, 6553, 84, 69, 64, 67]
[5, 6553, 60, 89, 82, 78]
[5, 6553, 61, 72, 81, 74]
[5, 6553, 75, 68, 69, 57]
[5, 6553, 75, 75, 79, 69]
[5, 6553, 74, 68, 72, 75]
[5, 6553, 69, 78, 75, 76]
[5, 6553, 84, 66, 70, 79]
[5, 6553, 77, 75, 69, 61]
[5, 6553, 77, 85, 64, 63]
[5, 6553, 80, 78, 74, 82]
[5, 6553, 69, 80, 74, 85]
[5, 6553, 60, 78, 82, 68]
[5, 6553, 59, 72, 77, 77]
[5, 6553, 78, 71, 93, 58]
[5, 6553, 76, 77, 58, 89]
[5, 6553, 95, 68, 66, 74]
[5, 6553, 61, 73, 76, 71]
[5, 6553, 82, 94, 72, 85]
[5, 6553, 76, 87, 68, 59]
[5, 6553, 77, 74, 75, 82]
[5, 6553, 68, 87, 74, 78]
[5, 6553, 54, 88, 87, 92]
[5, 6553, 88, 56, 62, 77]
[5, 6553, 76, 74, 76, 73]
[5, 6553, 69, 88, 72, 72]
[5, 6553, 71, 59, 66, 78]
[5, 6553, 93, 71, 90, 60]
[5, 6553, 80, 78, 79, 75]
[5, 6553, 71, 78, 70, 75]
[5, 6553, 62, 64, 80, 87]
[5, 6553, 77, 88, 79, 73]
[5, 6553, 81, 56, 81, 84]
[5, 6553, 87, 71, 73, 77]
[5, 6553, 68, 69, 82, 73]
[5, 6553, 62, 90, 90, 76]
[5, 6553, 73, 77, 65, 77]
[5, 6553, 66, 85, 95, 74]
[5, 6553, 76, 69, 79, 62]
[5, 6553, 76, 63, 78, 66]
[5, 6553, 67, 87, 73, 79]
[5, 6553, 73, 77, 68, 88]
[5, 6553, 73, 82, 80, 84]
[5, 6553, 67, 73, 75, 73]
[5, 6553, 62, 79, 51, 75]
[5, 6553, 88, 66, 81, 57]
[5, 6553, 69, 83, 68, 68]
[5, 6553, 70, 70, 66, 94]
[5, 6553, 86, 72, 73, 82]
[5, 6553, 71, 73, 80, 73]
[5, 6553, 65, 87, 71, 90]
[5, 6553, 84, 71, 70, 71]
[5, 6553, 90, 59, 60, 72]
[5, 6553, 71, 75, 63, 76]
[10, 13107, 231, 231, 238, 245]
[10, 13107, 230, 227, 216, 243]
[10, 13107, 228, 229, 249, 225]
[10, 13107, 262, 221, 211, 228]
[10, 13107, 230, 220, 234, 227]
[10, 13107, 217, 245, 232, 247]
[10, 13107, 211, 275, 193, 215]
[10, 13107, 235, 239, 260, 220]
[10, 13107, 196, 252, 224, 208]
[10, 13107, 240, 264, 235, 217]
[10, 13107, 250, 236, 230, 225]
[10, 13107, 230, 243, 189, 215]
[10, 13107, 224, 263, 238, 232]
[10, 13107, 237, 210, 216, 254]
[10, 13107, 248, 212, 239, 234]
[10, 13107, 228, 223, 248, 219]
[10, 13107, 220, 240, 193, 228]
[10, 13107, 223, 267, 235, 229]
[10, 13107, 227, 252, 260, 241]
[10, 13107, 238, 254, 243, 202]
[10, 13107, 234, 215, 234, 212]
[10, 13107, 202, 226, 222, 222]
[10, 13107, 246, 225, 225, 233]
[10, 13107, 241, 256, 235, 246]
[10, 13107, 237, 228, 223, 234]
[10, 13107, 261, 235, 213, 235]
[10, 13107, 234, 232, 233, 225]
[10, 13107, 233, 212, 218, 257]
[10, 13107, 260, 248, 254, 257]
[10, 13107, 255, 259, 217, 223]
[10, 13107, 229, 246, 238, 263]
[10, 13107, 214, 256, 226, 232]
[10, 13107, 237, 221, 217, 242]
[10, 13107, 265, 257, 234, 265]
[10, 13107, 232, 238, 245, 222]
[10, 13107, 246, 241, 212, 225]
[10, 13107, 255, 226, 244, 235]
[10, 13107, 246, 240, 249, 243]
[10, 13107, 220, 210, 231, 244]
[10, 13107, 220, 240, 229, 252]
[10, 13107, 222, 245, 226, 233]
[10, 13107, 251, 213, 240, 195]
[10, 13107, 247, 218, 259, 253]
[10, 13107, 212, 238, 251, 206]
[10, 13107, 227, 220, 212, 229]
[10, 13107, 254, 254, 255, 256]
[10, 13107, 222, 264, 246, 219]
[10, 13107, 215, 226, 189, 254]
[10, 13107, 217, 278, 209, 250]
[10, 13107, 244, 242, 232, 231]
[10, 13107, 247, 236, 228, 225]
[10, 13107, 248, 222, 219, 221]
[10, 13107, 243, 217, 208, 222]
[10, 13107, 199, 241, 213, 242]
[10, 13107, 238, 218, 228, 228]
[10, 13107, 251, 226, 230, 208]
[10, 13107, 235, 250, 236, 274]
[10, 13107, 207, 251, 226, 244]
[10, 13107, 218, 255, 223, 198]
[10, 13107, 244, 226, 213, 229]
[10, 13107, 291, 240, 241, 214]
[10, 13107, 242, 243, 257, 238]
[10, 13107, 242, 236, 244, 252]
[10, 13107, 226, 231, 226, 251]
[10, 13107, 227, 252, 241, 238]
[10, 13107, 227, 264, 228, 217]
[10, 13107, 242, 244, 235, 229]
[10, 13107, 240, 233, 234, 225]
[10, 13107, 230, 256, 230, 233]
[10, 13107, 238, 245, 251, 224]
[10, 13107, 222, 248, 208, 219]
[10, 13107, 239, 233, 243, 217]
[10, 13107, 239, 231, 229, 224]
[10, 13107, 210, 233, 256, 261]
[10, 13107, 237, 223, 234, 245]
[10, 13107, 235, 218, 241, 242]
[10, 13107, 250, 246, 214, 212]
[10, 13107, 212, 236, 248, 203]
[10, 13107, 235, 225, 237, 217]
[10, 13107, 242, 232, 236, 251]
[10, 13107, 213, 240, 254, 221]
[10, 13107, 244, 244, 238, 239]
[10, 13107, 232, 205, 200, 243]
[10, 13107, 210, 222, 222, 243]
[10, 13107, 184, 280, 267, 227]
[10, 13107, 232, 240, 236, 226]
[10, 13107, 240, 217, 230, 243]
[10, 13107, 214, 247, 238, 219]
[10, 13107, 240, 224, 251, 218]
[10, 13107, 226, 231, 237, 240]
[10, 13107, 248, 205, 224, 234]
[10, 13107, 240, 212, 239, 231]
[10, 13107, 261, 242, 245, 218]
[10, 13107, 246, 248, 213, 275]
[10, 13107, 244, 248, 232, 260]
[10, 13107, 264, 265, 247, 219]
[10, 13107, 244, 205, 220, 261]
[10, 13107, 218, 239, 256, 231]
[10, 13107, 254, 235, 203, 214]
[10, 13107, 221, 222, 239, 255]
[15, 19660, 498, 452, 484, 502]
[15, 19660, 496, 513, 457, 500]
[15, 19660, 477, 486, 512, 464]
[15, 19660, 493, 467, 456, 481]
[15, 19660, 475, 552, 483, 495]
[15, 19660, 505, 472, 473, 463]
[15, 19660, 455, 509, 468, 444]
[15, 19660, 514, 498, 471, 521]
[15, 19660, 467, 454, 498, 519]
[15, 19660, 504, 477, 487, 439]
[15, 19660, 497, 466, 449, 491]
[15, 19660, 490, 462, 472, 468]
[15, 19660, 480, 505, 495, 449]
[15, 19660, 492, 452, 517, 497]
[15, 19660, 478, 465, 539, 453]
[15, 19660, 497, 452, 446, 464]
[15, 19660, 502, 467, 472, 506]
[15, 19660, 465, 442, 478, 499]
[15, 19660, 483, 457, 542, 497]
[15, 19660, 522, 475, 473, 466]
[15, 19660, 455, 485, 522, 484]
[15, 19660, 468, 460, 440, 486]
[15, 19660, 510, 459, 486, 453]
[15, 19660, 484, 543, 506, 515]
[15, 19660, 446, 489, 478, 462]
[15, 19660, 526, 470, 459, 476]
[15, 19660, 505, 488, 523, 489]
[15, 19660, 502, 479, 497, 446]
[15, 19660, 499, 478, 452, 457]
[15, 19660, 488, 492, 499, 502]
[15, 19660, 496, 494, 490, 513]
[15, 19660, 476, 513, 524, 461]
[15, 19660, 505, 492, 479, 480]
[15, 19660, 502, 513, 456, 478]
[15, 19660, 526, 476, 463, 444]
[15, 19660, 426, 460, 495, 482]
[15, 19660, 478, 462, 469, 513]
[15, 19660, 491, 468, 525, 485]
[15, 19660, 519, 459, 474, 438]
[15, 19660, 479, 455, 502, 496]
[15, 19660, 491, 486, 490, 460]
[15, 19660, 509, 515, 481, 501]
[15, 19660, 520, 452, 493, 442]
[15, 19660, 499, 458, 485, 477]
[15, 19660, 488, 491, 497, 486]
[15, 19660, 469, 538, 501, 453]
[15, 19660, 535, 477, 529, 471]
[15, 19660, 504, 476, 473, 502]
[15, 19660, 489, 490, 437, 501]
[15, 19660, 480, 476, 467, 495]
[15, 19660, 501, 501, 444, 465]
[15, 19660, 466, 462, 519, 477]
[15, 19660, 508, 465, 472, 473]
[15, 19660, 498, 465, 480, 484]
[15, 19660, 510, 474, 481, 487]
[15, 19660, 448, 467, 455, 508]
[15, 19660, 481, 493, 493, 468]
[15, 19660, 488, 491, 456, 470]
[15, 19660, 485, 493, 504, 445]
[15, 19660, 508, 465, 517, 467]
[15, 19660, 507, 456, 503, 465]
[15, 19660, 504, 485, 476, 427]
[15, 19660, 503, 466, 470, 441]
[15, 19660, 502, 507, 447, 495]
[15, 19660, 483, 488, 491, 451]
[15, 19660, 498, 507, 500, 406]
[15, 19660, 482, 501, 530, 439]
[15, 19660, 528, 496, 447, 461]
[15, 19660, 447, 481, 469, 503]
[15, 19660, 498, 490, 474, 498]
[15, 19660, 496, 511, 464, 474]
[15, 19660, 488, 510, 482, 417]
[15, 19660, 489, 527, 492, 498]
[15, 19660, 521, 447, 492, 448]
[15, 19660, 437, 491, 472, 519]
[15, 19660, 499, 435, 520, 494]
[15, 19660, 463, 480, 523, 489]
[15, 19660, 509, 518, 453, 436]
[15, 19660, 471, 467, 453, 467]
[15, 19660, 504, 480, 496, 502]
[15, 19660, 477, 484, 474, 454]
[15, 19660, 486, 481, 449, 461]
[15, 19660, 508, 496, 487, 462]
[15, 19660, 483, 461, 493, 470]
[15, 19660, 476, 469, 473, 503]
[15, 19660, 477, 493, 485, 441]
[15, 19660, 505, 462, 464, 506]
[15, 19660, 473, 487, 477, 496]
[15, 19660, 475, 471, 524, 487]
[15, 19660, 483, 499, 475, 476]
[15, 19660, 500, 479, 465, 436]
[15, 19660, 485, 472, 480, 480]
[15, 19660, 520, 480, 481, 473]
[15, 19660, 463, 464, 472, 507]
[15, 19660, 444, 498, 467, 470]
[15, 19660, 468, 489, 501, 455]
[15, 19660, 465, 509, 527, 507]
[15, 19660, 469, 513, 485, 470]
[15, 19660, 500, 476, 507, 437]
[15, 19660, 457, 488, 459, 454]
[20, 26214, 799, 812, 836, 828]
[20, 26214, 849, 822, 844, 802]
[20, 26214, 853, 794, 884, 836]
[20, 26214, 784, 822, 788, 837]
[20, 26214, 842, 831, 799, 760]
[20, 26214, 827, 823, 819, 801]
[20, 26214, 816, 842, 778, 823]
[20, 26214, 860, 821, 780, 814]
[20, 26214, 791, 857, 880, 818]
[20, 26214, 843, 806, 829, 788]
[20, 26214, 812, 799, 766, 812]
[20, 26214, 805, 805, 821, 872]
[20, 26214, 807, 748, 830, 785]
[20, 26214, 831, 812, 829, 845]
[20, 26214, 808, 829, 837, 827]
[20, 26214, 854, 828, 814, 820]
[20, 26214, 812, 826, 808, 831]
[20, 26214, 798, 885, 817, 802]
[20, 26214, 776, 790, 864, 772]
[20, 26214, 821, 826, 817, 763]
[20, 26214, 782, 813, 849, 880]
[20, 26214, 804, 850, 850, 885]
[20, 26214, 833, 867, 798, 813]
[20, 26214, 773, 842, 859, 878]
[20, 26214, 826, 847, 787, 773]
[20, 26214, 837, 772, 798, 810]
[20, 26214, 822, 780, 863, 716]
[20, 26214, 874, 805, 817, 750]
[20, 26214, 855, 830, 804, 821]
[20, 26214, 837, 841, 805, 834]
[20, 26214, 819, 834, 787, 807]
[20, 26214, 825, 889, 822, 804]
[20, 26214, 810, 778, 857, 872]
[20, 26214, 859, 799, 821, 753]
[20, 26214, 811, 829, 816, 865]
[20, 26214, 859, 817, 870, 843]
[20, 26214, 809, 769, 809, 881]
[20, 26214, 871, 850, 821, 796]
[20, 26214, 872, 778, 822, 806]
[20, 26214, 807, 804, 867, 777]
[20, 26214, 830, 844, 791, 779]
[20, 26214, 840, 813, 801, 794]
[20, 26214, 822, 780, 772, 758]
[20, 26214, 834, 837, 798, 810]
[20, 26214, 859, 776, 814, 820]
[20, 26214, 808, 852, 851, 781]
[20, 26214, 791, 860, 857, 779]
[20, 26214, 871, 800, 763, 832]
[20, 26214, 833, 912, 819, 825]
[20, 26214, 807, 820, 824, 874]
[20, 26214, 884, 885, 804, 781]
[20, 26214, 787, 823, 780, 871]
[20, 26214, 823, 863, 797, 837]
[20, 26214, 802, 800, 788, 842]
[20, 26214, 818, 869, 817, 746]
[20, 26214, 829, 846, 830, 845]
[20, 26214, 853, 780, 832, 821]
[20, 26214, 860, 824, 829, 794]
[20, 26214, 846, 913, 809, 814]
[20, 26214, 850, 826, 858, 833]
[20, 26214, 801, 805, 813, 783]
[20, 26214, 878, 820, 737, 820]
[20, 26214, 830, 812, 827, 823]
[20, 26214, 830, 821, 805, 786]
[20, 26214, 814, 788, 814, 825]
[20, 26214, 828, 807, 848, 738]
[20, 26214, 886, 824, 853, 787]
[20, 26214, 856, 812, 838, 869]
[20, 26214, 809, 899, 845, 803]
[20, 26214, 840, 768, 748, 804]
[20, 26214, 771, 750, 838, 813]
[20, 26214, 761, 857, 795, 780]
[20, 26214, 803, 807, 799, 836]
[20, 26214, 879, 783, 805, 832]
[20, 26214, 820, 790, 822, 829]
[20, 26214, 857, 865, 852, 813]
[20, 26214, 866, 783, 810, 768]
[20, 26214, 813, 811, 824, 845]
[20, 26214, 841, 831, 794, 849]
[20, 26214, 751, 864, 805, 795]
[20, 26214, 815, 783, 823, 818]
[20, 26214, 770, 896, 789, 793]
[20, 26214, 824, 879, 818, 775]
[20, 26214, 828, 884, 793, 792]
[20, 26214, 798, 802, 811, 765]
[20, 26214, 795, 798, 853, 791]
[20, 26214, 786, 824, 882, 853]
[20, 26214, 784, 811, 833, 845]
[20, 26214, 847, 795, 840, 819]
[20, 26214, 778, 898, 847, 795]
[20, 26214, 856, 790, 806, 855]
[20, 26214, 771, 786, 856, 801]
[20, 26214, 893, 851, 794, 817]
[20, 26214, 816, 864, 810, 832]
[20, 26214, 827, 889, 876, 832]
[20, 26214, 853, 825, 868, 790]
[20, 26214, 771, 825, 871, 794]
[20, 26214, 805, 809, 813, 825]
[20, 26214, 862, 803, 801, 801]
[20, 26214, 767, 800, 886, 783]
[25, 32768, 1226, 1283, 1299, 1297]
[25, 32768, 1293, 1243, 1282, 1205]
[25, 32768, 1308, 1319, 1211, 1290]
[25, 32768, 1182, 1258, 1281, 1362]
[25, 32768, 1240, 1215, 1243, 1235]
[25, 32768, 1255, 1278, 1237, 1259]
[25, 32768, 1203, 1330, 1249, 1254]
[25, 32768, 1245, 1237, 1232, 1277]
[25, 32768, 1209, 1217, 1290, 1216]
[25, 32768, 1288, 1290, 1262, 1197]
[25, 32768, 1308, 1314, 1187, 1218]
[25, 32768, 1234, 1204, 1224, 1243]
[25, 32768, 1264, 1221, 1261, 1190]
[25, 32768, 1329, 1334, 1231, 1246]
[25, 32768, 1267, 1237, 1237, 1302]
[25, 32768, 1259, 1191, 1154, 1212]
[25, 32768, 1270, 1258, 1227, 1222]
[25, 32768, 1271, 1347, 1232, 1229]
[25, 32768, 1202, 1251, 1318, 1263]
[25, 32768, 1209, 1248, 1295, 1200]
[25, 32768, 1171, 1230, 1356, 1268]
[25, 32768, 1250, 1261, 1356, 1302]
[25, 32768, 1327, 1181, 1231, 1286]
[25, 32768, 1236, 1274, 1220, 1263]
[25, 32768, 1249, 1262, 1238, 1215]
[25, 32768, 1244, 1237, 1229, 1214]
[25, 32768, 1247, 1287, 1274, 1145]
[25, 32768, 1229, 1300, 1256, 1143]
[25, 32768, 1252, 1261, 1268, 1255]
[25, 32768, 1250, 1185, 1247, 1186]
[25, 32768, 1188, 1260, 1240, 1243]
[25, 32768, 1218, 1219, 1229, 1246]
[25, 32768, 1331, 1233, 1215, 1253]
[25, 32768, 1264, 1283, 1200, 1277]
[25, 32768, 1310, 1217, 1172, 1241]
[25, 32768, 1179, 1245, 1257, 1317]
[25, 32768, 1196, 1225, 1217, 1317]
[25, 32768, 1255, 1271, 1277, 1220]
[25, 32768, 1284, 1269, 1198, 1211]
[25, 32768, 1241, 1199, 1270, 1251]
[25, 32768, 1251, 1231, 1223, 1226]
[25, 32768, 1276, 1257, 1212, 1231]
[25, 32768, 1241, 1231, 1235, 1269]
[25, 32768, 1253, 1229, 1260, 1186]
[25, 32768, 1238, 1262, 1277, 1256]
[25, 32768, 1275, 1192, 1249, 1244]
[25, 32768, 1329, 1265, 1208, 1227]
[25, 32768, 1250, 1187, 1218, 1298]
[25, 32768, 1237, 1293, 1199, 1262]
[25, 32768, 1241, 1259, 1323, 1235]
[25, 32768, 1151, 1263, 1239, 1266]
[25, 32768, 1289, 1291, 1272, 1214]
[25, 32768, 1279, 1312, 1232, 1360]
[25, 32768, 1281, 1241, 1182, 1320]
[25, 32768, 1260, 1306, 1274, 1293]
[25, 32768, 1290, 1267, 1296, 1275]
[25, 32768, 1223, 1210, 1257, 1247]
[25, 32768, 1203, 1228, 1249, 1261]
[25, 32768, 1234, 1248, 1178, 1247]
[25, 32768, 1282, 1203, 1286, 1197]
[25, 32768, 1275, 1275, 1262, 1210]
[25, 32768, 1374, 1198, 1278, 1184]
[25, 32768, 1290, 1186, 1205, 1250]
[25, 32768, 1247, 1241, 1245, 1173]
[25, 32768, 1236, 1275, 1274, 1259]
[25, 32768, 1234, 1271, 1300, 1167]
[25, 32768, 1293, 1237, 1153, 1237]
[25, 32768, 1347, 1333, 1221, 1213]
[25, 32768, 1233, 1340, 1203, 1332]
[25, 32768, 1301, 1197, 1313, 1230]
[25, 32768, 1249, 1290, 1228, 1268]
[25, 32768, 1272, 1290, 1276, 1270]
[25, 32768, 1216, 1282, 1171, 1284]
[25, 32768, 1296, 1201, 1253, 1237]
[25, 32768, 1247, 1210, 1210, 1288]
[25, 32768, 1296, 1286, 1271, 1216]
[25, 32768, 1227, 1236, 1264, 1235]
[25, 32768, 1268, 1239, 1242, 1228]
[25, 32768, 1154, 1290, 1213, 1264]
[25, 32768, 1278, 1225, 1278, 1242]
[25, 32768, 1273, 1198, 1290, 1312]
[25, 32768, 1200, 1290, 1276, 1234]
[25, 32768, 1294, 1245, 1259, 1219]
[25, 32768, 1275, 1291, 1194, 1241]
[25, 32768, 1288, 1251, 1298, 1266]
[25, 32768, 1300, 1256, 1286, 1226]
[25, 32768, 1238, 1229, 1285, 1309]
[25, 32768, 1244, 1258, 1208, 1265]
[25, 32768, 1243, 1319, 1178, 1214]
[25, 32768, 1221, 1264, 1308, 1252]
[25, 32768, 1295, 1231, 1281, 1263]
[25, 32768, 1218, 1241, 1311, 1256]
[25, 32768, 1321, 1268, 1179, 1211]
[25, 32768, 1217, 1279, 1346, 1301]
[25, 32768, 1246, 1318, 1249, 1230]
[25, 32768, 1241, 1271, 1273, 1234]
[25, 32768, 1270, 1250, 1216, 1273]
[25, 32768, 1277, 1299, 1232, 1223]
[25, 32768, 1234, 1267, 1338, 1264]
[25, 32768, 1189, 1222, 1312, 1317]
[30, 39321, 1773, 1780, 1697, 1779]
[30, 39321, 1810, 1717, 1769, 1736]
[30, 39321, 1705, 1725, 1807, 1787]
[30, 39321, 1765, 1792, 1768, 1798]
[30, 39321, 1761, 1824, 1787, 1722]
[30, 39321, 1755, 1869, 1712, 1780]
[30, 39321, 1672, 1860, 1776, 1801]
[30, 39321, 1717, 1788, 1759, 1831]
[30, 39321, 1748, 1757, 1794, 1829]
[30, 39321, 1796, 1749, 1760, 1734]
[30, 39321, 1922, 1812, 1689, 1844]
[30, 39321, 1808, 1874, 1725, 1817]
[30, 39321, 1856, 1874, 1728, 1751]
[30, 39321, 1773, 1780, 1823, 1751]
[30, 39321, 1803, 1782, 1760, 1835]
[30, 39321, 1807, 1726, 1796, 1734]
[30, 39321, 1725, 1834, 1780, 1778]
[30, 39321, 1816, 1845, 1713, 1731]
[30, 39321, 1736, 1746, 1868, 1748]
[30, 39321, 1766, 1757, 1805, 1796]
[30, 39321, 1724, 1662, 1788, 1842]
[30, 39321, 1748, 1650, 1808, 1774]
[30, 39321, 1850, 1796, 1765, 1838]
[30, 39321, 1731, 1753, 1836, 1788]
[30, 39321, 1776, 1780, 1806, 1825]
[30, 39321, 1814, 1703, 1813, 1825]
[30, 39321, 1885, 1809, 1825, 1636]
[30, 39321, 1823, 1797, 1673, 1755]
[30, 39321, 1828, 1789, 1702, 1809]
[30, 39321, 1802, 1714, 1814, 1761]
[30, 39321, 1697, 1800, 1784, 1888]
[30, 39321, 1757, 1814, 1807, 1726]
[30, 39321, 1799, 1788, 1755, 1843]
[30, 39321, 1757, 1801, 1794, 1797]
[30, 39321, 1872, 1776, 1696, 1725]
[30, 39321, 1732, 1766, 1762, 1817]
[30, 39321, 1812, 1769, 1748, 1842]
[30, 39321, 1781, 1772, 1806, 1778]
[30, 39321, 1851, 1855, 1774, 1809]
[30, 39321, 1789, 1727, 1742, 1899]
[30, 39321, 1850, 1745, 1758, 1776]
[30, 39321, 1773, 1754, 1783, 1815]
[30, 39321, 1867, 1679, 1801, 1845]
[30, 39321, 1859, 1798, 1771, 1730]
[30, 39321, 1789, 1815, 1842, 1829]
[30, 39321, 1826, 1767, 1808, 1761]
[30, 39321, 1790, 1776, 1838, 1694]
[30, 39321, 1810, 1787, 1775, 1793]
[30, 39321, 1683, 1779, 1689, 1783]
[30, 39321, 1797, 1809, 1772, 1749]
[30, 39321, 1787, 1780, 1723, 1786]
[30, 39321, 1776, 1778, 1818, 1746]
[30, 39321, 1760, 1786, 1749, 1819]
[30, 39321, 1814, 1831, 1682, 1823]
[30, 39321, 1739, 1801, 1779, 1795]
[30, 39321, 1815, 1731, 1775, 1812]
[30, 39321, 1718, 1694, 1787, 1777]
[30, 39321, 1767, 1880, 1843, 1783]
[30, 39321, 1803, 1766, 1752, 1733]
[30, 39321, 1834, 1692, 1751, 1757]
[30, 39321, 1821, 1752, 1812, 1702]
[30, 39321, 1897, 1773, 1823, 1761]
[30, 39321, 1870, 1737, 1739, 1781]
[30, 39321, 1796, 1769, 1797, 1680]
[30, 39321, 1693, 1805, 1834, 1763]
[30, 39321, 1785, 1827, 1862, 1678]
[30, 39321, 1697, 1737, 1745, 1740]
[30, 39321, 1900, 1803, 1750, 1739]
[30, 39321, 1719, 1915, 1758, 1826]
[30, 39321, 1825, 1782, 1739, 1793]
[30, 39321, 1734, 1742, 1794, 1852]
[30, 39321, 1757, 1883, 1714, 1794]
[30, 39321, 1721, 1793, 1782, 1736]
[30, 39321, 1891, 1777, 1826, 1793]
[30, 39321, 1802, 1766, 1781, 1728]
[30, 39321, 1807, 1707, 1814, 1750]
[30, 39321, 1752, 1774, 1877, 1715]
[30, 39321, 1837, 1785, 1766, 1802]
[30, 39321, 1751, 1725, 1797, 1828]
[30, 39321, 1835, 1766, 1781, 1766]
[30, 39321, 1715, 1806, 1774, 1804]
[30, 39321, 1813, 1823, 1711, 1776]
[30, 39321, 1835, 1862, 1696, 1706]
[30, 39321, 1825, 1758, 1770, 1857]
[30, 39321, 1781, 1733, 1772, 1774]
[30, 39321, 1800, 1723, 1838, 1708]
[30, 39321, 1732, 1800, 1822, 1818]
[30, 39321, 1771, 1772, 1751, 1857]
[30, 39321, 1761, 1858, 1812, 1774]
[30, 39321, 1747, 1918, 1769, 1800]
[30, 39321, 1770, 1744, 1728, 1782]
[30, 39321, 1727, 1791, 1838, 1717]
[30, 39321, 1844, 1796, 1685, 1841]
[30, 39321, 1755, 1707, 1751, 1768]
[30, 39321, 1836, 1746, 1794, 1785]
[30, 39321, 1825, 1864, 1792, 1762]
[30, 39321, 1783, 1808, 1717, 1807]
[30, 39321, 1771, 1899, 1672, 1714]
[30, 39321, 1853, 1806, 1792, 1740]
[30, 39321, 1732, 1766, 1864, 1783]
[35, 45875, 2420, 2488, 2323, 2364]
[35, 45875, 2457, 2329, 2404, 2401]
[35, 45875, 2322, 2424, 2426, 2459]
[35, 45875, 2463, 2477, 2371, 2397]
[35, 45875, 2380, 2450, 2431, 2240]
[35, 45875, 2450, 2417, 2388, 2350]
[35, 45875, 2292, 2496, 2442, 2413]
[35, 45875, 2362, 2432, 2366, 2332]
[35, 45875, 2347, 2335, 2491, 2440]
[35, 45875, 2389, 2451, 2383, 2395]
[35, 45875, 2498, 2355, 2378, 2459]
[35, 45875, 2442, 2337, 2368, 2468]
[35, 45875, 2451, 2437, 2369, 2436]
[35, 45875, 2410, 2363, 2405, 2432]
[35, 45875, 2429, 2363, 2451, 2416]
[35, 45875, 2457, 2390, 2369, 2348]
[35, 45875, 2384, 2448, 2391, 2438]
[35, 45875, 2396, 2336, 2531, 2406]
[35, 45875, 2354, 2332, 2388, 2393]
[35, 45875, 2442, 2322, 2449, 2375]
[35, 45875, 2369, 2372, 2382, 2428]
[35, 45875, 2420, 2366, 2464, 2403]
[35, 45875, 2452, 2356, 2307, 2389]
[35, 45875, 2327, 2445, 2362, 2364]
[35, 45875, 2389, 2437, 2483, 2300]
[35, 45875, 2414, 2328, 2384, 2445]
[35, 45875, 2468, 2426, 2406, 2216]
[35, 45875, 2481, 2398, 2289, 2415]
[35, 45875, 2406, 2388, 2411, 2417]
[35, 45875, 2421, 2304, 2419, 2409]
[35, 45875, 2344, 2395, 2450, 2394]
[35, 45875, 2380, 2402, 2464, 2348]
[35, 45875, 2393, 2324, 2294, 2413]
[35, 45875, 2353, 2488, 2320, 2376]
[35, 45875, 2418, 2304, 2315, 2379]
[35, 45875, 2372, 2416, 2358, 2420]
[35, 45875, 2413, 2375, 2381, 2468]
[35, 45875, 2497, 2335, 2584, 2297]
[35, 45875, 2505, 2337, 2304, 2314]
[35, 45875, 2383, 2433, 2369, 2423]
[35, 45875, 2495, 2326, 2429, 2321]
[35, 45875, 2396, 2397, 2313, 2365]
[35, 45875, 2417, 2265, 2392, 2402]
[35, 45875, 2447, 2445, 2395, 2297]
[35, 45875, 2423, 2426, 2377, 2410]
[35, 45875, 2403, 2435, 2404, 2400]
[35, 45875, 2406, 2433, 2428, 2320]
[35, 45875, 2359, 2415, 2322, 2446]
[35, 45875, 2417, 2381, 2309, 2497]
[35, 45875, 2470, 2417, 2384, 2370]
[35, 45875, 2460, 2366, 2352, 2369]
[35, 45875, 2387, 2416, 2368, 2406]
[35, 45875, 2447, 2403, 2334, 2433]
[35, 45875, 2392, 2354, 2311, 2477]
[35, 45875, 2417, 2351, 2427, 2250]
[35, 45875, 2423, 2485, 2329, 2475]
[35, 45875, 2405, 2435, 2413, 2397]
[35, 45875, 2306, 2489, 2375, 2456]
[35, 45875, 2462, 2443, 2427, 2311]
[35, 45875, 2382, 2373, 2429, 2360]
[35, 45875, 2524, 2354, 2401, 2376]
[35, 45875, 2438, 2402, 2428, 2340]
[35, 45875, 2591, 2329, 2379, 2338]
[35, 45875, 2371, 2362, 2418, 2514]
[35, 45875, 2401, 2337, 2504, 2444]
[35, 45875, 2376, 2352, 2473, 2299]
[35, 45875, 2449, 2356, 2471, 2409]
[35, 45875, 2414, 2464, 2383, 2361]
[35, 45875, 2281, 2525, 2307, 2470]
[35, 45875, 2359, 2380, 2308, 2502]
[35, 45875, 2359, 2378, 2399, 2480]
[35, 45875, 2418, 2438, 2365, 2440]
[35, 45875, 2389, 2398, 2428, 2480]
[35, 45875, 2482, 2398, 2406, 2418]
[35, 45875, 2401, 2344, 2366, 2394]
[35, 45875, 2338, 2438, 2457, 2280]
[35, 45875, 2324, 2361, 2401, 2435]
[35, 45875, 2445, 2462, 2411, 2337]
[35, 45875, 2350, 2360, 2403, 2418]
[35, 45875, 2479, 2316, 2324, 2442]
[35, 45875, 2452, 2402, 2381, 2430]
[35, 45875, 2298, 2480, 2403, 2333]
[35, 45875, 2358, 2336, 2392, 2459]
[35, 45875, 2399, 2449, 2355, 2446]
[35, 45875, 2399, 2441, 2388, 2438]
[35, 45875, 2429, 2365, 2410, 2312]
[35, 45875, 2292, 2422, 2411, 2394]
[35, 45875, 2359, 2452, 2315, 2386]
[35, 45875, 2351, 2407, 2461, 2292]
[35, 45875, 2431, 2492, 2382, 2422]
[35, 45875, 2432, 2319, 2333, 2410]
[35, 45875, 2330, 2386, 2454, 2352]
[35, 45875, 2410, 2342, 2341, 2402]
[35, 45875, 2449, 2350, 2357, 2551]
[35, 45875, 2448, 2422, 2368, 2311]
[35, 45875, 2388, 2468, 2364, 2309]
[35, 45875, 2384, 2455, 2395, 2297]
[35, 45875, 2432, 2491, 2347, 2352]
[35, 45875, 2347, 2329, 2359, 2434]
[35, 45875, 2306, 2346, 2494, 2399]
[40, 52428, 3016, 3130, 3101, 3174]
[40, 52428, 3231, 3165, 3149, 3188]
[40, 52428, 3122, 3007, 3147, 3100]
[40, 52428, 3032, 3150, 3150, 3256]
[40, 52428, 3018, 3149, 3171, 3128]
[40, 52428, 3126, 3104, 3097, 3123]
[40, 52428, 3052, 3224, 3059, 3004]
[40, 52428, 3110, 3104, 3097, 3080]
[40, 52428, 3056, 3101, 3205, 3134]
[40, 52428, 3196, 3123, 3108, 3143]
[40, 52428, 3147, 3104, 2986, 3080]
[40, 52428, 3173, 3192, 2999, 3208]
[40, 52428, 3119, 3213, 3085, 3135]
[40, 52428, 3166, 3070, 3079, 3099]
[40, 52428, 3124, 3109, 3129, 3170]
[40, 52428, 3200, 3121, 3155, 3185]
[40, 52428, 3139, 3221, 2985, 3232]
[40, 52428, 3221, 3041, 3201, 3172]
[40, 52428, 3100, 3093, 3237, 3063]
[40, 52428, 3135, 3062, 3255, 3019]
[40, 52428, 3128, 3079, 3037, 3117]
[40, 52428, 3026, 3108, 3200, 3041]
[40, 52428, 3089, 3142, 3075, 3100]
[40, 52428, 2939, 3252, 3122, 3154]
[40, 52428, 3126, 3102, 3080, 3117]
[40, 52428, 3095, 3007, 3103, 3239]
[40, 52428, 3183, 2985, 3141, 3081]
[40, 52428, 3250, 3018, 3041, 3056]
[40, 52428, 3173, 2969, 3051, 3106]
[40, 52428, 3159, 3033, 3164, 3207]
[40, 52428, 3058, 3189, 3122, 3067]
[40, 52428, 3151, 3162, 3063, 2987]
[40, 52428, 3185, 3070, 3074, 3107]
[40, 52428, 3039, 3126, 3144, 3162]
[40, 52428, 3178, 3052, 3075, 3099]
[40, 52428, 2998, 3200, 3036, 3216]
[40, 52428, 3090, 3128, 3060, 3082]
[40, 52428, 3089, 3071, 3203, 3030]
[40, 52428, 3208, 3069, 3091, 3064]
[40, 52428, 3187, 3105, 3156, 3248]
[40, 52428, 3158, 2989, 3186, 3147]
[40, 52428, 3117, 3221, 3131, 3195]
[40, 52428, 3152, 3037, 3084, 3101]
[40, 52428, 3267, 3066, 3156, 3076]
[40, 52428, 3155, 3070, 3169, 3018]
[40, 52428, 3143, 3117, 3042, 3084]
[40, 52428, 3189, 3071, 3252, 2968]
[40, 52428, 3198, 3108, 3081, 3095]
[40, 52428, 3144, 3290, 3041, 3208]
[40, 52428, 3077, 3149, 3068, 3194]
[40, 52428, 3116, 3091, 3226, 3113]
[40, 52428, 3117, 3290, 3116, 2939]
[40, 52428, 3107, 3156, 3042, 3087]
[40, 52428, 3082, 3088, 3000, 3170]
[40, 52428, 3141, 3124, 3147, 3152]
[40, 52428, 3145, 3050, 3053, 3151]
[40, 52428, 3172, 3088, 3203, 3174]
[40, 52428, 3060, 3243, 3107, 3052]
[40, 52428, 3135, 3299, 3025, 3122]
[40, 52428, 2982, 3092, 3045, 3100]
[40, 52428, 3238, 3133, 3079, 3074]
[40, 52428, 3118, 3141, 3182, 2983]
[40, 52428, 3236, 3180, 3084, 3032]
[40, 52428, 3034, 3165, 3028, 3118]
[40, 52428, 3071, 3114, 3049, 3165]
[40, 52428, 3087, 3063, 3269, 2918]
[40, 52428, 3198, 3135, 3162, 3171]
[40, 52428, 3064, 3134, 2992, 3169]
[40, 52428, 2997, 3206, 3037, 3076]
[40, 52428, 3186, 3079, 3082, 3181]
[40, 52428, 3146, 3123, 3008, 3072]
[40, 52428, 3036, 3171, 3071, 3133]
[40, 52428, 3073, 3135, 3154, 3121]
[40, 52428, 3228, 3132, 3092, 3172]
[40, 52428, 3196, 2999, 3057, 3091]
[40, 52428, 3135, 3126, 3122, 2978]
[40, 52428, 3011, 3019, 3239, 3133]
[40, 52428, 3032, 3099, 3037, 3109]
[40, 52428, 3055, 3135, 3061, 3218]
[40, 52428, 3200, 3042, 3051, 3154]
[40, 52428, 3158, 3014, 3074, 3155]
[40, 52428, 3008, 3176, 3143, 3081]
[40, 52428, 3123, 3101, 3023, 3090]
[40, 52428, 3113, 3165, 3063, 3064]
[40, 52428, 3104, 3125, 3133, 3053]
[40, 52428, 3212, 3141, 3236, 3090]
[40, 52428, 3080, 3186, 3086, 3266]
[40, 52428, 3106, 3142, 3237, 3099]
[40, 52428, 3171, 3148, 3207, 2988]
[40, 52428, 3135, 3125, 3033, 3255]
[40, 52428, 3131, 3034, 3038, 3183]
[40, 52428, 2999, 3115, 3297, 3069]
[40, 52428, 3135, 3109, 3052, 3085]
[40, 52428, 3056, 3205, 3052, 3150]
[40, 52428, 3096, 2997, 3083, 3079]
[40, 52428, 3221, 3052, 3137, 3043]
[40, 52428, 3072, 3170, 3206, 3077]
[40, 52428, 3158, 3093, 3005, 3074]
[40, 52428, 3139, 3163, 3133, 3062]
[40, 52428, 2959, 3027, 3187, 3200]
