[1, 1310, 20, 14]
[1, 1310, 22, 18]
[1, 1310, 12, 21]
[1, 1310, 17, 14]
[1, 1310, 17, 17]
[1, 1310, 14, 17]
[1, 1310, 18, 11]
[1, 1310, 14, 19]
[1, 1310, 17, 13]
[1, 1310, 13, 12]
[1, 1310, 17, 22]
[1, 1310, 21, 12]
[1, 1310, 14, 14]
[1, 1310, 20, 24]
[1, 1310, 15, 14]
[1, 1310, 17, 19]
[1, 1310, 13, 25]
[1, 1310, 16, 17]
[1, 1310, 21, 16]
[1, 1310, 13, 21]
[1, 1310, 13, 13]
[1, 1310, 16, 12]
[1, 1310, 11, 15]
[1, 1310, 13, 15]
[1, 1310, 17, 14]
[1, 1310, 24, 16]
[1, 1310, 9, 20]
[1, 1310, 21, 17]
[1, 1310, 17, 7]
[1, 1310, 19, 18]
[1, 1310, 10, 21]
[1, 1310, 15, 16]
[1, 1310, 18, 15]
[1, 1310, 19, 11]
[1, 1310, 8, 21]
[1, 1310, 11, 18]
[1, 1310, 12, 14]
[1, 1310, 23, 17]
[1, 1310, 8, 17]
[1, 1310, 16, 17]
[1, 1310, 10, 15]
[1, 1310, 12, 20]
[1, 1310, 25, 13]
[1, 1310, 16, 9]
[1, 1310, 23, 18]
[1, 1310, 10, 14]
[1, 1310, 15, 18]
[1, 1310, 17, 19]
[1, 1310, 8, 17]
[1, 1310, 17, 15]
[1, 1310, 26, 19]
[1, 1310, 10, 12]
[1, 1310, 18, 19]
[1, 1310, 18, 16]
[1, 1310, 13, 21]
[1, 1310, 15, 8]
[1, 1310, 18, 13]
[1, 1310, 11, 18]
[1, 1310, 21, 20]
[1, 1310, 13, 23]
[1, 1310, 17, 27]
[1, 1310, 22, 18]
[1, 1310, 19, 17]
[1, 1310, 13, 17]
[1, 1310, 11, 19]
[1, 1310, 18, 11]
[1, 1310, 20, 15]
[1, 1310, 22, 21]
[1, 1310, 8, 14]
[1, 1310, 9, 13]
[1, 1310, 14, 19]
[1, 1310, 16, 20]
[1, 1310, 16, 15]
[1, 1310, 16, 15]
[1, 1310, 18, 15]
[1, 1310, 18, 16]
[1, 1310, 19, 15]
[1, 1310, 14, 11]
[1, 1310, 15, 14]
[1, 1310, 10, 8]
[1, 1310, 22, 20]
[1, 1310, 15, 22]
[1, 1310, 25, 10]
[1, 1310, 16, 14]
[1, 1310, 19, 24]
[1, 1310, 19, 14]
[1, 1310, 19, 10]
[1, 1310, 22, 20]
[1, 1310, 17, 14]
[1, 1310, 19, 22]
[1, 1310, 7, 15]
[1, 1310, 19, 20]
[1, 1310, 16, 14]
[1, 1310, 15, 14]
[1, 1310, 11, 10]
[1, 1310, 16, 15]
[1, 1310, 20, 13]
[1, 1310, 18, 21]
[1, 1310, 15, 13]
[1, 1310, 24, 17]
[2, 2621, 36, 27]
[2, 2621, 38, 40]
[2, 2621, 40, 50]
[2, 2621, 50, 33]
[2, 2621, 42, 35]
[2, 2621, 45, 40]
[2, 2621, 44, 32]
[2, 2621, 46, 37]
[2, 2621, 34, 40]
[2, 2621, 46, 39]
[2, 2621, 39, 34]
[2, 2621, 47, 32]
[2, 2621, 63, 46]
[2, 2621, 33, 38]
[2, 2621, 46, 45]
[2, 2621, 41, 56]
[2, 2621, 42, 35]
[2, 2621, 43, 30]
[2, 2621, 33, 38]
[2, 2621, 49, 31]
[2, 2621, 41, 32]
[2, 2621, 44, 43]
[2, 2621, 37, 54]
[2, 2621, 35, 33]
[2, 2621, 45, 36]
[2, 2621, 31, 42]
[2, 2621, 20, 44]
[2, 2621, 33, 33]
[2, 2621, 46, 39]
[2, 2621, 42, 34]
[2, 2621, 52, 32]
[2, 2621, 39, 46]
[2, 2621, 37, 35]
[2, 2621, 47, 43]
[2, 2621, 32, 38]
[2, 2621, 35, 29]
[2, 2621, 32, 52]
[2, 2621, 41, 37]
[2, 2621, 36, 39]
[2, 2621, 37, 37]
[2, 2621, 38, 33]
[2, 2621, 34, 42]
[2, 2621, 41, 40]
[2, 2621, 37, 44]
[2, 2621, 34, 38]
[2, 2621, 40, 39]
[2, 2621, 36, 45]
[2, 2621, 39, 40]
[2, 2621, 34, 33]
[2, 2621, 40, 50]
[2, 2621, 48, 38]
[2, 2621, 45, 32]
[2, 2621, 45, 33]
[2, 2621, 35, 42]
[2, 2621, 41, 43]
[2, 2621, 34, 32]
[2, 2621, 34, 35]
[2, 2621, 38, 33]
[2, 2621, 31, 44]
[2, 2621, 46, 56]
[2, 2621, 31, 37]
[2, 2621, 45, 43]
[2, 2621, 51, 36]
[2, 2621, 37, 27]
[2, 2621, 42, 43]
[2, 2621, 31, 37]
[2, 2621, 48, 36]
[2, 2621, 38, 42]
[2, 2621, 42, 31]
[2, 2621, 42, 30]
[2, 2621, 36, 47]
[2, 2621, 34, 44]
[2, 2621, 41, 34]
[2, 2621, 28, 36]
[2, 2621, 30, 41]
[2, 2621, 47, 41]
[2, 2621, 33, 45]
[2, 2621, 39, 27]
[2, 2621, 42, 44]
[2, 2621, 37, 25]
[2, 2621, 36, 44]
[2, 2621, 32, 42]
[2, 2621, 39, 42]
[2, 2621, 43, 42]
[2, 2621, 36, 42]
[2, 2621, 41, 39]
[2, 2621, 41, 41]
[2, 2621, 29, 41]
[2, 2621, 40, 36]
[2, 2621, 41, 33]
[2, 2621, 26, 38]
[2, 2621, 43, 34]
[2, 2621, 30, 44]
[2, 2621, 36, 42]
[2, 2621, 47, 36]
[2, 2621, 40, 39]
[2, 2621, 45, 32]
[2, 2621, 41, 38]
[2, 2621, 38, 39]
[2, 2621, 45, 39]
[5, 6553, 160, 141]
[5, 6553, 136, 167]
[5, 6553, 137, 149]
[5, 6553, 140, 152]
[5, 6553, 165, 130]
[5, 6553, 157, 173]
[5, 6553, 152, 141]
[5, 6553, 145, 163]
[5, 6553, 143, 139]
[5, 6553, 153, 158]
[5, 6553, 129, 165]
[5, 6553, 154, 144]
[5, 6553, 174, 151]
[5, 6553, 155, 165]
[5, 6553, 128, 150]
[5, 6553, 152, 150]
[5, 6553, 139, 151]
[5, 6553, 142, 145]
[5, 6553, 146, 137]
[5, 6553, 146, 149]
[5, 6553, 146, 136]
[5, 6553, 157, 160]
[5, 6553, 148, 147]
[5, 6553, 162, 134]
[5, 6553, 152, 144]
[5, 6553, 157, 134]
[5, 6553, 137, 142]
[5, 6553, 139, 129]
[5, 6553, 156, 151]
[5, 6553, 184, 124]
[5, 6553, 142, 144]
[5, 6553, 161, 140]
[5, 6553, 124, 165]
[5, 6553, 165, 159]
[5, 6553, 149, 140]
[5, 6553, 136, 144]
[5, 6553, 155, 158]
[5, 6553, 162, 148]
[5, 6553, 172, 146]
[5, 6553, 153, 141]
[5, 6553, 153, 165]
[5, 6553, 155, 143]
[5, 6553, 162, 155]
[5, 6553, 139, 151]
[5, 6553, 152, 140]
[5, 6553, 163, 147]
[5, 6553, 143, 180]
[5, 6553, 155, 119]
[5, 6553, 158, 139]
[5, 6553, 150, 139]
[5, 6553, 152, 128]
[5, 6553, 158, 157]
[5, 6553, 171, 135]
[5, 6553, 141, 142]
[5, 6553, 135, 154]
[5, 6553, 166, 146]
[5, 6553, 156, 148]
[5, 6553, 152, 159]
[5, 6553, 164, 146]
[5, 6553, 145, 148]
[5, 6553, 147, 154]
[5, 6553, 118, 130]
[5, 6553, 150, 144]
[5, 6553, 153, 154]
[5, 6553, 137, 122]
[5, 6553, 146, 128]
[5, 6553, 155, 135]
[5, 6553, 139, 140]
[5, 6553, 157, 152]
[5, 6553, 134, 146]
[5, 6553, 134, 152]
[5, 6553, 132, 136]
[5, 6553, 158, 150]
[5, 6553, 144, 138]
[5, 6553, 173, 153]
[5, 6553, 141, 155]
[5, 6553, 154, 132]
[5, 6553, 152, 141]
[5, 6553, 167, 139]
[5, 6553, 153, 135]
[5, 6553, 150, 141]
[5, 6553, 150, 125]
[5, 6553, 141, 136]
[5, 6553, 150, 153]
[5, 6553, 162, 130]
[5, 6553, 160, 143]
[5, 6553, 165, 127]
[5, 6553, 141, 147]
[5, 6553, 153, 156]
[5, 6553, 158, 132]
[5, 6553, 137, 134]
[5, 6553, 156, 115]
[5, 6553, 144, 126]
[5, 6553, 148, 147]
[5, 6553, 119, 149]
[5, 6553, 132, 148]
[5, 6553, 164, 135]
[5, 6553, 138, 141]
[5, 6553, 142, 138]
[5, 6553, 152, 152]
[10, 13107, 439, 431]
[10, 13107, 476, 473]
[10, 13107, 498, 486]
[10, 13107, 470, 450]
[10, 13107, 476, 431]
[10, 13107, 485, 450]
[10, 13107, 465, 447]
[10, 13107, 460, 473]
[10, 13107, 488, 463]
[10, 13107, 521, 448]
[10, 13107, 485, 465]
[10, 13107, 431, 435]
[10, 13107, 464, 457]
[10, 13107, 466, 454]
[10, 13107, 461, 449]
[10, 13107, 525, 473]
[10, 13107, 479, 455]
[10, 13107, 473, 462]
[10, 13107, 467, 480]
[10, 13107, 460, 481]
[10, 13107, 495, 469]
[10, 13107, 499, 431]
[10, 13107, 479, 440]
[10, 13107, 474, 479]
[10, 13107, 481, 463]
[10, 13107, 463, 450]
[10, 13107, 431, 463]
[10, 13107, 479, 471]
[10, 13107, 447, 432]
[10, 13107, 452, 458]
[10, 13107, 479, 471]
[10, 13107, 453, 454]
[10, 13107, 455, 464]
[10, 13107, 436, 494]
[10, 13107, 443, 473]
[10, 13107, 497, 480]
[10, 13107, 473, 501]
[10, 13107, 469, 503]
[10, 13107, 468, 435]
[10, 13107, 457, 443]
[10, 13107, 420, 476]
[10, 13107, 503, 479]
[10, 13107, 449, 466]
[10, 13107, 482, 472]
[10, 13107, 482, 460]
[10, 13107, 430, 470]
[10, 13107, 455, 485]
[10, 13107, 541, 484]
[10, 13107, 474, 494]
[10, 13107, 459, 463]
[10, 13107, 503, 473]
[10, 13107, 456, 454]
[10, 13107, 512, 456]
[10, 13107, 485, 451]
[10, 13107, 423, 526]
[10, 13107, 482, 480]
[10, 13107, 485, 466]
[10, 13107, 473, 456]
[10, 13107, 453, 456]
[10, 13107, 484, 439]
[10, 13107, 456, 436]
[10, 13107, 475, 476]
[10, 13107, 486, 470]
[10, 13107, 510, 480]
[10, 13107, 479, 454]
[10, 13107, 479, 516]
[10, 13107, 465, 449]
[10, 13107, 473, 457]
[10, 13107, 443, 457]
[10, 13107, 467, 475]
[10, 13107, 468, 516]
[10, 13107, 461, 494]
[10, 13107, 476, 470]
[10, 13107, 476, 443]
[10, 13107, 508, 422]
[10, 13107, 415, 498]
[10, 13107, 469, 432]
[10, 13107, 489, 444]
[10, 13107, 451, 458]
[10, 13107, 466, 466]
[10, 13107, 500, 477]
[10, 13107, 430, 462]
[10, 13107, 475, 422]
[10, 13107, 449, 454]
[10, 13107, 443, 462]
[10, 13107, 444, 444]
[10, 13107, 488, 450]
[10, 13107, 450, 476]
[10, 13107, 475, 475]
[10, 13107, 475, 462]
[10, 13107, 448, 479]
[10, 13107, 458, 464]
[10, 13107, 503, 481]
[10, 13107, 416, 520]
[10, 13107, 490, 496]
[10, 13107, 482, 448]
[10, 13107, 465, 492]
[10, 13107, 519, 433]
[10, 13107, 464, 469]
[10, 13107, 466, 435]
[15, 19660, 950, 934]
[15, 19660, 957, 954]
[15, 19660, 947, 1011]
[15, 19660, 951, 891]
[15, 19660, 961, 953]
[15, 19660, 955, 962]
[15, 19660, 966, 911]
[15, 19660, 939, 936]
[15, 19660, 936, 945]
[15, 19660, 977, 922]
[15, 19660, 1055, 958]
[15, 19660, 969, 941]
[15, 19660, 948, 940]
[15, 19660, 854, 961]
[15, 19660, 1043, 942]
[15, 19660, 971, 964]
[15, 19660, 915, 989]
[15, 19660, 961, 958]
[15, 19660, 980, 1023]
[15, 19660, 957, 1049]
[15, 19660, 972, 970]
[15, 19660, 915, 936]
[15, 19660, 964, 969]
[15, 19660, 969, 1005]
[15, 19660, 930, 974]
[15, 19660, 871, 970]
[15, 19660, 971, 942]
[15, 19660, 966, 952]
[15, 19660, 1000, 956]
[15, 19660, 926, 935]
[15, 19660, 989, 914]
[15, 19660, 960, 921]
[15, 19660, 975, 983]
[15, 19660, 967, 974]
[15, 19660, 935, 979]
[15, 19660, 908, 974]
[15, 19660, 961, 940]
[15, 19660, 1023, 935]
[15, 19660, 942, 948]
[15, 19660, 994, 934]
[15, 19660, 952, 1002]
[15, 19660, 965, 969]
[15, 19660, 956, 1000]
[15, 19660, 939, 954]
[15, 19660, 933, 941]
[15, 19660, 930, 959]
[15, 19660, 910, 1052]
[15, 19660, 958, 960]
[15, 19660, 957, 1014]
[15, 19660, 941, 979]
[15, 19660, 956, 976]
[15, 19660, 1028, 912]
[15, 19660, 924, 957]
[15, 19660, 970, 986]
[15, 19660, 956, 978]
[15, 19660, 949, 968]
[15, 19660, 983, 1032]
[15, 19660, 962, 980]
[15, 19660, 1020, 923]
[15, 19660, 979, 971]
[15, 19660, 974, 895]
[15, 19660, 952, 971]
[15, 19660, 993, 1017]
[15, 19660, 957, 968]
[15, 19660, 1017, 1046]
[15, 19660, 1003, 977]
[15, 19660, 953, 979]
[15, 19660, 918, 1015]
[15, 19660, 959, 962]
[15, 19660, 1051, 902]
[15, 19660, 972, 1029]
[15, 19660, 994, 946]
[15, 19660, 960, 964]
[15, 19660, 1012, 954]
[15, 19660, 964, 1027]
[15, 19660, 924, 991]
[15, 19660, 947, 930]
[15, 19660, 954, 1015]
[15, 19660, 949, 962]
[15, 19660, 927, 1015]
[15, 19660, 932, 974]
[15, 19660, 929, 992]
[15, 19660, 984, 1019]
[15, 19660, 999, 877]
[15, 19660, 943, 938]
[15, 19660, 979, 886]
[15, 19660, 973, 936]
[15, 19660, 964, 963]
[15, 19660, 1056, 963]
[15, 19660, 989, 962]
[15, 19660, 944, 984]
[15, 19660, 996, 901]
[15, 19660, 981, 1009]
[15, 19660, 990, 948]
[15, 19660, 1006, 971]
[15, 19660, 917, 967]
[15, 19660, 967, 915]
[15, 19660, 970, 955]
[15, 19660, 945, 994]
[15, 19660, 953, 1026]
[20, 26214, 1674, 1655]
[20, 26214, 1595, 1649]
[20, 26214, 1602, 1732]
[20, 26214, 1667, 1636]
[20, 26214, 1642, 1600]
[20, 26214, 1743, 1586]
[20, 26214, 1696, 1577]
[20, 26214, 1614, 1624]
[20, 26214, 1616, 1644]
[20, 26214, 1689, 1590]
[20, 26214, 1695, 1610]
[20, 26214, 1713, 1646]
[20, 26214, 1688, 1648]
[20, 26214, 1568, 1687]
[20, 26214, 1627, 1560]
[20, 26214, 1611, 1682]
[20, 26214, 1571, 1619]
[20, 26214, 1634, 1595]
[20, 26214, 1656, 1644]
[20, 26214, 1627, 1736]
[20, 26214, 1674, 1614]
[20, 26214, 1739, 1602]
[20, 26214, 1605, 1655]
[20, 26214, 1681, 1616]
[20, 26214, 1634, 1623]
[20, 26214, 1599, 1702]
[20, 26214, 1647, 1632]
[20, 26214, 1632, 1623]
[20, 26214, 1651, 1620]
[20, 26214, 1676, 1614]
[20, 26214, 1659, 1595]
[20, 26214, 1691, 1594]
[20, 26214, 1668, 1672]
[20, 26214, 1585, 1633]
[20, 26214, 1671, 1594]
[20, 26214, 1628, 1604]
[20, 26214, 1550, 1635]
[20, 26214, 1654, 1638]
[20, 26214, 1669, 1559]
[20, 26214, 1691, 1602]
[20, 26214, 1617, 1700]
[20, 26214, 1657, 1593]
[20, 26214, 1736, 1655]
[20, 26214, 1732, 1627]
[20, 26214, 1611, 1750]
[20, 26214, 1645, 1685]
[20, 26214, 1551, 1674]
[20, 26214, 1576, 1572]
[20, 26214, 1635, 1629]
[20, 26214, 1624, 1675]
[20, 26214, 1636, 1676]
[20, 26214, 1607, 1564]
[20, 26214, 1675, 1555]
[20, 26214, 1680, 1655]
[20, 26214, 1529, 1693]
[20, 26214, 1582, 1580]
[20, 26214, 1607, 1689]
[20, 26214, 1556, 1694]
[20, 26214, 1704, 1679]
[20, 26214, 1671, 1627]
[20, 26214, 1641, 1631]
[20, 26214, 1650, 1651]
[20, 26214, 1647, 1619]
[20, 26214, 1594, 1695]
[20, 26214, 1655, 1605]
[20, 26214, 1704, 1661]
[20, 26214, 1695, 1603]
[20, 26214, 1656, 1574]
[20, 26214, 1646, 1662]
[20, 26214, 1666, 1691]
[20, 26214, 1626, 1584]
[20, 26214, 1619, 1595]
[20, 26214, 1625, 1665]
[20, 26214, 1680, 1675]
[20, 26214, 1649, 1581]
[20, 26214, 1524, 1674]
[20, 26214, 1660, 1609]
[20, 26214, 1687, 1578]
[20, 26214, 1680, 1665]
[20, 26214, 1667, 1630]
[20, 26214, 1670, 1635]
[20, 26214, 1589, 1652]
[20, 26214, 1633, 1590]
[20, 26214, 1653, 1626]
[20, 26214, 1610, 1579]
[20, 26214, 1697, 1649]
[20, 26214, 1549, 1635]
[20, 26214, 1605, 1684]
[20, 26214, 1645, 1660]
[20, 26214, 1568, 1670]
[20, 26214, 1577, 1708]
[20, 26214, 1679, 1607]
[20, 26214, 1756, 1662]
[20, 26214, 1648, 1624]
[20, 26214, 1615, 1586]
[20, 26214, 1623, 1631]
[20, 26214, 1713, 1718]
[20, 26214, 1683, 1679]
[20, 26214, 1666, 1689]
[20, 26214, 1643, 1685]
[25, 32768, 2541, 2506]
[25, 32768, 2482, 2566]
[25, 32768, 2492, 2607]
[25, 32768, 2614, 2552]
[25, 32768, 2409, 2521]
[25, 32768, 2558, 2537]
[25, 32768, 2529, 2526]
[25, 32768, 2427, 2521]
[25, 32768, 2523, 2541]
[25, 32768, 2535, 2428]
[25, 32768, 2512, 2345]
[25, 32768, 2553, 2469]
[25, 32768, 2443, 2490]
[25, 32768, 2484, 2556]
[25, 32768, 2557, 2519]
[25, 32768, 2494, 2465]
[25, 32768, 2516, 2526]
[25, 32768, 2530, 2395]
[25, 32768, 2578, 2532]
[25, 32768, 2418, 2559]
[25, 32768, 2609, 2475]
[25, 32768, 2449, 2496]
[25, 32768, 2466, 2452]
[25, 32768, 2493, 2369]
[25, 32768, 2536, 2443]
[25, 32768, 2484, 2414]
[25, 32768, 2432, 2533]
[25, 32768, 2514, 2547]
[25, 32768, 2473, 2423]
[25, 32768, 2491, 2509]
[25, 32768, 2466, 2467]
[25, 32768, 2414, 2489]
[25, 32768, 2484, 2529]
[25, 32768, 2550, 2538]
[25, 32768, 2537, 2539]
[25, 32768, 2492, 2531]
[25, 32768, 2548, 2586]
[25, 32768, 2539, 2463]
[25, 32768, 2537, 2471]
[25, 32768, 2575, 2423]
[25, 32768, 2441, 2514]
[25, 32768, 2511, 2444]
[25, 32768, 2425, 2530]
[25, 32768, 2530, 2453]
[25, 32768, 2520, 2583]
[25, 32768, 2403, 2533]
[25, 32768, 2416, 2628]
[25, 32768, 2592, 2451]
[25, 32768, 2516, 2601]
[25, 32768, 2446, 2598]
[25, 32768, 2473, 2535]
[25, 32768, 2506, 2579]
[25, 32768, 2584, 2382]
[25, 32768, 2542, 2532]
[25, 32768, 2495, 2567]
[25, 32768, 2507, 2478]
[25, 32768, 2465, 2523]
[25, 32768, 2490, 2531]
[25, 32768, 2507, 2502]
[25, 32768, 2631, 2415]
[25, 32768, 2534, 2490]
[25, 32768, 2437, 2524]
[25, 32768, 2559, 2554]
[25, 32768, 2497, 2534]
[25, 32768, 2494, 2587]
[25, 32768, 2553, 2417]
[25, 32768, 2549, 2406]
[25, 32768, 2519, 2445]
[25, 32768, 2477, 2583]
[25, 32768, 2544, 2563]
[25, 32768, 2369, 2515]
[25, 32768, 2504, 2457]
[25, 32768, 2462, 2593]
[25, 32768, 2488, 2470]
[25, 32768, 2501, 2422]
[25, 32768, 2465, 2499]
[25, 32768, 2469, 2480]
[25, 32768, 2524, 2398]
[25, 32768, 2586, 2528]
[25, 32768, 2426, 2670]
[25, 32768, 2532, 2511]
[25, 32768, 2504, 2506]
[25, 32768, 2507, 2519]
[25, 32768, 2472, 2478]
[25, 32768, 2434, 2553]
[25, 32768, 2534, 2436]
[25, 32768, 2445, 2582]
[25, 32768, 2471, 2502]
[25, 32768, 2458, 2513]
[25, 32768, 2569, 2444]
[25, 32768, 2437, 2601]
[25, 32768, 2482, 2559]
[25, 32768, 2531, 2461]
[25, 32768, 2557, 2535]
[25, 32768, 2493, 2552]
[25, 32768, 2500, 2509]
[25, 32768, 2454, 2524]
[25, 32768, 2468, 2512]
[25, 32768, 2539, 2422]
[25, 32768, 2513, 2418]
[30, 39321, 3472, 3541]
[30, 39321, 3525, 3493]
[30, 39321, 3457, 3597]
[30, 39321, 3523, 3545]
[30, 39321, 3657, 3543]
[30, 39321, 3517, 3532]
[30, 39321, 3619, 3613]
[30, 39321, 3499, 3593]
[30, 39321, 3478, 3581]
[30, 39321, 3696, 3455]
[30, 39321, 3742, 3523]
[30, 39321, 3483, 3521]
[30, 39321, 3513, 3499]
[30, 39321, 3408, 3525]
[30, 39321, 3573, 3461]
[30, 39321, 3607, 3446]
[30, 39321, 3431, 3587]
[30, 39321, 3620, 3570]
[30, 39321, 3442, 3673]
[30, 39321, 3528, 3635]
[30, 39321, 3549, 3534]
[30, 39321, 3606, 3484]
[30, 39321, 3640, 3428]
[30, 39321, 3677, 3438]
[30, 39321, 3760, 3461]
[30, 39321, 3426, 3516]
[30, 39321, 3492, 3597]
[30, 39321, 3539, 3459]
[30, 39321, 3567, 3528]
[30, 39321, 3516, 3448]
[30, 39321, 3583, 3502]
[30, 39321, 3528, 3501]
[30, 39321, 3572, 3502]
[30, 39321, 3613, 3563]
[30, 39321, 3527, 3450]
[30, 39321, 3575, 3521]
[30, 39321, 3485, 3611]
[30, 39321, 3613, 3604]
[30, 39321, 3554, 3563]
[30, 39321, 3601, 3661]
[30, 39321, 3595, 3665]
[30, 39321, 3580, 3552]
[30, 39321, 3485, 3634]
[30, 39321, 3602, 3457]
[30, 39321, 3508, 3636]
[30, 39321, 3518, 3597]
[30, 39321, 3402, 3590]
[30, 39321, 3654, 3538]
[30, 39321, 3528, 3545]
[30, 39321, 3444, 3684]
[30, 39321, 3650, 3588]
[30, 39321, 3624, 3491]
[30, 39321, 3630, 3534]
[30, 39321, 3582, 3586]
[30, 39321, 3556, 3588]
[30, 39321, 3586, 3604]
[30, 39321, 3550, 3610]
[30, 39321, 3537, 3598]
[30, 39321, 3408, 3529]
[30, 39321, 3574, 3632]
[30, 39321, 3537, 3580]
[30, 39321, 3528, 3552]
[30, 39321, 3531, 3595]
[30, 39321, 3520, 3672]
[30, 39321, 3542, 3525]
[30, 39321, 3623, 3476]
[30, 39321, 3751, 3564]
[30, 39321, 3520, 3616]
[30, 39321, 3527, 3626]
[30, 39321, 3611, 3524]
[30, 39321, 3415, 3637]
[30, 39321, 3528, 3526]
[30, 39321, 3486, 3563]
[30, 39321, 3681, 3422]
[30, 39321, 3564, 3556]
[30, 39321, 3501, 3633]
[30, 39321, 3596, 3510]
[30, 39321, 3703, 3587]
[30, 39321, 3586, 3571]
[30, 39321, 3513, 3613]
[30, 39321, 3536, 3512]
[30, 39321, 3613, 3538]
[30, 39321, 3662, 3446]
[30, 39321, 3589, 3548]
[30, 39321, 3571, 3558]
[30, 39321, 3601, 3525]
[30, 39321, 3631, 3628]
[30, 39321, 3595, 3552]
[30, 39321, 3625, 3528]
[30, 39321, 3548, 3582]
[30, 39321, 3443, 3623]
[30, 39321, 3567, 3521]
[30, 39321, 3470, 3526]
[30, 39321, 3531, 3564]
[30, 39321, 3467, 3579]
[30, 39321, 3567, 3479]
[30, 39321, 3501, 3607]
[30, 39321, 3625, 3543]
[30, 39321, 3516, 3585]
[30, 39321, 3524, 3596]
[35, 45875, 5025, 4646]
[35, 45875, 4753, 4748]
[35, 45875, 4733, 4914]
[35, 45875, 4923, 4728]
[35, 45875, 4795, 4804]
[35, 45875, 4783, 4799]
[35, 45875, 4822, 4831]
[35, 45875, 4766, 4842]
[35, 45875, 4804, 4776]
[35, 45875, 4944, 4699]
[35, 45875, 4868, 4756]
[35, 45875, 4807, 4688]
[35, 45875, 4681, 4780]
[35, 45875, 4736, 4808]
[35, 45875, 4975, 4610]
[35, 45875, 4895, 4684]
[35, 45875, 4706, 4752]
[35, 45875, 4756, 4755]
[35, 45875, 4720, 4731]
[35, 45875, 4712, 4846]
[35, 45875, 5007, 4677]
[35, 45875, 4783, 4676]
[35, 45875, 4883, 4853]
[35, 45875, 4777, 4693]
[35, 45875, 4897, 4696]
[35, 45875, 4767, 4790]
[35, 45875, 4636, 4910]
[35, 45875, 4824, 4761]
[35, 45875, 4922, 4666]
[35, 45875, 4907, 4774]
[35, 45875, 4898, 4760]
[35, 45875, 4749, 4757]
[35, 45875, 4799, 4897]
[35, 45875, 4831, 4836]
[35, 45875, 4776, 4712]
[35, 45875, 4772, 4840]
[35, 45875, 4832, 4743]
[35, 45875, 4757, 4796]
[35, 45875, 4855, 4660]
[35, 45875, 4713, 4793]
[35, 45875, 4695, 4868]
[35, 45875, 4745, 4743]
[35, 45875, 4817, 4725]
[35, 45875, 4849, 4857]
[35, 45875, 4758, 4747]
[35, 45875, 4764, 4702]
[35, 45875, 4760, 5018]
[35, 45875, 4803, 4681]
[35, 45875, 4866, 4770]
[35, 45875, 4731, 4704]
[35, 45875, 4812, 4843]
[35, 45875, 4869, 4806]
[35, 45875, 4780, 4793]
[35, 45875, 4862, 4680]
[35, 45875, 4728, 4831]
[35, 45875, 4711, 4904]
[35, 45875, 4790, 4783]
[35, 45875, 4888, 4670]
[35, 45875, 4745, 4747]
[35, 45875, 4850, 4707]
[35, 45875, 4822, 4858]
[35, 45875, 4815, 4937]
[35, 45875, 4766, 4701]
[35, 45875, 4878, 4866]
[35, 45875, 4873, 4781]
[35, 45875, 4768, 4669]
[35, 45875, 4830, 4809]
[35, 45875, 4839, 4823]
[35, 45875, 4836, 4846]
[35, 45875, 4889, 4732]
[35, 45875, 4832, 4891]
[35, 45875, 4688, 4800]
[35, 45875, 4647, 4842]
[35, 45875, 4869, 4615]
[35, 45875, 4828, 4704]
[35, 45875, 4708, 4880]
[35, 45875, 4740, 4810]
[35, 45875, 4765, 4724]
[35, 45875, 4720, 4779]
[35, 45875, 4713, 4883]
[35, 45875, 4830, 4843]
[35, 45875, 4739, 4875]
[35, 45875, 4952, 4767]
[35, 45875, 4726, 4917]
[35, 45875, 4853, 4795]
[35, 45875, 4919, 4675]
[35, 45875, 4758, 4751]
[35, 45875, 4792, 4774]
[35, 45875, 4863, 4675]
[35, 45875, 4769, 4810]
[35, 45875, 4653, 4876]
[35, 45875, 4785, 4850]
[35, 45875, 4759, 4778]
[35, 45875, 4811, 4764]
[35, 45875, 4827, 4854]
[35, 45875, 4771, 4757]
[35, 45875, 4818, 4752]
[35, 45875, 4894, 4634]
[35, 45875, 4779, 4862]
[35, 45875, 4770, 4689]
[40, 52428, 6210, 6114]
[40, 52428, 6198, 6233]
[40, 52428, 6180, 6302]
[40, 52428, 6330, 6192]
[40, 52428, 6273, 6266]
[40, 52428, 6270, 6258]
[40, 52428, 6199, 6299]
[40, 52428, 6225, 6268]
[40, 52428, 6400, 6088]
[40, 52428, 6219, 6079]
[40, 52428, 6264, 6178]
[40, 52428, 6335, 6130]
[40, 52428, 6285, 6239]
[40, 52428, 6211, 6357]
[40, 52428, 6300, 6091]
[40, 52428, 6464, 6134]
[40, 52428, 6186, 6098]
[40, 52428, 6261, 6180]
[40, 52428, 6414, 6327]
[40, 52428, 6182, 6349]
[40, 52428, 6163, 6131]
[40, 52428, 6288, 6165]
[40, 52428, 6279, 6039]
[40, 52428, 6256, 6119]
[40, 52428, 6297, 5992]
[40, 52428, 6233, 6251]
[40, 52428, 6037, 6473]
[40, 52428, 6193, 6145]
[40, 52428, 6221, 6278]
[40, 52428, 6388, 6074]
[40, 52428, 6070, 6157]
[40, 52428, 6210, 6263]
[40, 52428, 6174, 6379]
[40, 52428, 6317, 6095]
[40, 52428, 6278, 6171]
[40, 52428, 6432, 6338]
[40, 52428, 6277, 6300]
[40, 52428, 6306, 6285]
[40, 52428, 6275, 6193]
[40, 52428, 6048, 6303]
[40, 52428, 6167, 6318]
[40, 52428, 6345, 6139]
[40, 52428, 6149, 6192]
[40, 52428, 6217, 6095]
[40, 52428, 6136, 6307]
[40, 52428, 6207, 6285]
[40, 52428, 6238, 6172]
[40, 52428, 6148, 6214]
[40, 52428, 6197, 6272]
[40, 52428, 6243, 6327]
[40, 52428, 6186, 6145]
[40, 52428, 6352, 6163]
[40, 52428, 6275, 6090]
[40, 52428, 6193, 6229]
[40, 52428, 6175, 6292]
[40, 52428, 6213, 6180]
[40, 52428, 6215, 6282]
[40, 52428, 6159, 6231]
[40, 52428, 6237, 6324]
[40, 52428, 6304, 6179]
[40, 52428, 6390, 6264]
[40, 52428, 6048, 6237]
[40, 52428, 6218, 6275]
[40, 52428, 6210, 6255]
[40, 52428, 6226, 6388]
[40, 52428, 6402, 6017]
[40, 52428, 6187, 6224]
[40, 52428, 6265, 6240]
[40, 52428, 6252, 6203]
[40, 52428, 6191, 6157]
[40, 52428, 5992, 6289]
[40, 52428, 6305, 6200]
[40, 52428, 6227, 6330]
[40, 52428, 6367, 6187]
[40, 52428, 6215, 6246]
[40, 52428, 6149, 6225]
[40, 52428, 6197, 6215]
[40, 52428, 6333, 6057]
[40, 52428, 6348, 6421]
[40, 52428, 6096, 6278]
[40, 52428, 6226, 6338]
[40, 52428, 6206, 6164]
[40, 52428, 6294, 6066]
[40, 52428, 6302, 6023]
[40, 52428, 6194, 6124]
[40, 52428, 6264, 6011]
[40, 52428, 6119, 6196]
[40, 52428, 6187, 6309]
[40, 52428, 6218, 6209]
[40, 52428, 6259, 6202]
[40, 52428, 6198, 6337]
[40, 52428, 6226, 6239]
[40, 52428, 6289, 6098]
[40, 52428, 6272, 6297]
[40, 52428, 6178, 6292]
[40, 52428, 6354, 6111]
[40, 52428, 6310, 6248]
[40, 52428, 6364, 6106]
[40, 52428, 6238, 6395]
[40, 52428, 6171, 6132]
