[1, 655, 23]
[1, 655, 30]
[1, 655, 28]
[1, 655, 28]
[1, 655, 44]
[1, 655, 24]
[1, 655, 24]
[1, 655, 36]
[1, 655, 48]
[1, 655, 25]
[1, 655, 34]
[1, 655, 24]
[1, 655, 37]
[1, 655, 25]
[1, 655, 27]
[1, 655, 32]
[1, 655, 28]
[1, 655, 36]
[1, 655, 32]
[1, 655, 30]
[1, 655, 32]
[1, 655, 26]
[1, 655, 38]
[1, 655, 41]
[1, 655, 38]
[1, 655, 41]
[1, 655, 30]
[1, 655, 32]
[1, 655, 23]
[1, 655, 33]
[1, 655, 28]
[1, 655, 40]
[1, 655, 25]
[1, 655, 27]
[1, 655, 32]
[1, 655, 16]
[1, 655, 33]
[1, 655, 30]
[1, 655, 26]
[1, 655, 27]
[1, 655, 27]
[1, 655, 34]
[1, 655, 27]
[1, 655, 28]
[1, 655, 44]
[1, 655, 36]
[1, 655, 30]
[1, 655, 20]
[1, 655, 32]
[1, 655, 31]
[1, 655, 22]
[1, 655, 30]
[1, 655, 30]
[1, 655, 23]
[1, 655, 27]
[1, 655, 21]
[1, 655, 26]
[1, 655, 27]
[1, 655, 32]
[1, 655, 25]
[1, 655, 33]
[1, 655, 39]
[1, 655, 25]
[1, 655, 25]
[1, 655, 24]
[1, 655, 36]
[1, 655, 38]
[1, 655, 31]
[1, 655, 45]
[1, 655, 35]
[1, 655, 32]
[1, 655, 29]
[1, 655, 37]
[1, 655, 43]
[1, 655, 21]
[1, 655, 27]
[1, 655, 35]
[1, 655, 33]
[1, 655, 21]
[1, 655, 28]
[1, 655, 33]
[1, 655, 30]
[1, 655, 30]
[1, 655, 30]
[1, 655, 31]
[1, 655, 46]
[1, 655, 37]
[1, 655, 38]
[1, 655, 36]
[1, 655, 30]
[1, 655, 29]
[1, 655, 34]
[1, 655, 24]
[1, 655, 35]
[1, 655, 36]
[1, 655, 32]
[1, 655, 25]
[1, 655, 35]
[1, 655, 37]
[1, 655, 23]
[2, 1310, 70]
[2, 1310, 64]
[2, 1310, 67]
[2, 1310, 48]
[2, 1310, 68]
[2, 1310, 68]
[2, 1310, 62]
[2, 1310, 78]
[2, 1310, 66]
[2, 1310, 70]
[2, 1310, 70]
[2, 1310, 68]
[2, 1310, 70]
[2, 1310, 63]
[2, 1310, 55]
[2, 1310, 71]
[2, 1310, 81]
[2, 1310, 63]
[2, 1310, 63]
[2, 1310, 72]
[2, 1310, 55]
[2, 1310, 64]
[2, 1310, 57]
[2, 1310, 57]
[2, 1310, 53]
[2, 1310, 65]
[2, 1310, 63]
[2, 1310, 55]
[2, 1310, 64]
[2, 1310, 62]
[2, 1310, 56]
[2, 1310, 62]
[2, 1310, 70]
[2, 1310, 61]
[2, 1310, 53]
[2, 1310, 69]
[2, 1310, 72]
[2, 1310, 70]
[2, 1310, 53]
[2, 1310, 68]
[2, 1310, 52]
[2, 1310, 72]
[2, 1310, 82]
[2, 1310, 54]
[2, 1310, 65]
[2, 1310, 66]
[2, 1310, 40]
[2, 1310, 73]
[2, 1310, 72]
[2, 1310, 58]
[2, 1310, 70]
[2, 1310, 75]
[2, 1310, 64]
[2, 1310, 58]
[2, 1310, 65]
[2, 1310, 71]
[2, 1310, 61]
[2, 1310, 53]
[2, 1310, 67]
[2, 1310, 55]
[2, 1310, 61]
[2, 1310, 77]
[2, 1310, 59]
[2, 1310, 69]
[2, 1310, 70]
[2, 1310, 72]
[2, 1310, 65]
[2, 1310, 60]
[2, 1310, 44]
[2, 1310, 65]
[2, 1310, 67]
[2, 1310, 58]
[2, 1310, 57]
[2, 1310, 67]
[2, 1310, 56]
[2, 1310, 73]
[2, 1310, 61]
[2, 1310, 62]
[2, 1310, 52]
[2, 1310, 69]
[2, 1310, 71]
[2, 1310, 49]
[2, 1310, 74]
[2, 1310, 74]
[2, 1310, 64]
[2, 1310, 67]
[2, 1310, 77]
[2, 1310, 61]
[2, 1310, 52]
[2, 1310, 68]
[2, 1310, 66]
[2, 1310, 42]
[2, 1310, 53]
[2, 1310, 66]
[2, 1310, 58]
[2, 1310, 68]
[2, 1310, 60]
[2, 1310, 69]
[2, 1310, 64]
[2, 1310, 54]
[5, 3276, 230]
[5, 3276, 212]
[5, 3276, 237]
[5, 3276, 218]
[5, 3276, 193]
[5, 3276, 231]
[5, 3276, 221]
[5, 3276, 190]
[5, 3276, 215]
[5, 3276, 198]
[5, 3276, 211]
[5, 3276, 222]
[5, 3276, 216]
[5, 3276, 216]
[5, 3276, 185]
[5, 3276, 187]
[5, 3276, 190]
[5, 3276, 201]
[5, 3276, 240]
[5, 3276, 214]
[5, 3276, 228]
[5, 3276, 226]
[5, 3276, 194]
[5, 3276, 222]
[5, 3276, 217]
[5, 3276, 203]
[5, 3276, 231]
[5, 3276, 208]
[5, 3276, 240]
[5, 3276, 212]
[5, 3276, 213]
[5, 3276, 186]
[5, 3276, 204]
[5, 3276, 194]
[5, 3276, 206]
[5, 3276, 198]
[5, 3276, 188]
[5, 3276, 193]
[5, 3276, 201]
[5, 3276, 221]
[5, 3276, 217]
[5, 3276, 221]
[5, 3276, 212]
[5, 3276, 230]
[5, 3276, 226]
[5, 3276, 202]
[5, 3276, 226]
[5, 3276, 228]
[5, 3276, 229]
[5, 3276, 236]
[5, 3276, 215]
[5, 3276, 194]
[5, 3276, 210]
[5, 3276, 207]
[5, 3276, 220]
[5, 3276, 212]
[5, 3276, 182]
[5, 3276, 226]
[5, 3276, 211]
[5, 3276, 223]
[5, 3276, 214]
[5, 3276, 210]
[5, 3276, 206]
[5, 3276, 206]
[5, 3276, 205]
[5, 3276, 235]
[5, 3276, 187]
[5, 3276, 193]
[5, 3276, 206]
[5, 3276, 215]
[5, 3276, 235]
[5, 3276, 205]
[5, 3276, 224]
[5, 3276, 211]
[5, 3276, 203]
[5, 3276, 197]
[5, 3276, 223]
[5, 3276, 212]
[5, 3276, 226]
[5, 3276, 206]
[5, 3276, 212]
[5, 3276, 185]
[5, 3276, 234]
[5, 3276, 217]
[5, 3276, 205]
[5, 3276, 207]
[5, 3276, 224]
[5, 3276, 239]
[5, 3276, 192]
[5, 3276, 219]
[5, 3276, 207]
[5, 3276, 202]
[5, 3276, 210]
[5, 3276, 227]
[5, 3276, 215]
[5, 3276, 221]
[5, 3276, 207]
[5, 3276, 209]
[5, 3276, 216]
[5, 3276, 214]
[10, 6553, 600]
[10, 6553, 588]
[10, 6553, 616]
[10, 6553, 603]
[10, 6553, 652]
[10, 6553, 567]
[10, 6553, 578]
[10, 6553, 615]
[10, 6553, 587]
[10, 6553, 568]
[10, 6553, 653]
[10, 6553, 541]
[10, 6553, 577]
[10, 6553, 609]
[10, 6553, 561]
[10, 6553, 610]
[10, 6553, 598]
[10, 6553, 581]
[10, 6553, 603]
[10, 6553, 559]
[10, 6553, 540]
[10, 6553, 563]
[10, 6553, 628]
[10, 6553, 579]
[10, 6553, 594]
[10, 6553, 563]
[10, 6553, 615]
[10, 6553, 671]
[10, 6553, 621]
[10, 6553, 623]
[10, 6553, 599]
[10, 6553, 621]
[10, 6553, 580]
[10, 6553, 576]
[10, 6553, 613]
[10, 6553, 599]
[10, 6553, 595]
[10, 6553, 598]
[10, 6553, 610]
[10, 6553, 574]
[10, 6553, 619]
[10, 6553, 569]
[10, 6553, 587]
[10, 6553, 591]
[10, 6553, 552]
[10, 6553, 574]
[10, 6553, 582]
[10, 6553, 625]
[10, 6553, 563]
[10, 6553, 562]
[10, 6553, 610]
[10, 6553, 618]
[10, 6553, 573]
[10, 6553, 599]
[10, 6553, 567]
[10, 6553, 623]
[10, 6553, 608]
[10, 6553, 585]
[10, 6553, 589]
[10, 6553, 596]
[10, 6553, 577]
[10, 6553, 577]
[10, 6553, 591]
[10, 6553, 566]
[10, 6553, 635]
[10, 6553, 616]
[10, 6553, 596]
[10, 6553, 618]
[10, 6553, 599]
[10, 6553, 549]
[10, 6553, 581]
[10, 6553, 592]
[10, 6553, 562]
[10, 6553, 618]
[10, 6553, 584]
[10, 6553, 635]
[10, 6553, 584]
[10, 6553, 611]
[10, 6553, 574]
[10, 6553, 570]
[10, 6553, 644]
[10, 6553, 597]
[10, 6553, 595]
[10, 6553, 569]
[10, 6553, 594]
[10, 6553, 586]
[10, 6553, 595]
[10, 6553, 548]
[10, 6553, 594]
[10, 6553, 597]
[10, 6553, 599]
[10, 6553, 580]
[10, 6553, 575]
[10, 6553, 602]
[10, 6553, 599]
[10, 6553, 586]
[10, 6553, 567]
[10, 6553, 648]
[10, 6553, 573]
[10, 6553, 575]
[15, 9830, 1147]
[15, 9830, 1135]
[15, 9830, 1127]
[15, 9830, 1109]
[15, 9830, 1146]
[15, 9830, 1142]
[15, 9830, 1221]
[15, 9830, 1209]
[15, 9830, 1192]
[15, 9830, 1160]
[15, 9830, 1125]
[15, 9830, 1150]
[15, 9830, 1118]
[15, 9830, 1186]
[15, 9830, 1127]
[15, 9830, 1133]
[15, 9830, 1195]
[15, 9830, 1154]
[15, 9830, 1147]
[15, 9830, 1117]
[15, 9830, 1161]
[15, 9830, 1172]
[15, 9830, 1094]
[15, 9830, 1201]
[15, 9830, 1130]
[15, 9830, 1152]
[15, 9830, 1190]
[15, 9830, 1179]
[15, 9830, 1100]
[15, 9830, 1145]
[15, 9830, 1136]
[15, 9830, 1178]
[15, 9830, 1147]
[15, 9830, 1138]
[15, 9830, 1207]
[15, 9830, 1130]
[15, 9830, 1238]
[15, 9830, 1179]
[15, 9830, 1137]
[15, 9830, 1164]
[15, 9830, 1207]
[15, 9830, 1140]
[15, 9830, 1182]
[15, 9830, 1134]
[15, 9830, 1180]
[15, 9830, 1138]
[15, 9830, 1208]
[15, 9830, 1133]
[15, 9830, 1089]
[15, 9830, 1127]
[15, 9830, 1183]
[15, 9830, 1095]
[15, 9830, 1177]
[15, 9830, 1085]
[15, 9830, 1163]
[15, 9830, 1147]
[15, 9830, 1099]
[15, 9830, 1183]
[15, 9830, 1144]
[15, 9830, 1108]
[15, 9830, 1193]
[15, 9830, 1136]
[15, 9830, 1192]
[15, 9830, 1170]
[15, 9830, 1158]
[15, 9830, 1164]
[15, 9830, 1075]
[15, 9830, 1139]
[15, 9830, 1131]
[15, 9830, 1138]
[15, 9830, 1077]
[15, 9830, 1105]
[15, 9830, 1117]
[15, 9830, 1107]
[15, 9830, 1118]
[15, 9830, 1187]
[15, 9830, 1166]
[15, 9830, 1131]
[15, 9830, 1113]
[15, 9830, 1165]
[15, 9830, 1129]
[15, 9830, 1096]
[15, 9830, 1154]
[15, 9830, 1219]
[15, 9830, 1139]
[15, 9830, 1182]
[15, 9830, 1139]
[15, 9830, 1125]
[15, 9830, 1130]
[15, 9830, 1146]
[15, 9830, 1139]
[15, 9830, 1164]
[15, 9830, 1130]
[15, 9830, 1165]
[15, 9830, 1198]
[15, 9830, 1148]
[15, 9830, 1115]
[15, 9830, 1164]
[15, 9830, 1127]
[15, 9830, 1154]
[20, 13107, 1899]
[20, 13107, 1870]
[20, 13107, 1921]
[20, 13107, 1971]
[20, 13107, 1897]
[20, 13107, 1867]
[20, 13107, 1875]
[20, 13107, 1929]
[20, 13107, 1884]
[20, 13107, 1872]
[20, 13107, 1876]
[20, 13107, 1881]
[20, 13107, 1865]
[20, 13107, 1953]
[20, 13107, 1881]
[20, 13107, 1845]
[20, 13107, 1827]
[20, 13107, 1878]
[20, 13107, 1877]
[20, 13107, 1883]
[20, 13107, 1860]
[20, 13107, 1936]
[20, 13107, 1961]
[20, 13107, 1913]
[20, 13107, 1888]
[20, 13107, 1933]
[20, 13107, 1879]
[20, 13107, 1935]
[20, 13107, 1901]
[20, 13107, 1880]
[20, 13107, 1925]
[20, 13107, 1882]
[20, 13107, 1887]
[20, 13107, 1805]
[20, 13107, 1896]
[20, 13107, 1856]
[20, 13107, 1832]
[20, 13107, 1914]
[20, 13107, 1864]
[20, 13107, 1872]
[20, 13107, 1967]
[20, 13107, 1909]
[20, 13107, 1827]
[20, 13107, 1937]
[20, 13107, 1859]
[20, 13107, 1864]
[20, 13107, 1944]
[20, 13107, 1887]
[20, 13107, 1862]
[20, 13107, 1843]
[20, 13107, 1816]
[20, 13107, 1862]
[20, 13107, 1899]
[20, 13107, 1845]
[20, 13107, 1964]
[20, 13107, 1838]
[20, 13107, 1934]
[20, 13107, 1860]
[20, 13107, 1893]
[20, 13107, 1893]
[20, 13107, 1860]
[20, 13107, 1897]
[20, 13107, 1790]
[20, 13107, 1978]
[20, 13107, 1842]
[20, 13107, 1924]
[20, 13107, 1841]
[20, 13107, 1859]
[20, 13107, 1957]
[20, 13107, 1900]
[20, 13107, 1877]
[20, 13107, 1935]
[20, 13107, 1874]
[20, 13107, 1885]
[20, 13107, 1892]
[20, 13107, 1870]
[20, 13107, 1901]
[20, 13107, 1898]
[20, 13107, 1954]
[20, 13107, 1852]
[20, 13107, 1914]
[20, 13107, 1851]
[20, 13107, 1848]
[20, 13107, 1959]
[20, 13107, 1902]
[20, 13107, 1901]
[20, 13107, 1888]
[20, 13107, 1946]
[20, 13107, 1904]
[20, 13107, 1871]
[20, 13107, 1873]
[20, 13107, 1868]
[20, 13107, 1875]
[20, 13107, 1860]
[20, 13107, 1905]
[20, 13107, 1947]
[20, 13107, 1891]
[20, 13107, 1881]
[20, 13107, 1841]
[20, 13107, 1816]
[25, 16384, 2740]
[25, 16384, 2779]
[25, 16384, 2689]
[25, 16384, 2802]
[25, 16384, 2806]
[25, 16384, 2812]
[25, 16384, 2779]
[25, 16384, 2810]
[25, 16384, 2798]
[25, 16384, 2889]
[25, 16384, 2902]
[25, 16384, 2862]
[25, 16384, 2852]
[25, 16384, 2893]
[25, 16384, 2782]
[25, 16384, 2787]
[25, 16384, 2678]
[25, 16384, 2846]
[25, 16384, 2823]
[25, 16384, 2869]
[25, 16384, 2848]
[25, 16384, 2798]
[25, 16384, 2725]
[25, 16384, 2728]
[25, 16384, 2813]
[25, 16384, 2799]
[25, 16384, 2759]
[25, 16384, 2797]
[25, 16384, 2784]
[25, 16384, 2731]
[25, 16384, 2814]
[25, 16384, 2720]
[25, 16384, 2848]
[25, 16384, 2839]
[25, 16384, 2827]
[25, 16384, 2763]
[25, 16384, 2804]
[25, 16384, 2804]
[25, 16384, 2787]
[25, 16384, 2808]
[25, 16384, 2760]
[25, 16384, 2864]
[25, 16384, 2786]
[25, 16384, 2843]
[25, 16384, 2757]
[25, 16384, 2733]
[25, 16384, 2868]
[25, 16384, 2768]
[25, 16384, 2765]
[25, 16384, 2842]
[25, 16384, 2752]
[25, 16384, 2886]
[25, 16384, 2826]
[25, 16384, 2806]
[25, 16384, 2844]
[25, 16384, 2876]
[25, 16384, 2887]
[25, 16384, 2866]
[25, 16384, 2826]
[25, 16384, 2919]
[25, 16384, 2773]
[25, 16384, 2897]
[25, 16384, 2913]
[25, 16384, 2885]
[25, 16384, 2783]
[25, 16384, 2746]
[25, 16384, 2883]
[25, 16384, 2873]
[25, 16384, 2858]
[25, 16384, 2734]
[25, 16384, 2788]
[25, 16384, 2890]
[25, 16384, 2803]
[25, 16384, 2809]
[25, 16384, 2791]
[25, 16384, 2779]
[25, 16384, 2806]
[25, 16384, 2834]
[25, 16384, 2796]
[25, 16384, 2823]
[25, 16384, 2788]
[25, 16384, 2728]
[25, 16384, 2841]
[25, 16384, 2811]
[25, 16384, 2840]
[25, 16384, 2764]
[25, 16384, 2777]
[25, 16384, 2869]
[25, 16384, 2793]
[25, 16384, 2740]
[25, 16384, 2859]
[25, 16384, 2847]
[25, 16384, 2855]
[25, 16384, 2742]
[25, 16384, 2854]
[25, 16384, 2760]
[25, 16384, 2747]
[25, 16384, 2854]
[25, 16384, 2837]
[25, 16384, 2805]
[30, 19660, 3941]
[30, 19660, 3924]
[30, 19660, 3944]
[30, 19660, 4022]
[30, 19660, 3995]
[30, 19660, 3886]
[30, 19660, 3903]
[30, 19660, 3981]
[30, 19660, 3997]
[30, 19660, 3802]
[30, 19660, 3916]
[30, 19660, 3934]
[30, 19660, 3760]
[30, 19660, 3871]
[30, 19660, 3985]
[30, 19660, 3900]
[30, 19660, 3829]
[30, 19660, 3936]
[30, 19660, 3957]
[30, 19660, 4018]
[30, 19660, 3945]
[30, 19660, 4007]
[30, 19660, 3826]
[30, 19660, 3910]
[30, 19660, 3923]
[30, 19660, 3935]
[30, 19660, 3828]
[30, 19660, 3890]
[30, 19660, 3933]
[30, 19660, 3944]
[30, 19660, 3857]
[30, 19660, 3868]
[30, 19660, 4017]
[30, 19660, 3844]
[30, 19660, 3748]
[30, 19660, 4028]
[30, 19660, 3984]
[30, 19660, 3924]
[30, 19660, 3922]
[30, 19660, 3917]
[30, 19660, 3883]
[30, 19660, 3832]
[30, 19660, 3974]
[30, 19660, 3822]
[30, 19660, 3945]
[30, 19660, 3892]
[30, 19660, 3833]
[30, 19660, 3957]
[30, 19660, 3924]
[30, 19660, 4019]
[30, 19660, 3882]
[30, 19660, 3902]
[30, 19660, 3915]
[30, 19660, 3901]
[30, 19660, 3907]
[30, 19660, 3931]
[30, 19660, 3882]
[30, 19660, 3887]
[30, 19660, 3952]
[30, 19660, 3874]
[30, 19660, 3996]
[30, 19660, 3934]
[30, 19660, 3899]
[30, 19660, 3916]
[30, 19660, 3997]
[30, 19660, 3930]
[30, 19660, 3901]
[30, 19660, 3894]
[30, 19660, 3927]
[30, 19660, 3906]
[30, 19660, 3845]
[30, 19660, 3928]
[30, 19660, 3937]
[30, 19660, 3976]
[30, 19660, 3831]
[30, 19660, 3995]
[30, 19660, 3967]
[30, 19660, 4023]
[30, 19660, 3877]
[30, 19660, 4013]
[30, 19660, 3978]
[30, 19660, 3892]
[30, 19660, 3896]
[30, 19660, 3938]
[30, 19660, 3853]
[30, 19660, 3902]
[30, 19660, 3912]
[30, 19660, 3886]
[30, 19660, 3885]
[30, 19660, 3912]
[30, 19660, 3847]
[30, 19660, 3926]
[30, 19660, 4019]
[30, 19660, 3945]
[30, 19660, 3965]
[30, 19660, 4035]
[30, 19660, 4033]
[30, 19660, 3927]
[30, 19660, 3957]
[30, 19660, 3985]
[35, 22937, 5114]
[35, 22937, 5097]
[35, 22937, 5262]
[35, 22937, 5177]
[35, 22937, 5265]
[35, 22937, 5282]
[35, 22937, 5272]
[35, 22937, 5194]
[35, 22937, 5275]
[35, 22937, 5117]
[35, 22937, 5163]
[35, 22937, 5187]
[35, 22937, 5253]
[35, 22937, 5169]
[35, 22937, 5209]
[35, 22937, 5096]
[35, 22937, 5089]
[35, 22937, 5111]
[35, 22937, 5289]
[35, 22937, 5180]
[35, 22937, 5205]
[35, 22937, 5200]
[35, 22937, 5238]
[35, 22937, 5246]
[35, 22937, 5196]
[35, 22937, 5174]
[35, 22937, 5227]
[35, 22937, 5149]
[35, 22937, 5141]
[35, 22937, 5061]
[35, 22937, 5355]
[35, 22937, 5181]
[35, 22937, 5212]
[35, 22937, 5287]
[35, 22937, 5145]
[35, 22937, 5337]
[35, 22937, 5249]
[35, 22937, 5186]
[35, 22937, 5227]
[35, 22937, 5214]
[35, 22937, 5130]
[35, 22937, 5264]
[35, 22937, 5108]
[35, 22937, 5181]
[35, 22937, 5333]
[35, 22937, 5206]
[35, 22937, 5172]
[35, 22937, 5160]
[35, 22937, 5188]
[35, 22937, 5177]
[35, 22937, 5201]
[35, 22937, 5151]
[35, 22937, 5240]
[35, 22937, 5108]
[35, 22937, 5242]
[35, 22937, 5169]
[35, 22937, 5173]
[35, 22937, 5212]
[35, 22937, 5244]
[35, 22937, 5205]
[35, 22937, 5208]
[35, 22937, 5182]
[35, 22937, 5288]
[35, 22937, 5144]
[35, 22937, 5038]
[35, 22937, 5254]
[35, 22937, 5290]
[35, 22937, 5276]
[35, 22937, 5256]
[35, 22937, 5084]
[35, 22937, 5218]
[35, 22937, 5150]
[35, 22937, 5273]
[35, 22937, 5199]
[35, 22937, 5176]
[35, 22937, 5203]
[35, 22937, 5184]
[35, 22937, 5214]
[35, 22937, 5056]
[35, 22937, 5141]
[35, 22937, 5212]
[35, 22937, 5293]
[35, 22937, 5221]
[35, 22937, 5220]
[35, 22937, 5297]
[35, 22937, 5255]
[35, 22937, 5220]
[35, 22937, 5071]
[35, 22937, 5044]
[35, 22937, 5137]
[35, 22937, 5247]
[35, 22937, 5300]
[35, 22937, 5135]
[35, 22937, 5225]
[35, 22937, 5154]
[35, 22937, 5120]
[35, 22937, 5198]
[35, 22937, 5258]
[35, 22937, 5248]
[35, 22937, 5270]
[40, 26214, 6693]
[40, 26214, 6735]
[40, 26214, 6647]
[40, 26214, 6743]
[40, 26214, 6674]
[40, 26214, 6758]
[40, 26214, 6764]
[40, 26214, 6659]
[40, 26214, 6711]
[40, 26214, 6762]
[40, 26214, 6749]
[40, 26214, 6695]
[40, 26214, 6711]
[40, 26214, 6787]
[40, 26214, 6532]
[40, 26214, 6617]
[40, 26214, 6547]
[40, 26214, 6822]
[40, 26214, 6732]
[40, 26214, 6698]
[40, 26214, 6622]
[40, 26214, 6720]
[40, 26214, 6602]
[40, 26214, 6818]
[40, 26214, 6703]
[40, 26214, 6748]
[40, 26214, 6739]
[40, 26214, 6648]
[40, 26214, 6591]
[40, 26214, 6646]
[40, 26214, 6798]
[40, 26214, 6789]
[40, 26214, 6885]
[40, 26214, 6691]
[40, 26214, 6629]
[40, 26214, 6703]
[40, 26214, 6627]
[40, 26214, 6686]
[40, 26214, 6722]
[40, 26214, 6674]
[40, 26214, 6728]
[40, 26214, 6671]
[40, 26214, 6741]
[40, 26214, 6684]
[40, 26214, 6790]
[40, 26214, 6883]
[40, 26214, 6681]
[40, 26214, 6703]
[40, 26214, 6644]
[40, 26214, 6864]
[40, 26214, 6635]
[40, 26214, 6757]
[40, 26214, 6676]
[40, 26214, 6611]
[40, 26214, 6582]
[40, 26214, 6797]
[40, 26214, 6594]
[40, 26214, 6695]
[40, 26214, 6728]
[40, 26214, 6577]
[40, 26214, 6797]
[40, 26214, 6743]
[40, 26214, 6691]
[40, 26214, 6688]
[40, 26214, 6615]
[40, 26214, 6676]
[40, 26214, 6618]
[40, 26214, 6721]
[40, 26214, 6708]
[40, 26214, 6788]
[40, 26214, 6697]
[40, 26214, 6837]
[40, 26214, 6684]
[40, 26214, 6541]
[40, 26214, 6734]
[40, 26214, 6555]
[40, 26214, 6690]
[40, 26214, 6891]
[40, 26214, 6706]
[40, 26214, 6556]
[40, 26214, 6666]
[40, 26214, 6725]
[40, 26214, 6779]
[40, 26214, 6693]
[40, 26214, 6795]
[40, 26214, 6736]
[40, 26214, 6740]
[40, 26214, 6609]
[40, 26214, 6639]
[40, 26214, 6631]
[40, 26214, 6856]
[40, 26214, 6699]
[40, 26214, 6788]
[40, 26214, 6764]
[40, 26214, 6702]
[40, 26214, 6730]
[40, 26214, 6576]
[40, 26214, 6663]
[40, 26214, 6767]
[40, 26214, 6684]
