[1, 1310, 250]
[1, 1310, 247]
[1, 1310, 247]
[1, 1310, 266]
[1, 1310, 250]
[1, 1310, 223]
[1, 1310, 250]
[1, 1310, 250]
[1, 1310, 235]
[1, 1310, 239]
[1, 1310, 233]
[1, 1310, 247]
[1, 1310, 227]
[1, 1310, 250]
[1, 1310, 249]
[1, 1310, 230]
[1, 1310, 228]
[1, 1310, 240]
[1, 1310, 263]
[1, 1310, 256]
[1, 1310, 257]
[1, 1310, 241]
[1, 1310, 255]
[1, 1310, 252]
[1, 1310, 241]
[1, 1310, 246]
[1, 1310, 244]
[1, 1310, 251]
[1, 1310, 252]
[1, 1310, 236]
[1, 1310, 248]
[1, 1310, 223]
[1, 1310, 235]
[1, 1310, 253]
[1, 1310, 231]
[1, 1310, 226]
[1, 1310, 256]
[1, 1310, 231]
[1, 1310, 240]
[1, 1310, 236]
[1, 1310, 248]
[1, 1310, 237]
[1, 1310, 233]
[1, 1310, 259]
[1, 1310, 272]
[1, 1310, 270]
[1, 1310, 225]
[1, 1310, 249]
[1, 1310, 253]
[1, 1310, 253]
[1, 1310, 238]
[1, 1310, 260]
[1, 1310, 237]
[1, 1310, 243]
[1, 1310, 259]
[1, 1310, 266]
[1, 1310, 235]
[1, 1310, 231]
[1, 1310, 240]
[1, 1310, 265]
[1, 1310, 251]
[1, 1310, 235]
[1, 1310, 248]
[1, 1310, 225]
[1, 1310, 226]
[1, 1310, 238]
[1, 1310, 247]
[1, 1310, 235]
[1, 1310, 254]
[1, 1310, 226]
[1, 1310, 256]
[1, 1310, 244]
[1, 1310, 232]
[1, 1310, 252]
[1, 1310, 241]
[1, 1310, 249]
[1, 1310, 271]
[1, 1310, 232]
[1, 1310, 255]
[1, 1310, 223]
[1, 1310, 214]
[1, 1310, 244]
[1, 1310, 247]
[1, 1310, 240]
[1, 1310, 239]
[1, 1310, 263]
[1, 1310, 241]
[1, 1310, 210]
[1, 1310, 247]
[1, 1310, 234]
[1, 1310, 255]
[1, 1310, 257]
[1, 1310, 249]
[1, 1310, 257]
[1, 1310, 250]
[1, 1310, 219]
[1, 1310, 214]
[1, 1310, 254]
[1, 1310, 246]
[1, 1310, 249]
[2, 2621, 582]
[2, 2621, 624]
[2, 2621, 622]
[2, 2621, 610]
[2, 2621, 613]
[2, 2621, 593]
[2, 2621, 591]
[2, 2621, 598]
[2, 2621, 600]
[2, 2621, 613]
[2, 2621, 601]
[2, 2621, 611]
[2, 2621, 610]
[2, 2621, 613]
[2, 2621, 613]
[2, 2621, 564]
[2, 2621, 569]
[2, 2621, 591]
[2, 2621, 615]
[2, 2621, 645]
[2, 2621, 616]
[2, 2621, 575]
[2, 2621, 558]
[2, 2621, 599]
[2, 2621, 580]
[2, 2621, 573]
[2, 2621, 597]
[2, 2621, 607]
[2, 2621, 616]
[2, 2621, 653]
[2, 2621, 563]
[2, 2621, 637]
[2, 2621, 574]
[2, 2621, 568]
[2, 2621, 584]
[2, 2621, 642]
[2, 2621, 610]
[2, 2621, 569]
[2, 2621, 578]
[2, 2621, 584]
[2, 2621, 612]
[2, 2621, 565]
[2, 2621, 630]
[2, 2621, 590]
[2, 2621, 615]
[2, 2621, 605]
[2, 2621, 616]
[2, 2621, 611]
[2, 2621, 598]
[2, 2621, 588]
[2, 2621, 579]
[2, 2621, 606]
[2, 2621, 592]
[2, 2621, 650]
[2, 2621, 629]
[2, 2621, 577]
[2, 2621, 640]
[2, 2621, 625]
[2, 2621, 591]
[2, 2621, 584]
[2, 2621, 594]
[2, 2621, 612]
[2, 2621, 575]
[2, 2621, 613]
[2, 2621, 579]
[2, 2621, 623]
[2, 2621, 566]
[2, 2621, 582]
[2, 2621, 608]
[2, 2621, 589]
[2, 2621, 626]
[2, 2621, 616]
[2, 2621, 631]
[2, 2621, 611]
[2, 2621, 579]
[2, 2621, 586]
[2, 2621, 637]
[2, 2621, 586]
[2, 2621, 638]
[2, 2621, 596]
[2, 2621, 592]
[2, 2621, 609]
[2, 2621, 592]
[2, 2621, 595]
[2, 2621, 610]
[2, 2621, 611]
[2, 2621, 603]
[2, 2621, 574]
[2, 2621, 569]
[2, 2621, 574]
[2, 2621, 587]
[2, 2621, 601]
[2, 2621, 576]
[2, 2621, 623]
[2, 2621, 600]
[2, 2621, 587]
[2, 2621, 598]
[2, 2621, 632]
[2, 2621, 595]
[2, 2621, 599]
[5, 6553, 2328]
[5, 6553, 2286]
[5, 6553, 2341]
[5, 6553, 2292]
[5, 6553, 2263]
[5, 6553, 2371]
[5, 6553, 2267]
[5, 6553, 2323]
[5, 6553, 2293]
[5, 6553, 2331]
[5, 6553, 2287]
[5, 6553, 2275]
[5, 6553, 2332]
[5, 6553, 2257]
[5, 6553, 2287]
[5, 6553, 2337]
[5, 6553, 2351]
[5, 6553, 2268]
[5, 6553, 2270]
[5, 6553, 2254]
[5, 6553, 2333]
[5, 6553, 2314]
[5, 6553, 2318]
[5, 6553, 2248]
[5, 6553, 2313]
[5, 6553, 2268]
[5, 6553, 2284]
[5, 6553, 2361]
[5, 6553, 2320]
[5, 6553, 2351]
[5, 6553, 2371]
[5, 6553, 2377]
[5, 6553, 2272]
[5, 6553, 2294]
[5, 6553, 2262]
[5, 6553, 2291]
[5, 6553, 2304]
[5, 6553, 2251]
[5, 6553, 2322]
[5, 6553, 2319]
[5, 6553, 2339]
[5, 6553, 2345]
[5, 6553, 2285]
[5, 6553, 2320]
[5, 6553, 2310]
[5, 6553, 2327]
[5, 6553, 2336]
[5, 6553, 2329]
[5, 6553, 2323]
[5, 6553, 2314]
[5, 6553, 2332]
[5, 6553, 2338]
[5, 6553, 2313]
[5, 6553, 2288]
[5, 6553, 2326]
[5, 6553, 2329]
[5, 6553, 2331]
[5, 6553, 2342]
[5, 6553, 2228]
[5, 6553, 2275]
[5, 6553, 2294]
[5, 6553, 2300]
[5, 6553, 2251]
[5, 6553, 2318]
[5, 6553, 2295]
[5, 6553, 2339]
[5, 6553, 2334]
[5, 6553, 2240]
[5, 6553, 2314]
[5, 6553, 2312]
[5, 6553, 2239]
[5, 6553, 2349]
[5, 6553, 2336]
[5, 6553, 2377]
[5, 6553, 2257]
[5, 6553, 2288]
[5, 6553, 2317]
[5, 6553, 2375]
[5, 6553, 2236]
[5, 6553, 2348]
[5, 6553, 2230]
[5, 6553, 2286]
[5, 6553, 2310]
[5, 6553, 2219]
[5, 6553, 2262]
[5, 6553, 2330]
[5, 6553, 2343]
[5, 6553, 2256]
[5, 6553, 2318]
[5, 6553, 2243]
[5, 6553, 2309]
[5, 6553, 2255]
[5, 6553, 2310]
[5, 6553, 2287]
[5, 6553, 2279]
[5, 6553, 2293]
[5, 6553, 2334]
[5, 6553, 2255]
[5, 6553, 2331]
[5, 6553, 2343]
[10, 13107, 7202]
[10, 13107, 7060]
[10, 13107, 7073]
[10, 13107, 7218]
[10, 13107, 7168]
[10, 13107, 7120]
[10, 13107, 7163]
[10, 13107, 7046]
[10, 13107, 7048]
[10, 13107, 7112]
[10, 13107, 7146]
[10, 13107, 7140]
[10, 13107, 7038]
[10, 13107, 7058]
[10, 13107, 7090]
[10, 13107, 7131]
[10, 13107, 7111]
[10, 13107, 7107]
[10, 13107, 7089]
[10, 13107, 7158]
[10, 13107, 7080]
[10, 13107, 7122]
[10, 13107, 7165]
[10, 13107, 7163]
[10, 13107, 7208]
[10, 13107, 7140]
[10, 13107, 7181]
[10, 13107, 7024]
[10, 13107, 7101]
[10, 13107, 7150]
[10, 13107, 7072]
[10, 13107, 7123]
[10, 13107, 7094]
[10, 13107, 7014]
[10, 13107, 7076]
[10, 13107, 7060]
[10, 13107, 7092]
[10, 13107, 7090]
[10, 13107, 7151]
[10, 13107, 6994]
[10, 13107, 7179]
[10, 13107, 7088]
[10, 13107, 7153]
[10, 13107, 7130]
[10, 13107, 7132]
[10, 13107, 7096]
[10, 13107, 7083]
[10, 13107, 7145]
[10, 13107, 7132]
[10, 13107, 7167]
[10, 13107, 7079]
[10, 13107, 7158]
[10, 13107, 7022]
[10, 13107, 7005]
[10, 13107, 7088]
[10, 13107, 7267]
[10, 13107, 7124]
[10, 13107, 7191]
[10, 13107, 7093]
[10, 13107, 7086]
[10, 13107, 7045]
[10, 13107, 7126]
[10, 13107, 7156]
[10, 13107, 7142]
[10, 13107, 7208]
[10, 13107, 7190]
[10, 13107, 7122]
[10, 13107, 7131]
[10, 13107, 7055]
[10, 13107, 7109]
[10, 13107, 7175]
[10, 13107, 7079]
[10, 13107, 7097]
[10, 13107, 7051]
[10, 13107, 7106]
[10, 13107, 6974]
[10, 13107, 7108]
[10, 13107, 7118]
[10, 13107, 7103]
[10, 13107, 7132]
[10, 13107, 7035]
[10, 13107, 7202]
[10, 13107, 7069]
[10, 13107, 7193]
[10, 13107, 7089]
[10, 13107, 7082]
[10, 13107, 7069]
[10, 13107, 7130]
[10, 13107, 7094]
[10, 13107, 7192]
[10, 13107, 7125]
[10, 13107, 7084]
[10, 13107, 7135]
[10, 13107, 7268]
[10, 13107, 7071]
[10, 13107, 7178]
[10, 13107, 7107]
[10, 13107, 7013]
[10, 13107, 7109]
[10, 13107, 7080]
[15, 19660, 13655]
[15, 19660, 13543]
[15, 19660, 13590]
[15, 19660, 13660]
[15, 19660, 13678]
[15, 19660, 13660]
[15, 19660, 13562]
[15, 19660, 13669]
[15, 19660, 13632]
[15, 19660, 13570]
[15, 19660, 13677]
[15, 19660, 13598]
[15, 19660, 13610]
[15, 19660, 13591]
[15, 19660, 13575]
[15, 19660, 13597]
[15, 19660, 13651]
[15, 19660, 13670]
[15, 19660, 13640]
[15, 19660, 13605]
[15, 19660, 13622]
[15, 19660, 13647]
[15, 19660, 13609]
[15, 19660, 13469]
[15, 19660, 13577]
[15, 19660, 13679]
[15, 19660, 13677]
[15, 19660, 13565]
[15, 19660, 13635]
[15, 19660, 13646]
[15, 19660, 13574]
[15, 19660, 13546]
[15, 19660, 13568]
[15, 19660, 13498]
[15, 19660, 13669]
[15, 19660, 13600]
[15, 19660, 13584]
[15, 19660, 13657]
[15, 19660, 13648]
[15, 19660, 13622]
[15, 19660, 13712]
[15, 19660, 13559]
[15, 19660, 13621]
[15, 19660, 13695]
[15, 19660, 13691]
[15, 19660, 13622]
[15, 19660, 13627]
[15, 19660, 13656]
[15, 19660, 13637]
[15, 19660, 13647]
[15, 19660, 13631]
[15, 19660, 13561]
[15, 19660, 13643]
[15, 19660, 13589]
[15, 19660, 13585]
[15, 19660, 13611]
[15, 19660, 13636]
[15, 19660, 13586]
[15, 19660, 13738]
[15, 19660, 13605]
[15, 19660, 13589]
[15, 19660, 13640]
[15, 19660, 13620]
[15, 19660, 13577]
[15, 19660, 13618]
[15, 19660, 13633]
[15, 19660, 13653]
[15, 19660, 13542]
[15, 19660, 13651]
[15, 19660, 13598]
[15, 19660, 13629]
[15, 19660, 13696]
[15, 19660, 13696]
[15, 19660, 13651]
[15, 19660, 13614]
[15, 19660, 13675]
[15, 19660, 13644]
[15, 19660, 13666]
[15, 19660, 13618]
[15, 19660, 13613]
[15, 19660, 13724]
[15, 19660, 13682]
[15, 19660, 13648]
[15, 19660, 13543]
[15, 19660, 13724]
[15, 19660, 13559]
[15, 19660, 13527]
[15, 19660, 13640]
[15, 19660, 13733]
[15, 19660, 13576]
[15, 19660, 13503]
[15, 19660, 13663]
[15, 19660, 13673]
[15, 19660, 13704]
[15, 19660, 13587]
[15, 19660, 13637]
[15, 19660, 13634]
[15, 19660, 13602]
[15, 19660, 13564]
[15, 19660, 13542]
[20, 26214, 21034]
[20, 26214, 20907]
[20, 26214, 20920]
[20, 26214, 20920]
[20, 26214, 20987]
[20, 26214, 20986]
[20, 26214, 20971]
[20, 26214, 20893]
[20, 26214, 20916]
[20, 26214, 20982]
[20, 26214, 20946]
[20, 26214, 20982]
[20, 26214, 21038]
[20, 26214, 20959]
[20, 26214, 20907]
[20, 26214, 20842]
[20, 26214, 20981]
[20, 26214, 20940]
[20, 26214, 20949]
[20, 26214, 20923]
[20, 26214, 20924]
[20, 26214, 20949]
[20, 26214, 20969]
[20, 26214, 20954]
[20, 26214, 20945]
[20, 26214, 21003]
[20, 26214, 20888]
[20, 26214, 20937]
[20, 26214, 20911]
[20, 26214, 20878]
[20, 26214, 20889]
[20, 26214, 20842]
[20, 26214, 21003]
[20, 26214, 20989]
[20, 26214, 20951]
[20, 26214, 21000]
[20, 26214, 20893]
[20, 26214, 20829]
[20, 26214, 20917]
[20, 26214, 20853]
[20, 26214, 20949]
[20, 26214, 20910]
[20, 26214, 20977]
[20, 26214, 20893]
[20, 26214, 20921]
[20, 26214, 20976]
[20, 26214, 20970]
[20, 26214, 20893]
[20, 26214, 20956]
[20, 26214, 20920]
[20, 26214, 20876]
[20, 26214, 20855]
[20, 26214, 20925]
[20, 26214, 20956]
[20, 26214, 20944]
[20, 26214, 20886]
[20, 26214, 21029]
[20, 26214, 20945]
[20, 26214, 21022]
[20, 26214, 20925]
[20, 26214, 20916]
[20, 26214, 21007]
[20, 26214, 20924]
[20, 26214, 20891]
[20, 26214, 20919]
[20, 26214, 21048]
[20, 26214, 21011]
[20, 26214, 20853]
[20, 26214, 21039]
[20, 26214, 20931]
[20, 26214, 20907]
[20, 26214, 20978]
[20, 26214, 20973]
[20, 26214, 20886]
[20, 26214, 20909]
[20, 26214, 20990]
[20, 26214, 20884]
[20, 26214, 21028]
[20, 26214, 20857]
[20, 26214, 20899]
[20, 26214, 20885]
[20, 26214, 21035]
[20, 26214, 20842]
[20, 26214, 20921]
[20, 26214, 20916]
[20, 26214, 20930]
[20, 26214, 20970]
[20, 26214, 20906]
[20, 26214, 20925]
[20, 26214, 20936]
[20, 26214, 20851]
[20, 26214, 20971]
[20, 26214, 20971]
[20, 26214, 20891]
[20, 26214, 20930]
[20, 26214, 20922]
[20, 26214, 20875]
[20, 26214, 21038]
[20, 26214, 20965]
[20, 26214, 20944]
[25, 32768, 28464]
[25, 32768, 28445]
[25, 32768, 28433]
[25, 32768, 28468]
[25, 32768, 28490]
[25, 32768, 28417]
[25, 32768, 28463]
[25, 32768, 28435]
[25, 32768, 28396]
[25, 32768, 28460]
[25, 32768, 28371]
[25, 32768, 28436]
[25, 32768, 28439]
[25, 32768, 28534]
[25, 32768, 28570]
[25, 32768, 28571]
[25, 32768, 28402]
[25, 32768, 28408]
[25, 32768, 28566]
[25, 32768, 28513]
[25, 32768, 28501]
[25, 32768, 28587]
[25, 32768, 28478]
[25, 32768, 28428]
[25, 32768, 28476]
[25, 32768, 28444]
[25, 32768, 28466]
[25, 32768, 28441]
[25, 32768, 28439]
[25, 32768, 28393]
[25, 32768, 28404]
[25, 32768, 28450]
[25, 32768, 28497]
[25, 32768, 28483]
[25, 32768, 28539]
[25, 32768, 28462]
[25, 32768, 28478]
[25, 32768, 28472]
[25, 32768, 28523]
[25, 32768, 28349]
[25, 32768, 28434]
[25, 32768, 28527]
[25, 32768, 28472]
[25, 32768, 28399]
[25, 32768, 28439]
[25, 32768, 28474]
[25, 32768, 28499]
[25, 32768, 28477]
[25, 32768, 28448]
[25, 32768, 28516]
[25, 32768, 28360]
[25, 32768, 28483]
[25, 32768, 28431]
[25, 32768, 28442]
[25, 32768, 28467]
[25, 32768, 28407]
[25, 32768, 28597]
[25, 32768, 28410]
[25, 32768, 28595]
[25, 32768, 28471]
[25, 32768, 28506]
[25, 32768, 28480]
[25, 32768, 28359]
[25, 32768, 28473]
[25, 32768, 28521]
[25, 32768, 28523]
[25, 32768, 28410]
[25, 32768, 28364]
[25, 32768, 28480]
[25, 32768, 28508]
[25, 32768, 28484]
[25, 32768, 28399]
[25, 32768, 28422]
[25, 32768, 28477]
[25, 32768, 28454]
[25, 32768, 28459]
[25, 32768, 28487]
[25, 32768, 28424]
[25, 32768, 28490]
[25, 32768, 28446]
[25, 32768, 28494]
[25, 32768, 28478]
[25, 32768, 28560]
[25, 32768, 28349]
[25, 32768, 28533]
[25, 32768, 28527]
[25, 32768, 28483]
[25, 32768, 28434]
[25, 32768, 28476]
[25, 32768, 28458]
[25, 32768, 28360]
[25, 32768, 28419]
[25, 32768, 28410]
[25, 32768, 28470]
[25, 32768, 28558]
[25, 32768, 28474]
[25, 32768, 28460]
[25, 32768, 28331]
[25, 32768, 28421]
[25, 32768, 28511]
[30, 39321, 35942]
[30, 39321, 36041]
[30, 39321, 35869]
[30, 39321, 35917]
[30, 39321, 36001]
[30, 39321, 36100]
[30, 39321, 35868]
[30, 39321, 35972]
[30, 39321, 35936]
[30, 39321, 35960]
[30, 39321, 35988]
[30, 39321, 36040]
[30, 39321, 35896]
[30, 39321, 35972]
[30, 39321, 36003]
[30, 39321, 35991]
[30, 39321, 35967]
[30, 39321, 35924]
[30, 39321, 35925]
[30, 39321, 35888]
[30, 39321, 35991]
[30, 39321, 35952]
[30, 39321, 35944]
[30, 39321, 35929]
[30, 39321, 35974]
[30, 39321, 35952]
[30, 39321, 35902]
[30, 39321, 35933]
[30, 39321, 35941]
[30, 39321, 35934]
[30, 39321, 35962]
[30, 39321, 36001]
[30, 39321, 35953]
[30, 39321, 35980]
[30, 39321, 35868]
[30, 39321, 36017]
[30, 39321, 35948]
[30, 39321, 35988]
[30, 39321, 35912]
[30, 39321, 36037]
[30, 39321, 35925]
[30, 39321, 36010]
[30, 39321, 35860]
[30, 39321, 35992]
[30, 39321, 35947]
[30, 39321, 35992]
[30, 39321, 35900]
[30, 39321, 35953]
[30, 39321, 35944]
[30, 39321, 35906]
[30, 39321, 36012]
[30, 39321, 36044]
[30, 39321, 35983]
[30, 39321, 35971]
[30, 39321, 35966]
[30, 39321, 35925]
[30, 39321, 35918]
[30, 39321, 36012]
[30, 39321, 35980]
[30, 39321, 36022]
[30, 39321, 35959]
[30, 39321, 35997]
[30, 39321, 35915]
[30, 39321, 35939]
[30, 39321, 35944]
[30, 39321, 35983]
[30, 39321, 36041]
[30, 39321, 35994]
[30, 39321, 35961]
[30, 39321, 35911]
[30, 39321, 35880]
[30, 39321, 35905]
[30, 39321, 35989]
[30, 39321, 35971]
[30, 39321, 36006]
[30, 39321, 36001]
[30, 39321, 35936]
[30, 39321, 36018]
[30, 39321, 36014]
[30, 39321, 35937]
[30, 39321, 35938]
[30, 39321, 35955]
[30, 39321, 36049]
[30, 39321, 35920]
[30, 39321, 35967]
[30, 39321, 35950]
[30, 39321, 35936]
[30, 39321, 35944]
[30, 39321, 36032]
[30, 39321, 35962]
[30, 39321, 35951]
[30, 39321, 35983]
[30, 39321, 35919]
[30, 39321, 35945]
[30, 39321, 36045]
[30, 39321, 35932]
[30, 39321, 35966]
[30, 39321, 35936]
[30, 39321, 35976]
[30, 39321, 36047]
[35, 45875, 43360]
[35, 45875, 43334]
[35, 45875, 43300]
[35, 45875, 43300]
[35, 45875, 43272]
[35, 45875, 43236]
[35, 45875, 43240]
[35, 45875, 43293]
[35, 45875, 43318]
[35, 45875, 43276]
[35, 45875, 43270]
[35, 45875, 43258]
[35, 45875, 43346]
[35, 45875, 43263]
[35, 45875, 43254]
[35, 45875, 43342]
[35, 45875, 43341]
[35, 45875, 43231]
[35, 45875, 43325]
[35, 45875, 43281]
[35, 45875, 43311]
[35, 45875, 43263]
[35, 45875, 43384]
[35, 45875, 43383]
[35, 45875, 43316]
[35, 45875, 43257]
[35, 45875, 43340]
[35, 45875, 43327]
[35, 45875, 43325]
[35, 45875, 43330]
[35, 45875, 43229]
[35, 45875, 43298]
[35, 45875, 43326]
[35, 45875, 43296]
[35, 45875, 43324]
[35, 45875, 43281]
[35, 45875, 43358]
[35, 45875, 43279]
[35, 45875, 43349]
[35, 45875, 43295]
[35, 45875, 43309]
[35, 45875, 43317]
[35, 45875, 43319]
[35, 45875, 43350]
[35, 45875, 43315]
[35, 45875, 43303]
[35, 45875, 43266]
[35, 45875, 43363]
[35, 45875, 43305]
[35, 45875, 43212]
[35, 45875, 43301]
[35, 45875, 43309]
[35, 45875, 43347]
[35, 45875, 43328]
[35, 45875, 43306]
[35, 45875, 43345]
[35, 45875, 43349]
[35, 45875, 43317]
[35, 45875, 43308]
[35, 45875, 43299]
[35, 45875, 43337]
[35, 45875, 43300]
[35, 45875, 43311]
[35, 45875, 43364]
[35, 45875, 43356]
[35, 45875, 43215]
[35, 45875, 43338]
[35, 45875, 43325]
[35, 45875, 43405]
[35, 45875, 43199]
[35, 45875, 43257]
[35, 45875, 43347]
[35, 45875, 43232]
[35, 45875, 43259]
[35, 45875, 43282]
[35, 45875, 43268]
[35, 45875, 43385]
[35, 45875, 43288]
[35, 45875, 43340]
[35, 45875, 43233]
[35, 45875, 43286]
[35, 45875, 43338]
[35, 45875, 43307]
[35, 45875, 43244]
[35, 45875, 43354]
[35, 45875, 43314]
[35, 45875, 43341]
[35, 45875, 43338]
[35, 45875, 43255]
[35, 45875, 43291]
[35, 45875, 43305]
[35, 45875, 43297]
[35, 45875, 43382]
[35, 45875, 43316]
[35, 45875, 43379]
[35, 45875, 43292]
[35, 45875, 43309]
[35, 45875, 43320]
[35, 45875, 43322]
[35, 45875, 43345]
[40, 52428, 50525]
[40, 52428, 50469]
[40, 52428, 50463]
[40, 52428, 50471]
[40, 52428, 50515]
[40, 52428, 50544]
[40, 52428, 50507]
[40, 52428, 50484]
[40, 52428, 50473]
[40, 52428, 50433]
[40, 52428, 50517]
[40, 52428, 50559]
[40, 52428, 50529]
[40, 52428, 50500]
[40, 52428, 50440]
[40, 52428, 50447]
[40, 52428, 50496]
[40, 52428, 50508]
[40, 52428, 50554]
[40, 52428, 50514]
[40, 52428, 50458]
[40, 52428, 50559]
[40, 52428, 50476]
[40, 52428, 50429]
[40, 52428, 50540]
[40, 52428, 50433]
[40, 52428, 50513]
[40, 52428, 50451]
[40, 52428, 50532]
[40, 52428, 50503]
[40, 52428, 50500]
[40, 52428, 50569]
[40, 52428, 50509]
[40, 52428, 50514]
[40, 52428, 50509]
[40, 52428, 50544]
[40, 52428, 50543]
[40, 52428, 50453]
[40, 52428, 50539]
[40, 52428, 50524]
[40, 52428, 50469]
[40, 52428, 50519]
[40, 52428, 50497]
[40, 52428, 50532]
[40, 52428, 50516]
[40, 52428, 50426]
[40, 52428, 50560]
[40, 52428, 50481]
[40, 52428, 50457]
[40, 52428, 50555]
[40, 52428, 50553]
[40, 52428, 50545]
[40, 52428, 50485]
[40, 52428, 50499]
[40, 52428, 50545]
[40, 52428, 50485]
[40, 52428, 50486]
[40, 52428, 50543]
[40, 52428, 50467]
[40, 52428, 50457]
[40, 52428, 50441]
[40, 52428, 50437]
[40, 52428, 50558]
[40, 52428, 50476]
[40, 52428, 50424]
[40, 52428, 50488]
[40, 52428, 50446]
[40, 52428, 50449]
[40, 52428, 50441]
[40, 52428, 50479]
[40, 52428, 50443]
[40, 52428, 50496]
[40, 52428, 50536]
[40, 52428, 50497]
[40, 52428, 50483]
[40, 52428, 50444]
[40, 52428, 50530]
[40, 52428, 50544]
[40, 52428, 50479]
[40, 52428, 50510]
[40, 52428, 50475]
[40, 52428, 50522]
[40, 52428, 50470]
[40, 52428, 50529]
[40, 52428, 50497]
[40, 52428, 50458]
[40, 52428, 50455]
[40, 52428, 50499]
[40, 52428, 50479]
[40, 52428, 50438]
[40, 52428, 50466]
[40, 52428, 50491]
[40, 52428, 50372]
[40, 52428, 50500]
[40, 52428, 50495]
[40, 52428, 50525]
[40, 52428, 50447]
[40, 52428, 50514]
[40, 52428, 50462]
[40, 52428, 50398]
