[1, 1310, 13, 13]
[1, 1310, 13, 9]
[1, 1310, 13, 6]
[1, 1310, 11, 5]
[1, 1310, 11, 9]
[1, 1310, 10, 10]
[1, 1310, 10, 8]
[1, 1310, 5, 12]
[1, 1310, 12, 8]
[1, 1310, 4, 7]
[1, 1310, 7, 13]
[1, 1310, 7, 5]
[1, 1310, 4, 16]
[1, 1310, 13, 9]
[1, 1310, 12, 7]
[1, 1310, 11, 12]
[1, 1310, 11, 3]
[1, 1310, 13, 12]
[1, 1310, 11, 12]
[1, 1310, 11, 13]
[1, 1310, 6, 9]
[1, 1310, 17, 9]
[1, 1310, 8, 11]
[1, 1310, 9, 15]
[1, 1310, 9, 8]
[1, 1310, 6, 11]
[1, 1310, 7, 7]
[1, 1310, 16, 10]
[1, 1310, 13, 12]
[1, 1310, 11, 9]
[1, 1310, 18, 11]
[1, 1310, 9, 8]
[1, 1310, 7, 10]
[1, 1310, 17, 13]
[1, 1310, 13, 9]
[1, 1310, 12, 13]
[1, 1310, 15, 9]
[1, 1310, 12, 5]
[1, 1310, 12, 13]
[1, 1310, 13, 12]
[1, 1310, 3, 10]
[1, 1310, 8, 8]
[1, 1310, 6, 9]
[1, 1310, 13, 10]
[1, 1310, 6, 11]
[1, 1310, 15, 7]
[1, 1310, 12, 11]
[1, 1310, 10, 12]
[1, 1310, 11, 10]
[1, 1310, 8, 8]
[1, 1310, 12, 8]
[1, 1310, 5, 6]
[1, 1310, 8, 11]
[1, 1310, 8, 11]
[1, 1310, 13, 11]
[1, 1310, 6, 5]
[1, 1310, 11, 10]
[1, 1310, 8, 7]
[1, 1310, 9, 16]
[1, 1310, 4, 8]
[1, 1310, 13, 8]
[1, 1310, 7, 13]
[1, 1310, 12, 9]
[1, 1310, 9, 13]
[1, 1310, 9, 10]
[1, 1310, 9, 12]
[1, 1310, 10, 8]
[1, 1310, 7, 11]
[1, 1310, 11, 15]
[1, 1310, 9, 10]
[1, 1310, 18, 11]
[1, 1310, 12, 6]
[1, 1310, 6, 7]
[1, 1310, 7, 7]
[1, 1310, 16, 8]
[1, 1310, 9, 10]
[1, 1310, 8, 15]
[1, 1310, 11, 14]
[1, 1310, 11, 9]
[1, 1310, 15, 9]
[1, 1310, 7, 13]
[1, 1310, 7, 5]
[1, 1310, 14, 12]
[1, 1310, 8, 9]
[1, 1310, 12, 6]
[1, 1310, 13, 9]
[1, 1310, 13, 7]
[1, 1310, 11, 14]
[1, 1310, 14, 11]
[1, 1310, 12, 9]
[1, 1310, 11, 7]
[1, 1310, 9, 12]
[1, 1310, 7, 10]
[1, 1310, 7, 11]
[1, 1310, 11, 10]
[1, 1310, 15, 7]
[1, 1310, 9, 16]
[1, 1310, 8, 13]
[1, 1310, 10, 14]
[1, 1310, 10, 8]
[2, 2621, 27, 24]
[2, 2621, 33, 30]
[2, 2621, 29, 29]
[2, 2621, 18, 25]
[2, 2621, 19, 26]
[2, 2621, 26, 25]
[2, 2621, 30, 14]
[2, 2621, 35, 36]
[2, 2621, 18, 31]
[2, 2621, 30, 32]
[2, 2621, 28, 24]
[2, 2621, 29, 23]
[2, 2621, 33, 26]
[2, 2621, 20, 32]
[2, 2621, 17, 34]
[2, 2621, 28, 21]
[2, 2621, 31, 33]
[2, 2621, 28, 19]
[2, 2621, 30, 22]
[2, 2621, 31, 21]
[2, 2621, 21, 25]
[2, 2621, 26, 39]
[2, 2621, 26, 24]
[2, 2621, 27, 20]
[2, 2621, 30, 25]
[2, 2621, 29, 32]
[2, 2621, 18, 15]
[2, 2621, 25, 30]
[2, 2621, 31, 28]
[2, 2621, 19, 22]
[2, 2621, 21, 21]
[2, 2621, 27, 29]
[2, 2621, 24, 23]
[2, 2621, 29, 25]
[2, 2621, 28, 24]
[2, 2621, 25, 31]
[2, 2621, 34, 24]
[2, 2621, 25, 26]
[2, 2621, 30, 28]
[2, 2621, 22, 24]
[2, 2621, 23, 30]
[2, 2621, 29, 25]
[2, 2621, 32, 22]
[2, 2621, 30, 25]
[2, 2621, 20, 31]
[2, 2621, 30, 29]
[2, 2621, 32, 21]
[2, 2621, 29, 21]
[2, 2621, 32, 26]
[2, 2621, 24, 29]
[2, 2621, 30, 23]
[2, 2621, 24, 28]
[2, 2621, 32, 22]
[2, 2621, 19, 33]
[2, 2621, 25, 34]
[2, 2621, 24, 23]
[2, 2621, 18, 24]
[2, 2621, 27, 23]
[2, 2621, 18, 23]
[2, 2621, 33, 30]
[2, 2621, 12, 32]
[2, 2621, 21, 27]
[2, 2621, 28, 27]
[2, 2621, 31, 26]
[2, 2621, 29, 21]
[2, 2621, 35, 16]
[2, 2621, 32, 28]
[2, 2621, 20, 28]
[2, 2621, 30, 34]
[2, 2621, 23, 23]
[2, 2621, 30, 30]
[2, 2621, 31, 18]
[2, 2621, 28, 34]
[2, 2621, 29, 26]
[2, 2621, 17, 33]
[2, 2621, 27, 32]
[2, 2621, 17, 32]
[2, 2621, 31, 23]
[2, 2621, 20, 29]
[2, 2621, 25, 34]
[2, 2621, 27, 18]
[2, 2621, 25, 25]
[2, 2621, 22, 32]
[2, 2621, 26, 15]
[2, 2621, 42, 28]
[2, 2621, 36, 29]
[2, 2621, 31, 32]
[2, 2621, 26, 22]
[2, 2621, 26, 32]
[2, 2621, 28, 20]
[2, 2621, 22, 29]
[2, 2621, 24, 25]
[2, 2621, 18, 33]
[2, 2621, 31, 23]
[2, 2621, 28, 30]
[2, 2621, 23, 22]
[2, 2621, 24, 25]
[2, 2621, 30, 16]
[2, 2621, 19, 21]
[2, 2621, 33, 28]
[5, 6553, 116, 112]
[5, 6553, 115, 148]
[5, 6553, 111, 108]
[5, 6553, 96, 125]
[5, 6553, 148, 95]
[5, 6553, 115, 95]
[5, 6553, 131, 100]
[5, 6553, 114, 124]
[5, 6553, 123, 106]
[5, 6553, 111, 118]
[5, 6553, 118, 126]
[5, 6553, 112, 106]
[5, 6553, 133, 114]
[5, 6553, 109, 137]
[5, 6553, 120, 134]
[5, 6553, 119, 135]
[5, 6553, 106, 133]
[5, 6553, 127, 88]
[5, 6553, 122, 125]
[5, 6553, 105, 122]
[5, 6553, 109, 119]
[5, 6553, 95, 107]
[5, 6553, 108, 109]
[5, 6553, 104, 108]
[5, 6553, 122, 122]
[5, 6553, 135, 121]
[5, 6553, 114, 119]
[5, 6553, 111, 102]
[5, 6553, 121, 121]
[5, 6553, 116, 117]
[5, 6553, 110, 112]
[5, 6553, 100, 139]
[5, 6553, 106, 130]
[5, 6553, 130, 143]
[5, 6553, 92, 147]
[5, 6553, 116, 125]
[5, 6553, 114, 128]
[5, 6553, 125, 103]
[5, 6553, 98, 122]
[5, 6553, 122, 115]
[5, 6553, 93, 104]
[5, 6553, 128, 104]
[5, 6553, 131, 102]
[5, 6553, 126, 122]
[5, 6553, 117, 114]
[5, 6553, 141, 113]
[5, 6553, 107, 118]
[5, 6553, 119, 113]
[5, 6553, 126, 124]
[5, 6553, 95, 134]
[5, 6553, 107, 127]
[5, 6553, 120, 106]
[5, 6553, 120, 115]
[5, 6553, 112, 136]
[5, 6553, 91, 114]
[5, 6553, 112, 129]
[5, 6553, 138, 85]
[5, 6553, 122, 115]
[5, 6553, 100, 115]
[5, 6553, 117, 126]
[5, 6553, 92, 121]
[5, 6553, 120, 96]
[5, 6553, 124, 108]
[5, 6553, 121, 115]
[5, 6553, 127, 117]
[5, 6553, 114, 130]
[5, 6553, 124, 130]
[5, 6553, 109, 141]
[5, 6553, 136, 108]
[5, 6553, 114, 120]
[5, 6553, 118, 120]
[5, 6553, 130, 120]
[5, 6553, 104, 99]
[5, 6553, 106, 116]
[5, 6553, 116, 123]
[5, 6553, 126, 113]
[5, 6553, 122, 104]
[5, 6553, 104, 105]
[5, 6553, 121, 108]
[5, 6553, 123, 119]
[5, 6553, 126, 114]
[5, 6553, 116, 110]
[5, 6553, 103, 110]
[5, 6553, 100, 126]
[5, 6553, 120, 127]
[5, 6553, 107, 106]
[5, 6553, 128, 109]
[5, 6553, 105, 137]
[5, 6553, 116, 109]
[5, 6553, 136, 106]
[5, 6553, 122, 97]
[5, 6553, 100, 149]
[5, 6553, 116, 100]
[5, 6553, 114, 104]
[5, 6553, 123, 121]
[5, 6553, 109, 124]
[5, 6553, 117, 104]
[5, 6553, 136, 121]
[5, 6553, 129, 132]
[5, 6553, 98, 124]
[10, 13107, 400, 391]
[10, 13107, 413, 395]
[10, 13107, 366, 418]
[10, 13107, 415, 383]
[10, 13107, 385, 396]
[10, 13107, 405, 418]
[10, 13107, 416, 415]
[10, 13107, 403, 381]
[10, 13107, 372, 425]
[10, 13107, 386, 446]
[10, 13107, 420, 433]
[10, 13107, 407, 400]
[10, 13107, 410, 421]
[10, 13107, 414, 402]
[10, 13107, 447, 397]
[10, 13107, 395, 417]
[10, 13107, 379, 419]
[10, 13107, 418, 380]
[10, 13107, 393, 426]
[10, 13107, 402, 423]
[10, 13107, 379, 406]
[10, 13107, 394, 376]
[10, 13107, 413, 445]
[10, 13107, 388, 390]
[10, 13107, 423, 377]
[10, 13107, 395, 369]
[10, 13107, 393, 432]
[10, 13107, 400, 431]
[10, 13107, 428, 392]
[10, 13107, 380, 441]
[10, 13107, 412, 429]
[10, 13107, 410, 380]
[10, 13107, 422, 391]
[10, 13107, 395, 419]
[10, 13107, 409, 421]
[10, 13107, 398, 395]
[10, 13107, 420, 436]
[10, 13107, 371, 404]
[10, 13107, 366, 374]
[10, 13107, 377, 432]
[10, 13107, 384, 419]
[10, 13107, 463, 403]
[10, 13107, 428, 398]
[10, 13107, 403, 423]
[10, 13107, 427, 413]
[10, 13107, 401, 402]
[10, 13107, 370, 404]
[10, 13107, 395, 408]
[10, 13107, 398, 418]
[10, 13107, 399, 361]
[10, 13107, 373, 433]
[10, 13107, 381, 399]
[10, 13107, 378, 390]
[10, 13107, 412, 391]
[10, 13107, 418, 392]
[10, 13107, 410, 415]
[10, 13107, 363, 357]
[10, 13107, 383, 400]
[10, 13107, 407, 414]
[10, 13107, 385, 414]
[10, 13107, 397, 435]
[10, 13107, 419, 396]
[10, 13107, 387, 409]
[10, 13107, 434, 401]
[10, 13107, 424, 375]
[10, 13107, 408, 414]
[10, 13107, 377, 376]
[10, 13107, 392, 390]
[10, 13107, 420, 446]
[10, 13107, 397, 410]
[10, 13107, 414, 398]
[10, 13107, 408, 376]
[10, 13107, 408, 405]
[10, 13107, 404, 410]
[10, 13107, 406, 408]
[10, 13107, 408, 401]
[10, 13107, 380, 388]
[10, 13107, 386, 356]
[10, 13107, 388, 399]
[10, 13107, 392, 404]
[10, 13107, 386, 427]
[10, 13107, 414, 399]
[10, 13107, 408, 401]
[10, 13107, 404, 400]
[10, 13107, 362, 404]
[10, 13107, 422, 397]
[10, 13107, 395, 398]
[10, 13107, 333, 409]
[10, 13107, 388, 405]
[10, 13107, 405, 386]
[10, 13107, 412, 365]
[10, 13107, 409, 391]
[10, 13107, 396, 410]
[10, 13107, 416, 385]
[10, 13107, 442, 408]
[10, 13107, 382, 402]
[10, 13107, 393, 385]
[10, 13107, 399, 392]
[10, 13107, 384, 405]
[10, 13107, 389, 436]
[15, 19660, 882, 881]
[15, 19660, 866, 858]
[15, 19660, 873, 874]
[15, 19660, 863, 817]
[15, 19660, 867, 879]
[15, 19660, 865, 897]
[15, 19660, 837, 869]
[15, 19660, 889, 789]
[15, 19660, 882, 795]
[15, 19660, 873, 855]
[15, 19660, 874, 821]
[15, 19660, 882, 894]
[15, 19660, 803, 900]
[15, 19660, 902, 901]
[15, 19660, 910, 859]
[15, 19660, 882, 882]
[15, 19660, 884, 858]
[15, 19660, 899, 821]
[15, 19660, 860, 881]
[15, 19660, 901, 809]
[15, 19660, 922, 891]
[15, 19660, 877, 843]
[15, 19660, 831, 898]
[15, 19660, 865, 846]
[15, 19660, 839, 863]
[15, 19660, 916, 837]
[15, 19660, 826, 906]
[15, 19660, 784, 928]
[15, 19660, 850, 872]
[15, 19660, 842, 855]
[15, 19660, 822, 897]
[15, 19660, 858, 856]
[15, 19660, 911, 881]
[15, 19660, 845, 835]
[15, 19660, 871, 859]
[15, 19660, 869, 856]
[15, 19660, 789, 866]
[15, 19660, 846, 886]
[15, 19660, 828, 907]
[15, 19660, 893, 821]
[15, 19660, 886, 908]
[15, 19660, 882, 843]
[15, 19660, 873, 866]
[15, 19660, 863, 833]
[15, 19660, 928, 790]
[15, 19660, 899, 816]
[15, 19660, 848, 911]
[15, 19660, 854, 858]
[15, 19660, 855, 938]
[15, 19660, 913, 856]
[15, 19660, 792, 829]
[15, 19660, 839, 863]
[15, 19660, 841, 902]
[15, 19660, 880, 880]
[15, 19660, 846, 872]
[15, 19660, 868, 786]
[15, 19660, 848, 871]
[15, 19660, 855, 852]
[15, 19660, 866, 857]
[15, 19660, 849, 897]
[15, 19660, 834, 890]
[15, 19660, 819, 916]
[15, 19660, 881, 863]
[15, 19660, 876, 832]
[15, 19660, 904, 865]
[15, 19660, 845, 905]
[15, 19660, 894, 921]
[15, 19660, 870, 883]
[15, 19660, 823, 893]
[15, 19660, 877, 863]
[15, 19660, 887, 810]
[15, 19660, 878, 852]
[15, 19660, 880, 891]
[15, 19660, 845, 888]
[15, 19660, 846, 863]
[15, 19660, 872, 881]
[15, 19660, 857, 841]
[15, 19660, 853, 819]
[15, 19660, 864, 846]
[15, 19660, 864, 908]
[15, 19660, 884, 862]
[15, 19660, 846, 858]
[15, 19660, 877, 855]
[15, 19660, 909, 836]
[15, 19660, 826, 903]
[15, 19660, 855, 862]
[15, 19660, 819, 860]
[15, 19660, 812, 888]
[15, 19660, 842, 878]
[15, 19660, 857, 856]
[15, 19660, 931, 802]
[15, 19660, 835, 878]
[15, 19660, 880, 895]
[15, 19660, 893, 841]
[15, 19660, 866, 858]
[15, 19660, 864, 858]
[15, 19660, 879, 834]
[15, 19660, 875, 843]
[15, 19660, 877, 886]
[15, 19660, 828, 835]
[20, 26214, 1496, 1522]
[20, 26214, 1499, 1528]
[20, 26214, 1469, 1517]
[20, 26214, 1502, 1543]
[20, 26214, 1519, 1480]
[20, 26214, 1570, 1492]
[20, 26214, 1509, 1563]
[20, 26214, 1487, 1389]
[20, 26214, 1509, 1463]
[20, 26214, 1523, 1564]
[20, 26214, 1490, 1448]
[20, 26214, 1592, 1545]
[20, 26214, 1478, 1610]
[20, 26214, 1466, 1501]
[20, 26214, 1468, 1492]
[20, 26214, 1530, 1581]
[20, 26214, 1527, 1482]
[20, 26214, 1547, 1550]
[20, 26214, 1541, 1521]
[20, 26214, 1597, 1546]
[20, 26214, 1482, 1463]
[20, 26214, 1490, 1470]
[20, 26214, 1444, 1557]
[20, 26214, 1504, 1489]
[20, 26214, 1513, 1568]
[20, 26214, 1507, 1579]
[20, 26214, 1458, 1537]
[20, 26214, 1443, 1532]
[20, 26214, 1514, 1431]
[20, 26214, 1478, 1529]
[20, 26214, 1569, 1514]
[20, 26214, 1535, 1539]
[20, 26214, 1501, 1506]
[20, 26214, 1473, 1478]
[20, 26214, 1450, 1512]
[20, 26214, 1470, 1493]
[20, 26214, 1480, 1596]
[20, 26214, 1437, 1539]
[20, 26214, 1459, 1553]
[20, 26214, 1565, 1385]
[20, 26214, 1578, 1497]
[20, 26214, 1509, 1524]
[20, 26214, 1450, 1518]
[20, 26214, 1523, 1538]
[20, 26214, 1555, 1491]
[20, 26214, 1492, 1458]
[20, 26214, 1497, 1469]
[20, 26214, 1566, 1518]
[20, 26214, 1519, 1524]
[20, 26214, 1542, 1449]
[20, 26214, 1448, 1576]
[20, 26214, 1542, 1503]
[20, 26214, 1478, 1495]
[20, 26214, 1470, 1533]
[20, 26214, 1464, 1545]
[20, 26214, 1566, 1423]
[20, 26214, 1554, 1511]
[20, 26214, 1545, 1461]
[20, 26214, 1519, 1489]
[20, 26214, 1457, 1534]
[20, 26214, 1470, 1581]
[20, 26214, 1482, 1513]
[20, 26214, 1471, 1528]
[20, 26214, 1571, 1464]
[20, 26214, 1456, 1565]
[20, 26214, 1495, 1602]
[20, 26214, 1466, 1507]
[20, 26214, 1506, 1544]
[20, 26214, 1539, 1474]
[20, 26214, 1507, 1502]
[20, 26214, 1589, 1480]
[20, 26214, 1499, 1511]
[20, 26214, 1533, 1619]
[20, 26214, 1519, 1532]
[20, 26214, 1454, 1561]
[20, 26214, 1517, 1474]
[20, 26214, 1490, 1564]
[20, 26214, 1530, 1509]
[20, 26214, 1508, 1569]
[20, 26214, 1446, 1518]
[20, 26214, 1507, 1463]
[20, 26214, 1578, 1567]
[20, 26214, 1478, 1536]
[20, 26214, 1531, 1453]
[20, 26214, 1519, 1493]
[20, 26214, 1496, 1530]
[20, 26214, 1477, 1573]
[20, 26214, 1538, 1528]
[20, 26214, 1540, 1562]
[20, 26214, 1496, 1452]
[20, 26214, 1490, 1414]
[20, 26214, 1454, 1487]
[20, 26214, 1557, 1524]
[20, 26214, 1533, 1452]
[20, 26214, 1493, 1480]
[20, 26214, 1496, 1528]
[20, 26214, 1537, 1558]
[20, 26214, 1506, 1453]
[20, 26214, 1593, 1480]
[20, 26214, 1510, 1546]
[25, 32768, 2313, 2273]
[25, 32768, 2357, 2347]
[25, 32768, 2381, 2341]
[25, 32768, 2352, 2386]
[25, 32768, 2324, 2260]
[25, 32768, 2328, 2318]
[25, 32768, 2371, 2242]
[25, 32768, 2395, 2347]
[25, 32768, 2306, 2283]
[25, 32768, 2329, 2418]
[25, 32768, 2433, 2393]
[25, 32768, 2334, 2365]
[25, 32768, 2286, 2329]
[25, 32768, 2305, 2413]
[25, 32768, 2412, 2330]
[25, 32768, 2389, 2274]
[25, 32768, 2369, 2383]
[25, 32768, 2377, 2398]
[25, 32768, 2349, 2472]
[25, 32768, 2385, 2337]
[25, 32768, 2494, 2320]
[25, 32768, 2384, 2448]
[25, 32768, 2336, 2344]
[25, 32768, 2343, 2447]
[25, 32768, 2334, 2390]
[25, 32768, 2402, 2300]
[25, 32768, 2217, 2462]
[25, 32768, 2327, 2350]
[25, 32768, 2298, 2383]
[25, 32768, 2350, 2406]
[25, 32768, 2374, 2425]
[25, 32768, 2247, 2368]
[25, 32768, 2269, 2365]
[25, 32768, 2409, 2388]
[25, 32768, 2326, 2450]
[25, 32768, 2405, 2214]
[25, 32768, 2369, 2308]
[25, 32768, 2350, 2229]
[25, 32768, 2276, 2318]
[25, 32768, 2396, 2335]
[25, 32768, 2375, 2319]
[25, 32768, 2432, 2383]
[25, 32768, 2279, 2291]
[25, 32768, 2278, 2452]
[25, 32768, 2432, 2341]
[25, 32768, 2304, 2355]
[25, 32768, 2300, 2341]
[25, 32768, 2347, 2323]
[25, 32768, 2162, 2356]
[25, 32768, 2312, 2293]
[25, 32768, 2353, 2494]
[25, 32768, 2329, 2360]
[25, 32768, 2295, 2323]
[25, 32768, 2328, 2320]
[25, 32768, 2286, 2416]
[25, 32768, 2305, 2323]
[25, 32768, 2414, 2259]
[25, 32768, 2320, 2372]
[25, 32768, 2318, 2382]
[25, 32768, 2392, 2419]
[25, 32768, 2309, 2324]
[25, 32768, 2315, 2334]
[25, 32768, 2396, 2364]
[25, 32768, 2364, 2322]
[25, 32768, 2330, 2327]
[25, 32768, 2268, 2348]
[25, 32768, 2362, 2361]
[25, 32768, 2414, 2310]
[25, 32768, 2286, 2387]
[25, 32768, 2327, 2357]
[25, 32768, 2345, 2283]
[25, 32768, 2383, 2434]
[25, 32768, 2336, 2372]
[25, 32768, 2313, 2380]
[25, 32768, 2378, 2392]
[25, 32768, 2341, 2266]
[25, 32768, 2311, 2339]
[25, 32768, 2317, 2309]
[25, 32768, 2386, 2413]
[25, 32768, 2344, 2335]
[25, 32768, 2310, 2336]
[25, 32768, 2340, 2305]
[25, 32768, 2341, 2316]
[25, 32768, 2352, 2399]
[25, 32768, 2301, 2361]
[25, 32768, 2397, 2290]
[25, 32768, 2398, 2367]
[25, 32768, 2413, 2312]
[25, 32768, 2276, 2379]
[25, 32768, 2421, 2322]
[25, 32768, 2361, 2298]
[25, 32768, 2341, 2399]
[25, 32768, 2350, 2426]
[25, 32768, 2418, 2358]
[25, 32768, 2345, 2474]
[25, 32768, 2351, 2386]
[25, 32768, 2481, 2318]
[25, 32768, 2429, 2347]
[25, 32768, 2379, 2364]
[25, 32768, 2365, 2327]
[30, 39321, 3432, 3379]
[30, 39321, 3336, 3509]
[30, 39321, 3433, 3445]
[30, 39321, 3461, 3317]
[30, 39321, 3433, 3375]
[30, 39321, 3345, 3318]
[30, 39321, 3401, 3308]
[30, 39321, 3381, 3317]
[30, 39321, 3421, 3465]
[30, 39321, 3310, 3361]
[30, 39321, 3388, 3292]
[30, 39321, 3290, 3437]
[30, 39321, 3367, 3454]
[30, 39321, 3389, 3393]
[30, 39321, 3411, 3341]
[30, 39321, 3417, 3367]
[30, 39321, 3454, 3322]
[30, 39321, 3458, 3278]
[30, 39321, 3365, 3330]
[30, 39321, 3493, 3361]
[30, 39321, 3424, 3349]
[30, 39321, 3374, 3385]
[30, 39321, 3372, 3381]
[30, 39321, 3380, 3337]
[30, 39321, 3376, 3447]
[30, 39321, 3351, 3337]
[30, 39321, 3356, 3450]
[30, 39321, 3403, 3311]
[30, 39321, 3421, 3382]
[30, 39321, 3387, 3336]
[30, 39321, 3372, 3416]
[30, 39321, 3494, 3325]
[30, 39321, 3331, 3319]
[30, 39321, 3428, 3339]
[30, 39321, 3465, 3377]
[30, 39321, 3412, 3434]
[30, 39321, 3327, 3358]
[30, 39321, 3362, 3372]
[30, 39321, 3389, 3439]
[30, 39321, 3405, 3334]
[30, 39321, 3387, 3477]
[30, 39321, 3364, 3447]
[30, 39321, 3440, 3416]
[30, 39321, 3338, 3476]
[30, 39321, 3515, 3310]
[30, 39321, 3442, 3253]
[30, 39321, 3266, 3415]
[30, 39321, 3454, 3397]
[30, 39321, 3251, 3294]
[30, 39321, 3364, 3413]
[30, 39321, 3330, 3437]
[30, 39321, 3421, 3328]
[30, 39321, 3345, 3366]
[30, 39321, 3472, 3379]
[30, 39321, 3412, 3361]
[30, 39321, 3476, 3238]
[30, 39321, 3412, 3271]
[30, 39321, 3393, 3448]
[30, 39321, 3372, 3443]
[30, 39321, 3290, 3471]
[30, 39321, 3371, 3447]
[30, 39321, 3448, 3455]
[30, 39321, 3286, 3448]
[30, 39321, 3388, 3439]
[30, 39321, 3338, 3427]
[30, 39321, 3370, 3449]
[30, 39321, 3351, 3347]
[30, 39321, 3344, 3371]
[30, 39321, 3287, 3455]
[30, 39321, 3371, 3379]
[30, 39321, 3436, 3293]
[30, 39321, 3289, 3385]
[30, 39321, 3359, 3297]
[30, 39321, 3359, 3408]
[30, 39321, 3460, 3329]
[30, 39321, 3453, 3364]
[30, 39321, 3418, 3341]
[30, 39321, 3384, 3390]
[30, 39321, 3304, 3343]
[30, 39321, 3424, 3413]
[30, 39321, 3520, 3325]
[30, 39321, 3443, 3376]
[30, 39321, 3365, 3362]
[30, 39321, 3452, 3263]
[30, 39321, 3314, 3466]
[30, 39321, 3474, 3362]
[30, 39321, 3398, 3381]
[30, 39321, 3328, 3301]
[30, 39321, 3301, 3395]
[30, 39321, 3482, 3298]
[30, 39321, 3436, 3392]
[30, 39321, 3428, 3336]
[30, 39321, 3399, 3489]
[30, 39321, 3530, 3404]
[30, 39321, 3445, 3341]
[30, 39321, 3279, 3388]
[30, 39321, 3467, 3458]
[30, 39321, 3449, 3381]
[30, 39321, 3524, 3376]
[30, 39321, 3411, 3354]
[35, 45875, 4573, 4514]
[35, 45875, 4535, 4638]
[35, 45875, 4553, 4546]
[35, 45875, 4724, 4470]
[35, 45875, 4652, 4541]
[35, 45875, 4510, 4485]
[35, 45875, 4673, 4627]
[35, 45875, 4495, 4481]
[35, 45875, 4499, 4514]
[35, 45875, 4616, 4674]
[35, 45875, 4664, 4502]
[35, 45875, 4592, 4495]
[35, 45875, 4577, 4596]
[35, 45875, 4386, 4655]
[35, 45875, 4460, 4509]
[35, 45875, 4601, 4666]
[35, 45875, 4704, 4539]
[35, 45875, 4561, 4494]
[35, 45875, 4628, 4553]
[35, 45875, 4638, 4512]
[35, 45875, 4585, 4634]
[35, 45875, 4650, 4534]
[35, 45875, 4505, 4641]
[35, 45875, 4737, 4532]
[35, 45875, 4538, 4618]
[35, 45875, 4602, 4508]
[35, 45875, 4573, 4519]
[35, 45875, 4509, 4464]
[35, 45875, 4554, 4585]
[35, 45875, 4422, 4654]
[35, 45875, 4508, 4720]
[35, 45875, 4573, 4562]
[35, 45875, 4659, 4541]
[35, 45875, 4665, 4589]
[35, 45875, 4646, 4582]
[35, 45875, 4562, 4570]
[35, 45875, 4668, 4591]
[35, 45875, 4563, 4556]
[35, 45875, 4549, 4563]
[35, 45875, 4700, 4553]
[35, 45875, 4569, 4575]
[35, 45875, 4520, 4578]
[35, 45875, 4698, 4651]
[35, 45875, 4564, 4635]
[35, 45875, 4595, 4530]
[35, 45875, 4562, 4550]
[35, 45875, 4606, 4597]
[35, 45875, 4599, 4535]
[35, 45875, 4538, 4662]
[35, 45875, 4576, 4613]
[35, 45875, 4410, 4588]
[35, 45875, 4592, 4584]
[35, 45875, 4485, 4628]
[35, 45875, 4640, 4675]
[35, 45875, 4611, 4616]
[35, 45875, 4650, 4499]
[35, 45875, 4659, 4482]
[35, 45875, 4565, 4728]
[35, 45875, 4657, 4518]
[35, 45875, 4516, 4640]
[35, 45875, 4506, 4640]
[35, 45875, 4627, 4777]
[35, 45875, 4573, 4606]
[35, 45875, 4651, 4447]
[35, 45875, 4626, 4599]
[35, 45875, 4579, 4642]
[35, 45875, 4522, 4750]
[35, 45875, 4600, 4605]
[35, 45875, 4481, 4438]
[35, 45875, 4613, 4487]
[35, 45875, 4617, 4595]
[35, 45875, 4678, 4591]
[35, 45875, 4535, 4664]
[35, 45875, 4568, 4622]
[35, 45875, 4594, 4542]
[35, 45875, 4602, 4692]
[35, 45875, 4657, 4561]
[35, 45875, 4553, 4619]
[35, 45875, 4693, 4464]
[35, 45875, 4745, 4600]
[35, 45875, 4614, 4567]
[35, 45875, 4571, 4567]
[35, 45875, 4721, 4484]
[35, 45875, 4711, 4596]
[35, 45875, 4543, 4725]
[35, 45875, 4735, 4625]
[35, 45875, 4532, 4626]
[35, 45875, 4523, 4703]
[35, 45875, 4522, 4606]
[35, 45875, 4602, 4550]
[35, 45875, 4879, 4546]
[35, 45875, 4560, 4554]
[35, 45875, 4669, 4526]
[35, 45875, 4628, 4536]
[35, 45875, 4543, 4532]
[35, 45875, 4707, 4595]
[35, 45875, 4700, 4431]
[35, 45875, 4645, 4440]
[35, 45875, 4558, 4560]
[35, 45875, 4664, 4632]
[40, 52428, 5921, 6038]
[40, 52428, 5852, 5888]
[40, 52428, 6002, 5999]
[40, 52428, 5954, 5979]
[40, 52428, 5980, 5922]
[40, 52428, 5955, 6036]
[40, 52428, 6138, 5903]
[40, 52428, 5987, 5885]
[40, 52428, 5995, 6072]
[40, 52428, 6064, 5830]
[40, 52428, 6134, 5914]
[40, 52428, 5917, 5969]
[40, 52428, 5938, 6039]
[40, 52428, 5841, 6106]
[40, 52428, 6010, 6017]
[40, 52428, 5987, 5906]
[40, 52428, 6108, 5962]
[40, 52428, 6059, 5835]
[40, 52428, 5879, 5961]
[40, 52428, 6052, 5848]
[40, 52428, 6036, 5931]
[40, 52428, 5930, 6020]
[40, 52428, 5972, 6095]
[40, 52428, 6021, 5880]
[40, 52428, 5896, 6140]
[40, 52428, 6063, 5911]
[40, 52428, 5988, 6125]
[40, 52428, 6098, 5944]
[40, 52428, 6024, 6071]
[40, 52428, 6074, 6054]
[40, 52428, 5940, 5992]
[40, 52428, 6016, 5994]
[40, 52428, 6058, 5953]
[40, 52428, 6180, 5925]
[40, 52428, 6014, 5894]
[40, 52428, 6099, 5777]
[40, 52428, 5972, 5954]
[40, 52428, 6122, 5866]
[40, 52428, 6019, 5934]
[40, 52428, 6107, 5814]
[40, 52428, 5973, 6011]
[40, 52428, 5953, 5926]
[40, 52428, 6222, 5958]
[40, 52428, 5883, 5943]
[40, 52428, 6050, 5886]
[40, 52428, 5852, 5944]
[40, 52428, 5856, 6129]
[40, 52428, 6012, 6008]
[40, 52428, 5928, 6010]
[40, 52428, 5823, 6132]
[40, 52428, 5935, 6116]
[40, 52428, 6009, 6078]
[40, 52428, 5971, 6015]
[40, 52428, 6018, 6128]
[40, 52428, 6071, 5944]
[40, 52428, 6256, 5679]
[40, 52428, 6088, 5976]
[40, 52428, 6050, 6020]
[40, 52428, 6043, 6074]
[40, 52428, 5776, 5917]
[40, 52428, 5968, 6150]
[40, 52428, 5941, 6166]
[40, 52428, 5981, 5910]
[40, 52428, 6073, 6011]
[40, 52428, 5900, 5987]
[40, 52428, 5819, 6170]
[40, 52428, 5990, 5968]
[40, 52428, 6051, 6032]
[40, 52428, 5992, 5920]
[40, 52428, 5946, 6109]
[40, 52428, 6070, 6053]
[40, 52428, 6080, 6123]
[40, 52428, 5878, 6155]
[40, 52428, 6030, 5928]
[40, 52428, 5907, 6059]
[40, 52428, 5951, 5872]
[40, 52428, 5945, 5969]
[40, 52428, 6126, 6056]
[40, 52428, 6101, 5902]
[40, 52428, 5955, 5898]
[40, 52428, 6009, 6049]
[40, 52428, 5906, 5884]
[40, 52428, 5909, 5983]
[40, 52428, 6177, 5828]
[40, 52428, 5914, 6093]
[40, 52428, 5991, 5946]
[40, 52428, 6195, 6022]
[40, 52428, 6045, 6077]
[40, 52428, 5825, 6160]
[40, 52428, 6193, 5970]
[40, 52428, 6088, 5980]
[40, 52428, 5961, 5954]
[40, 52428, 6060, 5920]
[40, 52428, 6161, 5812]
[40, 52428, 5996, 5997]
[40, 52428, 5918, 6074]
[40, 52428, 5898, 5945]
[40, 52428, 6122, 5856]
[40, 52428, 6076, 5954]
[40, 52428, 5989, 6031]
