[1, 1310, 11, 6]
[1, 1310, 12, 11]
[1, 1310, 9, 9]
[1, 1310, 10, 4]
[1, 1310, 11, 14]
[1, 1310, 18, 9]
[1, 1310, 13, 9]
[1, 1310, 3, 10]
[1, 1310, 10, 10]
[1, 1310, 6, 8]
[1, 1310, 14, 11]
[1, 1310, 11, 9]
[1, 1310, 7, 11]
[1, 1310, 9, 15]
[1, 1310, 6, 10]
[1, 1310, 7, 11]
[1, 1310, 10, 13]
[1, 1310, 4, 6]
[1, 1310, 5, 11]
[1, 1310, 10, 15]
[1, 1310, 7, 9]
[1, 1310, 6, 15]
[1, 1310, 6, 11]
[1, 1310, 5, 11]
[1, 1310, 5, 4]
[1, 1310, 12, 10]
[1, 1310, 9, 10]
[1, 1310, 7, 15]
[1, 1310, 8, 7]
[1, 1310, 9, 10]
[1, 1310, 8, 6]
[1, 1310, 12, 14]
[1, 1310, 11, 12]
[1, 1310, 10, 9]
[1, 1310, 8, 7]
[1, 1310, 7, 11]
[1, 1310, 7, 10]
[1, 1310, 8, 14]
[1, 1310, 9, 7]
[1, 1310, 6, 8]
[1, 1310, 9, 12]
[1, 1310, 10, 8]
[1, 1310, 12, 11]
[1, 1310, 10, 11]
[1, 1310, 10, 11]
[1, 1310, 12, 9]
[1, 1310, 7, 7]
[1, 1310, 9, 10]
[1, 1310, 7, 16]
[1, 1310, 7, 8]
[1, 1310, 10, 13]
[1, 1310, 10, 12]
[1, 1310, 5, 9]
[1, 1310, 14, 5]
[1, 1310, 5, 20]
[1, 1310, 12, 5]
[1, 1310, 6, 14]
[1, 1310, 13, 11]
[1, 1310, 7, 20]
[1, 1310, 11, 10]
[1, 1310, 15, 15]
[1, 1310, 9, 13]
[1, 1310, 14, 13]
[1, 1310, 8, 10]
[1, 1310, 16, 7]
[1, 1310, 15, 7]
[1, 1310, 6, 11]
[1, 1310, 16, 6]
[1, 1310, 14, 18]
[1, 1310, 9, 8]
[1, 1310, 7, 15]
[1, 1310, 9, 8]
[1, 1310, 13, 11]
[1, 1310, 8, 10]
[1, 1310, 14, 7]
[1, 1310, 7, 16]
[1, 1310, 10, 11]
[1, 1310, 9, 8]
[1, 1310, 7, 9]
[1, 1310, 8, 7]
[1, 1310, 3, 9]
[1, 1310, 11, 4]
[1, 1310, 9, 17]
[1, 1310, 11, 9]
[1, 1310, 7, 12]
[1, 1310, 8, 5]
[1, 1310, 9, 8]
[1, 1310, 8, 13]
[1, 1310, 11, 12]
[1, 1310, 8, 10]
[1, 1310, 8, 11]
[1, 1310, 6, 12]
[1, 1310, 7, 13]
[1, 1310, 7, 10]
[1, 1310, 12, 10]
[1, 1310, 10, 15]
[1, 1310, 9, 7]
[1, 1310, 9, 5]
[1, 1310, 10, 8]
[1, 1310, 6, 9]
[2, 2621, 28, 35]
[2, 2621, 29, 24]
[2, 2621, 27, 31]
[2, 2621, 30, 22]
[2, 2621, 34, 30]
[2, 2621, 24, 17]
[2, 2621, 28, 18]
[2, 2621, 35, 29]
[2, 2621, 22, 23]
[2, 2621, 27, 25]
[2, 2621, 23, 17]
[2, 2621, 31, 32]
[2, 2621, 27, 27]
[2, 2621, 24, 23]
[2, 2621, 17, 32]
[2, 2621, 21, 29]
[2, 2621, 28, 18]
[2, 2621, 24, 25]
[2, 2621, 23, 35]
[2, 2621, 35, 23]
[2, 2621, 31, 33]
[2, 2621, 28, 19]
[2, 2621, 30, 28]
[2, 2621, 32, 28]
[2, 2621, 27, 29]
[2, 2621, 30, 18]
[2, 2621, 37, 24]
[2, 2621, 27, 30]
[2, 2621, 33, 28]
[2, 2621, 25, 26]
[2, 2621, 30, 26]
[2, 2621, 25, 24]
[2, 2621, 26, 18]
[2, 2621, 31, 22]
[2, 2621, 26, 21]
[2, 2621, 26, 20]
[2, 2621, 27, 38]
[2, 2621, 37, 24]
[2, 2621, 27, 24]
[2, 2621, 40, 26]
[2, 2621, 24, 11]
[2, 2621, 21, 33]
[2, 2621, 21, 23]
[2, 2621, 18, 23]
[2, 2621, 31, 25]
[2, 2621, 26, 30]
[2, 2621, 26, 24]
[2, 2621, 31, 37]
[2, 2621, 28, 36]
[2, 2621, 27, 22]
[2, 2621, 25, 30]
[2, 2621, 16, 29]
[2, 2621, 37, 32]
[2, 2621, 26, 22]
[2, 2621, 31, 29]
[2, 2621, 30, 30]
[2, 2621, 30, 25]
[2, 2621, 28, 19]
[2, 2621, 29, 29]
[2, 2621, 25, 26]
[2, 2621, 28, 28]
[2, 2621, 20, 21]
[2, 2621, 24, 28]
[2, 2621, 27, 25]
[2, 2621, 31, 33]
[2, 2621, 20, 25]
[2, 2621, 29, 15]
[2, 2621, 25, 17]
[2, 2621, 18, 33]
[2, 2621, 25, 27]
[2, 2621, 26, 21]
[2, 2621, 25, 35]
[2, 2621, 31, 25]
[2, 2621, 18, 22]
[2, 2621, 33, 31]
[2, 2621, 21, 27]
[2, 2621, 22, 25]
[2, 2621, 33, 19]
[2, 2621, 27, 38]
[2, 2621, 28, 32]
[2, 2621, 29, 29]
[2, 2621, 30, 26]
[2, 2621, 32, 25]
[2, 2621, 30, 20]
[2, 2621, 25, 35]
[2, 2621, 35, 23]
[2, 2621, 38, 44]
[2, 2621, 27, 23]
[2, 2621, 30, 24]
[2, 2621, 31, 31]
[2, 2621, 28, 20]
[2, 2621, 29, 20]
[2, 2621, 26, 24]
[2, 2621, 17, 29]
[2, 2621, 26, 37]
[2, 2621, 27, 26]
[2, 2621, 37, 21]
[2, 2621, 23, 26]
[2, 2621, 18, 22]
[2, 2621, 27, 35]
[5, 6553, 121, 104]
[5, 6553, 106, 112]
[5, 6553, 91, 120]
[5, 6553, 129, 109]
[5, 6553, 131, 125]
[5, 6553, 117, 121]
[5, 6553, 110, 101]
[5, 6553, 113, 110]
[5, 6553, 106, 111]
[5, 6553, 118, 108]
[5, 6553, 125, 113]
[5, 6553, 101, 100]
[5, 6553, 131, 114]
[5, 6553, 100, 125]
[5, 6553, 128, 101]
[5, 6553, 96, 119]
[5, 6553, 127, 120]
[5, 6553, 114, 108]
[5, 6553, 124, 119]
[5, 6553, 89, 100]
[5, 6553, 111, 112]
[5, 6553, 122, 120]
[5, 6553, 123, 108]
[5, 6553, 126, 125]
[5, 6553, 137, 114]
[5, 6553, 131, 105]
[5, 6553, 121, 115]
[5, 6553, 122, 124]
[5, 6553, 110, 102]
[5, 6553, 111, 123]
[5, 6553, 120, 112]
[5, 6553, 94, 118]
[5, 6553, 105, 117]
[5, 6553, 113, 109]
[5, 6553, 117, 102]
[5, 6553, 115, 109]
[5, 6553, 128, 129]
[5, 6553, 117, 123]
[5, 6553, 118, 104]
[5, 6553, 123, 107]
[5, 6553, 128, 100]
[5, 6553, 107, 130]
[5, 6553, 105, 96]
[5, 6553, 131, 122]
[5, 6553, 123, 135]
[5, 6553, 120, 108]
[5, 6553, 112, 115]
[5, 6553, 118, 105]
[5, 6553, 116, 106]
[5, 6553, 127, 95]
[5, 6553, 114, 129]
[5, 6553, 105, 112]
[5, 6553, 111, 121]
[5, 6553, 124, 114]
[5, 6553, 121, 132]
[5, 6553, 128, 121]
[5, 6553, 123, 117]
[5, 6553, 111, 103]
[5, 6553, 88, 136]
[5, 6553, 122, 115]
[5, 6553, 117, 101]
[5, 6553, 123, 129]
[5, 6553, 129, 127]
[5, 6553, 122, 118]
[5, 6553, 146, 132]
[5, 6553, 115, 107]
[5, 6553, 121, 100]
[5, 6553, 113, 125]
[5, 6553, 128, 128]
[5, 6553, 117, 104]
[5, 6553, 89, 117]
[5, 6553, 112, 139]
[5, 6553, 119, 139]
[5, 6553, 125, 111]
[5, 6553, 115, 100]
[5, 6553, 122, 122]
[5, 6553, 99, 125]
[5, 6553, 118, 122]
[5, 6553, 118, 102]
[5, 6553, 120, 128]
[5, 6553, 110, 104]
[5, 6553, 96, 120]
[5, 6553, 119, 111]
[5, 6553, 115, 119]
[5, 6553, 96, 102]
[5, 6553, 128, 104]
[5, 6553, 118, 108]
[5, 6553, 110, 102]
[5, 6553, 129, 99]
[5, 6553, 134, 131]
[5, 6553, 105, 127]
[5, 6553, 129, 130]
[5, 6553, 115, 118]
[5, 6553, 126, 109]
[5, 6553, 125, 124]
[5, 6553, 93, 123]
[5, 6553, 117, 117]
[5, 6553, 127, 115]
[5, 6553, 140, 115]
[5, 6553, 117, 120]
[10, 13107, 446, 399]
[10, 13107, 406, 412]
[10, 13107, 435, 419]
[10, 13107, 415, 384]
[10, 13107, 397, 389]
[10, 13107, 439, 368]
[10, 13107, 429, 342]
[10, 13107, 431, 410]
[10, 13107, 383, 390]
[10, 13107, 434, 383]
[10, 13107, 411, 362]
[10, 13107, 427, 380]
[10, 13107, 394, 408]
[10, 13107, 454, 419]
[10, 13107, 373, 413]
[10, 13107, 396, 425]
[10, 13107, 423, 412]
[10, 13107, 408, 420]
[10, 13107, 428, 413]
[10, 13107, 369, 407]
[10, 13107, 384, 409]
[10, 13107, 411, 435]
[10, 13107, 387, 420]
[10, 13107, 437, 379]
[10, 13107, 428, 363]
[10, 13107, 411, 397]
[10, 13107, 400, 389]
[10, 13107, 402, 395]
[10, 13107, 424, 366]
[10, 13107, 367, 387]
[10, 13107, 408, 360]
[10, 13107, 417, 399]
[10, 13107, 385, 406]
[10, 13107, 401, 400]
[10, 13107, 415, 383]
[10, 13107, 417, 399]
[10, 13107, 373, 409]
[10, 13107, 394, 436]
[10, 13107, 379, 360]
[10, 13107, 430, 354]
[10, 13107, 419, 421]
[10, 13107, 410, 405]
[10, 13107, 415, 383]
[10, 13107, 403, 422]
[10, 13107, 386, 430]
[10, 13107, 404, 406]
[10, 13107, 388, 429]
[10, 13107, 439, 391]
[10, 13107, 382, 418]
[10, 13107, 411, 369]
[10, 13107, 409, 393]
[10, 13107, 412, 359]
[10, 13107, 406, 366]
[10, 13107, 400, 392]
[10, 13107, 379, 412]
[10, 13107, 413, 402]
[10, 13107, 388, 410]
[10, 13107, 416, 366]
[10, 13107, 412, 395]
[10, 13107, 407, 389]
[10, 13107, 426, 429]
[10, 13107, 428, 393]
[10, 13107, 394, 403]
[10, 13107, 376, 427]
[10, 13107, 421, 361]
[10, 13107, 420, 419]
[10, 13107, 399, 405]
[10, 13107, 408, 407]
[10, 13107, 399, 426]
[10, 13107, 380, 422]
[10, 13107, 382, 406]
[10, 13107, 418, 389]
[10, 13107, 379, 377]
[10, 13107, 395, 397]
[10, 13107, 410, 383]
[10, 13107, 391, 416]
[10, 13107, 441, 398]
[10, 13107, 426, 385]
[10, 13107, 389, 392]
[10, 13107, 406, 405]
[10, 13107, 404, 406]
[10, 13107, 389, 388]
[10, 13107, 398, 419]
[10, 13107, 389, 379]
[10, 13107, 419, 428]
[10, 13107, 415, 390]
[10, 13107, 422, 415]
[10, 13107, 374, 410]
[10, 13107, 399, 380]
[10, 13107, 425, 380]
[10, 13107, 407, 411]
[10, 13107, 438, 403]
[10, 13107, 395, 384]
[10, 13107, 385, 437]
[10, 13107, 378, 448]
[10, 13107, 457, 375]
[10, 13107, 438, 401]
[10, 13107, 433, 385]
[10, 13107, 393, 431]
[10, 13107, 388, 432]
[15, 19660, 868, 866]
[15, 19660, 881, 894]
[15, 19660, 850, 839]
[15, 19660, 889, 783]
[15, 19660, 868, 840]
[15, 19660, 866, 844]
[15, 19660, 906, 858]
[15, 19660, 838, 914]
[15, 19660, 847, 887]
[15, 19660, 904, 774]
[15, 19660, 878, 826]
[15, 19660, 866, 857]
[15, 19660, 872, 838]
[15, 19660, 820, 922]
[15, 19660, 852, 871]
[15, 19660, 826, 848]
[15, 19660, 890, 885]
[15, 19660, 815, 847]
[15, 19660, 881, 876]
[15, 19660, 845, 878]
[15, 19660, 867, 916]
[15, 19660, 846, 865]
[15, 19660, 927, 817]
[15, 19660, 894, 868]
[15, 19660, 944, 802]
[15, 19660, 868, 885]
[15, 19660, 868, 875]
[15, 19660, 901, 872]
[15, 19660, 949, 846]
[15, 19660, 860, 872]
[15, 19660, 869, 860]
[15, 19660, 801, 888]
[15, 19660, 828, 906]
[15, 19660, 806, 879]
[15, 19660, 875, 852]
[15, 19660, 836, 819]
[15, 19660, 884, 896]
[15, 19660, 871, 861]
[15, 19660, 926, 832]
[15, 19660, 875, 875]
[15, 19660, 866, 912]
[15, 19660, 848, 875]
[15, 19660, 910, 860]
[15, 19660, 868, 902]
[15, 19660, 898, 856]
[15, 19660, 858, 881]
[15, 19660, 806, 892]
[15, 19660, 841, 809]
[15, 19660, 843, 880]
[15, 19660, 885, 815]
[15, 19660, 819, 887]
[15, 19660, 888, 890]
[15, 19660, 916, 855]
[15, 19660, 921, 840]
[15, 19660, 837, 851]
[15, 19660, 857, 868]
[15, 19660, 857, 912]
[15, 19660, 824, 869]
[15, 19660, 882, 893]
[15, 19660, 841, 810]
[15, 19660, 871, 839]
[15, 19660, 815, 897]
[15, 19660, 858, 793]
[15, 19660, 763, 895]
[15, 19660, 862, 893]
[15, 19660, 908, 811]
[15, 19660, 891, 831]
[15, 19660, 862, 819]
[15, 19660, 867, 853]
[15, 19660, 859, 816]
[15, 19660, 864, 885]
[15, 19660, 926, 896]
[15, 19660, 879, 868]
[15, 19660, 895, 826]
[15, 19660, 837, 850]
[15, 19660, 852, 892]
[15, 19660, 856, 850]
[15, 19660, 903, 845]
[15, 19660, 832, 959]
[15, 19660, 795, 876]
[15, 19660, 818, 849]
[15, 19660, 902, 845]
[15, 19660, 884, 878]
[15, 19660, 854, 864]
[15, 19660, 899, 856]
[15, 19660, 906, 844]
[15, 19660, 874, 841]
[15, 19660, 886, 854]
[15, 19660, 889, 893]
[15, 19660, 915, 839]
[15, 19660, 855, 909]
[15, 19660, 869, 849]
[15, 19660, 903, 891]
[15, 19660, 887, 857]
[15, 19660, 868, 826]
[15, 19660, 878, 833]
[15, 19660, 889, 851]
[15, 19660, 910, 840]
[15, 19660, 850, 870]
[15, 19660, 881, 873]
[20, 26214, 1520, 1524]
[20, 26214, 1513, 1483]
[20, 26214, 1468, 1430]
[20, 26214, 1577, 1502]
[20, 26214, 1495, 1539]
[20, 26214, 1544, 1430]
[20, 26214, 1550, 1467]
[20, 26214, 1510, 1561]
[20, 26214, 1563, 1533]
[20, 26214, 1512, 1470]
[20, 26214, 1593, 1509]
[20, 26214, 1510, 1515]
[20, 26214, 1476, 1537]
[20, 26214, 1438, 1539]
[20, 26214, 1563, 1445]
[20, 26214, 1569, 1518]
[20, 26214, 1523, 1518]
[20, 26214, 1559, 1479]
[20, 26214, 1495, 1459]
[20, 26214, 1470, 1488]
[20, 26214, 1484, 1520]
[20, 26214, 1544, 1591]
[20, 26214, 1577, 1547]
[20, 26214, 1518, 1532]
[20, 26214, 1499, 1478]
[20, 26214, 1517, 1582]
[20, 26214, 1567, 1514]
[20, 26214, 1495, 1554]
[20, 26214, 1578, 1535]
[20, 26214, 1511, 1515]
[20, 26214, 1505, 1550]
[20, 26214, 1518, 1418]
[20, 26214, 1523, 1516]
[20, 26214, 1590, 1432]
[20, 26214, 1506, 1542]
[20, 26214, 1544, 1477]
[20, 26214, 1509, 1511]
[20, 26214, 1601, 1500]
[20, 26214, 1509, 1419]
[20, 26214, 1568, 1483]
[20, 26214, 1542, 1555]
[20, 26214, 1539, 1550]
[20, 26214, 1459, 1546]
[20, 26214, 1534, 1472]
[20, 26214, 1516, 1599]
[20, 26214, 1542, 1560]
[20, 26214, 1490, 1522]
[20, 26214, 1513, 1504]
[20, 26214, 1601, 1514]
[20, 26214, 1520, 1505]
[20, 26214, 1498, 1510]
[20, 26214, 1567, 1479]
[20, 26214, 1565, 1519]
[20, 26214, 1519, 1573]
[20, 26214, 1528, 1548]
[20, 26214, 1471, 1492]
[20, 26214, 1478, 1555]
[20, 26214, 1572, 1533]
[20, 26214, 1575, 1466]
[20, 26214, 1520, 1505]
[20, 26214, 1560, 1522]
[20, 26214, 1524, 1543]
[20, 26214, 1540, 1490]
[20, 26214, 1507, 1553]
[20, 26214, 1525, 1544]
[20, 26214, 1570, 1560]
[20, 26214, 1537, 1502]
[20, 26214, 1565, 1451]
[20, 26214, 1435, 1564]
[20, 26214, 1502, 1394]
[20, 26214, 1490, 1501]
[20, 26214, 1471, 1520]
[20, 26214, 1507, 1560]
[20, 26214, 1486, 1417]
[20, 26214, 1505, 1505]
[20, 26214, 1449, 1547]
[20, 26214, 1512, 1476]
[20, 26214, 1573, 1472]
[20, 26214, 1494, 1553]
[20, 26214, 1497, 1583]
[20, 26214, 1523, 1563]
[20, 26214, 1500, 1595]
[20, 26214, 1539, 1498]
[20, 26214, 1514, 1465]
[20, 26214, 1545, 1429]
[20, 26214, 1562, 1437]
[20, 26214, 1483, 1446]
[20, 26214, 1517, 1513]
[20, 26214, 1469, 1508]
[20, 26214, 1606, 1435]
[20, 26214, 1479, 1607]
[20, 26214, 1530, 1512]
[20, 26214, 1532, 1480]
[20, 26214, 1544, 1568]
[20, 26214, 1506, 1541]
[20, 26214, 1536, 1509]
[20, 26214, 1542, 1505]
[20, 26214, 1551, 1505]
[20, 26214, 1489, 1568]
[20, 26214, 1530, 1522]
[25, 32768, 2260, 2384]
[25, 32768, 2385, 2349]
[25, 32768, 2253, 2450]
[25, 32768, 2347, 2316]
[25, 32768, 2421, 2300]
[25, 32768, 2424, 2293]
[25, 32768, 2379, 2380]
[25, 32768, 2255, 2379]
[25, 32768, 2307, 2350]
[25, 32768, 2483, 2234]
[25, 32768, 2395, 2345]
[25, 32768, 2346, 2329]
[25, 32768, 2347, 2290]
[25, 32768, 2376, 2376]
[25, 32768, 2362, 2481]
[25, 32768, 2344, 2297]
[25, 32768, 2273, 2439]
[25, 32768, 2394, 2348]
[25, 32768, 2266, 2388]
[25, 32768, 2345, 2388]
[25, 32768, 2408, 2330]
[25, 32768, 2426, 2313]
[25, 32768, 2440, 2319]
[25, 32768, 2403, 2340]
[25, 32768, 2398, 2282]
[25, 32768, 2358, 2406]
[25, 32768, 2303, 2351]
[25, 32768, 2346, 2394]
[25, 32768, 2313, 2318]
[25, 32768, 2391, 2275]
[25, 32768, 2379, 2329]
[25, 32768, 2288, 2331]
[25, 32768, 2351, 2283]
[25, 32768, 2354, 2396]
[25, 32768, 2386, 2343]
[25, 32768, 2388, 2328]
[25, 32768, 2297, 2425]
[25, 32768, 2410, 2284]
[25, 32768, 2338, 2347]
[25, 32768, 2349, 2312]
[25, 32768, 2327, 2374]
[25, 32768, 2386, 2350]
[25, 32768, 2284, 2269]
[25, 32768, 2405, 2332]
[25, 32768, 2328, 2359]
[25, 32768, 2298, 2339]
[25, 32768, 2294, 2380]
[25, 32768, 2321, 2370]
[25, 32768, 2387, 2389]
[25, 32768, 2347, 2293]
[25, 32768, 2340, 2424]
[25, 32768, 2279, 2323]
[25, 32768, 2332, 2343]
[25, 32768, 2406, 2398]
[25, 32768, 2323, 2335]
[25, 32768, 2347, 2291]
[25, 32768, 2328, 2287]
[25, 32768, 2302, 2348]
[25, 32768, 2382, 2315]
[25, 32768, 2362, 2293]
[25, 32768, 2320, 2309]
[25, 32768, 2301, 2373]
[25, 32768, 2248, 2369]
[25, 32768, 2354, 2345]
[25, 32768, 2360, 2261]
[25, 32768, 2401, 2379]
[25, 32768, 2367, 2379]
[25, 32768, 2380, 2423]
[25, 32768, 2385, 2410]
[25, 32768, 2280, 2376]
[25, 32768, 2331, 2385]
[25, 32768, 2421, 2292]
[25, 32768, 2291, 2384]
[25, 32768, 2396, 2320]
[25, 32768, 2361, 2359]
[25, 32768, 2388, 2445]
[25, 32768, 2239, 2431]
[25, 32768, 2365, 2287]
[25, 32768, 2263, 2314]
[25, 32768, 2351, 2426]
[25, 32768, 2334, 2431]
[25, 32768, 2325, 2416]
[25, 32768, 2392, 2442]
[25, 32768, 2224, 2330]
[25, 32768, 2394, 2325]
[25, 32768, 2417, 2263]
[25, 32768, 2400, 2381]
[25, 32768, 2278, 2356]
[25, 32768, 2368, 2318]
[25, 32768, 2461, 2440]
[25, 32768, 2281, 2453]
[25, 32768, 2438, 2358]
[25, 32768, 2351, 2259]
[25, 32768, 2364, 2331]
[25, 32768, 2364, 2302]
[25, 32768, 2335, 2353]
[25, 32768, 2309, 2382]
[25, 32768, 2362, 2288]
[25, 32768, 2354, 2353]
[25, 32768, 2384, 2334]
[30, 39321, 3341, 3403]
[30, 39321, 3216, 3346]
[30, 39321, 3288, 3372]
[30, 39321, 3437, 3315]
[30, 39321, 3363, 3286]
[30, 39321, 3419, 3398]
[30, 39321, 3377, 3399]
[30, 39321, 3321, 3436]
[30, 39321, 3412, 3319]
[30, 39321, 3515, 3298]
[30, 39321, 3344, 3329]
[30, 39321, 3391, 3335]
[30, 39321, 3348, 3400]
[30, 39321, 3289, 3440]
[30, 39321, 3444, 3336]
[30, 39321, 3435, 3364]
[30, 39321, 3348, 3450]
[30, 39321, 3499, 3303]
[30, 39321, 3366, 3395]
[30, 39321, 3448, 3357]
[30, 39321, 3501, 3462]
[30, 39321, 3374, 3316]
[30, 39321, 3404, 3263]
[30, 39321, 3474, 3312]
[30, 39321, 3411, 3294]
[30, 39321, 3435, 3368]
[30, 39321, 3331, 3381]
[30, 39321, 3350, 3375]
[30, 39321, 3446, 3346]
[30, 39321, 3380, 3431]
[30, 39321, 3317, 3191]
[30, 39321, 3455, 3360]
[30, 39321, 3472, 3411]
[30, 39321, 3247, 3313]
[30, 39321, 3288, 3434]
[30, 39321, 3246, 3297]
[30, 39321, 3340, 3472]
[30, 39321, 3474, 3367]
[30, 39321, 3439, 3368]
[30, 39321, 3463, 3394]
[30, 39321, 3389, 3434]
[30, 39321, 3401, 3352]
[30, 39321, 3263, 3432]
[30, 39321, 3369, 3229]
[30, 39321, 3453, 3451]
[30, 39321, 3360, 3447]
[30, 39321, 3300, 3482]
[30, 39321, 3476, 3193]
[30, 39321, 3284, 3280]
[30, 39321, 3381, 3340]
[30, 39321, 3471, 3315]
[30, 39321, 3520, 3405]
[30, 39321, 3540, 3275]
[30, 39321, 3273, 3356]
[30, 39321, 3320, 3370]
[30, 39321, 3477, 3250]
[30, 39321, 3341, 3421]
[30, 39321, 3414, 3352]
[30, 39321, 3411, 3366]
[30, 39321, 3450, 3341]
[30, 39321, 3395, 3387]
[30, 39321, 3308, 3352]
[30, 39321, 3342, 3450]
[30, 39321, 3379, 3528]
[30, 39321, 3349, 3424]
[30, 39321, 3393, 3377]
[30, 39321, 3373, 3310]
[30, 39321, 3423, 3364]
[30, 39321, 3383, 3363]
[30, 39321, 3381, 3391]
[30, 39321, 3271, 3329]
[30, 39321, 3189, 3333]
[30, 39321, 3237, 3511]
[30, 39321, 3379, 3251]
[30, 39321, 3311, 3401]
[30, 39321, 3331, 3436]
[30, 39321, 3363, 3364]
[30, 39321, 3456, 3221]
[30, 39321, 3338, 3358]
[30, 39321, 3344, 3488]
[30, 39321, 3298, 3329]
[30, 39321, 3341, 3431]
[30, 39321, 3405, 3473]
[30, 39321, 3308, 3349]
[30, 39321, 3390, 3357]
[30, 39321, 3488, 3331]
[30, 39321, 3436, 3351]
[30, 39321, 3387, 3402]
[30, 39321, 3435, 3251]
[30, 39321, 3404, 3322]
[30, 39321, 3269, 3453]
[30, 39321, 3405, 3436]
[30, 39321, 3364, 3361]
[30, 39321, 3421, 3287]
[30, 39321, 3367, 3358]
[30, 39321, 3379, 3333]
[30, 39321, 3307, 3437]
[30, 39321, 3448, 3204]
[30, 39321, 3327, 3400]
[30, 39321, 3393, 3420]
[35, 45875, 4677, 4567]
[35, 45875, 4560, 4622]
[35, 45875, 4526, 4808]
[35, 45875, 4527, 4640]
[35, 45875, 4561, 4547]
[35, 45875, 4531, 4575]
[35, 45875, 4624, 4533]
[35, 45875, 4670, 4649]
[35, 45875, 4576, 4591]
[35, 45875, 4677, 4504]
[35, 45875, 4649, 4455]
[35, 45875, 4649, 4656]
[35, 45875, 4627, 4538]
[35, 45875, 4606, 4673]
[35, 45875, 4652, 4494]
[35, 45875, 4620, 4539]
[35, 45875, 4586, 4611]
[35, 45875, 4559, 4561]
[35, 45875, 4605, 4669]
[35, 45875, 4645, 4686]
[35, 45875, 4674, 4546]
[35, 45875, 4667, 4489]
[35, 45875, 4528, 4481]
[35, 45875, 4576, 4534]
[35, 45875, 4655, 4239]
[35, 45875, 4619, 4525]
[35, 45875, 4533, 4568]
[35, 45875, 4560, 4566]
[35, 45875, 4705, 4503]
[35, 45875, 4679, 4554]
[35, 45875, 4678, 4510]
[35, 45875, 4652, 4596]
[35, 45875, 4687, 4748]
[35, 45875, 4625, 4553]
[35, 45875, 4556, 4557]
[35, 45875, 4746, 4591]
[35, 45875, 4536, 4595]
[35, 45875, 4618, 4553]
[35, 45875, 4680, 4494]
[35, 45875, 4516, 4697]
[35, 45875, 4580, 4646]
[35, 45875, 4516, 4545]
[35, 45875, 4567, 4615]
[35, 45875, 4683, 4533]
[35, 45875, 4565, 4670]
[35, 45875, 4604, 4587]
[35, 45875, 4613, 4676]
[35, 45875, 4721, 4439]
[35, 45875, 4505, 4575]
[35, 45875, 4518, 4536]
[35, 45875, 4668, 4701]
[35, 45875, 4637, 4591]
[35, 45875, 4522, 4632]
[35, 45875, 4611, 4463]
[35, 45875, 4562, 4680]
[35, 45875, 4474, 4558]
[35, 45875, 4540, 4650]
[35, 45875, 4575, 4512]
[35, 45875, 4594, 4526]
[35, 45875, 4594, 4568]
[35, 45875, 4611, 4537]
[35, 45875, 4549, 4501]
[35, 45875, 4684, 4590]
[35, 45875, 4552, 4700]
[35, 45875, 4598, 4485]
[35, 45875, 4712, 4569]
[35, 45875, 4581, 4552]
[35, 45875, 4685, 4595]
[35, 45875, 4557, 4567]
[35, 45875, 4696, 4467]
[35, 45875, 4644, 4565]
[35, 45875, 4568, 4625]
[35, 45875, 4484, 4706]
[35, 45875, 4685, 4498]
[35, 45875, 4600, 4649]
[35, 45875, 4565, 4549]
[35, 45875, 4519, 4741]
[35, 45875, 4664, 4478]
[35, 45875, 4513, 4595]
[35, 45875, 4586, 4628]
[35, 45875, 4565, 4642]
[35, 45875, 4624, 4683]
[35, 45875, 4583, 4614]
[35, 45875, 4651, 4702]
[35, 45875, 4605, 4578]
[35, 45875, 4693, 4516]
[35, 45875, 4510, 4611]
[35, 45875, 4509, 4503]
[35, 45875, 4783, 4451]
[35, 45875, 4544, 4549]
[35, 45875, 4491, 4691]
[35, 45875, 4601, 4581]
[35, 45875, 4546, 4660]
[35, 45875, 4612, 4709]
[35, 45875, 4548, 4530]
[35, 45875, 4603, 4480]
[35, 45875, 4547, 4500]
[35, 45875, 4616, 4449]
[35, 45875, 4503, 4699]
[35, 45875, 4637, 4667]
[40, 52428, 6066, 5945]
[40, 52428, 5952, 6063]
[40, 52428, 5947, 6097]
[40, 52428, 6093, 5861]
[40, 52428, 5926, 6125]
[40, 52428, 5868, 6083]
[40, 52428, 6008, 6052]
[40, 52428, 5940, 6000]
[40, 52428, 6065, 5999]
[40, 52428, 6179, 5876]
[40, 52428, 6167, 5810]
[40, 52428, 6099, 6067]
[40, 52428, 5966, 6106]
[40, 52428, 5873, 6005]
[40, 52428, 6067, 5939]
[40, 52428, 5895, 5921]
[40, 52428, 6038, 5941]
[40, 52428, 6062, 5993]
[40, 52428, 6118, 5945]
[40, 52428, 5989, 6105]
[40, 52428, 6082, 5881]
[40, 52428, 6089, 6047]
[40, 52428, 6109, 6073]
[40, 52428, 6109, 6023]
[40, 52428, 6267, 5871]
[40, 52428, 5976, 6010]
[40, 52428, 5908, 6173]
[40, 52428, 6055, 5885]
[40, 52428, 6058, 6012]
[40, 52428, 5983, 6046]
[40, 52428, 6061, 5943]
[40, 52428, 5875, 5963]
[40, 52428, 5842, 5890]
[40, 52428, 6084, 5981]
[40, 52428, 5988, 5950]
[40, 52428, 5877, 6120]
[40, 52428, 6007, 5960]
[40, 52428, 6047, 6056]
[40, 52428, 5976, 5916]
[40, 52428, 5979, 6114]
[40, 52428, 6028, 6011]
[40, 52428, 6122, 5967]
[40, 52428, 6072, 6138]
[40, 52428, 5926, 6007]
[40, 52428, 6009, 6167]
[40, 52428, 5979, 5870]
[40, 52428, 5857, 6043]
[40, 52428, 6000, 5898]
[40, 52428, 5888, 6027]
[40, 52428, 6052, 6002]
[40, 52428, 5933, 6136]
[40, 52428, 5978, 5877]
[40, 52428, 5970, 5973]
[40, 52428, 6110, 5904]
[40, 52428, 5925, 5950]
[40, 52428, 6015, 5972]
[40, 52428, 5974, 5914]
[40, 52428, 6048, 5936]
[40, 52428, 5978, 6084]
[40, 52428, 5987, 5816]
[40, 52428, 5868, 5903]
[40, 52428, 5793, 5963]
[40, 52428, 6017, 5973]
[40, 52428, 5828, 5971]
[40, 52428, 6038, 5883]
[40, 52428, 6122, 6005]
[40, 52428, 5948, 5833]
[40, 52428, 5979, 5973]
[40, 52428, 5978, 6002]
[40, 52428, 6021, 5975]
[40, 52428, 5798, 6086]
[40, 52428, 5918, 6210]
[40, 52428, 5869, 6083]
[40, 52428, 6114, 5959]
[40, 52428, 5819, 6095]
[40, 52428, 5896, 5934]
[40, 52428, 5961, 6069]
[40, 52428, 6129, 5942]
[40, 52428, 5976, 5999]
[40, 52428, 5925, 6116]
[40, 52428, 5997, 5982]
[40, 52428, 5898, 6158]
[40, 52428, 6029, 6108]
[40, 52428, 6206, 5912]
[40, 52428, 5958, 5969]
[40, 52428, 6095, 6074]
[40, 52428, 5871, 5907]
[40, 52428, 5932, 6086]
[40, 52428, 6103, 5819]
[40, 52428, 5924, 5948]
[40, 52428, 5898, 6100]
[40, 52428, 5953, 6076]
[40, 52428, 6104, 5940]
[40, 52428, 5863, 5908]
[40, 52428, 5957, 6075]
[40, 52428, 5972, 5895]
[40, 52428, 6055, 6015]
[40, 52428, 6061, 5896]
[40, 52428, 6020, 6013]
[40, 52428, 6060, 6087]
