[1, 1310, 13]
[1, 1310, 6]
[1, 1310, 10]
[1, 1310, 9]
[1, 1310, 6]
[1, 1310, 6]
[1, 1310, 8]
[1, 1310, 13]
[1, 1310, 9]
[1, 1310, 7]
[1, 1310, 7]
[1, 1310, 5]
[1, 1310, 7]
[1, 1310, 12]
[1, 1310, 11]
[1, 1310, 4]
[1, 1310, 15]
[1, 1310, 14]
[1, 1310, 11]
[1, 1310, 6]
[1, 1310, 7]
[1, 1310, 8]
[1, 1310, 7]
[1, 1310, 9]
[1, 1310, 10]
[1, 1310, 6]
[1, 1310, 15]
[1, 1310, 9]
[1, 1310, 10]
[1, 1310, 4]
[1, 1310, 10]
[1, 1310, 7]
[1, 1310, 5]
[1, 1310, 6]
[1, 1310, 13]
[1, 1310, 9]
[1, 1310, 7]
[1, 1310, 9]
[1, 1310, 9]
[1, 1310, 14]
[1, 1310, 8]
[1, 1310, 7]
[1, 1310, 8]
[1, 1310, 8]
[1, 1310, 5]
[1, 1310, 5]
[1, 1310, 11]
[1, 1310, 5]
[1, 1310, 5]
[1, 1310, 7]
[1, 1310, 7]
[1, 1310, 7]
[1, 1310, 13]
[1, 1310, 6]
[1, 1310, 7]
[1, 1310, 12]
[1, 1310, 13]
[1, 1310, 12]
[1, 1310, 5]
[1, 1310, 9]
[1, 1310, 10]
[1, 1310, 14]
[1, 1310, 6]
[1, 1310, 10]
[1, 1310, 7]
[1, 1310, 9]
[1, 1310, 2]
[1, 1310, 12]
[1, 1310, 9]
[1, 1310, 9]
[1, 1310, 8]
[1, 1310, 5]
[1, 1310, 8]
[1, 1310, 10]
[1, 1310, 6]
[1, 1310, 9]
[1, 1310, 7]
[1, 1310, 13]
[1, 1310, 10]
[1, 1310, 9]
[1, 1310, 7]
[1, 1310, 8]
[1, 1310, 8]
[1, 1310, 11]
[1, 1310, 5]
[1, 1310, 10]
[1, 1310, 10]
[1, 1310, 11]
[1, 1310, 9]
[1, 1310, 6]
[1, 1310, 3]
[1, 1310, 7]
[1, 1310, 2]
[1, 1310, 8]
[1, 1310, 12]
[1, 1310, 11]
[1, 1310, 13]
[1, 1310, 12]
[1, 1310, 7]
[1, 1310, 9]
[2, 2621, 17]
[2, 2621, 14]
[2, 2621, 23]
[2, 2621, 19]
[2, 2621, 17]
[2, 2621, 18]
[2, 2621, 21]
[2, 2621, 29]
[2, 2621, 34]
[2, 2621, 23]
[2, 2621, 15]
[2, 2621, 21]
[2, 2621, 25]
[2, 2621, 12]
[2, 2621, 22]
[2, 2621, 21]
[2, 2621, 13]
[2, 2621, 18]
[2, 2621, 17]
[2, 2621, 23]
[2, 2621, 17]
[2, 2621, 15]
[2, 2621, 22]
[2, 2621, 21]
[2, 2621, 22]
[2, 2621, 19]
[2, 2621, 22]
[2, 2621, 20]
[2, 2621, 19]
[2, 2621, 18]
[2, 2621, 20]
[2, 2621, 21]
[2, 2621, 24]
[2, 2621, 24]
[2, 2621, 12]
[2, 2621, 19]
[2, 2621, 13]
[2, 2621, 24]
[2, 2621, 20]
[2, 2621, 16]
[2, 2621, 17]
[2, 2621, 15]
[2, 2621, 29]
[2, 2621, 16]
[2, 2621, 23]
[2, 2621, 20]
[2, 2621, 20]
[2, 2621, 23]
[2, 2621, 16]
[2, 2621, 29]
[2, 2621, 17]
[2, 2621, 21]
[2, 2621, 14]
[2, 2621, 15]
[2, 2621, 30]
[2, 2621, 29]
[2, 2621, 31]
[2, 2621, 19]
[2, 2621, 21]
[2, 2621, 18]
[2, 2621, 17]
[2, 2621, 18]
[2, 2621, 15]
[2, 2621, 19]
[2, 2621, 19]
[2, 2621, 21]
[2, 2621, 24]
[2, 2621, 17]
[2, 2621, 19]
[2, 2621, 22]
[2, 2621, 19]
[2, 2621, 19]
[2, 2621, 22]
[2, 2621, 21]
[2, 2621, 14]
[2, 2621, 25]
[2, 2621, 15]
[2, 2621, 18]
[2, 2621, 26]
[2, 2621, 19]
[2, 2621, 19]
[2, 2621, 15]
[2, 2621, 15]
[2, 2621, 26]
[2, 2621, 13]
[2, 2621, 18]
[2, 2621, 21]
[2, 2621, 12]
[2, 2621, 16]
[2, 2621, 21]
[2, 2621, 22]
[2, 2621, 12]
[2, 2621, 23]
[2, 2621, 25]
[2, 2621, 16]
[2, 2621, 28]
[2, 2621, 17]
[2, 2621, 22]
[2, 2621, 21]
[2, 2621, 23]
[5, 6553, 73]
[5, 6553, 72]
[5, 6553, 70]
[5, 6553, 79]
[5, 6553, 85]
[5, 6553, 78]
[5, 6553, 77]
[5, 6553, 59]
[5, 6553, 62]
[5, 6553, 90]
[5, 6553, 77]
[5, 6553, 81]
[5, 6553, 81]
[5, 6553, 67]
[5, 6553, 80]
[5, 6553, 66]
[5, 6553, 65]
[5, 6553, 67]
[5, 6553, 92]
[5, 6553, 79]
[5, 6553, 68]
[5, 6553, 91]
[5, 6553, 82]
[5, 6553, 78]
[5, 6553, 78]
[5, 6553, 72]
[5, 6553, 69]
[5, 6553, 53]
[5, 6553, 78]
[5, 6553, 83]
[5, 6553, 81]
[5, 6553, 85]
[5, 6553, 63]
[5, 6553, 78]
[5, 6553, 78]
[5, 6553, 80]
[5, 6553, 79]
[5, 6553, 74]
[5, 6553, 75]
[5, 6553, 72]
[5, 6553, 74]
[5, 6553, 71]
[5, 6553, 76]
[5, 6553, 64]
[5, 6553, 86]
[5, 6553, 78]
[5, 6553, 98]
[5, 6553, 60]
[5, 6553, 61]
[5, 6553, 88]
[5, 6553, 88]
[5, 6553, 69]
[5, 6553, 72]
[5, 6553, 71]
[5, 6553, 57]
[5, 6553, 85]
[5, 6553, 83]
[5, 6553, 85]
[5, 6553, 68]
[5, 6553, 70]
[5, 6553, 96]
[5, 6553, 68]
[5, 6553, 83]
[5, 6553, 74]
[5, 6553, 65]
[5, 6553, 73]
[5, 6553, 74]
[5, 6553, 65]
[5, 6553, 73]
[5, 6553, 79]
[5, 6553, 75]
[5, 6553, 73]
[5, 6553, 59]
[5, 6553, 73]
[5, 6553, 66]
[5, 6553, 84]
[5, 6553, 82]
[5, 6553, 62]
[5, 6553, 66]
[5, 6553, 82]
[5, 6553, 68]
[5, 6553, 69]
[5, 6553, 70]
[5, 6553, 67]
[5, 6553, 69]
[5, 6553, 81]
[5, 6553, 84]
[5, 6553, 72]
[5, 6553, 84]
[5, 6553, 87]
[5, 6553, 71]
[5, 6553, 73]
[5, 6553, 75]
[5, 6553, 78]
[5, 6553, 68]
[5, 6553, 68]
[5, 6553, 78]
[5, 6553, 69]
[5, 6553, 69]
[5, 6553, 64]
[10, 13107, 199]
[10, 13107, 218]
[10, 13107, 254]
[10, 13107, 238]
[10, 13107, 218]
[10, 13107, 228]
[10, 13107, 210]
[10, 13107, 240]
[10, 13107, 252]
[10, 13107, 205]
[10, 13107, 243]
[10, 13107, 236]
[10, 13107, 227]
[10, 13107, 244]
[10, 13107, 236]
[10, 13107, 224]
[10, 13107, 224]
[10, 13107, 216]
[10, 13107, 229]
[10, 13107, 231]
[10, 13107, 246]
[10, 13107, 236]
[10, 13107, 247]
[10, 13107, 237]
[10, 13107, 234]
[10, 13107, 218]
[10, 13107, 245]
[10, 13107, 208]
[10, 13107, 221]
[10, 13107, 238]
[10, 13107, 269]
[10, 13107, 237]
[10, 13107, 253]
[10, 13107, 263]
[10, 13107, 233]
[10, 13107, 214]
[10, 13107, 244]
[10, 13107, 239]
[10, 13107, 234]
[10, 13107, 189]
[10, 13107, 214]
[10, 13107, 223]
[10, 13107, 219]
[10, 13107, 216]
[10, 13107, 246]
[10, 13107, 230]
[10, 13107, 218]
[10, 13107, 216]
[10, 13107, 249]
[10, 13107, 237]
[10, 13107, 253]
[10, 13107, 253]
[10, 13107, 198]
[10, 13107, 216]
[10, 13107, 223]
[10, 13107, 229]
[10, 13107, 255]
[10, 13107, 232]
[10, 13107, 214]
[10, 13107, 216]
[10, 13107, 238]
[10, 13107, 243]
[10, 13107, 239]
[10, 13107, 239]
[10, 13107, 190]
[10, 13107, 243]
[10, 13107, 218]
[10, 13107, 233]
[10, 13107, 231]
[10, 13107, 203]
[10, 13107, 211]
[10, 13107, 217]
[10, 13107, 233]
[10, 13107, 261]
[10, 13107, 238]
[10, 13107, 225]
[10, 13107, 209]
[10, 13107, 244]
[10, 13107, 226]
[10, 13107, 209]
[10, 13107, 249]
[10, 13107, 263]
[10, 13107, 229]
[10, 13107, 265]
[10, 13107, 211]
[10, 13107, 215]
[10, 13107, 242]
[10, 13107, 206]
[10, 13107, 227]
[10, 13107, 199]
[10, 13107, 211]
[10, 13107, 232]
[10, 13107, 214]
[10, 13107, 223]
[10, 13107, 248]
[10, 13107, 220]
[10, 13107, 228]
[10, 13107, 236]
[10, 13107, 234]
[10, 13107, 209]
[15, 19660, 467]
[15, 19660, 491]
[15, 19660, 480]
[15, 19660, 487]
[15, 19660, 491]
[15, 19660, 523]
[15, 19660, 442]
[15, 19660, 438]
[15, 19660, 457]
[15, 19660, 480]
[15, 19660, 496]
[15, 19660, 467]
[15, 19660, 453]
[15, 19660, 490]
[15, 19660, 456]
[15, 19660, 486]
[15, 19660, 470]
[15, 19660, 484]
[15, 19660, 494]
[15, 19660, 441]
[15, 19660, 487]
[15, 19660, 492]
[15, 19660, 488]
[15, 19660, 476]
[15, 19660, 512]
[15, 19660, 476]
[15, 19660, 466]
[15, 19660, 470]
[15, 19660, 465]
[15, 19660, 436]
[15, 19660, 459]
[15, 19660, 452]
[15, 19660, 447]
[15, 19660, 473]
[15, 19660, 500]
[15, 19660, 450]
[15, 19660, 506]
[15, 19660, 467]
[15, 19660, 453]
[15, 19660, 451]
[15, 19660, 426]
[15, 19660, 466]
[15, 19660, 416]
[15, 19660, 493]
[15, 19660, 461]
[15, 19660, 481]
[15, 19660, 457]
[15, 19660, 483]
[15, 19660, 484]
[15, 19660, 499]
[15, 19660, 487]
[15, 19660, 481]
[15, 19660, 466]
[15, 19660, 444]
[15, 19660, 478]
[15, 19660, 506]
[15, 19660, 500]
[15, 19660, 481]
[15, 19660, 474]
[15, 19660, 492]
[15, 19660, 490]
[15, 19660, 458]
[15, 19660, 462]
[15, 19660, 461]
[15, 19660, 456]
[15, 19660, 455]
[15, 19660, 448]
[15, 19660, 454]
[15, 19660, 488]
[15, 19660, 496]
[15, 19660, 456]
[15, 19660, 467]
[15, 19660, 451]
[15, 19660, 519]
[15, 19660, 452]
[15, 19660, 496]
[15, 19660, 506]
[15, 19660, 509]
[15, 19660, 503]
[15, 19660, 421]
[15, 19660, 528]
[15, 19660, 474]
[15, 19660, 447]
[15, 19660, 439]
[15, 19660, 470]
[15, 19660, 437]
[15, 19660, 486]
[15, 19660, 498]
[15, 19660, 475]
[15, 19660, 503]
[15, 19660, 422]
[15, 19660, 496]
[15, 19660, 477]
[15, 19660, 470]
[15, 19660, 505]
[15, 19660, 475]
[15, 19660, 449]
[15, 19660, 482]
[15, 19660, 507]
[15, 19660, 489]
[20, 26214, 820]
[20, 26214, 824]
[20, 26214, 811]
[20, 26214, 843]
[20, 26214, 733]
[20, 26214, 822]
[20, 26214, 832]
[20, 26214, 811]
[20, 26214, 813]
[20, 26214, 810]
[20, 26214, 778]
[20, 26214, 787]
[20, 26214, 785]
[20, 26214, 825]
[20, 26214, 794]
[20, 26214, 835]
[20, 26214, 840]
[20, 26214, 806]
[20, 26214, 816]
[20, 26214, 782]
[20, 26214, 820]
[20, 26214, 809]
[20, 26214, 797]
[20, 26214, 816]
[20, 26214, 793]
[20, 26214, 840]
[20, 26214, 845]
[20, 26214, 764]
[20, 26214, 821]
[20, 26214, 807]
[20, 26214, 817]
[20, 26214, 803]
[20, 26214, 826]
[20, 26214, 767]
[20, 26214, 813]
[20, 26214, 781]
[20, 26214, 823]
[20, 26214, 817]
[20, 26214, 846]
[20, 26214, 834]
[20, 26214, 776]
[20, 26214, 786]
[20, 26214, 795]
[20, 26214, 831]
[20, 26214, 785]
[20, 26214, 813]
[20, 26214, 788]
[20, 26214, 808]
[20, 26214, 789]
[20, 26214, 808]
[20, 26214, 861]
[20, 26214, 799]
[20, 26214, 801]
[20, 26214, 861]
[20, 26214, 811]
[20, 26214, 845]
[20, 26214, 801]
[20, 26214, 782]
[20, 26214, 785]
[20, 26214, 809]
[20, 26214, 794]
[20, 26214, 832]
[20, 26214, 881]
[20, 26214, 790]
[20, 26214, 731]
[20, 26214, 780]
[20, 26214, 814]
[20, 26214, 810]
[20, 26214, 781]
[20, 26214, 807]
[20, 26214, 791]
[20, 26214, 866]
[20, 26214, 790]
[20, 26214, 767]
[20, 26214, 770]
[20, 26214, 811]
[20, 26214, 763]
[20, 26214, 801]
[20, 26214, 808]
[20, 26214, 820]
[20, 26214, 840]
[20, 26214, 805]
[20, 26214, 761]
[20, 26214, 796]
[20, 26214, 800]
[20, 26214, 763]
[20, 26214, 779]
[20, 26214, 845]
[20, 26214, 777]
[20, 26214, 773]
[20, 26214, 772]
[20, 26214, 845]
[20, 26214, 868]
[20, 26214, 804]
[20, 26214, 760]
[20, 26214, 812]
[20, 26214, 801]
[20, 26214, 794]
[20, 26214, 813]
[20, 26214, 764]
[25, 32768, 1248]
[25, 32768, 1268]
[25, 32768, 1198]
[25, 32768, 1255]
[25, 32768, 1278]
[25, 32768, 1221]
[25, 32768, 1189]
[25, 32768, 1266]
[25, 32768, 1186]
[25, 32768, 1232]
[25, 32768, 1187]
[25, 32768, 1243]
[25, 32768, 1167]
[25, 32768, 1258]
[25, 32768, 1238]
[25, 32768, 1224]
[25, 32768, 1232]
[25, 32768, 1165]
[25, 32768, 1233]
[25, 32768, 1247]
[25, 32768, 1171]
[25, 32768, 1268]
[25, 32768, 1156]
[25, 32768, 1245]
[25, 32768, 1264]
[25, 32768, 1164]
[25, 32768, 1257]
[25, 32768, 1223]
[25, 32768, 1284]
[25, 32768, 1257]
[25, 32768, 1236]
[25, 32768, 1277]
[25, 32768, 1203]
[25, 32768, 1143]
[25, 32768, 1229]
[25, 32768, 1120]
[25, 32768, 1185]
[25, 32768, 1213]
[25, 32768, 1181]
[25, 32768, 1182]
[25, 32768, 1160]
[25, 32768, 1253]
[25, 32768, 1209]
[25, 32768, 1139]
[25, 32768, 1166]
[25, 32768, 1203]
[25, 32768, 1250]
[25, 32768, 1215]
[25, 32768, 1185]
[25, 32768, 1239]
[25, 32768, 1211]
[25, 32768, 1246]
[25, 32768, 1270]
[25, 32768, 1223]
[25, 32768, 1251]
[25, 32768, 1205]
[25, 32768, 1285]
[25, 32768, 1241]
[25, 32768, 1210]
[25, 32768, 1172]
[25, 32768, 1225]
[25, 32768, 1233]
[25, 32768, 1209]
[25, 32768, 1243]
[25, 32768, 1241]
[25, 32768, 1179]
[25, 32768, 1222]
[25, 32768, 1148]
[25, 32768, 1189]
[25, 32768, 1227]
[25, 32768, 1190]
[25, 32768, 1229]
[25, 32768, 1207]
[25, 32768, 1232]
[25, 32768, 1222]
[25, 32768, 1191]
[25, 32768, 1208]
[25, 32768, 1161]
[25, 32768, 1259]
[25, 32768, 1230]
[25, 32768, 1231]
[25, 32768, 1229]
[25, 32768, 1244]
[25, 32768, 1253]
[25, 32768, 1311]
[25, 32768, 1262]
[25, 32768, 1315]
[25, 32768, 1250]
[25, 32768, 1232]
[25, 32768, 1204]
[25, 32768, 1209]
[25, 32768, 1185]
[25, 32768, 1233]
[25, 32768, 1182]
[25, 32768, 1247]
[25, 32768, 1205]
[25, 32768, 1181]
[25, 32768, 1190]
[25, 32768, 1263]
[25, 32768, 1175]
[30, 39321, 1790]
[30, 39321, 1789]
[30, 39321, 1695]
[30, 39321, 1746]
[30, 39321, 1712]
[30, 39321, 1688]
[30, 39321, 1738]
[30, 39321, 1665]
[30, 39321, 1698]
[30, 39321, 1684]
[30, 39321, 1700]
[30, 39321, 1816]
[30, 39321, 1664]
[30, 39321, 1695]
[30, 39321, 1826]
[30, 39321, 1770]
[30, 39321, 1682]
[30, 39321, 1676]
[30, 39321, 1802]
[30, 39321, 1776]
[30, 39321, 1679]
[30, 39321, 1780]
[30, 39321, 1735]
[30, 39321, 1692]
[30, 39321, 1758]
[30, 39321, 1652]
[30, 39321, 1790]
[30, 39321, 1605]
[30, 39321, 1762]
[30, 39321, 1734]
[30, 39321, 1824]
[30, 39321, 1624]
[30, 39321, 1695]
[30, 39321, 1710]
[30, 39321, 1835]
[30, 39321, 1695]
[30, 39321, 1709]
[30, 39321, 1840]
[30, 39321, 1744]
[30, 39321, 1746]
[30, 39321, 1724]
[30, 39321, 1750]
[30, 39321, 1725]
[30, 39321, 1745]
[30, 39321, 1698]
[30, 39321, 1752]
[30, 39321, 1736]
[30, 39321, 1748]
[30, 39321, 1760]
[30, 39321, 1791]
[30, 39321, 1779]
[30, 39321, 1798]
[30, 39321, 1674]
[30, 39321, 1815]
[30, 39321, 1679]
[30, 39321, 1784]
[30, 39321, 1736]
[30, 39321, 1692]
[30, 39321, 1667]
[30, 39321, 1701]
[30, 39321, 1741]
[30, 39321, 1724]
[30, 39321, 1797]
[30, 39321, 1740]
[30, 39321, 1741]
[30, 39321, 1704]
[30, 39321, 1686]
[30, 39321, 1750]
[30, 39321, 1753]
[30, 39321, 1728]
[30, 39321, 1722]
[30, 39321, 1774]
[30, 39321, 1740]
[30, 39321, 1725]
[30, 39321, 1795]
[30, 39321, 1723]
[30, 39321, 1717]
[30, 39321, 1750]
[30, 39321, 1781]
[30, 39321, 1757]
[30, 39321, 1683]
[30, 39321, 1688]
[30, 39321, 1768]
[30, 39321, 1751]
[30, 39321, 1755]
[30, 39321, 1670]
[30, 39321, 1750]
[30, 39321, 1779]
[30, 39321, 1672]
[30, 39321, 1656]
[30, 39321, 1721]
[30, 39321, 1686]
[30, 39321, 1661]
[30, 39321, 1659]
[30, 39321, 1763]
[30, 39321, 1710]
[30, 39321, 1719]
[30, 39321, 1767]
[30, 39321, 1732]
[30, 39321, 1618]
[35, 45875, 2397]
[35, 45875, 2324]
[35, 45875, 2423]
[35, 45875, 2434]
[35, 45875, 2387]
[35, 45875, 2305]
[35, 45875, 2325]
[35, 45875, 2352]
[35, 45875, 2251]
[35, 45875, 2337]
[35, 45875, 2303]
[35, 45875, 2377]
[35, 45875, 2366]
[35, 45875, 2391]
[35, 45875, 2371]
[35, 45875, 2321]
[35, 45875, 2427]
[35, 45875, 2363]
[35, 45875, 2320]
[35, 45875, 2329]
[35, 45875, 2211]
[35, 45875, 2401]
[35, 45875, 2358]
[35, 45875, 2260]
[35, 45875, 2393]
[35, 45875, 2364]
[35, 45875, 2377]
[35, 45875, 2304]
[35, 45875, 2287]
[35, 45875, 2375]
[35, 45875, 2345]
[35, 45875, 2320]
[35, 45875, 2298]
[35, 45875, 2381]
[35, 45875, 2268]
[35, 45875, 2315]
[35, 45875, 2405]
[35, 45875, 2315]
[35, 45875, 2328]
[35, 45875, 2321]
[35, 45875, 2268]
[35, 45875, 2358]
[35, 45875, 2336]
[35, 45875, 2457]
[35, 45875, 2233]
[35, 45875, 2267]
[35, 45875, 2398]
[35, 45875, 2392]
[35, 45875, 2356]
[35, 45875, 2398]
[35, 45875, 2383]
[35, 45875, 2472]
[35, 45875, 2304]
[35, 45875, 2291]
[35, 45875, 2314]
[35, 45875, 2356]
[35, 45875, 2314]
[35, 45875, 2337]
[35, 45875, 2278]
[35, 45875, 2276]
[35, 45875, 2301]
[35, 45875, 2381]
[35, 45875, 2321]
[35, 45875, 2321]
[35, 45875, 2335]
[35, 45875, 2271]
[35, 45875, 2280]
[35, 45875, 2336]
[35, 45875, 2407]
[35, 45875, 2322]
[35, 45875, 2300]
[35, 45875, 2335]
[35, 45875, 2387]
[35, 45875, 2285]
[35, 45875, 2366]
[35, 45875, 2310]
[35, 45875, 2353]
[35, 45875, 2398]
[35, 45875, 2335]
[35, 45875, 2244]
[35, 45875, 2311]
[35, 45875, 2414]
[35, 45875, 2304]
[35, 45875, 2420]
[35, 45875, 2385]
[35, 45875, 2223]
[35, 45875, 2334]
[35, 45875, 2383]
[35, 45875, 2245]
[35, 45875, 2322]
[35, 45875, 2284]
[35, 45875, 2230]
[35, 45875, 2313]
[35, 45875, 2287]
[35, 45875, 2312]
[35, 45875, 2325]
[35, 45875, 2276]
[35, 45875, 2403]
[35, 45875, 2343]
[35, 45875, 2251]
[40, 52428, 2989]
[40, 52428, 3045]
[40, 52428, 3021]
[40, 52428, 3160]
[40, 52428, 3119]
[40, 52428, 3056]
[40, 52428, 2984]
[40, 52428, 3022]
[40, 52428, 2870]
[40, 52428, 3025]
[40, 52428, 2956]
[40, 52428, 3019]
[40, 52428, 2977]
[40, 52428, 2991]
[40, 52428, 2913]
[40, 52428, 2994]
[40, 52428, 3005]
[40, 52428, 2962]
[40, 52428, 3153]
[40, 52428, 3078]
[40, 52428, 2939]
[40, 52428, 3080]
[40, 52428, 2982]
[40, 52428, 3006]
[40, 52428, 3162]
[40, 52428, 3002]
[40, 52428, 2965]
[40, 52428, 3045]
[40, 52428, 3004]
[40, 52428, 3123]
[40, 52428, 3185]
[40, 52428, 3080]
[40, 52428, 3001]
[40, 52428, 3005]
[40, 52428, 3050]
[40, 52428, 3015]
[40, 52428, 3129]
[40, 52428, 3036]
[40, 52428, 3021]
[40, 52428, 3010]
[40, 52428, 2964]
[40, 52428, 3052]
[40, 52428, 2932]
[40, 52428, 3065]
[40, 52428, 3015]
[40, 52428, 2979]
[40, 52428, 3020]
[40, 52428, 3078]
[40, 52428, 3138]
[40, 52428, 3100]
[40, 52428, 3031]
[40, 52428, 3085]
[40, 52428, 3082]
[40, 52428, 2937]
[40, 52428, 3021]
[40, 52428, 2974]
[40, 52428, 2926]
[40, 52428, 3120]
[40, 52428, 2882]
[40, 52428, 2933]
[40, 52428, 2930]
[40, 52428, 2954]
[40, 52428, 2977]
[40, 52428, 2961]
[40, 52428, 3101]
[40, 52428, 2950]
[40, 52428, 3033]
[40, 52428, 3000]
[40, 52428, 3104]
[40, 52428, 3086]
[40, 52428, 3117]
[40, 52428, 3059]
[40, 52428, 3090]
[40, 52428, 3065]
[40, 52428, 3107]
[40, 52428, 3089]
[40, 52428, 3037]
[40, 52428, 3131]
[40, 52428, 3045]
[40, 52428, 3081]
[40, 52428, 2932]
[40, 52428, 3144]
[40, 52428, 2982]
[40, 52428, 3084]
[40, 52428, 2918]
[40, 52428, 2965]
[40, 52428, 3011]
[40, 52428, 2973]
[40, 52428, 2887]
[40, 52428, 2993]
[40, 52428, 3095]
[40, 52428, 3067]
[40, 52428, 2891]
[40, 52428, 2989]
[40, 52428, 3024]
[40, 52428, 3021]
[40, 52428, 3116]
[40, 52428, 3022]
[40, 52428, 2927]
[40, 52428, 3011]
