[1, 1310, 439]
[1, 1310, 459]
[1, 1310, 450]
[1, 1310, 461]
[1, 1310, 465]
[1, 1310, 464]
[1, 1310, 451]
[1, 1310, 491]
[1, 1310, 424]
[1, 1310, 435]
[1, 1310, 498]
[1, 1310, 447]
[1, 1310, 452]
[1, 1310, 451]
[1, 1310, 442]
[1, 1310, 477]
[1, 1310, 448]
[1, 1310, 443]
[1, 1310, 461]
[1, 1310, 423]
[1, 1310, 445]
[1, 1310, 474]
[1, 1310, 456]
[1, 1310, 477]
[1, 1310, 467]
[1, 1310, 473]
[1, 1310, 477]
[1, 1310, 464]
[1, 1310, 449]
[1, 1310, 427]
[1, 1310, 433]
[1, 1310, 436]
[1, 1310, 449]
[1, 1310, 451]
[1, 1310, 490]
[1, 1310, 453]
[1, 1310, 448]
[1, 1310, 471]
[1, 1310, 486]
[1, 1310, 460]
[1, 1310, 448]
[1, 1310, 480]
[1, 1310, 485]
[1, 1310, 449]
[1, 1310, 453]
[1, 1310, 444]
[1, 1310, 455]
[1, 1310, 456]
[1, 1310, 476]
[1, 1310, 429]
[1, 1310, 442]
[1, 1310, 453]
[1, 1310, 455]
[1, 1310, 441]
[1, 1310, 464]
[1, 1310, 473]
[1, 1310, 441]
[1, 1310, 441]
[1, 1310, 450]
[1, 1310, 437]
[1, 1310, 453]
[1, 1310, 438]
[1, 1310, 459]
[1, 1310, 461]
[1, 1310, 442]
[1, 1310, 464]
[1, 1310, 438]
[1, 1310, 466]
[1, 1310, 478]
[1, 1310, 436]
[1, 1310, 477]
[1, 1310, 463]
[1, 1310, 444]
[1, 1310, 474]
[1, 1310, 441]
[1, 1310, 458]
[1, 1310, 457]
[1, 1310, 457]
[1, 1310, 452]
[1, 1310, 449]
[1, 1310, 439]
[1, 1310, 451]
[1, 1310, 462]
[1, 1310, 430]
[1, 1310, 446]
[1, 1310, 449]
[1, 1310, 482]
[1, 1310, 473]
[1, 1310, 459]
[1, 1310, 435]
[1, 1310, 480]
[1, 1310, 454]
[1, 1310, 437]
[1, 1310, 451]
[1, 1310, 442]
[1, 1310, 487]
[1, 1310, 451]
[1, 1310, 439]
[1, 1310, 446]
[1, 1310, 447]
[2, 2621, 1117]
[2, 2621, 1119]
[2, 2621, 1112]
[2, 2621, 1083]
[2, 2621, 1114]
[2, 2621, 1120]
[2, 2621, 1087]
[2, 2621, 1118]
[2, 2621, 1142]
[2, 2621, 1120]
[2, 2621, 1140]
[2, 2621, 1111]
[2, 2621, 1127]
[2, 2621, 1113]
[2, 2621, 1099]
[2, 2621, 1093]
[2, 2621, 1115]
[2, 2621, 1147]
[2, 2621, 1101]
[2, 2621, 1101]
[2, 2621, 1077]
[2, 2621, 1122]
[2, 2621, 1105]
[2, 2621, 1105]
[2, 2621, 1076]
[2, 2621, 1108]
[2, 2621, 1094]
[2, 2621, 1052]
[2, 2621, 1097]
[2, 2621, 1102]
[2, 2621, 1144]
[2, 2621, 1140]
[2, 2621, 1098]
[2, 2621, 1108]
[2, 2621, 1068]
[2, 2621, 1098]
[2, 2621, 1111]
[2, 2621, 1106]
[2, 2621, 1120]
[2, 2621, 1121]
[2, 2621, 1085]
[2, 2621, 1131]
[2, 2621, 1106]
[2, 2621, 1132]
[2, 2621, 1117]
[2, 2621, 1134]
[2, 2621, 1109]
[2, 2621, 1122]
[2, 2621, 1095]
[2, 2621, 1112]
[2, 2621, 1062]
[2, 2621, 1070]
[2, 2621, 1147]
[2, 2621, 1117]
[2, 2621, 1097]
[2, 2621, 1084]
[2, 2621, 1125]
[2, 2621, 1118]
[2, 2621, 1110]
[2, 2621, 1122]
[2, 2621, 1084]
[2, 2621, 1119]
[2, 2621, 1122]
[2, 2621, 1062]
[2, 2621, 1113]
[2, 2621, 1091]
[2, 2621, 1121]
[2, 2621, 1072]
[2, 2621, 1093]
[2, 2621, 1115]
[2, 2621, 1124]
[2, 2621, 1090]
[2, 2621, 1071]
[2, 2621, 1104]
[2, 2621, 1103]
[2, 2621, 1071]
[2, 2621, 1083]
[2, 2621, 1122]
[2, 2621, 1084]
[2, 2621, 1125]
[2, 2621, 1170]
[2, 2621, 1080]
[2, 2621, 1104]
[2, 2621, 1092]
[2, 2621, 1102]
[2, 2621, 1122]
[2, 2621, 1095]
[2, 2621, 1089]
[2, 2621, 1124]
[2, 2621, 1090]
[2, 2621, 1118]
[2, 2621, 1111]
[2, 2621, 1144]
[2, 2621, 1138]
[2, 2621, 1088]
[2, 2621, 1147]
[2, 2621, 1096]
[2, 2621, 1109]
[2, 2621, 1092]
[2, 2621, 1083]
[5, 6553, 4074]
[5, 6553, 4087]
[5, 6553, 4034]
[5, 6553, 4109]
[5, 6553, 4057]
[5, 6553, 4065]
[5, 6553, 4086]
[5, 6553, 4110]
[5, 6553, 4086]
[5, 6553, 4088]
[5, 6553, 4069]
[5, 6553, 4028]
[5, 6553, 4086]
[5, 6553, 4085]
[5, 6553, 4097]
[5, 6553, 4153]
[5, 6553, 4042]
[5, 6553, 4037]
[5, 6553, 4065]
[5, 6553, 4060]
[5, 6553, 4151]
[5, 6553, 4068]
[5, 6553, 4090]
[5, 6553, 4027]
[5, 6553, 4097]
[5, 6553, 4098]
[5, 6553, 4068]
[5, 6553, 4072]
[5, 6553, 4111]
[5, 6553, 4112]
[5, 6553, 4065]
[5, 6553, 4076]
[5, 6553, 4097]
[5, 6553, 4123]
[5, 6553, 4058]
[5, 6553, 4107]
[5, 6553, 4086]
[5, 6553, 4056]
[5, 6553, 4089]
[5, 6553, 4093]
[5, 6553, 3995]
[5, 6553, 4100]
[5, 6553, 4043]
[5, 6553, 4168]
[5, 6553, 4109]
[5, 6553, 4038]
[5, 6553, 4069]
[5, 6553, 4040]
[5, 6553, 4114]
[5, 6553, 4069]
[5, 6553, 4073]
[5, 6553, 4052]
[5, 6553, 4118]
[5, 6553, 4109]
[5, 6553, 4079]
[5, 6553, 4088]
[5, 6553, 4032]
[5, 6553, 4135]
[5, 6553, 4116]
[5, 6553, 4046]
[5, 6553, 4068]
[5, 6553, 4033]
[5, 6553, 4093]
[5, 6553, 4048]
[5, 6553, 4084]
[5, 6553, 4042]
[5, 6553, 4114]
[5, 6553, 4052]
[5, 6553, 4115]
[5, 6553, 4063]
[5, 6553, 4045]
[5, 6553, 4163]
[5, 6553, 4078]
[5, 6553, 4113]
[5, 6553, 4065]
[5, 6553, 4039]
[5, 6553, 4085]
[5, 6553, 4078]
[5, 6553, 4102]
[5, 6553, 4057]
[5, 6553, 4064]
[5, 6553, 4078]
[5, 6553, 4025]
[5, 6553, 4054]
[5, 6553, 4079]
[5, 6553, 4075]
[5, 6553, 4083]
[5, 6553, 4107]
[5, 6553, 4099]
[5, 6553, 4148]
[5, 6553, 4128]
[5, 6553, 4169]
[5, 6553, 4100]
[5, 6553, 4146]
[5, 6553, 4046]
[5, 6553, 4083]
[5, 6553, 4022]
[5, 6553, 4082]
[5, 6553, 4049]
[5, 6553, 4098]
[10, 13107, 10946]
[10, 13107, 10902]
[10, 13107, 10898]
[10, 13107, 10912]
[10, 13107, 10860]
[10, 13107, 10911]
[10, 13107, 10976]
[10, 13107, 10930]
[10, 13107, 10954]
[10, 13107, 10926]
[10, 13107, 10943]
[10, 13107, 10923]
[10, 13107, 10930]
[10, 13107, 10865]
[10, 13107, 10889]
[10, 13107, 10940]
[10, 13107, 10947]
[10, 13107, 10904]
[10, 13107, 10964]
[10, 13107, 10933]
[10, 13107, 10896]
[10, 13107, 11005]
[10, 13107, 10918]
[10, 13107, 10881]
[10, 13107, 10946]
[10, 13107, 10965]
[10, 13107, 10935]
[10, 13107, 10898]
[10, 13107, 10901]
[10, 13107, 10843]
[10, 13107, 10856]
[10, 13107, 10893]
[10, 13107, 10939]
[10, 13107, 10888]
[10, 13107, 10936]
[10, 13107, 10921]
[10, 13107, 10946]
[10, 13107, 10953]
[10, 13107, 10952]
[10, 13107, 10979]
[10, 13107, 10916]
[10, 13107, 10938]
[10, 13107, 10934]
[10, 13107, 10878]
[10, 13107, 10979]
[10, 13107, 10914]
[10, 13107, 10941]
[10, 13107, 10979]
[10, 13107, 10946]
[10, 13107, 10926]
[10, 13107, 10938]
[10, 13107, 10970]
[10, 13107, 10960]
[10, 13107, 10914]
[10, 13107, 10925]
[10, 13107, 10933]
[10, 13107, 10920]
[10, 13107, 10865]
[10, 13107, 10927]
[10, 13107, 10917]
[10, 13107, 10965]
[10, 13107, 10909]
[10, 13107, 10941]
[10, 13107, 10907]
[10, 13107, 10926]
[10, 13107, 10891]
[10, 13107, 10910]
[10, 13107, 10895]
[10, 13107, 10941]
[10, 13107, 10896]
[10, 13107, 10956]
[10, 13107, 10965]
[10, 13107, 10929]
[10, 13107, 10872]
[10, 13107, 10914]
[10, 13107, 10878]
[10, 13107, 10911]
[10, 13107, 10887]
[10, 13107, 10906]
[10, 13107, 10902]
[10, 13107, 10902]
[10, 13107, 10932]
[10, 13107, 10923]
[10, 13107, 10910]
[10, 13107, 10912]
[10, 13107, 10851]
[10, 13107, 10917]
[10, 13107, 10836]
[10, 13107, 10873]
[10, 13107, 10873]
[10, 13107, 10895]
[10, 13107, 10886]
[10, 13107, 10922]
[10, 13107, 10888]
[10, 13107, 10908]
[10, 13107, 10937]
[10, 13107, 10939]
[10, 13107, 11024]
[10, 13107, 10915]
[10, 13107, 10987]
[15, 19660, 18271]
[15, 19660, 18305]
[15, 19660, 18258]
[15, 19660, 18217]
[15, 19660, 18276]
[15, 19660, 18232]
[15, 19660, 18236]
[15, 19660, 18224]
[15, 19660, 18215]
[15, 19660, 18253]
[15, 19660, 18261]
[15, 19660, 18216]
[15, 19660, 18229]
[15, 19660, 18265]
[15, 19660, 18276]
[15, 19660, 18233]
[15, 19660, 18252]
[15, 19660, 18273]
[15, 19660, 18244]
[15, 19660, 18228]
[15, 19660, 18190]
[15, 19660, 18256]
[15, 19660, 18243]
[15, 19660, 18200]
[15, 19660, 18298]
[15, 19660, 18247]
[15, 19660, 18203]
[15, 19660, 18257]
[15, 19660, 18259]
[15, 19660, 18235]
[15, 19660, 18212]
[15, 19660, 18198]
[15, 19660, 18315]
[15, 19660, 18232]
[15, 19660, 18221]
[15, 19660, 18254]
[15, 19660, 18232]
[15, 19660, 18224]
[15, 19660, 18270]
[15, 19660, 18242]
[15, 19660, 18243]
[15, 19660, 18279]
[15, 19660, 18273]
[15, 19660, 18206]
[15, 19660, 18207]
[15, 19660, 18250]
[15, 19660, 18257]
[15, 19660, 18213]
[15, 19660, 18286]
[15, 19660, 18264]
[15, 19660, 18199]
[15, 19660, 18197]
[15, 19660, 18182]
[15, 19660, 18188]
[15, 19660, 18247]
[15, 19660, 18233]
[15, 19660, 18254]
[15, 19660, 18231]
[15, 19660, 18256]
[15, 19660, 18269]
[15, 19660, 18275]
[15, 19660, 18272]
[15, 19660, 18209]
[15, 19660, 18254]
[15, 19660, 18274]
[15, 19660, 18223]
[15, 19660, 18216]
[15, 19660, 18284]
[15, 19660, 18171]
[15, 19660, 18241]
[15, 19660, 18286]
[15, 19660, 18232]
[15, 19660, 18257]
[15, 19660, 18257]
[15, 19660, 18283]
[15, 19660, 18214]
[15, 19660, 18254]
[15, 19660, 18251]
[15, 19660, 18219]
[15, 19660, 18223]
[15, 19660, 18242]
[15, 19660, 18279]
[15, 19660, 18263]
[15, 19660, 18293]
[15, 19660, 18265]
[15, 19660, 18252]
[15, 19660, 18172]
[15, 19660, 18224]
[15, 19660, 18271]
[15, 19660, 18266]
[15, 19660, 18191]
[15, 19660, 18268]
[15, 19660, 18306]
[15, 19660, 18216]
[15, 19660, 18250]
[15, 19660, 18200]
[15, 19660, 18281]
[15, 19660, 18256]
[15, 19660, 18170]
[15, 19660, 18226]
[20, 26214, 25431]
[20, 26214, 25387]
[20, 26214, 25417]
[20, 26214, 25441]
[20, 26214, 25390]
[20, 26214, 25412]
[20, 26214, 25436]
[20, 26214, 25345]
[20, 26214, 25418]
[20, 26214, 25396]
[20, 26214, 25409]
[20, 26214, 25387]
[20, 26214, 25394]
[20, 26214, 25327]
[20, 26214, 25406]
[20, 26214, 25398]
[20, 26214, 25377]
[20, 26214, 25364]
[20, 26214, 25384]
[20, 26214, 25354]
[20, 26214, 25395]
[20, 26214, 25417]
[20, 26214, 25381]
[20, 26214, 25394]
[20, 26214, 25364]
[20, 26214, 25384]
[20, 26214, 25415]
[20, 26214, 25369]
[20, 26214, 25398]
[20, 26214, 25393]
[20, 26214, 25372]
[20, 26214, 25386]
[20, 26214, 25429]
[20, 26214, 25389]
[20, 26214, 25405]
[20, 26214, 25395]
[20, 26214, 25413]
[20, 26214, 25368]
[20, 26214, 25404]
[20, 26214, 25355]
[20, 26214, 25385]
[20, 26214, 25410]
[20, 26214, 25412]
[20, 26214, 25414]
[20, 26214, 25347]
[20, 26214, 25433]
[20, 26214, 25380]
[20, 26214, 25418]
[20, 26214, 25401]
[20, 26214, 25391]
[20, 26214, 25396]
[20, 26214, 25361]
[20, 26214, 25397]
[20, 26214, 25390]
[20, 26214, 25401]
[20, 26214, 25414]
[20, 26214, 25397]
[20, 26214, 25388]
[20, 26214, 25375]
[20, 26214, 25360]
[20, 26214, 25406]
[20, 26214, 25418]
[20, 26214, 25383]
[20, 26214, 25368]
[20, 26214, 25392]
[20, 26214, 25396]
[20, 26214, 25392]
[20, 26214, 25361]
[20, 26214, 25403]
[20, 26214, 25360]
[20, 26214, 25381]
[20, 26214, 25399]
[20, 26214, 25365]
[20, 26214, 25401]
[20, 26214, 25379]
[20, 26214, 25424]
[20, 26214, 25387]
[20, 26214, 25406]
[20, 26214, 25351]
[20, 26214, 25377]
[20, 26214, 25365]
[20, 26214, 25399]
[20, 26214, 25342]
[20, 26214, 25384]
[20, 26214, 25411]
[20, 26214, 25397]
[20, 26214, 25388]
[20, 26214, 25374]
[20, 26214, 25383]
[20, 26214, 25419]
[20, 26214, 25344]
[20, 26214, 25369]
[20, 26214, 25355]
[20, 26214, 25356]
[20, 26214, 25349]
[20, 26214, 25385]
[20, 26214, 25381]
[20, 26214, 25386]
[20, 26214, 25388]
[20, 26214, 25397]
[25, 32768, 32328]
[25, 32768, 32307]
[25, 32768, 32288]
[25, 32768, 32353]
[25, 32768, 32338]
[25, 32768, 32312]
[25, 32768, 32309]
[25, 32768, 32328]
[25, 32768, 32324]
[25, 32768, 32318]
[25, 32768, 32312]
[25, 32768, 32346]
[25, 32768, 32293]
[25, 32768, 32303]
[25, 32768, 32357]
[25, 32768, 32354]
[25, 32768, 32334]
[25, 32768, 32333]
[25, 32768, 32323]
[25, 32768, 32336]
[25, 32768, 32357]
[25, 32768, 32321]
[25, 32768, 32321]
[25, 32768, 32299]
[25, 32768, 32297]
[25, 32768, 32313]
[25, 32768, 32323]
[25, 32768, 32340]
[25, 32768, 32311]
[25, 32768, 32304]
[25, 32768, 32306]
[25, 32768, 32348]
[25, 32768, 32334]
[25, 32768, 32283]
[25, 32768, 32306]
[25, 32768, 32294]
[25, 32768, 32283]
[25, 32768, 32285]
[25, 32768, 32357]
[25, 32768, 32269]
[25, 32768, 32317]
[25, 32768, 32325]
[25, 32768, 32336]
[25, 32768, 32325]
[25, 32768, 32287]
[25, 32768, 32326]
[25, 32768, 32297]
[25, 32768, 32318]
[25, 32768, 32327]
[25, 32768, 32317]
[25, 32768, 32290]
[25, 32768, 32292]
[25, 32768, 32291]
[25, 32768, 32345]
[25, 32768, 32332]
[25, 32768, 32325]
[25, 32768, 32293]
[25, 32768, 32303]
[25, 32768, 32326]
[25, 32768, 32321]
[25, 32768, 32326]
[25, 32768, 32318]
[25, 32768, 32312]
[25, 32768, 32329]
[25, 32768, 32313]
[25, 32768, 32311]
[25, 32768, 32327]
[25, 32768, 32326]
[25, 32768, 32327]
[25, 32768, 32337]
[25, 32768, 32294]
[25, 32768, 32328]
[25, 32768, 32309]
[25, 32768, 32329]
[25, 32768, 32342]
[25, 32768, 32348]
[25, 32768, 32320]
[25, 32768, 32325]
[25, 32768, 32339]
[25, 32768, 32327]
[25, 32768, 32280]
[25, 32768, 32359]
[25, 32768, 32331]
[25, 32768, 32325]
[25, 32768, 32317]
[25, 32768, 32322]
[25, 32768, 32328]
[25, 32768, 32303]
[25, 32768, 32322]
[25, 32768, 32321]
[25, 32768, 32281]
[25, 32768, 32292]
[25, 32768, 32312]
[25, 32768, 32352]
[25, 32768, 32338]
[25, 32768, 32338]
[25, 32768, 32314]
[25, 32768, 32295]
[25, 32768, 32331]
[25, 32768, 32285]
[30, 39321, 39076]
[30, 39321, 39095]
[30, 39321, 39061]
[30, 39321, 39078]
[30, 39321, 39078]
[30, 39321, 39076]
[30, 39321, 39083]
[30, 39321, 39060]
[30, 39321, 39071]
[30, 39321, 39097]
[30, 39321, 39098]
[30, 39321, 39082]
[30, 39321, 39085]
[30, 39321, 39061]
[30, 39321, 39072]
[30, 39321, 39085]
[30, 39321, 39064]
[30, 39321, 39053]
[30, 39321, 39077]
[30, 39321, 39099]
[30, 39321, 39094]
[30, 39321, 39066]
[30, 39321, 39064]
[30, 39321, 39090]
[30, 39321, 39079]
[30, 39321, 39093]
[30, 39321, 39087]
[30, 39321, 39074]
[30, 39321, 39090]
[30, 39321, 39086]
[30, 39321, 39076]
[30, 39321, 39058]
[30, 39321, 39085]
[30, 39321, 39045]
[30, 39321, 39112]
[30, 39321, 39098]
[30, 39321, 39071]
[30, 39321, 39078]
[30, 39321, 39064]
[30, 39321, 39062]
[30, 39321, 39068]
[30, 39321, 39082]
[30, 39321, 39068]
[30, 39321, 39071]
[30, 39321, 39081]
[30, 39321, 39072]
[30, 39321, 39079]
[30, 39321, 39074]
[30, 39321, 39072]
[30, 39321, 39078]
[30, 39321, 39076]
[30, 39321, 39053]
[30, 39321, 39062]
[30, 39321, 39063]
[30, 39321, 39068]
[30, 39321, 39080]
[30, 39321, 39099]
[30, 39321, 39082]
[30, 39321, 39078]
[30, 39321, 39087]
[30, 39321, 39091]
[30, 39321, 39078]
[30, 39321, 39079]
[30, 39321, 39033]
[30, 39321, 39086]
[30, 39321, 39096]
[30, 39321, 39069]
[30, 39321, 39083]
[30, 39321, 39091]
[30, 39321, 39096]
[30, 39321, 39061]
[30, 39321, 39084]
[30, 39321, 39082]
[30, 39321, 39072]
[30, 39321, 39078]
[30, 39321, 39073]
[30, 39321, 39054]
[30, 39321, 39078]
[30, 39321, 39116]
[30, 39321, 39075]
[30, 39321, 39084]
[30, 39321, 39084]
[30, 39321, 39093]
[30, 39321, 39091]
[30, 39321, 39051]
[30, 39321, 39063]
[30, 39321, 39083]
[30, 39321, 39090]
[30, 39321, 39091]
[30, 39321, 39080]
[30, 39321, 39073]
[30, 39321, 39073]
[30, 39321, 39080]
[30, 39321, 39057]
[30, 39321, 39067]
[30, 39321, 39057]
[30, 39321, 39067]
[30, 39321, 39074]
[30, 39321, 39078]
[30, 39321, 39083]
[35, 45875, 45743]
[35, 45875, 45762]
[35, 45875, 45747]
[35, 45875, 45737]
[35, 45875, 45730]
[35, 45875, 45759]
[35, 45875, 45753]
[35, 45875, 45767]
[35, 45875, 45757]
[35, 45875, 45742]
[35, 45875, 45755]
[35, 45875, 45751]
[35, 45875, 45750]
[35, 45875, 45744]
[35, 45875, 45757]
[35, 45875, 45758]
[35, 45875, 45748]
[35, 45875, 45753]
[35, 45875, 45744]
[35, 45875, 45709]
[35, 45875, 45733]
[35, 45875, 45726]
[35, 45875, 45741]
[35, 45875, 45725]
[35, 45875, 45743]
[35, 45875, 45727]
[35, 45875, 45736]
[35, 45875, 45753]
[35, 45875, 45727]
[35, 45875, 45749]
[35, 45875, 45748]
[35, 45875, 45728]
[35, 45875, 45749]
[35, 45875, 45733]
[35, 45875, 45751]
[35, 45875, 45740]
[35, 45875, 45738]
[35, 45875, 45754]
[35, 45875, 45755]
[35, 45875, 45741]
[35, 45875, 45761]
[35, 45875, 45753]
[35, 45875, 45745]
[35, 45875, 45736]
[35, 45875, 45744]
[35, 45875, 45745]
[35, 45875, 45736]
[35, 45875, 45737]
[35, 45875, 45746]
[35, 45875, 45715]
[35, 45875, 45730]
[35, 45875, 45756]
[35, 45875, 45749]
[35, 45875, 45746]
[35, 45875, 45751]
[35, 45875, 45763]
[35, 45875, 45745]
[35, 45875, 45744]
[35, 45875, 45751]
[35, 45875, 45777]
[35, 45875, 45755]
[35, 45875, 45743]
[35, 45875, 45765]
[35, 45875, 45735]
[35, 45875, 45739]
[35, 45875, 45741]
[35, 45875, 45745]
[35, 45875, 45756]
[35, 45875, 45745]
[35, 45875, 45758]
[35, 45875, 45748]
[35, 45875, 45752]
[35, 45875, 45755]
[35, 45875, 45739]
[35, 45875, 45738]
[35, 45875, 45753]
[35, 45875, 45758]
[35, 45875, 45737]
[35, 45875, 45763]
[35, 45875, 45731]
[35, 45875, 45749]
[35, 45875, 45759]
[35, 45875, 45742]
[35, 45875, 45740]
[35, 45875, 45742]
[35, 45875, 45730]
[35, 45875, 45743]
[35, 45875, 45757]
[35, 45875, 45748]
[35, 45875, 45772]
[35, 45875, 45766]
[35, 45875, 45749]
[35, 45875, 45753]
[35, 45875, 45765]
[35, 45875, 45758]
[35, 45875, 45739]
[35, 45875, 45750]
[35, 45875, 45763]
[35, 45875, 45763]
[35, 45875, 45755]
[40, 52428, 52369]
[40, 52428, 52360]
[40, 52428, 52352]
[40, 52428, 52367]
[40, 52428, 52359]
[40, 52428, 52358]
[40, 52428, 52366]
[40, 52428, 52362]
[40, 52428, 52355]
[40, 52428, 52364]
[40, 52428, 52353]
[40, 52428, 52369]
[40, 52428, 52355]
[40, 52428, 52365]
[40, 52428, 52362]
[40, 52428, 52372]
[40, 52428, 52349]
[40, 52428, 52362]
[40, 52428, 52359]
[40, 52428, 52363]
[40, 52428, 52368]
[40, 52428, 52362]
[40, 52428, 52353]
[40, 52428, 52360]
[40, 52428, 52370]
[40, 52428, 52377]
[40, 52428, 52362]
[40, 52428, 52351]
[40, 52428, 52368]
[40, 52428, 52360]
[40, 52428, 52365]
[40, 52428, 52366]
[40, 52428, 52336]
[40, 52428, 52370]
[40, 52428, 52367]
[40, 52428, 52352]
[40, 52428, 52347]
[40, 52428, 52366]
[40, 52428, 52364]
[40, 52428, 52381]
[40, 52428, 52369]
[40, 52428, 52368]
[40, 52428, 52346]
[40, 52428, 52361]
[40, 52428, 52370]
[40, 52428, 52352]
[40, 52428, 52353]
[40, 52428, 52350]
[40, 52428, 52352]
[40, 52428, 52355]
[40, 52428, 52367]
[40, 52428, 52356]
[40, 52428, 52363]
[40, 52428, 52361]
[40, 52428, 52369]
[40, 52428, 52362]
[40, 52428, 52359]
[40, 52428, 52353]
[40, 52428, 52364]
[40, 52428, 52377]
[40, 52428, 52353]
[40, 52428, 52350]
[40, 52428, 52347]
[40, 52428, 52364]
[40, 52428, 52365]
[40, 52428, 52360]
[40, 52428, 52335]
[40, 52428, 52354]
[40, 52428, 52366]
[40, 52428, 52342]
[40, 52428, 52348]
[40, 52428, 52353]
[40, 52428, 52354]
[40, 52428, 52359]
[40, 52428, 52381]
[40, 52428, 52358]
[40, 52428, 52353]
[40, 52428, 52346]
[40, 52428, 52363]
[40, 52428, 52363]
[40, 52428, 52361]
[40, 52428, 52366]
[40, 52428, 52352]
[40, 52428, 52338]
[40, 52428, 52355]
[40, 52428, 52355]
[40, 52428, 52357]
[40, 52428, 52354]
[40, 52428, 52363]
[40, 52428, 52368]
[40, 52428, 52363]
[40, 52428, 52356]
[40, 52428, 52355]
[40, 52428, 52368]
[40, 52428, 52364]
[40, 52428, 52362]
[40, 52428, 52357]
[40, 52428, 52365]
[40, 52428, 52356]
[40, 52428, 52344]
