[1, 1310, 186]
[1, 1310, 153]
[1, 1310, 173]
[1, 1310, 164]
[1, 1310, 148]
[1, 1310, 145]
[1, 1310, 153]
[1, 1310, 159]
[1, 1310, 159]
[1, 1310, 188]
[1, 1310, 156]
[1, 1310, 148]
[1, 1310, 145]
[1, 1310, 166]
[1, 1310, 128]
[1, 1310, 167]
[1, 1310, 148]
[1, 1310, 175]
[1, 1310, 137]
[1, 1310, 148]
[1, 1310, 144]
[1, 1310, 158]
[1, 1310, 160]
[1, 1310, 151]
[1, 1310, 151]
[1, 1310, 140]
[1, 1310, 166]
[1, 1310, 143]
[1, 1310, 149]
[1, 1310, 143]
[1, 1310, 157]
[1, 1310, 157]
[1, 1310, 171]
[1, 1310, 140]
[1, 1310, 164]
[1, 1310, 145]
[1, 1310, 154]
[1, 1310, 162]
[1, 1310, 152]
[1, 1310, 172]
[1, 1310, 150]
[1, 1310, 161]
[1, 1310, 150]
[1, 1310, 161]
[1, 1310, 151]
[1, 1310, 153]
[1, 1310, 141]
[1, 1310, 152]
[1, 1310, 181]
[1, 1310, 143]
[1, 1310, 166]
[1, 1310, 170]
[1, 1310, 145]
[1, 1310, 176]
[1, 1310, 162]
[1, 1310, 166]
[1, 1310, 160]
[1, 1310, 145]
[1, 1310, 160]
[1, 1310, 150]
[1, 1310, 156]
[1, 1310, 153]
[1, 1310, 142]
[1, 1310, 150]
[1, 1310, 159]
[1, 1310, 143]
[1, 1310, 164]
[1, 1310, 150]
[1, 1310, 156]
[1, 1310, 154]
[1, 1310, 164]
[1, 1310, 144]
[1, 1310, 138]
[1, 1310, 155]
[1, 1310, 159]
[1, 1310, 139]
[1, 1310, 142]
[1, 1310, 141]
[1, 1310, 150]
[1, 1310, 155]
[1, 1310, 157]
[1, 1310, 148]
[1, 1310, 145]
[1, 1310, 169]
[1, 1310, 143]
[1, 1310, 148]
[1, 1310, 155]
[1, 1310, 164]
[1, 1310, 154]
[1, 1310, 157]
[1, 1310, 159]
[1, 1310, 147]
[1, 1310, 145]
[1, 1310, 155]
[1, 1310, 154]
[1, 1310, 166]
[1, 1310, 155]
[1, 1310, 130]
[1, 1310, 144]
[1, 1310, 145]
[2, 2621, 437]
[2, 2621, 412]
[2, 2621, 414]
[2, 2621, 421]
[2, 2621, 401]
[2, 2621, 415]
[2, 2621, 413]
[2, 2621, 434]
[2, 2621, 422]
[2, 2621, 397]
[2, 2621, 424]
[2, 2621, 464]
[2, 2621, 391]
[2, 2621, 393]
[2, 2621, 371]
[2, 2621, 419]
[2, 2621, 415]
[2, 2621, 405]
[2, 2621, 461]
[2, 2621, 430]
[2, 2621, 406]
[2, 2621, 432]
[2, 2621, 434]
[2, 2621, 405]
[2, 2621, 402]
[2, 2621, 414]
[2, 2621, 392]
[2, 2621, 386]
[2, 2621, 408]
[2, 2621, 398]
[2, 2621, 434]
[2, 2621, 428]
[2, 2621, 414]
[2, 2621, 423]
[2, 2621, 415]
[2, 2621, 450]
[2, 2621, 423]
[2, 2621, 412]
[2, 2621, 406]
[2, 2621, 431]
[2, 2621, 417]
[2, 2621, 420]
[2, 2621, 410]
[2, 2621, 394]
[2, 2621, 427]
[2, 2621, 417]
[2, 2621, 385]
[2, 2621, 435]
[2, 2621, 373]
[2, 2621, 396]
[2, 2621, 397]
[2, 2621, 429]
[2, 2621, 407]
[2, 2621, 423]
[2, 2621, 463]
[2, 2621, 429]
[2, 2621, 398]
[2, 2621, 423]
[2, 2621, 377]
[2, 2621, 457]
[2, 2621, 389]
[2, 2621, 354]
[2, 2621, 419]
[2, 2621, 424]
[2, 2621, 388]
[2, 2621, 419]
[2, 2621, 401]
[2, 2621, 426]
[2, 2621, 423]
[2, 2621, 418]
[2, 2621, 439]
[2, 2621, 405]
[2, 2621, 423]
[2, 2621, 434]
[2, 2621, 435]
[2, 2621, 442]
[2, 2621, 406]
[2, 2621, 431]
[2, 2621, 426]
[2, 2621, 398]
[2, 2621, 443]
[2, 2621, 414]
[2, 2621, 400]
[2, 2621, 425]
[2, 2621, 418]
[2, 2621, 407]
[2, 2621, 421]
[2, 2621, 425]
[2, 2621, 414]
[2, 2621, 440]
[2, 2621, 415]
[2, 2621, 431]
[2, 2621, 448]
[2, 2621, 417]
[2, 2621, 398]
[2, 2621, 406]
[2, 2621, 384]
[2, 2621, 379]
[2, 2621, 419]
[2, 2621, 417]
[5, 6553, 1919]
[5, 6553, 1964]
[5, 6553, 1947]
[5, 6553, 1883]
[5, 6553, 1903]
[5, 6553, 1877]
[5, 6553, 1897]
[5, 6553, 1891]
[5, 6553, 1889]
[5, 6553, 1939]
[5, 6553, 1865]
[5, 6553, 1935]
[5, 6553, 1899]
[5, 6553, 1930]
[5, 6553, 1909]
[5, 6553, 1851]
[5, 6553, 1879]
[5, 6553, 1864]
[5, 6553, 1931]
[5, 6553, 1868]
[5, 6553, 1903]
[5, 6553, 1930]
[5, 6553, 1850]
[5, 6553, 1882]
[5, 6553, 1912]
[5, 6553, 1864]
[5, 6553, 1945]
[5, 6553, 1875]
[5, 6553, 1886]
[5, 6553, 1919]
[5, 6553, 1911]
[5, 6553, 1906]
[5, 6553, 1838]
[5, 6553, 1924]
[5, 6553, 1954]
[5, 6553, 1890]
[5, 6553, 1866]
[5, 6553, 1864]
[5, 6553, 1887]
[5, 6553, 1899]
[5, 6553, 1816]
[5, 6553, 1907]
[5, 6553, 1864]
[5, 6553, 1946]
[5, 6553, 1863]
[5, 6553, 1874]
[5, 6553, 1905]
[5, 6553, 1957]
[5, 6553, 1885]
[5, 6553, 1904]
[5, 6553, 1877]
[5, 6553, 1932]
[5, 6553, 1928]
[5, 6553, 1883]
[5, 6553, 1909]
[5, 6553, 1900]
[5, 6553, 1902]
[5, 6553, 1883]
[5, 6553, 1872]
[5, 6553, 1899]
[5, 6553, 1860]
[5, 6553, 1911]
[5, 6553, 1926]
[5, 6553, 1917]
[5, 6553, 1868]
[5, 6553, 1930]
[5, 6553, 1852]
[5, 6553, 1848]
[5, 6553, 1920]
[5, 6553, 1859]
[5, 6553, 1919]
[5, 6553, 1854]
[5, 6553, 1907]
[5, 6553, 1956]
[5, 6553, 1869]
[5, 6553, 1858]
[5, 6553, 1847]
[5, 6553, 1916]
[5, 6553, 1894]
[5, 6553, 1860]
[5, 6553, 1874]
[5, 6553, 1877]
[5, 6553, 1872]
[5, 6553, 1790]
[5, 6553, 1855]
[5, 6553, 1842]
[5, 6553, 1836]
[5, 6553, 1899]
[5, 6553, 1978]
[5, 6553, 1874]
[5, 6553, 1936]
[5, 6553, 1913]
[5, 6553, 1918]
[5, 6553, 1932]
[5, 6553, 1875]
[5, 6553, 1953]
[5, 6553, 1849]
[5, 6553, 1911]
[5, 6553, 1865]
[5, 6553, 1867]
[10, 13107, 6556]
[10, 13107, 6448]
[10, 13107, 6539]
[10, 13107, 6568]
[10, 13107, 6467]
[10, 13107, 6412]
[10, 13107, 6541]
[10, 13107, 6520]
[10, 13107, 6466]
[10, 13107, 6466]
[10, 13107, 6483]
[10, 13107, 6487]
[10, 13107, 6565]
[10, 13107, 6470]
[10, 13107, 6519]
[10, 13107, 6534]
[10, 13107, 6420]
[10, 13107, 6557]
[10, 13107, 6416]
[10, 13107, 6523]
[10, 13107, 6587]
[10, 13107, 6440]
[10, 13107, 6508]
[10, 13107, 6407]
[10, 13107, 6413]
[10, 13107, 6457]
[10, 13107, 6455]
[10, 13107, 6501]
[10, 13107, 6461]
[10, 13107, 6609]
[10, 13107, 6595]
[10, 13107, 6407]
[10, 13107, 6577]
[10, 13107, 6412]
[10, 13107, 6418]
[10, 13107, 6532]
[10, 13107, 6429]
[10, 13107, 6656]
[10, 13107, 6375]
[10, 13107, 6549]
[10, 13107, 6427]
[10, 13107, 6395]
[10, 13107, 6489]
[10, 13107, 6520]
[10, 13107, 6545]
[10, 13107, 6489]
[10, 13107, 6497]
[10, 13107, 6540]
[10, 13107, 6456]
[10, 13107, 6435]
[10, 13107, 6423]
[10, 13107, 6537]
[10, 13107, 6511]
[10, 13107, 6505]
[10, 13107, 6471]
[10, 13107, 6549]
[10, 13107, 6564]
[10, 13107, 6542]
[10, 13107, 6472]
[10, 13107, 6448]
[10, 13107, 6609]
[10, 13107, 6546]
[10, 13107, 6609]
[10, 13107, 6499]
[10, 13107, 6505]
[10, 13107, 6407]
[10, 13107, 6535]
[10, 13107, 6528]
[10, 13107, 6477]
[10, 13107, 6573]
[10, 13107, 6486]
[10, 13107, 6516]
[10, 13107, 6415]
[10, 13107, 6560]
[10, 13107, 6451]
[10, 13107, 6536]
[10, 13107, 6500]
[10, 13107, 6578]
[10, 13107, 6446]
[10, 13107, 6524]
[10, 13107, 6551]
[10, 13107, 6438]
[10, 13107, 6562]
[10, 13107, 6409]
[10, 13107, 6536]
[10, 13107, 6535]
[10, 13107, 6562]
[10, 13107, 6410]
[10, 13107, 6392]
[10, 13107, 6525]
[10, 13107, 6528]
[10, 13107, 6586]
[10, 13107, 6440]
[10, 13107, 6430]
[10, 13107, 6532]
[10, 13107, 6534]
[10, 13107, 6538]
[10, 13107, 6551]
[10, 13107, 6572]
[10, 13107, 6551]
[15, 19660, 12995]
[15, 19660, 12978]
[15, 19660, 13040]
[15, 19660, 12964]
[15, 19660, 12977]
[15, 19660, 12943]
[15, 19660, 12985]
[15, 19660, 12935]
[15, 19660, 12953]
[15, 19660, 12909]
[15, 19660, 13002]
[15, 19660, 13040]
[15, 19660, 12916]
[15, 19660, 12980]
[15, 19660, 13086]
[15, 19660, 12998]
[15, 19660, 13016]
[15, 19660, 13060]
[15, 19660, 13114]
[15, 19660, 13109]
[15, 19660, 13015]
[15, 19660, 13030]
[15, 19660, 12896]
[15, 19660, 13001]
[15, 19660, 13083]
[15, 19660, 12951]
[15, 19660, 12952]
[15, 19660, 13032]
[15, 19660, 13009]
[15, 19660, 12947]
[15, 19660, 13094]
[15, 19660, 13038]
[15, 19660, 13003]
[15, 19660, 13026]
[15, 19660, 13076]
[15, 19660, 12943]
[15, 19660, 13053]
[15, 19660, 12929]
[15, 19660, 12989]
[15, 19660, 13061]
[15, 19660, 13037]
[15, 19660, 13005]
[15, 19660, 12902]
[15, 19660, 13052]
[15, 19660, 13135]
[15, 19660, 13082]
[15, 19660, 12992]
[15, 19660, 13052]
[15, 19660, 12985]
[15, 19660, 12959]
[15, 19660, 12987]
[15, 19660, 13082]
[15, 19660, 12980]
[15, 19660, 13084]
[15, 19660, 13019]
[15, 19660, 12981]
[15, 19660, 13058]
[15, 19660, 13029]
[15, 19660, 12984]
[15, 19660, 12967]
[15, 19660, 13092]
[15, 19660, 13132]
[15, 19660, 12879]
[15, 19660, 13055]
[15, 19660, 13014]
[15, 19660, 13102]
[15, 19660, 13052]
[15, 19660, 13042]
[15, 19660, 13042]
[15, 19660, 13100]
[15, 19660, 13037]
[15, 19660, 12983]
[15, 19660, 13047]
[15, 19660, 12954]
[15, 19660, 13102]
[15, 19660, 13010]
[15, 19660, 13056]
[15, 19660, 13061]
[15, 19660, 13012]
[15, 19660, 13018]
[15, 19660, 12990]
[15, 19660, 13009]
[15, 19660, 13071]
[15, 19660, 13085]
[15, 19660, 12943]
[15, 19660, 12991]
[15, 19660, 12890]
[15, 19660, 13009]
[15, 19660, 13108]
[15, 19660, 12993]
[15, 19660, 13005]
[15, 19660, 13003]
[15, 19660, 12972]
[15, 19660, 13046]
[15, 19660, 13026]
[15, 19660, 12954]
[15, 19660, 12905]
[15, 19660, 12986]
[15, 19660, 12956]
[15, 19660, 12954]
[20, 26214, 20395]
[20, 26214, 20325]
[20, 26214, 20419]
[20, 26214, 20452]
[20, 26214, 20383]
[20, 26214, 20419]
[20, 26214, 20484]
[20, 26214, 20451]
[20, 26214, 20460]
[20, 26214, 20414]
[20, 26214, 20526]
[20, 26214, 20442]
[20, 26214, 20484]
[20, 26214, 20480]
[20, 26214, 20447]
[20, 26214, 20437]
[20, 26214, 20389]
[20, 26214, 20471]
[20, 26214, 20461]
[20, 26214, 20354]
[20, 26214, 20372]
[20, 26214, 20376]
[20, 26214, 20402]
[20, 26214, 20390]
[20, 26214, 20379]
[20, 26214, 20447]
[20, 26214, 20253]
[20, 26214, 20341]
[20, 26214, 20366]
[20, 26214, 20439]
[20, 26214, 20295]
[20, 26214, 20321]
[20, 26214, 20425]
[20, 26214, 20380]
[20, 26214, 20419]
[20, 26214, 20316]
[20, 26214, 20392]
[20, 26214, 20354]
[20, 26214, 20436]
[20, 26214, 20415]
[20, 26214, 20440]
[20, 26214, 20456]
[20, 26214, 20373]
[20, 26214, 20435]
[20, 26214, 20482]
[20, 26214, 20475]
[20, 26214, 20479]
[20, 26214, 20376]
[20, 26214, 20446]
[20, 26214, 20458]
[20, 26214, 20511]
[20, 26214, 20521]
[20, 26214, 20315]
[20, 26214, 20407]
[20, 26214, 20362]
[20, 26214, 20483]
[20, 26214, 20339]
[20, 26214, 20455]
[20, 26214, 20482]
[20, 26214, 20454]
[20, 26214, 20468]
[20, 26214, 20446]
[20, 26214, 20313]
[20, 26214, 20433]
[20, 26214, 20337]
[20, 26214, 20453]
[20, 26214, 20364]
[20, 26214, 20439]
[20, 26214, 20390]
[20, 26214, 20368]
[20, 26214, 20349]
[20, 26214, 20531]
[20, 26214, 20497]
[20, 26214, 20439]
[20, 26214, 20362]
[20, 26214, 20406]
[20, 26214, 20450]
[20, 26214, 20338]
[20, 26214, 20438]
[20, 26214, 20444]
[20, 26214, 20464]
[20, 26214, 20506]
[20, 26214, 20386]
[20, 26214, 20347]
[20, 26214, 20517]
[20, 26214, 20466]
[20, 26214, 20370]
[20, 26214, 20496]
[20, 26214, 20423]
[20, 26214, 20361]
[20, 26214, 20428]
[20, 26214, 20337]
[20, 26214, 20391]
[20, 26214, 20456]
[20, 26214, 20374]
[20, 26214, 20415]
[20, 26214, 20209]
[20, 26214, 20423]
[20, 26214, 20378]
[20, 26214, 20441]
[25, 32768, 28010]
[25, 32768, 27914]
[25, 32768, 28066]
[25, 32768, 27979]
[25, 32768, 28093]
[25, 32768, 28116]
[25, 32768, 27967]
[25, 32768, 28116]
[25, 32768, 28048]
[25, 32768, 28077]
[25, 32768, 27955]
[25, 32768, 28079]
[25, 32768, 28082]
[25, 32768, 28048]
[25, 32768, 27977]
[25, 32768, 28064]
[25, 32768, 28068]
[25, 32768, 28044]
[25, 32768, 28085]
[25, 32768, 28009]
[25, 32768, 28108]
[25, 32768, 28141]
[25, 32768, 28013]
[25, 32768, 28055]
[25, 32768, 28105]
[25, 32768, 28099]
[25, 32768, 28105]
[25, 32768, 28058]
[25, 32768, 28061]
[25, 32768, 28104]
[25, 32768, 28129]
[25, 32768, 27904]
[25, 32768, 27964]
[25, 32768, 28064]
[25, 32768, 28008]
[25, 32768, 28037]
[25, 32768, 28066]
[25, 32768, 28058]
[25, 32768, 27914]
[25, 32768, 28119]
[25, 32768, 28068]
[25, 32768, 28053]
[25, 32768, 28011]
[25, 32768, 28018]
[25, 32768, 27988]
[25, 32768, 28038]
[25, 32768, 28051]
[25, 32768, 28081]
[25, 32768, 28232]
[25, 32768, 27946]
[25, 32768, 28112]
[25, 32768, 28132]
[25, 32768, 28073]
[25, 32768, 28082]
[25, 32768, 28087]
[25, 32768, 28029]
[25, 32768, 28085]
[25, 32768, 28080]
[25, 32768, 27929]
[25, 32768, 27993]
[25, 32768, 28037]
[25, 32768, 28091]
[25, 32768, 28111]
[25, 32768, 28029]
[25, 32768, 28048]
[25, 32768, 28064]
[25, 32768, 28022]
[25, 32768, 28022]
[25, 32768, 28030]
[25, 32768, 28003]
[25, 32768, 28025]
[25, 32768, 27971]
[25, 32768, 28094]
[25, 32768, 28078]
[25, 32768, 28002]
[25, 32768, 27999]
[25, 32768, 28102]
[25, 32768, 28022]
[25, 32768, 27994]
[25, 32768, 28105]
[25, 32768, 28094]
[25, 32768, 28091]
[25, 32768, 28064]
[25, 32768, 28085]
[25, 32768, 28038]
[25, 32768, 28073]
[25, 32768, 28015]
[25, 32768, 28128]
[25, 32768, 27990]
[25, 32768, 28030]
[25, 32768, 28014]
[25, 32768, 27991]
[25, 32768, 28070]
[25, 32768, 28059]
[25, 32768, 28010]
[25, 32768, 28062]
[25, 32768, 28106]
[25, 32768, 28021]
[25, 32768, 27992]
[25, 32768, 28102]
[30, 39321, 35646]
[30, 39321, 35576]
[30, 39321, 35787]
[30, 39321, 35622]
[30, 39321, 35576]
[30, 39321, 35687]
[30, 39321, 35624]
[30, 39321, 35632]
[30, 39321, 35602]
[30, 39321, 35671]
[30, 39321, 35608]
[30, 39321, 35667]
[30, 39321, 35623]
[30, 39321, 35743]
[30, 39321, 35673]
[30, 39321, 35564]
[30, 39321, 35641]
[30, 39321, 35590]
[30, 39321, 35533]
[30, 39321, 35604]
[30, 39321, 35726]
[30, 39321, 35640]
[30, 39321, 35656]
[30, 39321, 35619]
[30, 39321, 35631]
[30, 39321, 35701]
[30, 39321, 35650]
[30, 39321, 35600]
[30, 39321, 35736]
[30, 39321, 35698]
[30, 39321, 35574]
[30, 39321, 35683]
[30, 39321, 35748]
[30, 39321, 35608]
[30, 39321, 35644]
[30, 39321, 35678]
[30, 39321, 35719]
[30, 39321, 35643]
[30, 39321, 35630]
[30, 39321, 35656]
[30, 39321, 35635]
[30, 39321, 35579]
[30, 39321, 35707]
[30, 39321, 35634]
[30, 39321, 35568]
[30, 39321, 35676]
[30, 39321, 35655]
[30, 39321, 35666]
[30, 39321, 35630]
[30, 39321, 35680]
[30, 39321, 35612]
[30, 39321, 35495]
[30, 39321, 35760]
[30, 39321, 35747]
[30, 39321, 35628]
[30, 39321, 35664]
[30, 39321, 35659]
[30, 39321, 35641]
[30, 39321, 35718]
[30, 39321, 35801]
[30, 39321, 35595]
[30, 39321, 35635]
[30, 39321, 35691]
[30, 39321, 35684]
[30, 39321, 35702]
[30, 39321, 35721]
[30, 39321, 35583]
[30, 39321, 35686]
[30, 39321, 35738]
[30, 39321, 35686]
[30, 39321, 35613]
[30, 39321, 35612]
[30, 39321, 35656]
[30, 39321, 35764]
[30, 39321, 35690]
[30, 39321, 35607]
[30, 39321, 35669]
[30, 39321, 35625]
[30, 39321, 35653]
[30, 39321, 35647]
[30, 39321, 35663]
[30, 39321, 35621]
[30, 39321, 35637]
[30, 39321, 35699]
[30, 39321, 35615]
[30, 39321, 35653]
[30, 39321, 35788]
[30, 39321, 35599]
[30, 39321, 35701]
[30, 39321, 35677]
[30, 39321, 35616]
[30, 39321, 35691]
[30, 39321, 35639]
[30, 39321, 35665]
[30, 39321, 35645]
[30, 39321, 35633]
[30, 39321, 35579]
[30, 39321, 35708]
[30, 39321, 35598]
[30, 39321, 35584]
[35, 45875, 43111]
[35, 45875, 43140]
[35, 45875, 43106]
[35, 45875, 42971]
[35, 45875, 43106]
[35, 45875, 43071]
[35, 45875, 43086]
[35, 45875, 42999]
[35, 45875, 43088]
[35, 45875, 43011]
[35, 45875, 43061]
[35, 45875, 43169]
[35, 45875, 43088]
[35, 45875, 43118]
[35, 45875, 43140]
[35, 45875, 43058]
[35, 45875, 42989]
[35, 45875, 43091]
[35, 45875, 43112]
[35, 45875, 43016]
[35, 45875, 43065]
[35, 45875, 43076]
[35, 45875, 43042]
[35, 45875, 43134]
[35, 45875, 43024]
[35, 45875, 43081]
[35, 45875, 43133]
[35, 45875, 43043]
[35, 45875, 43059]
[35, 45875, 43019]
[35, 45875, 43103]
[35, 45875, 43088]
[35, 45875, 43074]
[35, 45875, 43097]
[35, 45875, 43106]
[35, 45875, 43038]
[35, 45875, 43063]
[35, 45875, 43163]
[35, 45875, 43051]
[35, 45875, 43111]
[35, 45875, 43072]
[35, 45875, 43025]
[35, 45875, 43151]
[35, 45875, 43056]
[35, 45875, 43002]
[35, 45875, 43092]
[35, 45875, 43084]
[35, 45875, 43135]
[35, 45875, 43031]
[35, 45875, 43033]
[35, 45875, 43094]
[35, 45875, 43071]
[35, 45875, 43065]
[35, 45875, 43095]
[35, 45875, 43088]
[35, 45875, 43054]
[35, 45875, 43073]
[35, 45875, 43066]
[35, 45875, 43139]
[35, 45875, 43089]
[35, 45875, 43005]
[35, 45875, 43021]
[35, 45875, 43046]
[35, 45875, 43061]
[35, 45875, 43066]
[35, 45875, 43048]
[35, 45875, 43053]
[35, 45875, 43025]
[35, 45875, 43060]
[35, 45875, 43027]
[35, 45875, 43060]
[35, 45875, 43110]
[35, 45875, 43121]
[35, 45875, 43033]
[35, 45875, 43064]
[35, 45875, 43072]
[35, 45875, 43065]
[35, 45875, 43111]
[35, 45875, 43162]
[35, 45875, 43024]
[35, 45875, 43096]
[35, 45875, 43076]
[35, 45875, 43054]
[35, 45875, 42942]
[35, 45875, 43003]
[35, 45875, 43104]
[35, 45875, 43056]
[35, 45875, 43031]
[35, 45875, 43128]
[35, 45875, 43078]
[35, 45875, 42996]
[35, 45875, 43087]
[35, 45875, 43019]
[35, 45875, 43017]
[35, 45875, 43073]
[35, 45875, 43022]
[35, 45875, 42974]
[35, 45875, 42948]
[35, 45875, 43101]
[35, 45875, 42977]
[40, 52428, 50342]
[40, 52428, 50336]
[40, 52428, 50371]
[40, 52428, 50342]
[40, 52428, 50292]
[40, 52428, 50359]
[40, 52428, 50334]
[40, 52428, 50323]
[40, 52428, 50311]
[40, 52428, 50331]
[40, 52428, 50323]
[40, 52428, 50269]
[40, 52428, 50355]
[40, 52428, 50307]
[40, 52428, 50271]
[40, 52428, 50330]
[40, 52428, 50370]
[40, 52428, 50306]
[40, 52428, 50374]
[40, 52428, 50357]
[40, 52428, 50261]
[40, 52428, 50264]
[40, 52428, 50346]
[40, 52428, 50297]
[40, 52428, 50278]
[40, 52428, 50332]
[40, 52428, 50367]
[40, 52428, 50306]
[40, 52428, 50338]
[40, 52428, 50321]
[40, 52428, 50267]
[40, 52428, 50320]
[40, 52428, 50270]
[40, 52428, 50365]
[40, 52428, 50274]
[40, 52428, 50271]
[40, 52428, 50317]
[40, 52428, 50286]
[40, 52428, 50302]
[40, 52428, 50364]
[40, 52428, 50253]
[40, 52428, 50253]
[40, 52428, 50318]
[40, 52428, 50353]
[40, 52428, 50334]
[40, 52428, 50380]
[40, 52428, 50255]
[40, 52428, 50278]
[40, 52428, 50292]
[40, 52428, 50293]
[40, 52428, 50344]
[40, 52428, 50264]
[40, 52428, 50285]
[40, 52428, 50337]
[40, 52428, 50362]
[40, 52428, 50288]
[40, 52428, 50349]
[40, 52428, 50316]
[40, 52428, 50275]
[40, 52428, 50401]
[40, 52428, 50202]
[40, 52428, 50357]
[40, 52428, 50311]
[40, 52428, 50285]
[40, 52428, 50352]
[40, 52428, 50372]
[40, 52428, 50337]
[40, 52428, 50362]
[40, 52428, 50321]
[40, 52428, 50337]
[40, 52428, 50348]
[40, 52428, 50302]
[40, 52428, 50347]
[40, 52428, 50377]
[40, 52428, 50356]
[40, 52428, 50297]
[40, 52428, 50372]
[40, 52428, 50368]
[40, 52428, 50294]
[40, 52428, 50241]
[40, 52428, 50304]
[40, 52428, 50303]
[40, 52428, 50259]
[40, 52428, 50258]
[40, 52428, 50345]
[40, 52428, 50271]
[40, 52428, 50288]
[40, 52428, 50376]
[40, 52428, 50337]
[40, 52428, 50367]
[40, 52428, 50306]
[40, 52428, 50324]
[40, 52428, 50344]
[40, 52428, 50330]
[40, 52428, 50274]
[40, 52428, 50336]
[40, 52428, 50332]
[40, 52428, 50299]
[40, 52428, 50268]
[40, 52428, 50312]
