[1, 1310, 20, 15]
[1, 1310, 12, 15]
[1, 1310, 11, 22]
[1, 1310, 18, 19]
[1, 1310, 22, 21]
[1, 1310, 16, 19]
[1, 1310, 14, 12]
[1, 1310, 18, 19]
[1, 1310, 17, 15]
[1, 1310, 17, 16]
[1, 1310, 15, 13]
[1, 1310, 12, 16]
[1, 1310, 13, 13]
[1, 1310, 12, 12]
[1, 1310, 23, 21]
[1, 1310, 13, 18]
[1, 1310, 18, 22]
[1, 1310, 18, 14]
[1, 1310, 13, 19]
[1, 1310, 16, 11]
[1, 1310, 15, 16]
[1, 1310, 14, 11]
[1, 1310, 16, 19]
[1, 1310, 13, 27]
[1, 1310, 16, 16]
[1, 1310, 13, 18]
[1, 1310, 14, 8]
[1, 1310, 13, 18]
[1, 1310, 16, 16]
[1, 1310, 15, 20]
[1, 1310, 15, 11]
[1, 1310, 16, 22]
[1, 1310, 11, 11]
[1, 1310, 13, 19]
[1, 1310, 11, 13]
[1, 1310, 21, 11]
[1, 1310, 17, 15]
[1, 1310, 23, 13]
[1, 1310, 14, 14]
[1, 1310, 10, 10]
[1, 1310, 21, 18]
[1, 1310, 19, 9]
[1, 1310, 17, 25]
[1, 1310, 13, 16]
[1, 1310, 16, 19]
[1, 1310, 17, 13]
[1, 1310, 15, 17]
[1, 1310, 9, 16]
[1, 1310, 18, 16]
[1, 1310, 14, 18]
[1, 1310, 22, 23]
[1, 1310, 13, 17]
[1, 1310, 11, 15]
[1, 1310, 19, 12]
[1, 1310, 18, 17]
[1, 1310, 17, 19]
[1, 1310, 27, 18]
[1, 1310, 22, 19]
[1, 1310, 18, 15]
[1, 1310, 15, 13]
[1, 1310, 18, 15]
[1, 1310, 20, 17]
[1, 1310, 13, 22]
[1, 1310, 20, 12]
[1, 1310, 17, 13]
[1, 1310, 12, 18]
[1, 1310, 24, 12]
[1, 1310, 14, 12]
[1, 1310, 10, 17]
[1, 1310, 14, 20]
[1, 1310, 15, 13]
[1, 1310, 15, 20]
[1, 1310, 23, 18]
[1, 1310, 15, 23]
[1, 1310, 14, 16]
[1, 1310, 17, 14]
[1, 1310, 13, 20]
[1, 1310, 16, 17]
[1, 1310, 11, 12]
[1, 1310, 18, 18]
[1, 1310, 11, 11]
[1, 1310, 18, 19]
[1, 1310, 18, 16]
[1, 1310, 16, 10]
[1, 1310, 19, 17]
[1, 1310, 15, 12]
[1, 1310, 18, 17]
[1, 1310, 25, 21]
[1, 1310, 22, 16]
[1, 1310, 16, 22]
[1, 1310, 17, 18]
[1, 1310, 16, 16]
[1, 1310, 19, 20]
[1, 1310, 12, 13]
[1, 1310, 19, 14]
[1, 1310, 19, 14]
[1, 1310, 12, 20]
[1, 1310, 16, 18]
[1, 1310, 18, 15]
[1, 1310, 12, 15]
[2, 2621, 46, 55]
[2, 2621, 45, 39]
[2, 2621, 41, 41]
[2, 2621, 37, 32]
[2, 2621, 43, 35]
[2, 2621, 38, 43]
[2, 2621, 42, 44]
[2, 2621, 39, 35]
[2, 2621, 32, 37]
[2, 2621, 35, 43]
[2, 2621, 31, 43]
[2, 2621, 34, 34]
[2, 2621, 32, 48]
[2, 2621, 24, 51]
[2, 2621, 40, 35]
[2, 2621, 35, 36]
[2, 2621, 44, 28]
[2, 2621, 39, 39]
[2, 2621, 38, 40]
[2, 2621, 33, 35]
[2, 2621, 40, 45]
[2, 2621, 39, 44]
[2, 2621, 37, 43]
[2, 2621, 36, 30]
[2, 2621, 49, 38]
[2, 2621, 47, 33]
[2, 2621, 33, 45]
[2, 2621, 33, 38]
[2, 2621, 48, 40]
[2, 2621, 46, 42]
[2, 2621, 35, 32]
[2, 2621, 43, 41]
[2, 2621, 40, 34]
[2, 2621, 44, 37]
[2, 2621, 39, 55]
[2, 2621, 39, 41]
[2, 2621, 46, 47]
[2, 2621, 34, 40]
[2, 2621, 37, 37]
[2, 2621, 44, 40]
[2, 2621, 44, 47]
[2, 2621, 42, 35]
[2, 2621, 37, 44]
[2, 2621, 40, 39]
[2, 2621, 45, 31]
[2, 2621, 52, 45]
[2, 2621, 41, 40]
[2, 2621, 34, 37]
[2, 2621, 38, 34]
[2, 2621, 38, 34]
[2, 2621, 29, 41]
[2, 2621, 36, 37]
[2, 2621, 34, 39]
[2, 2621, 41, 37]
[2, 2621, 44, 39]
[2, 2621, 42, 31]
[2, 2621, 47, 33]
[2, 2621, 39, 46]
[2, 2621, 31, 51]
[2, 2621, 35, 45]
[2, 2621, 40, 33]
[2, 2621, 49, 44]
[2, 2621, 46, 36]
[2, 2621, 46, 35]
[2, 2621, 43, 30]
[2, 2621, 40, 30]
[2, 2621, 41, 47]
[2, 2621, 35, 44]
[2, 2621, 41, 40]
[2, 2621, 28, 34]
[2, 2621, 46, 33]
[2, 2621, 36, 38]
[2, 2621, 40, 45]
[2, 2621, 35, 38]
[2, 2621, 33, 30]
[2, 2621, 43, 42]
[2, 2621, 48, 50]
[2, 2621, 33, 36]
[2, 2621, 47, 48]
[2, 2621, 47, 46]
[2, 2621, 43, 28]
[2, 2621, 28, 31]
[2, 2621, 35, 44]
[2, 2621, 45, 35]
[2, 2621, 41, 43]
[2, 2621, 33, 43]
[2, 2621, 38, 31]
[2, 2621, 36, 29]
[2, 2621, 50, 36]
[2, 2621, 47, 37]
[2, 2621, 46, 29]
[2, 2621, 43, 44]
[2, 2621, 34, 38]
[2, 2621, 37, 36]
[2, 2621, 37, 36]
[2, 2621, 40, 36]
[2, 2621, 49, 44]
[2, 2621, 40, 29]
[2, 2621, 35, 32]
[2, 2621, 41, 42]
[5, 6553, 152, 151]
[5, 6553, 160, 150]
[5, 6553, 141, 145]
[5, 6553, 143, 143]
[5, 6553, 146, 147]
[5, 6553, 148, 161]
[5, 6553, 141, 155]
[5, 6553, 150, 141]
[5, 6553, 139, 161]
[5, 6553, 161, 136]
[5, 6553, 159, 131]
[5, 6553, 142, 131]
[5, 6553, 158, 135]
[5, 6553, 163, 141]
[5, 6553, 185, 145]
[5, 6553, 161, 157]
[5, 6553, 158, 170]
[5, 6553, 150, 155]
[5, 6553, 154, 161]
[5, 6553, 134, 142]
[5, 6553, 140, 140]
[5, 6553, 142, 140]
[5, 6553, 153, 160]
[5, 6553, 144, 161]
[5, 6553, 142, 152]
[5, 6553, 151, 127]
[5, 6553, 150, 156]
[5, 6553, 165, 159]
[5, 6553, 183, 159]
[5, 6553, 124, 170]
[5, 6553, 155, 130]
[5, 6553, 148, 158]
[5, 6553, 169, 120]
[5, 6553, 160, 151]
[5, 6553, 162, 148]
[5, 6553, 163, 155]
[5, 6553, 152, 167]
[5, 6553, 164, 149]
[5, 6553, 127, 153]
[5, 6553, 145, 154]
[5, 6553, 140, 164]
[5, 6553, 143, 156]
[5, 6553, 150, 144]
[5, 6553, 166, 150]
[5, 6553, 158, 147]
[5, 6553, 163, 146]
[5, 6553, 145, 155]
[5, 6553, 149, 162]
[5, 6553, 148, 153]
[5, 6553, 134, 154]
[5, 6553, 152, 161]
[5, 6553, 155, 142]
[5, 6553, 135, 150]
[5, 6553, 126, 145]
[5, 6553, 147, 151]
[5, 6553, 160, 155]
[5, 6553, 144, 151]
[5, 6553, 142, 152]
[5, 6553, 144, 172]
[5, 6553, 125, 141]
[5, 6553, 132, 186]
[5, 6553, 156, 162]
[5, 6553, 161, 159]
[5, 6553, 155, 143]
[5, 6553, 145, 153]
[5, 6553, 118, 153]
[5, 6553, 154, 154]
[5, 6553, 135, 148]
[5, 6553, 143, 139]
[5, 6553, 156, 148]
[5, 6553, 164, 106]
[5, 6553, 119, 134]
[5, 6553, 150, 143]
[5, 6553, 154, 136]
[5, 6553, 160, 147]
[5, 6553, 182, 156]
[5, 6553, 136, 170]
[5, 6553, 141, 118]
[5, 6553, 133, 150]
[5, 6553, 161, 120]
[5, 6553, 160, 133]
[5, 6553, 160, 145]
[5, 6553, 160, 157]
[5, 6553, 140, 134]
[5, 6553, 152, 158]
[5, 6553, 175, 142]
[5, 6553, 151, 142]
[5, 6553, 121, 167]
[5, 6553, 135, 164]
[5, 6553, 140, 159]
[5, 6553, 171, 130]
[5, 6553, 149, 161]
[5, 6553, 132, 156]
[5, 6553, 138, 139]
[5, 6553, 142, 162]
[5, 6553, 134, 139]
[5, 6553, 143, 155]
[5, 6553, 159, 162]
[5, 6553, 164, 136]
[5, 6553, 141, 167]
[10, 13107, 429, 498]
[10, 13107, 437, 461]
[10, 13107, 477, 467]
[10, 13107, 505, 458]
[10, 13107, 478, 477]
[10, 13107, 455, 459]
[10, 13107, 486, 485]
[10, 13107, 466, 419]
[10, 13107, 477, 440]
[10, 13107, 482, 465]
[10, 13107, 492, 418]
[10, 13107, 476, 476]
[10, 13107, 453, 468]
[10, 13107, 469, 460]
[10, 13107, 435, 419]
[10, 13107, 469, 465]
[10, 13107, 449, 426]
[10, 13107, 516, 393]
[10, 13107, 469, 474]
[10, 13107, 453, 475]
[10, 13107, 475, 485]
[10, 13107, 479, 477]
[10, 13107, 452, 511]
[10, 13107, 431, 493]
[10, 13107, 470, 473]
[10, 13107, 447, 443]
[10, 13107, 462, 471]
[10, 13107, 425, 460]
[10, 13107, 477, 477]
[10, 13107, 440, 491]
[10, 13107, 464, 442]
[10, 13107, 423, 462]
[10, 13107, 470, 488]
[10, 13107, 479, 450]
[10, 13107, 458, 450]
[10, 13107, 482, 460]
[10, 13107, 467, 457]
[10, 13107, 447, 452]
[10, 13107, 465, 487]
[10, 13107, 484, 442]
[10, 13107, 465, 473]
[10, 13107, 502, 470]
[10, 13107, 473, 460]
[10, 13107, 498, 523]
[10, 13107, 485, 480]
[10, 13107, 467, 465]
[10, 13107, 465, 447]
[10, 13107, 472, 452]
[10, 13107, 463, 511]
[10, 13107, 453, 431]
[10, 13107, 430, 486]
[10, 13107, 494, 453]
[10, 13107, 487, 483]
[10, 13107, 450, 450]
[10, 13107, 462, 445]
[10, 13107, 497, 471]
[10, 13107, 519, 449]
[10, 13107, 449, 461]
[10, 13107, 448, 455]
[10, 13107, 427, 530]
[10, 13107, 435, 481]
[10, 13107, 445, 449]
[10, 13107, 447, 496]
[10, 13107, 442, 452]
[10, 13107, 475, 432]
[10, 13107, 478, 441]
[10, 13107, 448, 512]
[10, 13107, 466, 483]
[10, 13107, 440, 505]
[10, 13107, 455, 481]
[10, 13107, 464, 473]
[10, 13107, 448, 449]
[10, 13107, 420, 457]
[10, 13107, 503, 453]
[10, 13107, 450, 485]
[10, 13107, 457, 423]
[10, 13107, 431, 486]
[10, 13107, 439, 457]
[10, 13107, 468, 439]
[10, 13107, 448, 467]
[10, 13107, 518, 471]
[10, 13107, 478, 447]
[10, 13107, 495, 451]
[10, 13107, 485, 450]
[10, 13107, 452, 455]
[10, 13107, 478, 470]
[10, 13107, 465, 464]
[10, 13107, 460, 480]
[10, 13107, 465, 462]
[10, 13107, 467, 462]
[10, 13107, 499, 433]
[10, 13107, 474, 481]
[10, 13107, 477, 402]
[10, 13107, 482, 433]
[10, 13107, 495, 443]
[10, 13107, 461, 504]
[10, 13107, 462, 447]
[10, 13107, 466, 451]
[10, 13107, 492, 460]
[10, 13107, 471, 438]
[15, 19660, 951, 958]
[15, 19660, 966, 986]
[15, 19660, 969, 994]
[15, 19660, 1006, 983]
[15, 19660, 976, 973]
[15, 19660, 928, 983]
[15, 19660, 927, 936]
[15, 19660, 979, 977]
[15, 19660, 969, 967]
[15, 19660, 958, 954]
[15, 19660, 940, 973]
[15, 19660, 898, 1003]
[15, 19660, 968, 1012]
[15, 19660, 935, 929]
[15, 19660, 1040, 969]
[15, 19660, 941, 964]
[15, 19660, 958, 950]
[15, 19660, 957, 946]
[15, 19660, 888, 979]
[15, 19660, 998, 952]
[15, 19660, 952, 932]
[15, 19660, 974, 960]
[15, 19660, 982, 1002]
[15, 19660, 932, 987]
[15, 19660, 897, 961]
[15, 19660, 979, 965]
[15, 19660, 930, 994]
[15, 19660, 917, 975]
[15, 19660, 953, 971]
[15, 19660, 939, 992]
[15, 19660, 981, 940]
[15, 19660, 930, 922]
[15, 19660, 930, 986]
[15, 19660, 907, 967]
[15, 19660, 1002, 937]
[15, 19660, 925, 939]
[15, 19660, 969, 992]
[15, 19660, 971, 972]
[15, 19660, 976, 1010]
[15, 19660, 959, 927]
[15, 19660, 920, 915]
[15, 19660, 1042, 925]
[15, 19660, 991, 1013]
[15, 19660, 1017, 981]
[15, 19660, 959, 982]
[15, 19660, 933, 941]
[15, 19660, 979, 1009]
[15, 19660, 974, 992]
[15, 19660, 980, 981]
[15, 19660, 974, 973]
[15, 19660, 947, 978]
[15, 19660, 1009, 966]
[15, 19660, 947, 941]
[15, 19660, 955, 936]
[15, 19660, 985, 960]
[15, 19660, 968, 981]
[15, 19660, 996, 919]
[15, 19660, 942, 976]
[15, 19660, 972, 940]
[15, 19660, 930, 1007]
[15, 19660, 886, 973]
[15, 19660, 984, 1035]
[15, 19660, 936, 928]
[15, 19660, 957, 940]
[15, 19660, 921, 960]
[15, 19660, 961, 1001]
[15, 19660, 950, 962]
[15, 19660, 897, 955]
[15, 19660, 933, 947]
[15, 19660, 936, 926]
[15, 19660, 1022, 956]
[15, 19660, 953, 907]
[15, 19660, 954, 1000]
[15, 19660, 1030, 914]
[15, 19660, 957, 981]
[15, 19660, 960, 993]
[15, 19660, 960, 942]
[15, 19660, 977, 951]
[15, 19660, 955, 1010]
[15, 19660, 965, 995]
[15, 19660, 939, 893]
[15, 19660, 966, 1005]
[15, 19660, 974, 925]
[15, 19660, 1024, 954]
[15, 19660, 972, 973]
[15, 19660, 955, 903]
[15, 19660, 980, 987]
[15, 19660, 905, 953]
[15, 19660, 997, 1039]
[15, 19660, 954, 928]
[15, 19660, 946, 915]
[15, 19660, 953, 976]
[15, 19660, 979, 949]
[15, 19660, 1076, 947]
[15, 19660, 936, 1022]
[15, 19660, 990, 1022]
[15, 19660, 984, 916]
[15, 19660, 989, 945]
[15, 19660, 939, 960]
[15, 19660, 931, 997]
[20, 26214, 1587, 1651]
[20, 26214, 1655, 1670]
[20, 26214, 1612, 1644]
[20, 26214, 1675, 1671]
[20, 26214, 1640, 1700]
[20, 26214, 1620, 1684]
[20, 26214, 1636, 1644]
[20, 26214, 1634, 1645]
[20, 26214, 1651, 1604]
[20, 26214, 1641, 1640]
[20, 26214, 1664, 1641]
[20, 26214, 1660, 1539]
[20, 26214, 1636, 1652]
[20, 26214, 1619, 1614]
[20, 26214, 1711, 1624]
[20, 26214, 1613, 1652]
[20, 26214, 1695, 1687]
[20, 26214, 1653, 1593]
[20, 26214, 1585, 1603]
[20, 26214, 1699, 1649]
[20, 26214, 1606, 1558]
[20, 26214, 1672, 1659]
[20, 26214, 1613, 1677]
[20, 26214, 1609, 1663]
[20, 26214, 1721, 1687]
[20, 26214, 1582, 1617]
[20, 26214, 1587, 1672]
[20, 26214, 1639, 1639]
[20, 26214, 1666, 1655]
[20, 26214, 1647, 1628]
[20, 26214, 1641, 1595]
[20, 26214, 1688, 1681]
[20, 26214, 1729, 1665]
[20, 26214, 1647, 1681]
[20, 26214, 1704, 1698]
[20, 26214, 1640, 1650]
[20, 26214, 1645, 1608]
[20, 26214, 1637, 1639]
[20, 26214, 1670, 1665]
[20, 26214, 1651, 1661]
[20, 26214, 1671, 1649]
[20, 26214, 1666, 1596]
[20, 26214, 1635, 1631]
[20, 26214, 1617, 1704]
[20, 26214, 1700, 1592]
[20, 26214, 1727, 1568]
[20, 26214, 1595, 1637]
[20, 26214, 1649, 1619]
[20, 26214, 1598, 1705]
[20, 26214, 1634, 1605]
[20, 26214, 1593, 1601]
[20, 26214, 1695, 1649]
[20, 26214, 1610, 1592]
[20, 26214, 1652, 1663]
[20, 26214, 1646, 1664]
[20, 26214, 1669, 1638]
[20, 26214, 1710, 1603]
[20, 26214, 1614, 1614]
[20, 26214, 1606, 1629]
[20, 26214, 1649, 1675]
[20, 26214, 1573, 1660]
[20, 26214, 1598, 1655]
[20, 26214, 1678, 1684]
[20, 26214, 1668, 1673]
[20, 26214, 1658, 1561]
[20, 26214, 1596, 1613]
[20, 26214, 1664, 1677]
[20, 26214, 1623, 1622]
[20, 26214, 1630, 1678]
[20, 26214, 1610, 1690]
[20, 26214, 1625, 1580]
[20, 26214, 1670, 1568]
[20, 26214, 1646, 1708]
[20, 26214, 1635, 1654]
[20, 26214, 1620, 1594]
[20, 26214, 1687, 1582]
[20, 26214, 1610, 1758]
[20, 26214, 1658, 1634]
[20, 26214, 1694, 1697]
[20, 26214, 1701, 1603]
[20, 26214, 1616, 1689]
[20, 26214, 1632, 1598]
[20, 26214, 1663, 1696]
[20, 26214, 1667, 1639]
[20, 26214, 1631, 1704]
[20, 26214, 1583, 1622]
[20, 26214, 1618, 1631]
[20, 26214, 1653, 1666]
[20, 26214, 1664, 1671]
[20, 26214, 1688, 1656]
[20, 26214, 1648, 1633]
[20, 26214, 1588, 1660]
[20, 26214, 1674, 1562]
[20, 26214, 1627, 1626]
[20, 26214, 1631, 1727]
[20, 26214, 1627, 1629]
[20, 26214, 1646, 1609]
[20, 26214, 1712, 1619]
[20, 26214, 1635, 1643]
[20, 26214, 1659, 1534]
[25, 32768, 2487, 2585]
[25, 32768, 2442, 2440]
[25, 32768, 2506, 2491]
[25, 32768, 2517, 2465]
[25, 32768, 2523, 2506]
[25, 32768, 2557, 2490]
[25, 32768, 2522, 2480]
[25, 32768, 2591, 2487]
[25, 32768, 2492, 2525]
[25, 32768, 2504, 2458]
[25, 32768, 2513, 2532]
[25, 32768, 2461, 2468]
[25, 32768, 2465, 2568]
[25, 32768, 2403, 2594]
[25, 32768, 2504, 2467]
[25, 32768, 2566, 2528]
[25, 32768, 2517, 2460]
[25, 32768, 2596, 2474]
[25, 32768, 2506, 2597]
[25, 32768, 2437, 2577]
[25, 32768, 2577, 2448]
[25, 32768, 2562, 2477]
[25, 32768, 2469, 2519]
[25, 32768, 2515, 2461]
[25, 32768, 2505, 2472]
[25, 32768, 2532, 2403]
[25, 32768, 2548, 2617]
[25, 32768, 2421, 2563]
[25, 32768, 2549, 2521]
[25, 32768, 2494, 2559]
[25, 32768, 2489, 2513]
[25, 32768, 2501, 2513]
[25, 32768, 2454, 2517]
[25, 32768, 2518, 2511]
[25, 32768, 2499, 2553]
[25, 32768, 2475, 2465]
[25, 32768, 2476, 2558]
[25, 32768, 2589, 2454]
[25, 32768, 2481, 2597]
[25, 32768, 2551, 2378]
[25, 32768, 2578, 2493]
[25, 32768, 2515, 2434]
[25, 32768, 2490, 2517]
[25, 32768, 2498, 2555]
[25, 32768, 2661, 2466]
[25, 32768, 2531, 2485]
[25, 32768, 2501, 2504]
[25, 32768, 2467, 2469]
[25, 32768, 2469, 2490]
[25, 32768, 2501, 2421]
[25, 32768, 2593, 2500]
[25, 32768, 2558, 2518]
[25, 32768, 2494, 2503]
[25, 32768, 2497, 2492]
[25, 32768, 2473, 2571]
[25, 32768, 2617, 2409]
[25, 32768, 2493, 2534]
[25, 32768, 2544, 2446]
[25, 32768, 2536, 2490]
[25, 32768, 2488, 2495]
[25, 32768, 2483, 2590]
[25, 32768, 2493, 2533]
[25, 32768, 2404, 2490]
[25, 32768, 2578, 2421]
[25, 32768, 2516, 2451]
[25, 32768, 2420, 2641]
[25, 32768, 2465, 2550]
[25, 32768, 2459, 2613]
[25, 32768, 2542, 2470]
[25, 32768, 2450, 2488]
[25, 32768, 2458, 2461]
[25, 32768, 2480, 2509]
[25, 32768, 2480, 2526]
[25, 32768, 2423, 2459]
[25, 32768, 2566, 2406]
[25, 32768, 2497, 2479]
[25, 32768, 2517, 2622]
[25, 32768, 2456, 2428]
[25, 32768, 2437, 2479]
[25, 32768, 2641, 2505]
[25, 32768, 2503, 2487]
[25, 32768, 2528, 2517]
[25, 32768, 2503, 2462]
[25, 32768, 2539, 2481]
[25, 32768, 2417, 2548]
[25, 32768, 2465, 2582]
[25, 32768, 2489, 2490]
[25, 32768, 2459, 2597]
[25, 32768, 2557, 2570]
[25, 32768, 2497, 2517]
[25, 32768, 2556, 2493]
[25, 32768, 2436, 2516]
[25, 32768, 2502, 2430]
[25, 32768, 2520, 2382]
[25, 32768, 2518, 2450]
[25, 32768, 2539, 2484]
[25, 32768, 2529, 2464]
[25, 32768, 2445, 2503]
[25, 32768, 2657, 2504]
[25, 32768, 2500, 2464]
[30, 39321, 3514, 3558]
[30, 39321, 3541, 3573]
[30, 39321, 3706, 3508]
[30, 39321, 3665, 3624]
[30, 39321, 3575, 3505]
[30, 39321, 3560, 3497]
[30, 39321, 3631, 3532]
[30, 39321, 3543, 3625]
[30, 39321, 3560, 3576]
[30, 39321, 3643, 3639]
[30, 39321, 3554, 3549]
[30, 39321, 3636, 3521]
[30, 39321, 3566, 3630]
[30, 39321, 3507, 3547]
[30, 39321, 3575, 3529]
[30, 39321, 3526, 3610]
[30, 39321, 3590, 3496]
[30, 39321, 3487, 3494]
[30, 39321, 3491, 3575]
[30, 39321, 3618, 3581]
[30, 39321, 3650, 3599]
[30, 39321, 3573, 3675]
[30, 39321, 3560, 3504]
[30, 39321, 3585, 3529]
[30, 39321, 3474, 3511]
[30, 39321, 3644, 3510]
[30, 39321, 3451, 3731]
[30, 39321, 3470, 3600]
[30, 39321, 3501, 3543]
[30, 39321, 3517, 3528]
[30, 39321, 3491, 3529]
[30, 39321, 3568, 3598]
[30, 39321, 3655, 3595]
[30, 39321, 3559, 3453]
[30, 39321, 3575, 3596]
[30, 39321, 3672, 3410]
[30, 39321, 3534, 3481]
[30, 39321, 3647, 3443]
[30, 39321, 3564, 3544]
[30, 39321, 3550, 3532]
[30, 39321, 3496, 3584]
[30, 39321, 3455, 3534]
[30, 39321, 3564, 3553]
[30, 39321, 3451, 3634]
[30, 39321, 3684, 3634]
[30, 39321, 3676, 3609]
[30, 39321, 3513, 3575]
[30, 39321, 3617, 3527]
[30, 39321, 3455, 3525]
[30, 39321, 3495, 3499]
[30, 39321, 3588, 3706]
[30, 39321, 3580, 3596]
[30, 39321, 3549, 3557]
[30, 39321, 3581, 3495]
[30, 39321, 3571, 3522]
[30, 39321, 3597, 3401]
[30, 39321, 3707, 3574]
[30, 39321, 3442, 3648]
[30, 39321, 3457, 3531]
[30, 39321, 3570, 3728]
[30, 39321, 3461, 3483]
[30, 39321, 3510, 3657]
[30, 39321, 3654, 3624]
[30, 39321, 3572, 3601]
[30, 39321, 3556, 3595]
[30, 39321, 3593, 3657]
[30, 39321, 3571, 3602]
[30, 39321, 3450, 3631]
[30, 39321, 3555, 3519]
[30, 39321, 3454, 3574]
[30, 39321, 3584, 3460]
[30, 39321, 3528, 3540]
[30, 39321, 3464, 3441]
[30, 39321, 3542, 3487]
[30, 39321, 3469, 3525]
[30, 39321, 3594, 3532]
[30, 39321, 3494, 3665]
[30, 39321, 3652, 3665]
[30, 39321, 3524, 3532]
[30, 39321, 3620, 3467]
[30, 39321, 3532, 3555]
[30, 39321, 3532, 3515]
[30, 39321, 3561, 3414]
[30, 39321, 3656, 3637]
[30, 39321, 3549, 3582]
[30, 39321, 3592, 3466]
[30, 39321, 3583, 3583]
[30, 39321, 3484, 3505]
[30, 39321, 3437, 3743]
[30, 39321, 3455, 3564]
[30, 39321, 3628, 3395]
[30, 39321, 3532, 3614]
[30, 39321, 3638, 3572]
[30, 39321, 3583, 3484]
[30, 39321, 3460, 3499]
[30, 39321, 3494, 3540]
[30, 39321, 3698, 3462]
[30, 39321, 3532, 3510]
[30, 39321, 3627, 3542]
[30, 39321, 3565, 3546]
[35, 45875, 4836, 4765]
[35, 45875, 4744, 4761]
[35, 45875, 4786, 4805]
[35, 45875, 4935, 4746]
[35, 45875, 4875, 4841]
[35, 45875, 4773, 4770]
[35, 45875, 4819, 4802]
[35, 45875, 4862, 4841]
[35, 45875, 4829, 4844]
[35, 45875, 4841, 4931]
[35, 45875, 4910, 4695]
[35, 45875, 4697, 4742]
[35, 45875, 4753, 4879]
[35, 45875, 4699, 4830]
[35, 45875, 4777, 4813]
[35, 45875, 4907, 4760]
[35, 45875, 4922, 4795]
[35, 45875, 4826, 4795]
[35, 45875, 4852, 4818]
[35, 45875, 4742, 4847]
[35, 45875, 4905, 4774]
[35, 45875, 4808, 4738]
[35, 45875, 4900, 4869]
[35, 45875, 4849, 4674]
[35, 45875, 4751, 4932]
[35, 45875, 4801, 4806]
[35, 45875, 4687, 4842]
[35, 45875, 4947, 4845]
[35, 45875, 4670, 4739]
[35, 45875, 4720, 4792]
[35, 45875, 4694, 4917]
[35, 45875, 4811, 4840]
[35, 45875, 4837, 4852]
[35, 45875, 4897, 4775]
[35, 45875, 4725, 4804]
[35, 45875, 4814, 4767]
[35, 45875, 4744, 4843]
[35, 45875, 4865, 4734]
[35, 45875, 4720, 4734]
[35, 45875, 4879, 4817]
[35, 45875, 4778, 4858]
[35, 45875, 4670, 4886]
[35, 45875, 4806, 4785]
[35, 45875, 4804, 4918]
[35, 45875, 4839, 4659]
[35, 45875, 4820, 4728]
[35, 45875, 4773, 4784]
[35, 45875, 4801, 4723]
[35, 45875, 4755, 4933]
[35, 45875, 4821, 4821]
[35, 45875, 4708, 4802]
[35, 45875, 4683, 4835]
[35, 45875, 4835, 4832]
[35, 45875, 4853, 4872]
[35, 45875, 4730, 4795]
[35, 45875, 4866, 4706]
[35, 45875, 4749, 4798]
[35, 45875, 4829, 4823]
[35, 45875, 4751, 4834]
[35, 45875, 4812, 4851]
[35, 45875, 4905, 4850]
[35, 45875, 4778, 4972]
[35, 45875, 4930, 4909]
[35, 45875, 4790, 4761]
[35, 45875, 4756, 4793]
[35, 45875, 4820, 4947]
[35, 45875, 4742, 4816]
[35, 45875, 4741, 4809]
[35, 45875, 4716, 4748]
[35, 45875, 4709, 4863]
[35, 45875, 4828, 4817]
[35, 45875, 4810, 4944]
[35, 45875, 4783, 4820]
[35, 45875, 4653, 4827]
[35, 45875, 4821, 4775]
[35, 45875, 4785, 4829]
[35, 45875, 4749, 4819]
[35, 45875, 4765, 4738]
[35, 45875, 4837, 4789]
[35, 45875, 4793, 4732]
[35, 45875, 4827, 4909]
[35, 45875, 4688, 4891]
[35, 45875, 4861, 4813]
[35, 45875, 4851, 4597]
[35, 45875, 4643, 4949]
[35, 45875, 4897, 4820]
[35, 45875, 4742, 4801]
[35, 45875, 4782, 4878]
[35, 45875, 4653, 4837]
[35, 45875, 4726, 4844]
[35, 45875, 4876, 4668]
[35, 45875, 4727, 4797]
[35, 45875, 4919, 4759]
[35, 45875, 4833, 4747]
[35, 45875, 4663, 4844]
[35, 45875, 4834, 4800]
[35, 45875, 4972, 4721]
[35, 45875, 4868, 4775]
[35, 45875, 4796, 4704]
[35, 45875, 4976, 4691]
[40, 52428, 6207, 6364]
[40, 52428, 6284, 6298]
[40, 52428, 6482, 6169]
[40, 52428, 6159, 6310]
[40, 52428, 6220, 6210]
[40, 52428, 6285, 6330]
[40, 52428, 6369, 6249]
[40, 52428, 6215, 6236]
[40, 52428, 6146, 6286]
[40, 52428, 6110, 6243]
[40, 52428, 6348, 6255]
[40, 52428, 6223, 6283]
[40, 52428, 6179, 6196]
[40, 52428, 6189, 6347]
[40, 52428, 6317, 6272]
[40, 52428, 6320, 6236]
[40, 52428, 6255, 6132]
[40, 52428, 6210, 6232]
[40, 52428, 6287, 6265]
[40, 52428, 6312, 6229]
[40, 52428, 6404, 6095]
[40, 52428, 6153, 6318]
[40, 52428, 6179, 6182]
[40, 52428, 6270, 6327]
[40, 52428, 6167, 6293]
[40, 52428, 6273, 6180]
[40, 52428, 6102, 6197]
[40, 52428, 6158, 6286]
[40, 52428, 6308, 6263]
[40, 52428, 6094, 6191]
[40, 52428, 6338, 6401]
[40, 52428, 6271, 6112]
[40, 52428, 6331, 6178]
[40, 52428, 6271, 6010]
[40, 52428, 6302, 6296]
[40, 52428, 6301, 6267]
[40, 52428, 6170, 6246]
[40, 52428, 6330, 6064]
[40, 52428, 6117, 6276]
[40, 52428, 6335, 6225]
[40, 52428, 6261, 6212]
[40, 52428, 6093, 6287]
[40, 52428, 6385, 6251]
[40, 52428, 6108, 6363]
[40, 52428, 6355, 6182]
[40, 52428, 6238, 6146]
[40, 52428, 6002, 6221]
[40, 52428, 6235, 6234]
[40, 52428, 6178, 6288]
[40, 52428, 6154, 6143]
[40, 52428, 6191, 6271]
[40, 52428, 6229, 6227]
[40, 52428, 6138, 6100]
[40, 52428, 6363, 6258]
[40, 52428, 6303, 6270]
[40, 52428, 6344, 6083]
[40, 52428, 6233, 6160]
[40, 52428, 6393, 6249]
[40, 52428, 6110, 6201]
[40, 52428, 6273, 6259]
[40, 52428, 6170, 6264]
[40, 52428, 6097, 6341]
[40, 52428, 6046, 6293]
[40, 52428, 6322, 6203]
[40, 52428, 6147, 6280]
[40, 52428, 6131, 6391]
[40, 52428, 6280, 6302]
[40, 52428, 6266, 6259]
[40, 52428, 6187, 6329]
[40, 52428, 6257, 6237]
[40, 52428, 6366, 6188]
[40, 52428, 6259, 6276]
[40, 52428, 6117, 6295]
[40, 52428, 6291, 6173]
[40, 52428, 6446, 6183]
[40, 52428, 6122, 6214]
[40, 52428, 6253, 6250]
[40, 52428, 6344, 6198]
[40, 52428, 6314, 6150]
[40, 52428, 6299, 6253]
[40, 52428, 6285, 6199]
[40, 52428, 6191, 6236]
[40, 52428, 6128, 6270]
[40, 52428, 6233, 6223]
[40, 52428, 6133, 6385]
[40, 52428, 6235, 6186]
[40, 52428, 6303, 6251]
[40, 52428, 6334, 6276]
[40, 52428, 6168, 6401]
[40, 52428, 6073, 6215]
[40, 52428, 6230, 6129]
[40, 52428, 6244, 6338]
[40, 52428, 6334, 6287]
[40, 52428, 6336, 6119]
[40, 52428, 6228, 6177]
[40, 52428, 6161, 6117]
[40, 52428, 6319, 6288]
[40, 52428, 6240, 6254]
[40, 52428, 6376, 6076]
[40, 52428, 6205, 6336]
