[1, 1310, 4, 2, 4, 1, 2, 4, 2, 2]
[1, 1310, 3, 2, 2, 6, 1, 4, 3, 1]
[1, 1310, 0, 1, 3, 4, 4, 2, 1, 2]
[1, 1310, 3, 3, 2, 2, 3, 2, 1, 3]
[1, 1310, 1, 3, 2, 5, 4, 3, 2, 2]
[1, 1310, 0, 1, 1, 4, 0, 5, 1, 3]
[1, 1310, 2, 1, 4, 1, 1, 5, 1, 1]
[1, 1310, 4, 2, 3, 3, 2, 3, 3, 2]
[1, 1310, 3, 2, 2, 2, 1, 1, 3, 4]
[1, 1310, 8, 2, 1, 1, 2, 0, 2, 3]
[1, 1310, 6, 2, 3, 1, 3, 2, 1, 2]
[1, 1310, 1, 5, 0, 3, 5, 2, 3, 3]
[1, 1310, 2, 1, 1, 4, 1, 2, 4, 1]
[1, 1310, 1, 0, 0, 3, 0, 7, 2, 2]
[1, 1310, 2, 3, 5, 1, 1, 1, 2, 2]
[1, 1310, 4, 2, 2, 4, 1, 1, 4, 3]
[1, 1310, 4, 3, 3, 2, 3, 0, 3, 3]
[1, 1310, 1, 2, 0, 1, 1, 4, 4, 1]
[1, 1310, 1, 2, 3, 5, 2, 2, 1, 2]
[1, 1310, 4, 5, 3, 0, 3, 4, 2, 2]
[1, 1310, 4, 4, 2, 3, 4, 2, 4, 0]
[1, 1310, 0, 2, 2, 4, 1, 1, 5, 3]
[1, 1310, 4, 1, 1, 4, 3, 2, 2, 3]
[1, 1310, 2, 2, 5, 4, 1, 2, 1, 7]
[1, 1310, 5, 5, 2, 3, 3, 3, 1, 2]
[1, 1310, 5, 1, 2, 6, 2, 0, 4, 3]
[1, 1310, 1, 1, 3, 1, 1, 3, 2, 1]
[1, 1310, 4, 3, 1, 4, 3, 1, 2, 2]
[1, 1310, 1, 0, 0, 0, 5, 4, 3, 3]
[1, 1310, 1, 4, 2, 1, 1, 1, 2, 3]
[1, 1310, 5, 0, 1, 3, 3, 4, 1, 2]
[1, 1310, 2, 1, 2, 5, 7, 1, 0, 1]
[1, 1310, 5, 4, 3, 1, 2, 2, 3, 4]
[1, 1310, 0, 2, 3, 2, 4, 2, 4, 6]
[1, 1310, 1, 1, 6, 1, 1, 4, 3, 5]
[1, 1310, 2, 2, 4, 0, 4, 2, 1, 5]
[1, 1310, 0, 1, 0, 2, 3, 2, 3, 1]
[1, 1310, 1, 2, 0, 4, 1, 2, 4, 0]
[1, 1310, 5, 2, 2, 0, 1, 1, 2, 3]
[1, 1310, 3, 0, 4, 1, 1, 3, 2, 2]
[1, 1310, 1, 1, 1, 2, 1, 3, 3, 0]
[1, 1310, 3, 2, 2, 2, 1, 4, 1, 1]
[1, 1310, 1, 2, 3, 4, 2, 3, 4, 1]
[1, 1310, 2, 2, 4, 0, 1, 0, 3, 1]
[1, 1310, 6, 1, 2, 3, 5, 5, 0, 3]
[1, 1310, 2, 4, 2, 3, 0, 1, 5, 1]
[1, 1310, 5, 3, 1, 2, 3, 1, 1, 3]
[1, 1310, 3, 1, 4, 2, 4, 3, 4, 3]
[1, 1310, 4, 1, 2, 4, 1, 0, 1, 4]
[1, 1310, 2, 7, 1, 3, 2, 2, 3, 5]
[1, 1310, 5, 0, 2, 5, 4, 4, 1, 1]
[1, 1310, 3, 2, 2, 2, 3, 2, 5, 1]
[1, 1310, 4, 3, 4, 8, 2, 3, 2, 1]
[1, 1310, 2, 2, 1, 2, 3, 4, 2, 3]
[1, 1310, 4, 7, 3, 1, 1, 4, 5, 0]
[1, 1310, 3, 3, 6, 3, 0, 2, 4, 5]
[1, 1310, 4, 2, 4, 3, 3, 1, 2, 2]
[1, 1310, 4, 2, 2, 5, 0, 1, 2, 2]
[1, 1310, 4, 1, 1, 0, 4, 0, 2, 2]
[1, 1310, 1, 2, 0, 2, 3, 1, 6, 4]
[1, 1310, 4, 3, 1, 1, 1, 0, 0, 3]
[1, 1310, 3, 0, 1, 4, 4, 1, 2, 1]
[1, 1310, 0, 1, 0, 2, 2, 3, 2, 2]
[1, 1310, 0, 3, 5, 3, 2, 1, 2, 0]
[1, 1310, 1, 1, 0, 3, 0, 5, 2, 4]
[1, 1310, 1, 1, 6, 0, 1, 6, 3, 4]
[1, 1310, 5, 1, 3, 3, 3, 1, 1, 0]
[1, 1310, 3, 3, 2, 2, 5, 2, 2, 3]
[1, 1310, 0, 2, 5, 2, 4, 1, 1, 3]
[1, 1310, 3, 3, 2, 3, 2, 2, 1, 2]
[1, 1310, 3, 3, 0, 2, 2, 0, 0, 0]
[1, 1310, 2, 1, 5, 1, 4, 1, 2, 5]
[1, 1310, 0, 2, 0, 0, 3, 3, 2, 1]
[1, 1310, 1, 2, 1, 1, 3, 1, 4, 1]
[1, 1310, 5, 0, 3, 2, 4, 0, 1, 6]
[1, 1310, 2, 0, 3, 1, 3, 1, 2, 2]
[1, 1310, 5, 2, 3, 0, 1, 2, 2, 1]
[1, 1310, 2, 2, 1, 2, 2, 3, 1, 2]
[1, 1310, 3, 1, 2, 5, 2, 6, 3, 3]
[1, 1310, 4, 3, 0, 5, 3, 1, 3, 4]
[1, 1310, 2, 3, 2, 3, 2, 1, 3, 1]
[1, 1310, 4, 3, 3, 2, 1, 3, 3, 2]
[1, 1310, 1, 3, 3, 1, 0, 5, 2, 2]
[1, 1310, 6, 5, 3, 0, 3, 4, 4, 1]
[1, 1310, 2, 2, 6, 0, 5, 2, 2, 4]
[1, 1310, 0, 3, 2, 3, 1, 5, 3, 4]
[1, 1310, 7, 3, 1, 2, 3, 3, 1, 3]
[1, 1310, 2, 2, 1, 1, 2, 4, 3, 4]
[1, 1310, 1, 3, 2, 0, 3, 1, 4, 1]
[1, 1310, 0, 2, 1, 1, 4, 5, 2, 4]
[1, 1310, 2, 5, 1, 3, 3, 1, 2, 3]
[1, 1310, 2, 3, 1, 0, 2, 3, 3, 1]
[1, 1310, 1, 2, 0, 3, 3, 1, 2, 3]
[1, 1310, 3, 5, 2, 0, 2, 4, 1, 0]
[1, 1310, 2, 1, 5, 1, 2, 3, 1, 2]
[1, 1310, 0, 4, 3, 4, 1, 2, 1, 3]
[1, 1310, 1, 2, 5, 4, 2, 1, 3, 3]
[1, 1310, 4, 1, 2, 1, 4, 3, 1, 4]
[1, 1310, 1, 4, 1, 2, 1, 3, 2, 2]
[1, 1310, 0, 3, 2, 0, 3, 1, 3, 2]
[2, 2621, 11, 12, 2, 6, 3, 5, 4, 2]
[2, 2621, 9, 5, 7, 11, 6, 4, 6, 9]
[2, 2621, 12, 3, 5, 3, 6, 6, 6, 6]
[2, 2621, 2, 8, 6, 6, 6, 5, 9, 7]
[2, 2621, 6, 6, 7, 10, 5, 11, 6, 3]
[2, 2621, 7, 8, 5, 12, 9, 7, 8, 5]
[2, 2621, 8, 13, 4, 6, 8, 9, 9, 8]
[2, 2621, 13, 4, 7, 8, 7, 10, 5, 4]
[2, 2621, 2, 5, 13, 9, 4, 3, 4, 7]
[2, 2621, 3, 8, 10, 9, 5, 7, 5, 3]
[2, 2621, 3, 10, 4, 5, 4, 4, 8, 7]
[2, 2621, 8, 6, 5, 4, 8, 7, 7, 4]
[2, 2621, 5, 11, 6, 6, 8, 5, 6, 6]
[2, 2621, 7, 5, 5, 5, 6, 6, 5, 3]
[2, 2621, 5, 6, 9, 5, 8, 9, 4, 4]
[2, 2621, 14, 6, 7, 12, 10, 14, 7, 7]
[2, 2621, 7, 7, 8, 7, 7, 10, 9, 6]
[2, 2621, 3, 9, 10, 4, 5, 9, 7, 6]
[2, 2621, 4, 10, 5, 6, 9, 1, 8, 4]
[2, 2621, 8, 6, 9, 7, 7, 7, 6, 5]
[2, 2621, 6, 10, 9, 7, 3, 7, 6, 12]
[2, 2621, 5, 3, 14, 8, 5, 7, 8, 11]
[2, 2621, 5, 5, 7, 10, 4, 12, 3, 7]
[2, 2621, 11, 4, 8, 7, 9, 4, 8, 4]
[2, 2621, 6, 8, 11, 8, 7, 7, 3, 5]
[2, 2621, 11, 4, 10, 6, 4, 3, 8, 3]
[2, 2621, 9, 8, 5, 10, 5, 7, 7, 6]
[2, 2621, 11, 9, 8, 6, 5, 6, 6, 5]
[2, 2621, 2, 8, 2, 8, 3, 1, 2, 3]
[2, 2621, 7, 4, 8, 10, 5, 9, 4, 3]
[2, 2621, 11, 10, 9, 4, 11, 10, 5, 5]
[2, 2621, 9, 4, 5, 9, 6, 5, 6, 6]
[2, 2621, 5, 8, 8, 5, 7, 5, 4, 6]
[2, 2621, 4, 8, 9, 9, 8, 10, 3, 8]
[2, 2621, 8, 5, 5, 6, 4, 7, 4, 4]
[2, 2621, 4, 7, 9, 7, 3, 6, 4, 8]
[2, 2621, 9, 10, 4, 5, 8, 7, 5, 7]
[2, 2621, 8, 15, 6, 1, 7, 2, 2, 9]
[2, 2621, 9, 10, 4, 11, 5, 7, 9, 5]
[2, 2621, 8, 3, 10, 5, 3, 6, 8, 10]
[2, 2621, 11, 3, 5, 9, 12, 7, 9, 6]
[2, 2621, 7, 7, 9, 6, 5, 5, 10, 6]
[2, 2621, 6, 4, 6, 6, 12, 4, 2, 8]
[2, 2621, 7, 4, 2, 5, 8, 9, 6, 13]
[2, 2621, 8, 8, 7, 3, 7, 8, 5, 6]
[2, 2621, 11, 3, 4, 5, 4, 8, 8, 8]
[2, 2621, 10, 7, 4, 4, 3, 11, 6, 3]
[2, 2621, 6, 5, 7, 12, 8, 13, 11, 6]
[2, 2621, 5, 8, 6, 6, 6, 7, 11, 8]
[2, 2621, 7, 7, 3, 8, 3, 10, 8, 4]
[2, 2621, 7, 7, 6, 5, 4, 7, 6, 8]
[2, 2621, 11, 6, 7, 9, 6, 7, 9, 8]
[2, 2621, 4, 7, 8, 7, 4, 6, 5, 3]
[2, 2621, 8, 8, 8, 6, 6, 5, 4, 6]
[2, 2621, 12, 5, 12, 2, 6, 8, 6, 8]
[2, 2621, 10, 3, 5, 9, 3, 11, 7, 5]
[2, 2621, 7, 7, 4, 3, 5, 4, 7, 7]
[2, 2621, 6, 2, 9, 13, 3, 6, 5, 6]
[2, 2621, 7, 9, 9, 10, 8, 7, 6, 5]
[2, 2621, 7, 8, 7, 8, 4, 6, 10, 6]
[2, 2621, 7, 4, 13, 2, 6, 9, 9, 7]
[2, 2621, 6, 5, 9, 5, 4, 7, 8, 6]
[2, 2621, 10, 11, 8, 4, 10, 2, 8, 5]
[2, 2621, 8, 5, 5, 4, 4, 4, 6, 11]
[2, 2621, 6, 3, 8, 10, 8, 10, 7, 2]
[2, 2621, 1, 10, 5, 9, 10, 8, 8, 6]
[2, 2621, 7, 8, 9, 7, 1, 7, 6, 7]
[2, 2621, 6, 6, 7, 7, 7, 6, 4, 6]
[2, 2621, 4, 4, 8, 5, 4, 7, 3, 2]
[2, 2621, 5, 9, 6, 4, 9, 6, 2, 6]
[2, 2621, 4, 11, 5, 3, 3, 7, 8, 4]
[2, 2621, 6, 8, 6, 11, 6, 10, 7, 2]
[2, 2621, 3, 5, 8, 7, 4, 4, 5, 7]
[2, 2621, 8, 10, 9, 9, 13, 4, 5, 3]
[2, 2621, 6, 7, 11, 4, 6, 9, 7, 8]
[2, 2621, 12, 4, 4, 6, 6, 4, 3, 8]
[2, 2621, 9, 12, 5, 8, 5, 4, 9, 8]
[2, 2621, 7, 4, 7, 6, 2, 7, 10, 6]
[2, 2621, 6, 7, 7, 10, 9, 2, 7, 8]
[2, 2621, 9, 8, 3, 8, 12, 4, 7, 8]
[2, 2621, 4, 7, 9, 8, 4, 3, 7, 4]
[2, 2621, 4, 7, 1, 6, 6, 5, 6, 2]
[2, 2621, 6, 4, 4, 3, 9, 5, 4, 4]
[2, 2621, 5, 6, 3, 3, 10, 11, 4, 5]
[2, 2621, 10, 5, 3, 4, 4, 3, 9, 11]
[2, 2621, 12, 2, 5, 7, 8, 7, 4, 10]
[2, 2621, 8, 5, 9, 5, 3, 7, 4, 3]
[2, 2621, 5, 5, 5, 9, 11, 3, 5, 7]
[2, 2621, 5, 9, 4, 7, 5, 6, 6, 7]
[2, 2621, 5, 3, 5, 4, 2, 6, 10, 8]
[2, 2621, 5, 4, 8, 6, 8, 7, 9, 4]
[2, 2621, 4, 8, 8, 9, 5, 7, 10, 5]
[2, 2621, 4, 6, 10, 11, 7, 9, 4, 6]
[2, 2621, 6, 8, 9, 5, 4, 10, 6, 6]
[2, 2621, 9, 7, 4, 8, 6, 6, 6, 6]
[2, 2621, 4, 4, 3, 8, 9, 12, 8, 11]
[2, 2621, 11, 7, 3, 5, 7, 2, 5, 8]
[2, 2621, 5, 6, 10, 5, 7, 10, 3, 7]
[2, 2621, 6, 5, 3, 10, 12, 3, 5, 7]
[2, 2621, 6, 8, 8, 5, 4, 6, 4, 10]
[5, 6553, 32, 43, 27, 30, 26, 25, 32, 17]
[5, 6553, 27, 28, 32, 31, 34, 33, 32, 22]
[5, 6553, 32, 31, 22, 31, 33, 23, 25, 37]
[5, 6553, 31, 34, 24, 24, 25, 41, 35, 30]
[5, 6553, 22, 22, 21, 34, 40, 23, 28, 22]
[5, 6553, 29, 18, 32, 35, 26, 31, 29, 28]
[5, 6553, 39, 28, 28, 19, 48, 19, 34, 27]
[5, 6553, 29, 34, 27, 34, 37, 48, 24, 33]
[5, 6553, 26, 26, 36, 29, 18, 34, 40, 22]
[5, 6553, 28, 34, 25, 23, 24, 29, 23, 28]
[5, 6553, 26, 33, 24, 22, 32, 36, 31, 25]
[5, 6553, 38, 27, 16, 25, 26, 35, 25, 17]
[5, 6553, 34, 25, 29, 35, 22, 33, 30, 34]
[5, 6553, 21, 38, 27, 28, 25, 26, 36, 29]
[5, 6553, 25, 24, 28, 26, 22, 35, 23, 32]
[5, 6553, 38, 33, 19, 31, 31, 24, 30, 23]
[5, 6553, 23, 31, 34, 22, 27, 24, 34, 28]
[5, 6553, 30, 39, 25, 32, 35, 22, 17, 27]
[5, 6553, 31, 37, 29, 29, 33, 34, 29, 35]
[5, 6553, 26, 30, 33, 22, 32, 28, 24, 31]
[5, 6553, 24, 30, 26, 44, 35, 25, 42, 19]
[5, 6553, 27, 30, 35, 30, 31, 24, 30, 32]
[5, 6553, 22, 30, 22, 22, 29, 33, 31, 36]
[5, 6553, 23, 26, 28, 21, 23, 29, 22, 30]
[5, 6553, 30, 27, 36, 15, 39, 32, 30, 21]
[5, 6553, 34, 36, 28, 29, 38, 26, 27, 26]
[5, 6553, 25, 21, 30, 32, 23, 27, 31, 28]
[5, 6553, 30, 32, 28, 32, 35, 31, 26, 33]
[5, 6553, 30, 29, 31, 35, 37, 41, 24, 23]
[5, 6553, 23, 26, 22, 21, 43, 24, 15, 24]
[5, 6553, 21, 19, 25, 34, 20, 29, 35, 29]
[5, 6553, 18, 35, 26, 17, 27, 31, 28, 35]
[5, 6553, 21, 30, 39, 34, 23, 27, 42, 29]
[5, 6553, 29, 33, 29, 24, 24, 33, 25, 28]
[5, 6553, 24, 34, 35, 25, 20, 34, 25, 25]
[5, 6553, 26, 27, 29, 26, 26, 29, 26, 38]
[5, 6553, 22, 26, 23, 32, 35, 33, 41, 31]
[5, 6553, 32, 23, 29, 24, 29, 28, 27, 29]
[5, 6553, 19, 35, 39, 21, 32, 33, 30, 36]
[5, 6553, 28, 30, 29, 28, 31, 38, 31, 23]
[5, 6553, 20, 31, 30, 27, 27, 40, 34, 37]
[5, 6553, 32, 29, 33, 27, 20, 29, 29, 28]
[5, 6553, 30, 24, 30, 31, 28, 17, 29, 27]
[5, 6553, 27, 23, 15, 33, 27, 42, 23, 34]
[5, 6553, 21, 28, 26, 25, 38, 29, 25, 23]
[5, 6553, 23, 28, 28, 21, 27, 34, 31, 23]
[5, 6553, 33, 46, 30, 38, 23, 26, 27, 38]
[5, 6553, 22, 29, 35, 40, 28, 24, 28, 35]
[5, 6553, 25, 33, 28, 22, 39, 26, 24, 26]
[5, 6553, 23, 24, 25, 29, 23, 36, 35, 37]
[5, 6553, 32, 21, 30, 31, 33, 40, 32, 27]
[5, 6553, 30, 20, 26, 33, 36, 27, 31, 36]
[5, 6553, 25, 45, 21, 22, 34, 21, 21, 33]
[5, 6553, 32, 19, 31, 26, 24, 36, 31, 27]
[5, 6553, 33, 20, 35, 30, 27, 31, 25, 31]
[5, 6553, 39, 26, 24, 27, 37, 26, 29, 19]
[5, 6553, 32, 18, 31, 27, 29, 31, 35, 29]
[5, 6553, 41, 26, 25, 31, 28, 20, 22, 31]
[5, 6553, 25, 37, 30, 28, 29, 36, 25, 29]
[5, 6553, 26, 33, 26, 31, 35, 25, 27, 27]
[5, 6553, 32, 30, 24, 31, 39, 28, 27, 34]
[5, 6553, 24, 44, 31, 20, 33, 16, 35, 22]
[5, 6553, 26, 32, 22, 26, 17, 20, 33, 31]
[5, 6553, 23, 28, 31, 22, 24, 22, 29, 27]
[5, 6553, 34, 29, 34, 26, 34, 19, 27, 26]
[5, 6553, 30, 33, 27, 25, 26, 33, 29, 27]
[5, 6553, 27, 24, 25, 21, 19, 27, 25, 30]
[5, 6553, 27, 29, 26, 24, 37, 28, 33, 34]
[5, 6553, 23, 37, 33, 29, 25, 26, 29, 24]
[5, 6553, 31, 32, 36, 19, 31, 25, 28, 32]
[5, 6553, 29, 38, 31, 32, 30, 27, 25, 27]
[5, 6553, 45, 36, 35, 29, 28, 31, 25, 28]
[5, 6553, 30, 21, 22, 34, 40, 37, 20, 28]
[5, 6553, 38, 30, 28, 33, 25, 29, 19, 26]
[5, 6553, 24, 32, 38, 28, 24, 27, 24, 30]
[5, 6553, 23, 29, 28, 33, 28, 26, 43, 20]
[5, 6553, 25, 42, 39, 26, 24, 36, 28, 30]
[5, 6553, 28, 31, 24, 37, 30, 31, 35, 29]
[5, 6553, 31, 26, 36, 20, 29, 40, 31, 30]
[5, 6553, 19, 23, 31, 29, 36, 28, 34, 28]
[5, 6553, 32, 33, 35, 31, 24, 27, 28, 25]
[5, 6553, 24, 28, 33, 23, 31, 39, 27, 29]
[5, 6553, 36, 24, 21, 43, 26, 28, 33, 33]
[5, 6553, 33, 31, 26, 30, 37, 26, 30, 30]
[5, 6553, 26, 26, 34, 33, 35, 31, 21, 32]
[5, 6553, 35, 28, 23, 35, 30, 21, 25, 32]
[5, 6553, 34, 27, 31, 22, 40, 41, 27, 24]
[5, 6553, 24, 31, 23, 27, 21, 17, 19, 39]
[5, 6553, 24, 33, 19, 28, 35, 31, 32, 19]
[5, 6553, 18, 21, 35, 37, 26, 22, 31, 27]
[5, 6553, 21, 31, 31, 25, 30, 31, 34, 19]
[5, 6553, 33, 29, 31, 29, 27, 34, 24, 25]
[5, 6553, 31, 34, 22, 25, 35, 17, 28, 33]
[5, 6553, 35, 33, 21, 17, 28, 33, 25, 24]
[5, 6553, 31, 32, 25, 29, 33, 27, 33, 30]
[5, 6553, 27, 36, 22, 31, 31, 41, 32, 26]
[5, 6553, 28, 28, 29, 27, 31, 31, 37, 30]
[5, 6553, 27, 33, 25, 31, 31, 34, 19, 27]
[5, 6553, 28, 16, 25, 29, 35, 27, 38, 21]
[5, 6553, 35, 32, 26, 38, 40, 28, 32, 22]
[10, 13107, 107, 103, 99, 83, 106, 93, 99, 111]
[10, 13107, 107, 98, 122, 110, 89, 104, 125, 89]
[10, 13107, 113, 105, 96, 76, 97, 80, 108, 94]
[10, 13107, 98, 100, 108, 101, 110, 97, 112, 77]
[10, 13107, 97, 104, 88, 112, 98, 105, 100, 105]
[10, 13107, 111, 103, 91, 115, 96, 101, 89, 80]
[10, 13107, 96, 103, 87, 90, 107, 92, 102, 106]
[10, 13107, 102, 112, 108, 110, 116, 109, 96, 94]
[10, 13107, 102, 94, 109, 104, 94, 117, 98, 87]
[10, 13107, 113, 98, 111, 103, 98, 108, 102, 90]
[10, 13107, 115, 113, 103, 96, 94, 85, 107, 101]
[10, 13107, 83, 82, 104, 90, 93, 98, 93, 99]
[10, 13107, 130, 102, 112, 98, 91, 90, 107, 108]
[10, 13107, 84, 95, 101, 97, 91, 118, 116, 96]
[10, 13107, 89, 100, 112, 82, 113, 107, 82, 91]
[10, 13107, 96, 112, 103, 99, 84, 100, 104, 88]
[10, 13107, 109, 98, 93, 90, 96, 99, 101, 109]
[10, 13107, 104, 102, 108, 112, 97, 129, 120, 106]
[10, 13107, 109, 106, 111, 82, 98, 102, 98, 107]
[10, 13107, 110, 88, 91, 103, 85, 88, 99, 84]
[10, 13107, 99, 93, 103, 112, 90, 130, 95, 90]
[10, 13107, 83, 98, 106, 124, 106, 111, 94, 84]
[10, 13107, 96, 101, 91, 105, 89, 124, 84, 125]
[10, 13107, 101, 93, 99, 108, 97, 118, 112, 97]
[10, 13107, 108, 93, 100, 92, 111, 95, 94, 91]
[10, 13107, 95, 110, 107, 112, 85, 95, 92, 114]
[10, 13107, 91, 108, 107, 112, 92, 105, 99, 109]
[10, 13107, 93, 91, 119, 105, 120, 107, 97, 102]
[10, 13107, 89, 96, 105, 93, 98, 106, 124, 92]
[10, 13107, 98, 118, 81, 87, 109, 100, 97, 85]
[10, 13107, 111, 101, 99, 114, 93, 93, 105, 119]
[10, 13107, 92, 102, 86, 119, 86, 106, 91, 106]
[10, 13107, 89, 106, 103, 73, 96, 107, 115, 89]
[10, 13107, 102, 102, 99, 104, 97, 108, 104, 101]
[10, 13107, 104, 101, 89, 92, 110, 93, 91, 104]
[10, 13107, 108, 119, 98, 107, 106, 109, 114, 105]
[10, 13107, 111, 92, 106, 95, 101, 107, 102, 90]
[10, 13107, 106, 128, 106, 87, 98, 104, 87, 98]
[10, 13107, 109, 110, 114, 103, 122, 109, 100, 116]
[10, 13107, 92, 89, 101, 94, 98, 102, 98, 84]
[10, 13107, 91, 116, 99, 106, 97, 96, 87, 99]
[10, 13107, 96, 102, 84, 102, 115, 93, 96, 94]
[10, 13107, 113, 108, 123, 85, 119, 85, 105, 96]
[10, 13107, 108, 99, 96, 90, 97, 93, 83, 109]
[10, 13107, 90, 83, 81, 121, 83, 103, 100, 100]
[10, 13107, 96, 110, 93, 116, 113, 99, 107, 94]
[10, 13107, 99, 96, 75, 119, 94, 93, 102, 102]
[10, 13107, 89, 97, 81, 118, 78, 112, 89, 114]
[10, 13107, 115, 99, 118, 110, 95, 93, 105, 97]
[10, 13107, 102, 97, 109, 102, 104, 115, 85, 90]
[10, 13107, 99, 98, 110, 102, 113, 94, 84, 96]
[10, 13107, 100, 125, 95, 95, 89, 103, 108, 109]
[10, 13107, 90, 102, 96, 76, 107, 116, 89, 112]
[10, 13107, 82, 117, 105, 112, 80, 105, 98, 91]
[10, 13107, 91, 93, 96, 114, 87, 102, 100, 106]
[10, 13107, 104, 95, 99, 82, 104, 88, 98, 106]
[10, 13107, 114, 83, 93, 99, 113, 112, 90, 86]
[10, 13107, 93, 98, 100, 85, 91, 126, 91, 112]
[10, 13107, 107, 99, 106, 106, 80, 115, 99, 102]
[10, 13107, 101, 105, 110, 110, 103, 94, 97, 109]
[10, 13107, 96, 93, 95, 77, 89, 99, 94, 119]
[10, 13107, 104, 87, 102, 102, 116, 88, 102, 102]
[10, 13107, 99, 93, 90, 110, 90, 94, 127, 95]
[10, 13107, 100, 108, 84, 111, 92, 97, 98, 113]
[10, 13107, 111, 93, 95, 100, 109, 97, 93, 114]
[10, 13107, 102, 121, 129, 90, 106, 90, 116, 107]
[10, 13107, 80, 107, 130, 93, 98, 101, 109, 121]
[10, 13107, 118, 100, 97, 91, 101, 94, 90, 103]
[10, 13107, 119, 100, 97, 103, 114, 91, 119, 84]
[10, 13107, 101, 103, 104, 97, 90, 88, 104, 96]
[10, 13107, 116, 94, 116, 111, 84, 88, 99, 98]
[10, 13107, 113, 82, 100, 82, 110, 104, 112, 106]
[10, 13107, 87, 104, 109, 103, 106, 103, 95, 102]
[10, 13107, 88, 114, 97, 102, 125, 74, 91, 128]
[10, 13107, 85, 112, 106, 87, 107, 96, 96, 110]
[10, 13107, 83, 94, 105, 98, 98, 89, 96, 110]
[10, 13107, 93, 106, 91, 91, 88, 105, 103, 91]
[10, 13107, 70, 88, 99, 124, 100, 91, 110, 118]
[10, 13107, 86, 104, 110, 111, 97, 114, 126, 110]
[10, 13107, 84, 93, 98, 79, 101, 101, 89, 88]
[10, 13107, 104, 129, 90, 82, 101, 123, 81, 83]
[10, 13107, 95, 82, 111, 124, 105, 115, 86, 90]
[10, 13107, 92, 97, 92, 66, 96, 126, 101, 95]
[10, 13107, 88, 98, 90, 81, 87, 124, 96, 94]
[10, 13107, 107, 102, 112, 87, 103, 109, 108, 116]
[10, 13107, 103, 78, 108, 96, 90, 91, 98, 99]
[10, 13107, 99, 104, 101, 92, 95, 119, 73, 115]
[10, 13107, 87, 104, 90, 116, 85, 111, 86, 110]
[10, 13107, 119, 88, 102, 96, 109, 81, 85, 104]
[10, 13107, 121, 108, 100, 89, 108, 85, 113, 100]
[10, 13107, 88, 122, 102, 107, 86, 109, 90, 111]
[10, 13107, 75, 109, 103, 114, 98, 89, 100, 101]
[10, 13107, 99, 89, 99, 117, 118, 97, 97, 101]
[10, 13107, 101, 100, 115, 105, 86, 96, 106, 114]
[10, 13107, 93, 108, 101, 94, 92, 109, 115, 95]
[10, 13107, 107, 110, 91, 108, 103, 96, 120, 89]
[10, 13107, 102, 102, 100, 108, 100, 101, 113, 98]
[10, 13107, 83, 107, 89, 100, 85, 104, 118, 80]
[10, 13107, 96, 64, 102, 115, 108, 124, 102, 108]
[10, 13107, 96, 102, 91, 96, 96, 107, 110, 88]
[15, 19660, 214, 236, 197, 219, 223, 219, 190, 228]
[15, 19660, 185, 209, 232, 236, 220, 230, 219, 194]
[15, 19660, 183, 238, 215, 219, 216, 239, 219, 203]
[15, 19660, 193, 234, 218, 208, 238, 228, 231, 185]
[15, 19660, 203, 206, 227, 202, 210, 252, 201, 220]
[15, 19660, 204, 222, 197, 212, 233, 223, 207, 203]
[15, 19660, 236, 224, 214, 197, 205, 208, 246, 238]
[15, 19660, 230, 200, 227, 244, 196, 250, 208, 225]
[15, 19660, 183, 223, 214, 229, 219, 199, 238, 196]
[15, 19660, 234, 181, 245, 245, 198, 218, 236, 215]
[15, 19660, 221, 229, 204, 236, 255, 232, 211, 214]
[15, 19660, 211, 217, 229, 206, 234, 195, 184, 219]
[15, 19660, 203, 233, 237, 222, 212, 212, 213, 218]
[15, 19660, 184, 246, 222, 217, 243, 237, 198, 191]
[15, 19660, 222, 215, 191, 203, 218, 224, 221, 211]
[15, 19660, 216, 218, 220, 215, 226, 206, 180, 186]
[15, 19660, 224, 237, 203, 205, 239, 214, 236, 224]
[15, 19660, 203, 209, 228, 184, 188, 201, 238, 241]
[15, 19660, 226, 192, 238, 204, 197, 211, 244, 240]
[15, 19660, 247, 205, 217, 224, 208, 212, 219, 197]
[15, 19660, 235, 220, 232, 227, 209, 227, 241, 218]
[15, 19660, 212, 201, 200, 236, 199, 219, 201, 273]
[15, 19660, 196, 235, 209, 238, 222, 231, 211, 213]
[15, 19660, 219, 216, 239, 208, 207, 230, 211, 231]
[15, 19660, 219, 240, 241, 224, 231, 198, 218, 196]
[15, 19660, 194, 215, 217, 201, 209, 208, 196, 214]
[15, 19660, 225, 210, 208, 234, 219, 209, 197, 255]
[15, 19660, 198, 212, 187, 210, 239, 234, 225, 197]
[15, 19660, 213, 220, 206, 219, 208, 224, 204, 211]
[15, 19660, 244, 212, 203, 257, 224, 204, 178, 243]
[15, 19660, 208, 184, 227, 187, 201, 225, 208, 250]
[15, 19660, 256, 210, 229, 231, 205, 230, 182, 251]
[15, 19660, 217, 227, 216, 204, 227, 249, 230, 189]
[15, 19660, 223, 219, 217, 246, 220, 266, 170, 251]
[15, 19660, 227, 209, 202, 217, 233, 231, 208, 203]
[15, 19660, 243, 189, 200, 206, 222, 209, 222, 220]
[15, 19660, 229, 230, 206, 217, 203, 226, 226, 178]
[15, 19660, 227, 210, 201, 214, 209, 210, 222, 239]
[15, 19660, 181, 231, 198, 207, 209, 222, 209, 207]
[15, 19660, 185, 223, 199, 233, 248, 221, 223, 210]
[15, 19660, 208, 199, 214, 226, 180, 195, 226, 202]
[15, 19660, 253, 210, 213, 213, 229, 212, 226, 216]
[15, 19660, 220, 236, 210, 172, 210, 188, 233, 197]
[15, 19660, 204, 204, 220, 231, 208, 222, 219, 225]
[15, 19660, 223, 214, 260, 192, 186, 221, 215, 219]
[15, 19660, 218, 220, 204, 221, 232, 220, 255, 240]
[15, 19660, 212, 201, 178, 223, 199, 232, 218, 236]
[15, 19660, 192, 206, 231, 225, 215, 206, 237, 194]
[15, 19660, 232, 212, 209, 217, 215, 215, 186, 230]
[15, 19660, 217, 211, 234, 232, 231, 221, 213, 185]
[15, 19660, 249, 211, 217, 225, 275, 193, 259, 264]
[15, 19660, 208, 215, 199, 214, 225, 204, 224, 213]
[15, 19660, 197, 253, 220, 222, 204, 227, 214, 241]
[15, 19660, 209, 201, 192, 229, 198, 225, 224, 222]
[15, 19660, 227, 192, 207, 229, 214, 250, 202, 209]
[15, 19660, 246, 204, 216, 245, 239, 214, 198, 211]
[15, 19660, 222, 210, 216, 202, 205, 212, 228, 209]
[15, 19660, 228, 203, 213, 220, 233, 207, 238, 215]
[15, 19660, 212, 202, 205, 233, 207, 211, 249, 214]
[15, 19660, 216, 223, 194, 233, 206, 227, 217, 208]
[15, 19660, 201, 249, 224, 205, 224, 242, 223, 209]
[15, 19660, 207, 230, 219, 219, 245, 226, 209, 219]
[15, 19660, 224, 202, 212, 238, 231, 223, 235, 213]
[15, 19660, 220, 221, 243, 188, 238, 194, 195, 226]
[15, 19660, 196, 225, 211, 255, 221, 192, 231, 225]
[15, 19660, 159, 266, 230, 216, 201, 200, 223, 210]
[15, 19660, 227, 212, 214, 219, 221, 229, 226, 231]
[15, 19660, 220, 224, 239, 224, 206, 197, 198, 202]
[15, 19660, 232, 208, 223, 201, 180, 241, 205, 194]
[15, 19660, 230, 224, 216, 219, 225, 231, 202, 230]
[15, 19660, 227, 211, 209, 221, 239, 225, 193, 219]
[15, 19660, 231, 186, 237, 187, 219, 217, 242, 241]
[15, 19660, 237, 217, 224, 232, 223, 230, 247, 196]
[15, 19660, 214, 211, 215, 211, 225, 229, 225, 226]
[15, 19660, 186, 199, 213, 191, 221, 224, 237, 250]
[15, 19660, 209, 206, 211, 236, 214, 194, 194, 201]
[15, 19660, 207, 214, 217, 223, 208, 206, 227, 225]
[15, 19660, 179, 232, 247, 222, 236, 208, 209, 223]
[15, 19660, 203, 214, 207, 217, 202, 216, 228, 205]
[15, 19660, 211, 212, 219, 210, 202, 211, 254, 229]
[15, 19660, 215, 200, 207, 207, 209, 215, 213, 224]
[15, 19660, 222, 215, 202, 218, 230, 204, 243, 219]
[15, 19660, 209, 223, 224, 216, 234, 219, 229, 193]
[15, 19660, 186, 193, 202, 230, 220, 235, 212, 193]
[15, 19660, 225, 202, 224, 215, 212, 224, 210, 219]
[15, 19660, 204, 244, 225, 213, 216, 213, 242, 239]
[15, 19660, 185, 239, 222, 206, 206, 244, 199, 217]
[15, 19660, 233, 205, 220, 239, 196, 219, 217, 241]
[15, 19660, 243, 234, 222, 207, 206, 248, 175, 224]
[15, 19660, 190, 243, 196, 229, 203, 219, 228, 196]
[15, 19660, 218, 206, 220, 248, 208, 204, 192, 216]
[15, 19660, 228, 228, 218, 210, 201, 213, 208, 195]
[15, 19660, 228, 205, 225, 199, 239, 172, 186, 233]
[15, 19660, 202, 229, 230, 251, 220, 213, 199, 234]
[15, 19660, 202, 215, 219, 200, 221, 202, 249, 248]
[15, 19660, 220, 204, 232, 223, 224, 208, 242, 199]
[15, 19660, 196, 225, 229, 196, 224, 217, 230, 213]
[15, 19660, 202, 229, 225, 224, 216, 219, 215, 224]
[15, 19660, 225, 197, 222, 256, 197, 201, 227, 207]
[15, 19660, 216, 192, 207, 219, 236, 204, 181, 213]
[20, 26214, 362, 377, 391, 313, 393, 369, 406, 394]
[20, 26214, 366, 348, 380, 371, 366, 401, 411, 344]
[20, 26214, 334, 396, 400, 342, 348, 369, 393, 388]
[20, 26214, 392, 394, 363, 367, 414, 399, 357, 366]
[20, 26214, 382, 394, 371, 406, 379, 381, 397, 353]
[20, 26214, 391, 391, 380, 377, 397, 380, 380, 368]
[20, 26214, 373, 382, 388, 341, 374, 363, 356, 383]
[20, 26214, 360, 369, 399, 373, 335, 394, 373, 368]
[20, 26214, 390, 395, 405, 382, 398, 359, 396, 369]
[20, 26214, 370, 340, 391, 350, 416, 353, 412, 355]
[20, 26214, 352, 382, 387, 383, 391, 385, 389, 428]
[20, 26214, 370, 371, 380, 404, 382, 380, 385, 386]
[20, 26214, 366, 384, 397, 353, 367, 384, 400, 408]
[20, 26214, 355, 395, 378, 431, 365, 404, 374, 340]
[20, 26214, 370, 383, 374, 326, 385, 401, 393, 373]
[20, 26214, 369, 381, 362, 358, 388, 402, 362, 397]
[20, 26214, 433, 367, 361, 334, 412, 365, 399, 370]
[20, 26214, 346, 379, 402, 382, 396, 345, 374, 394]
[20, 26214, 317, 390, 408, 362, 374, 355, 349, 396]
[20, 26214, 399, 329, 373, 385, 394, 394, 380, 377]
[20, 26214, 373, 407, 392, 389, 376, 361, 356, 386]
[20, 26214, 351, 366, 388, 384, 401, 403, 385, 426]
[20, 26214, 414, 388, 370, 407, 409, 372, 368, 439]
[20, 26214, 364, 401, 388, 357, 368, 383, 424, 382]
[20, 26214, 334, 366, 381, 342, 386, 325, 384, 402]
[20, 26214, 361, 438, 388, 362, 399, 335, 392, 417]
[20, 26214, 394, 394, 359, 364, 410, 344, 377, 382]
[20, 26214, 381, 375, 352, 400, 390, 364, 361, 405]
[20, 26214, 380, 373, 388, 370, 350, 383, 384, 355]
[20, 26214, 390, 375, 352, 411, 378, 364, 351, 399]
[20, 26214, 363, 370, 370, 330, 361, 379, 363, 396]
[20, 26214, 385, 364, 346, 408, 382, 419, 349, 399]
[20, 26214, 398, 372, 412, 354, 354, 404, 387, 403]
[20, 26214, 374, 386, 381, 390, 366, 393, 340, 361]
[20, 26214, 373, 426, 363, 402, 363, 400, 381, 383]
[20, 26214, 381, 344, 358, 392, 403, 363, 414, 329]
[20, 26214, 380, 372, 366, 371, 382, 441, 380, 405]
[20, 26214, 364, 414, 351, 387, 387, 352, 396, 404]
[20, 26214, 373, 406, 375, 381, 361, 372, 378, 348]
[20, 26214, 422, 409, 351, 404, 384, 356, 374, 394]
[20, 26214, 331, 393, 406, 381, 358, 399, 360, 382]
[20, 26214, 412, 372, 390, 326, 348, 388, 345, 381]
[20, 26214, 405, 370, 366, 369, 403, 343, 424, 339]
[20, 26214, 364, 342, 410, 375, 354, 400, 393, 404]
[20, 26214, 400, 392, 406, 373, 383, 388, 367, 376]
[20, 26214, 355, 351, 355, 315, 381, 318, 449, 381]
[20, 26214, 418, 354, 379, 387, 366, 375, 410, 370]
[20, 26214, 346, 346, 400, 433, 402, 391, 388, 378]
[20, 26214, 404, 405, 354, 381, 407, 342, 341, 387]
[20, 26214, 379, 346, 422, 371, 393, 381, 378, 352]
[20, 26214, 399, 368, 373, 357, 417, 394, 352, 354]
[20, 26214, 374, 396, 400, 406, 420, 355, 401, 373]
[20, 26214, 380, 392, 380, 405, 391, 363, 343, 349]
[20, 26214, 358, 393, 371, 373, 362, 352, 368, 395]
[20, 26214, 362, 377, 386, 362, 378, 404, 373, 402]
[20, 26214, 447, 385, 359, 405, 391, 418, 406, 381]
[20, 26214, 373, 380, 405, 375, 381, 352, 384, 363]
[20, 26214, 373, 365, 381, 383, 393, 334, 395, 408]
[20, 26214, 421, 391, 377, 405, 340, 398, 374, 372]
[20, 26214, 385, 393, 358, 386, 395, 371, 373, 372]
[20, 26214, 383, 400, 384, 317, 360, 404, 412, 412]
[20, 26214, 366, 403, 353, 392, 398, 396, 420, 364]
[20, 26214, 361, 359, 343, 387, 364, 415, 363, 410]
[20, 26214, 396, 415, 420, 405, 375, 338, 378, 387]
[20, 26214, 370, 388, 354, 436, 387, 391, 403, 392]
[20, 26214, 341, 398, 392, 399, 383, 367, 392, 403]
[20, 26214, 358, 395, 374, 336, 316, 406, 373, 406]
[20, 26214, 339, 400, 374, 375, 409, 361, 359, 391]
[20, 26214, 446, 395, 379, 374, 315, 382, 391, 355]
[20, 26214, 408, 365, 362, 387, 428, 379, 370, 340]
[20, 26214, 384, 371, 386, 384, 350, 391, 373, 364]
[20, 26214, 387, 383, 375, 372, 375, 371, 425, 402]
[20, 26214, 396, 369, 362, 350, 353, 359, 380, 383]
[20, 26214, 380, 378, 357, 405, 380, 406, 361, 392]
[20, 26214, 358, 397, 414, 352, 400, 374, 389, 393]
[20, 26214, 384, 393, 410, 424, 401, 379, 387, 382]
[20, 26214, 374, 374, 372, 351, 400, 411, 357, 399]
[20, 26214, 343, 371, 421, 396, 407, 362, 356, 399]
[20, 26214, 355, 381, 364, 384, 342, 366, 387, 350]
[20, 26214, 362, 382, 391, 348, 405, 354, 366, 381]
[20, 26214, 416, 397, 357, 357, 391, 383, 380, 355]
[20, 26214, 364, 373, 333, 418, 400, 374, 393, 362]
[20, 26214, 365, 387, 392, 384, 408, 382, 385, 349]
[20, 26214, 381, 383, 370, 388, 370, 439, 377, 402]
[20, 26214, 392, 370, 362, 377, 373, 385, 383, 373]
[20, 26214, 396, 382, 383, 391, 365, 376, 372, 410]
[20, 26214, 372, 374, 375, 372, 375, 396, 351, 400]
[20, 26214, 367, 392, 381, 397, 360, 395, 352, 418]
[20, 26214, 415, 381, 359, 363, 418, 395, 372, 397]
[20, 26214, 357, 422, 347, 396, 352, 368, 411, 345]
[20, 26214, 393, 354, 404, 365, 345, 362, 361, 383]
[20, 26214, 374, 410, 349, 346, 373, 375, 398, 391]
[20, 26214, 387, 394, 365, 374, 428, 327, 352, 370]
[20, 26214, 372, 352, 417, 343, 368, 395, 353, 375]
[20, 26214, 348, 385, 404, 345, 400, 345, 368, 392]
[20, 26214, 343, 394, 370, 401, 392, 355, 396, 389]
[20, 26214, 378, 348, 387, 367, 404, 376, 385, 365]
[20, 26214, 369, 375, 337, 400, 383, 386, 383, 367]
[20, 26214, 365, 390, 352, 397, 377, 414, 394, 388]
[20, 26214, 376, 353, 369, 338, 375, 365, 360, 374]
[25, 32768, 580, 578, 579, 597, 555, 617, 579, 614]
[25, 32768, 587, 589, 633, 556, 527, 588, 584, 529]
[25, 32768, 574, 603, 636, 558, 607, 567, 603, 594]
[25, 32768, 590, 652, 581, 569, 619, 603, 596, 544]
[25, 32768, 594, 588, 556, 606, 607, 630, 590, 572]
[25, 32768, 575, 618, 572, 590, 622, 621, 547, 599]
[25, 32768, 594, 570, 633, 573, 563, 549, 632, 621]
[25, 32768, 546, 552, 603, 602, 606, 648, 600, 551]
[25, 32768, 549, 585, 647, 595, 574, 563, 608, 542]
[25, 32768, 649, 523, 613, 570, 540, 603, 616, 617]
[25, 32768, 581, 607, 591, 604, 583, 576, 601, 573]
[25, 32768, 592, 564, 605, 592, 590, 579, 592, 567]
[25, 32768, 641, 555, 626, 597, 553, 611, 610, 658]
[25, 32768, 563, 680, 539, 598, 530, 631, 558, 574]
[25, 32768, 612, 606, 563, 582, 596, 603, 588, 613]
[25, 32768, 627, 608, 598, 610, 574, 588, 558, 580]
[25, 32768, 602, 578, 555, 634, 586, 635, 586, 562]
[25, 32768, 535, 606, 564, 616, 571, 573, 633, 602]
[25, 32768, 533, 575, 587, 572, 598, 597, 561, 634]
[25, 32768, 576, 597, 630, 585, 606, 613, 581, 576]
[25, 32768, 625, 589, 610, 624, 602, 623, 598, 571]
[25, 32768, 575, 598, 571, 600, 636, 574, 526, 646]
[25, 32768, 619, 567, 556, 596, 614, 524, 565, 694]
[25, 32768, 582, 588, 564, 580, 625, 579, 621, 590]
[25, 32768, 565, 631, 568, 575, 636, 538, 582, 632]
[25, 32768, 557, 619, 554, 590, 582, 588, 567, 615]
[25, 32768, 574, 593, 568, 582, 585, 592, 568, 602]
[25, 32768, 555, 563, 564, 590, 578, 624, 546, 606]
[25, 32768, 600, 567, 552, 618, 567, 610, 578, 548]
[25, 32768, 596, 589, 575, 605, 583, 641, 557, 603]
[25, 32768, 612, 599, 600, 547, 593, 609, 585, 618]
[25, 32768, 602, 560, 601, 565, 622, 608, 533, 565]
[25, 32768, 553, 569, 582, 559, 594, 596, 612, 591]
[25, 32768, 572, 582, 605, 609, 566, 631, 547, 603]
[25, 32768, 646, 572, 595, 529, 551, 571, 643, 619]
[25, 32768, 637, 571, 540, 635, 615, 570, 657, 545]
[25, 32768, 621, 622, 575, 544, 606, 642, 584, 609]
[25, 32768, 544, 622, 567, 608, 560, 561, 588, 582]
[25, 32768, 595, 611, 586, 565, 579, 590, 580, 521]
[25, 32768, 531, 597, 567, 583, 597, 638, 587, 586]
[25, 32768, 559, 633, 599, 562, 628, 593, 602, 594]
[25, 32768, 532, 609, 618, 562, 549, 606, 598, 549]
[25, 32768, 624, 602, 626, 595, 601, 589, 560, 527]
[25, 32768, 571, 547, 630, 579, 536, 561, 594, 615]
[25, 32768, 615, 613, 586, 566, 640, 589, 545, 579]
[25, 32768, 590, 593, 528, 549, 592, 577, 602, 620]
[25, 32768, 597, 577, 549, 613, 526, 601, 580, 564]
[25, 32768, 537, 529, 560, 576, 606, 599, 588, 627]
[25, 32768, 638, 587, 596, 565, 582, 569, 585, 573]
[25, 32768, 601, 584, 657, 593, 600, 600, 581, 538]
[25, 32768, 610, 594, 584, 614, 586, 578, 534, 642]
[25, 32768, 584, 628, 583, 595, 622, 588, 580, 599]
[25, 32768, 616, 636, 622, 567, 553, 535, 590, 640]
[25, 32768, 535, 559, 559, 620, 561, 567, 617, 618]
[25, 32768, 594, 576, 663, 586, 546, 593, 571, 640]
[25, 32768, 566, 536, 570, 614, 578, 601, 574, 598]
[25, 32768, 597, 604, 636, 596, 589, 594, 575, 580]
[25, 32768, 563, 538, 575, 564, 598, 588, 588, 598]
[25, 32768, 574, 541, 610, 541, 576, 565, 606, 586]
[25, 32768, 605, 572, 552, 544, 618, 533, 577, 598]
[25, 32768, 607, 579, 603, 538, 614, 554, 616, 618]
[25, 32768, 533, 587, 564, 568, 599, 557, 633, 552]
[25, 32768, 615, 538, 580, 673, 631, 607, 563, 568]
[25, 32768, 631, 627, 612, 558, 595, 557, 567, 577]
[25, 32768, 596, 569, 561, 628, 608, 585, 587, 571]
[25, 32768, 553, 580, 610, 608, 635, 579, 602, 561]
[25, 32768, 605, 605, 601, 602, 539, 605, 560, 627]
[25, 32768, 564, 608, 607, 595, 597, 612, 572, 627]
[25, 32768, 598, 659, 596, 562, 593, 582, 596, 572]
[25, 32768, 581, 537, 605, 589, 572, 598, 576, 612]
[25, 32768, 610, 578, 598, 544, 584, 556, 617, 634]
[25, 32768, 554, 565, 572, 594, 636, 564, 571, 582]
[25, 32768, 569, 593, 591, 592, 594, 609, 562, 553]
[25, 32768, 560, 588, 537, 549, 635, 573, 585, 572]
[25, 32768, 565, 561, 571, 610, 595, 589, 603, 565]
[25, 32768, 598, 596, 565, 583, 616, 546, 626, 573]
[25, 32768, 623, 611, 554, 596, 584, 598, 555, 597]
[25, 32768, 541, 554, 584, 613, 593, 587, 573, 601]
[25, 32768, 555, 589, 536, 530, 568, 612, 577, 607]
[25, 32768, 578, 605, 592, 586, 651, 522, 624, 598]
[25, 32768, 625, 611, 593, 583, 607, 571, 633, 581]
[25, 32768, 557, 587, 521, 599, 592, 569, 622, 558]
[25, 32768, 606, 633, 562, 604, 567, 572, 552, 564]
[25, 32768, 576, 573, 559, 570, 629, 604, 592, 600]
[25, 32768, 543, 586, 536, 556, 590, 614, 564, 562]
[25, 32768, 587, 615, 614, 617, 610, 566, 576, 640]
[25, 32768, 581, 594, 612, 552, 553, 624, 551, 603]
[25, 32768, 504, 607, 546, 566, 575, 592, 569, 681]
[25, 32768, 595, 592, 585, 558, 596, 644, 535, 592]
[25, 32768, 568, 587, 529, 614, 607, 586, 609, 614]
[25, 32768, 592, 625, 606, 542, 600, 580, 589, 515]
[25, 32768, 591, 591, 555, 580, 586, 592, 559, 610]
[25, 32768, 634, 583, 574, 588, 619, 519, 581, 551]
[25, 32768, 548, 555, 621, 593, 594, 619, 580, 549]
[25, 32768, 503, 592, 649, 532, 592, 551, 550, 580]
[25, 32768, 550, 590, 572, 563, 580, 595, 611, 631]
[25, 32768, 567, 606, 569, 586, 619, 577, 599, 591]
[25, 32768, 633, 575, 541, 585, 594, 571, 600, 608]
[25, 32768, 568, 560, 581, 574, 605, 594, 570, 590]
[25, 32768, 620, 567, 556, 571, 600, 530, 590, 604]
[30, 39321, 866, 887, 888, 766, 858, 855, 825, 860]
[30, 39321, 799, 835, 845, 868, 822, 836, 830, 812]
[30, 39321, 821, 848, 884, 863, 852, 776, 889, 839]
[30, 39321, 848, 843, 836, 796, 854, 876, 874, 841]
[30, 39321, 868, 837, 836, 858, 786, 814, 844, 836]
[30, 39321, 821, 862, 840, 811, 797, 876, 814, 836]
[30, 39321, 809, 808, 797, 823, 803, 836, 785, 831]
[30, 39321, 802, 811, 856, 804, 853, 860, 899, 860]
[30, 39321, 852, 904, 874, 803, 810, 772, 842, 824]
[30, 39321, 862, 810, 885, 815, 839, 845, 863, 900]
[30, 39321, 818, 861, 850, 840, 885, 836, 826, 853]
[30, 39321, 854, 898, 893, 818, 844, 848, 841, 800]
[30, 39321, 885, 737, 841, 832, 857, 895, 860, 834]
[30, 39321, 762, 866, 843, 853, 878, 911, 803, 821]
[30, 39321, 849, 873, 816, 890, 890, 825, 846, 878]
[30, 39321, 870, 811, 832, 865, 820, 849, 808, 815]
[30, 39321, 875, 821, 791, 842, 849, 855, 799, 856]
[30, 39321, 787, 850, 834, 794, 847, 873, 907, 810]
[30, 39321, 782, 815, 875, 786, 878, 860, 809, 922]
[30, 39321, 849, 900, 877, 872, 866, 826, 836, 840]
[30, 39321, 829, 861, 831, 823, 834, 840, 868, 802]
[30, 39321, 843, 847, 872, 851, 808, 853, 794, 948]
[30, 39321, 843, 795, 833, 900, 833, 819, 784, 865]
[30, 39321, 815, 789, 815, 877, 860, 858, 834, 837]
[30, 39321, 840, 901, 809, 850, 829, 828, 847, 857]
[30, 39321, 803, 850, 852, 847, 800, 891, 810, 915]
[30, 39321, 926, 868, 818, 841, 783, 872, 837, 834]
[30, 39321, 833, 795, 831, 823, 802, 854, 820, 855]
[30, 39321, 851, 869, 834, 852, 841, 838, 887, 873]
[30, 39321, 922, 855, 789, 884, 857, 844, 791, 860]
[30, 39321, 858, 876, 871, 805, 895, 807, 804, 880]
[30, 39321, 954, 822, 856, 863, 835, 809, 840, 833]
[30, 39321, 830, 853, 824, 830, 847, 893, 891, 855]
[30, 39321, 840, 855, 882, 833, 790, 848, 811, 871]
[30, 39321, 797, 859, 923, 847, 842, 862, 828, 818]
[30, 39321, 850, 810, 844, 806, 889, 814, 916, 786]
[30, 39321, 859, 820, 856, 819, 889, 879, 815, 834]
[30, 39321, 840, 901, 836, 824, 835, 813, 829, 884]
[30, 39321, 825, 876, 854, 818, 844, 842, 788, 823]
[30, 39321, 748, 832, 859, 875, 878, 860, 816, 838]
[30, 39321, 818, 900, 863, 854, 845, 833, 855, 814]
[30, 39321, 892, 857, 844, 828, 825, 854, 800, 824]
[30, 39321, 906, 787, 867, 825, 902, 809, 825, 799]
[30, 39321, 807, 800, 863, 851, 797, 848, 813, 842]
[30, 39321, 848, 821, 843, 850, 898, 883, 809, 842]
[30, 39321, 922, 849, 800, 815, 892, 893, 850, 801]
[30, 39321, 865, 837, 812, 811, 836, 836, 882, 890]
[30, 39321, 754, 759, 859, 901, 876, 919, 837, 882]
[30, 39321, 863, 869, 781, 868, 830, 861, 782, 853]
[30, 39321, 858, 796, 826, 797, 812, 814, 882, 760]
[30, 39321, 885, 851, 861, 844, 826, 806, 808, 833]
[30, 39321, 837, 874, 755, 859, 863, 845, 794, 906]
[30, 39321, 860, 893, 934, 775, 831, 808, 794, 823]
[30, 39321, 852, 854, 858, 885, 807, 835, 809, 834]
[30, 39321, 815, 853, 893, 830, 810, 880, 833, 848]
[30, 39321, 907, 777, 823, 842, 832, 865, 813, 830]
[30, 39321, 911, 783, 886, 847, 786, 856, 809, 866]
[30, 39321, 800, 821, 841, 854, 800, 802, 857, 943]
[30, 39321, 929, 805, 832, 872, 847, 869, 942, 817]
[30, 39321, 824, 793, 850, 827, 918, 841, 883, 770]
[30, 39321, 838, 897, 792, 784, 889, 880, 859, 853]
[30, 39321, 807, 827, 840, 805, 901, 836, 888, 830]
[30, 39321, 745, 837, 803, 871, 880, 837, 853, 828]
[30, 39321, 837, 857, 807, 806, 863, 842, 834, 874]
[30, 39321, 859, 853, 774, 843, 840, 819, 830, 811]
[30, 39321, 787, 884, 856, 855, 847, 823, 862, 888]
[30, 39321, 873, 852, 878, 802, 796, 891, 824, 929]
[30, 39321, 802, 891, 848, 837, 849, 863, 840, 865]
[30, 39321, 949, 886, 855, 769, 820, 859, 864, 772]
[30, 39321, 911, 812, 888, 833, 903, 842, 857, 865]
[30, 39321, 861, 815, 834, 818, 830, 819, 865, 882]
[30, 39321, 852, 824, 868, 848, 883, 817, 831, 938]
[30, 39321, 923, 845, 829, 857, 875, 822, 822, 811]
[30, 39321, 851, 806, 859, 846, 893, 782, 813, 862]
[30, 39321, 817, 806, 848, 776, 875, 800, 805, 861]
[30, 39321, 788, 836, 859, 861, 933, 841, 802, 841]
[30, 39321, 929, 843, 820, 790, 836, 843, 829, 902]
[30, 39321, 814, 776, 800, 854, 899, 806, 821, 842]
[30, 39321, 845, 847, 856, 830, 841, 847, 866, 847]
[30, 39321, 877, 877, 946, 811, 814, 845, 853, 899]
[30, 39321, 846, 837, 804, 881, 869, 823, 849, 871]
[30, 39321, 876, 820, 834, 867, 884, 828, 866, 870]
[30, 39321, 809, 820, 762, 805, 860, 786, 835, 817]
[30, 39321, 834, 852, 817, 886, 865, 888, 841, 860]
[30, 39321, 855, 891, 832, 812, 827, 877, 832, 883]
[30, 39321, 844, 844, 822, 866, 845, 779, 842, 890]
[30, 39321, 855, 857, 895, 797, 834, 851, 805, 913]
[30, 39321, 806, 870, 821, 836, 843, 875, 874, 943]
[30, 39321, 808, 819, 824, 841, 938, 820, 790, 843]
[30, 39321, 820, 829, 803, 876, 840, 848, 852, 875]
[30, 39321, 878, 888, 789, 851, 799, 788, 806, 819]
[30, 39321, 835, 849, 799, 829, 870, 794, 819, 851]
[30, 39321, 937, 824, 814, 831, 944, 780, 829, 816]
[30, 39321, 786, 833, 925, 908, 839, 786, 864, 846]
[30, 39321, 808, 862, 868, 822, 894, 803, 873, 810]
[30, 39321, 833, 823, 777, 871, 854, 844, 851, 873]
[30, 39321, 812, 790, 850, 833, 843, 848, 878, 782]
[30, 39321, 799, 866, 789, 835, 846, 900, 901, 897]
[30, 39321, 866, 825, 866, 929, 784, 818, 850, 828]
[30, 39321, 855, 835, 874, 860, 853, 830, 773, 815]
[35, 45875, 1165, 1135, 1076, 1158, 1083, 1114, 1145, 1237]
[35, 45875, 1136, 1092, 1165, 1157, 1188, 1138, 1086, 1156]
[35, 45875, 1115, 1144, 1129, 1143, 1145, 1103, 1207, 1161]
[35, 45875, 1108, 1125, 1125, 1078, 1131, 1263, 1097, 1047]
[35, 45875, 1202, 1139, 1059, 1216, 1127, 1109, 1185, 1148]
[35, 45875, 1099, 1088, 1108, 1140, 1083, 1158, 1086, 1077]
[35, 45875, 1199, 1107, 1193, 1097, 1066, 1081, 1200, 1202]
[35, 45875, 1119, 1150, 1234, 1140, 1131, 1144, 1226, 1134]
[35, 45875, 1152, 1233, 1179, 1092, 1056, 1124, 1191, 1064]
[35, 45875, 1185, 1075, 1168, 1148, 1178, 1070, 1153, 1200]
[35, 45875, 1116, 1190, 1122, 1155, 1166, 1097, 1175, 1138]
[35, 45875, 1124, 1137, 1156, 1151, 1166, 1142, 1146, 1093]
[35, 45875, 1190, 1011, 1191, 1138, 1150, 1273, 1143, 1165]
[35, 45875, 1105, 1232, 1196, 1189, 1108, 1178, 1105, 1090]
[35, 45875, 1159, 1180, 1049, 1173, 1202, 1122, 1112, 1159]
[35, 45875, 1235, 1156, 1160, 1151, 1178, 1208, 1108, 1146]
[35, 45875, 1222, 1139, 1108, 1167, 1192, 1191, 1115, 1217]
[35, 45875, 1145, 1115, 1159, 1159, 1165, 1164, 1198, 1077]
[35, 45875, 1097, 1106, 1152, 1114, 1183, 1165, 1112, 1174]
[35, 45875, 1209, 1172, 1161, 1158, 1207, 1154, 1114, 1139]
[35, 45875, 1136, 1151, 1133, 1214, 1144, 1161, 1158, 1193]
[35, 45875, 1062, 1159, 1121, 1124, 1085, 1167, 1175, 1231]
[35, 45875, 1187, 1122, 1159, 1249, 1155, 1136, 1078, 1185]
[35, 45875, 1043, 1116, 1185, 1150, 1089, 1211, 1153, 1167]
[35, 45875, 1142, 1170, 1097, 1191, 1143, 1182, 1170, 1145]
[35, 45875, 1062, 1132, 1172, 1146, 1112, 1174, 1107, 1244]
[35, 45875, 1159, 1235, 1150, 1134, 1159, 1133, 1192, 1161]
[35, 45875, 1149, 1125, 1102, 1097, 1128, 1179, 1146, 1145]
[35, 45875, 1144, 1102, 1164, 1087, 1204, 1209, 1121, 1185]
[35, 45875, 1195, 1189, 1097, 1138, 1173, 1138, 1092, 1202]
[35, 45875, 1192, 1198, 1130, 1132, 1134, 1109, 1083, 1242]
[35, 45875, 1163, 1147, 1158, 1105, 1149, 1207, 1115, 1188]
[35, 45875, 1159, 1168, 1179, 1103, 1115, 1181, 1167, 1254]
[35, 45875, 1146, 1152, 1109, 1148, 1196, 1158, 1076, 1139]
[35, 45875, 1185, 1214, 1189, 1042, 1146, 1193, 1234, 1182]
[35, 45875, 1201, 1077, 1122, 1153, 1167, 1133, 1183, 1053]
[35, 45875, 1124, 1205, 1126, 1185, 1131, 1182, 1122, 1124]
[35, 45875, 1208, 1220, 1160, 1169, 1193, 1164, 1111, 1194]
[35, 45875, 1097, 1182, 1122, 1122, 1128, 1144, 1088, 1100]
[35, 45875, 1044, 1184, 1178, 1096, 1136, 1164, 1162, 1119]
[35, 45875, 1102, 1180, 1151, 1118, 1058, 1178, 1100, 1120]
[35, 45875, 1205, 1207, 1173, 1078, 1230, 1167, 1138, 1109]
[35, 45875, 1153, 1173, 1222, 1176, 1191, 1164, 1140, 1077]
[35, 45875, 1184, 1122, 1232, 1209, 1100, 1193, 1222, 1186]
[35, 45875, 1187, 1192, 1144, 1160, 1127, 1165, 1132, 1103]
[35, 45875, 1175, 1135, 1104, 1086, 1165, 1173, 1222, 1178]
[35, 45875, 1131, 1132, 1114, 1146, 1111, 1146, 1136, 1103]
[35, 45875, 1094, 1053, 1115, 1222, 1239, 1187, 1179, 1211]
[35, 45875, 1190, 1193, 1102, 1111, 1143, 1092, 1119, 1140]
[35, 45875, 1228, 1170, 1158, 1065, 1159, 1126, 1184, 1050]
[35, 45875, 1137, 1155, 1138, 1210, 1125, 1127, 1143, 1170]
[35, 45875, 1113, 1167, 1117, 1197, 1153, 1125, 1102, 1142]
[35, 45875, 1203, 1218, 1200, 1150, 1128, 1146, 1142, 1091]
[35, 45875, 1178, 1134, 1126, 1159, 1125, 1166, 1164, 1100]
[35, 45875, 1120, 1153, 1264, 1086, 1193, 1209, 1115, 1153]
[35, 45875, 1223, 1166, 1126, 1115, 1173, 1161, 1115, 1132]
[35, 45875, 1148, 1163, 1303, 1122, 1176, 1161, 1132, 1138]
[35, 45875, 1120, 1073, 1133, 1138, 1151, 1118, 1158, 1255]
[35, 45875, 1176, 1143, 1233, 1162, 1142, 1076, 1188, 1102]
[35, 45875, 1085, 1142, 1191, 1096, 1202, 1146, 1155, 1087]
[35, 45875, 1139, 1150, 1111, 1156, 1166, 1174, 1157, 1158]
[35, 45875, 1109, 1138, 1079, 1150, 1213, 1130, 1274, 1135]
[35, 45875, 1162, 1128, 1148, 1214, 1184, 1184, 1149, 1174]
[35, 45875, 1168, 1134, 1199, 1149, 1162, 1102, 1148, 1212]
[35, 45875, 1148, 1078, 1111, 1193, 1117, 1143, 1152, 1111]
[35, 45875, 1069, 1220, 1156, 1129, 1119, 1072, 1210, 1164]
[35, 45875, 1120, 1102, 1091, 1133, 1124, 1203, 1122, 1192]
[35, 45875, 1102, 1229, 1135, 1169, 1160, 1120, 1139, 1216]
[35, 45875, 1223, 1195, 1140, 1146, 1119, 1234, 1158, 1093]
[35, 45875, 1189, 1138, 1170, 1197, 1145, 1124, 1102, 1187]
[35, 45875, 1147, 1144, 1120, 1133, 1194, 1090, 1235, 1101]
[35, 45875, 1165, 1147, 1077, 1140, 1140, 1119, 1131, 1228]
[35, 45875, 1157, 1144, 1133, 1141, 1131, 1157, 1129, 1100]
[35, 45875, 1145, 1134, 1016, 1236, 1121, 1176, 1134, 1145]
[35, 45875, 1098, 1137, 1106, 1139, 1166, 1159, 1119, 1182]
[35, 45875, 1047, 1125, 1147, 1203, 1177, 1100, 1137, 1205]
[35, 45875, 1196, 1175, 1117, 1117, 1076, 1202, 1152, 1170]
[35, 45875, 1055, 1135, 1134, 1148, 1244, 1095, 1125, 1185]
[35, 45875, 1124, 1148, 1171, 1192, 1089, 1233, 1120, 1177]
[35, 45875, 1148, 1118, 1193, 1154, 1155, 1106, 1096, 1200]
[35, 45875, 1148, 1181, 1134, 1214, 1113, 1103, 1182, 1139]
[35, 45875, 1201, 1185, 1139, 1193, 1210, 1139, 1121, 1120]
[35, 45875, 1183, 1150, 1117, 1163, 1192, 1167, 1169, 1125]
[35, 45875, 1119, 1105, 1128, 1134, 1157, 1234, 1158, 1176]
[35, 45875, 1144, 1109, 1143, 1168, 1095, 1201, 1160, 1128]
[35, 45875, 1226, 1173, 1110, 1116, 1143, 1112, 1157, 1177]
[35, 45875, 1157, 1210, 1156, 1097, 1109, 1247, 1105, 1199]
[35, 45875, 1111, 1214, 1105, 1213, 1042, 1173, 1152, 1219]
[35, 45875, 1207, 1204, 1108, 1149, 1151, 1157, 1148, 1156]
[35, 45875, 1133, 1157, 1137, 1241, 1223, 1088, 1189, 1185]
[35, 45875, 1202, 1163, 1204, 1152, 1151, 1102, 1109, 1122]
[35, 45875, 1139, 1187, 1133, 1164, 1182, 1135, 1164, 1145]
[35, 45875, 1169, 1177, 1147, 1124, 1165, 1075, 1150, 1078]
[35, 45875, 1136, 1167, 1234, 1174, 1046, 1122, 1122, 1176]
[35, 45875, 1091, 1067, 1214, 1138, 1148, 1136, 1176, 1175]
[35, 45875, 1120, 1164, 1101, 1138, 1103, 1176, 1153, 1120]
[35, 45875, 1127, 1123, 1181, 1152, 1168, 1107, 1248, 1141]
[35, 45875, 1145, 1115, 1190, 1140, 1169, 1140, 1152, 1166]
[35, 45875, 1130, 1146, 1168, 1161, 1222, 1169, 1175, 1094]
[35, 45875, 1158, 1102, 1185, 1145, 1227, 1113, 1144, 1153]
[40, 52428, 1537, 1478, 1481, 1526, 1467, 1456, 1484, 1568]
[40, 52428, 1423, 1408, 1540, 1519, 1469, 1489, 1464, 1403]
[40, 52428, 1455, 1539, 1501, 1479, 1420, 1456, 1535, 1590]
[40, 52428, 1478, 1532, 1546, 1481, 1540, 1601, 1458, 1394]
[40, 52428, 1516, 1508, 1427, 1523, 1515, 1479, 1565, 1517]
[40, 52428, 1475, 1503, 1469, 1527, 1423, 1587, 1452, 1564]
[40, 52428, 1428, 1484, 1506, 1547, 1466, 1566, 1534, 1588]
[40, 52428, 1483, 1482, 1478, 1494, 1492, 1474, 1522, 1520]
[40, 52428, 1446, 1575, 1559, 1475, 1456, 1518, 1484, 1410]
[40, 52428, 1548, 1439, 1539, 1506, 1464, 1498, 1529, 1506]
[40, 52428, 1460, 1494, 1478, 1548, 1456, 1513, 1550, 1440]
[40, 52428, 1486, 1474, 1549, 1476, 1480, 1486, 1483, 1440]
[40, 52428, 1567, 1393, 1470, 1514, 1431, 1568, 1601, 1561]
[40, 52428, 1459, 1564, 1579, 1472, 1397, 1501, 1482, 1471]
[40, 52428, 1485, 1496, 1462, 1500, 1554, 1549, 1492, 1349]
[40, 52428, 1531, 1595, 1576, 1513, 1477, 1497, 1453, 1473]
[40, 52428, 1507, 1487, 1405, 1451, 1444, 1445, 1472, 1555]
[40, 52428, 1436, 1476, 1534, 1522, 1476, 1503, 1578, 1478]
[40, 52428, 1417, 1502, 1546, 1428, 1552, 1410, 1473, 1639]
[40, 52428, 1477, 1567, 1450, 1494, 1488, 1439, 1475, 1534]
[40, 52428, 1453, 1461, 1498, 1470, 1446, 1488, 1542, 1509]
[40, 52428, 1478, 1508, 1435, 1524, 1566, 1529, 1509, 1481]
[40, 52428, 1535, 1541, 1455, 1591, 1452, 1495, 1372, 1589]
[40, 52428, 1479, 1505, 1546, 1510, 1505, 1550, 1612, 1547]
[40, 52428, 1447, 1473, 1517, 1546, 1517, 1453, 1566, 1506]
[40, 52428, 1427, 1550, 1355, 1515, 1530, 1521, 1503, 1583]
[40, 52428, 1590, 1473, 1475, 1522, 1516, 1544, 1518, 1538]
[40, 52428, 1464, 1449, 1473, 1475, 1379, 1521, 1543, 1455]
[40, 52428, 1416, 1576, 1478, 1540, 1497, 1510, 1509, 1483]
[40, 52428, 1593, 1540, 1413, 1523, 1502, 1467, 1411, 1491]
[40, 52428, 1540, 1592, 1454, 1483, 1416, 1481, 1410, 1598]
[40, 52428, 1584, 1518, 1417, 1492, 1500, 1540, 1381, 1601]
[40, 52428, 1448, 1503, 1587, 1432, 1539, 1444, 1590, 1652]
[40, 52428, 1448, 1538, 1553, 1514, 1554, 1488, 1472, 1504]
[40, 52428, 1494, 1505, 1466, 1411, 1428, 1501, 1576, 1461]
[40, 52428, 1569, 1481, 1482, 1472, 1470, 1545, 1560, 1405]
[40, 52428, 1510, 1494, 1446, 1471, 1592, 1531, 1513, 1495]
[40, 52428, 1517, 1532, 1504, 1492, 1511, 1496, 1480, 1458]
[40, 52428, 1458, 1527, 1510, 1498, 1598, 1506, 1461, 1466]
[40, 52428, 1482, 1498, 1503, 1478, 1505, 1544, 1508, 1512]
[40, 52428, 1505, 1567, 1503, 1449, 1490, 1552, 1440, 1438]
[40, 52428, 1510, 1487, 1449, 1488, 1435, 1499, 1378, 1535]
[40, 52428, 1538, 1512, 1533, 1423, 1454, 1531, 1458, 1448]
[40, 52428, 1444, 1505, 1515, 1572, 1435, 1488, 1551, 1558]
[40, 52428, 1556, 1538, 1535, 1513, 1566, 1507, 1454, 1497]
[40, 52428, 1555, 1445, 1436, 1496, 1533, 1440, 1632, 1604]
[40, 52428, 1522, 1541, 1473, 1512, 1468, 1524, 1516, 1383]
[40, 52428, 1402, 1442, 1451, 1507, 1539, 1552, 1508, 1529]
[40, 52428, 1559, 1509, 1463, 1586, 1475, 1472, 1511, 1545]
[40, 52428, 1505, 1440, 1515, 1443, 1448, 1508, 1588, 1346]
[40, 52428, 1607, 1404, 1449, 1461, 1458, 1534, 1438, 1493]
[40, 52428, 1441, 1491, 1431, 1542, 1467, 1437, 1560, 1434]
[40, 52428, 1579, 1551, 1541, 1421, 1473, 1432, 1457, 1436]
[40, 52428, 1508, 1509, 1433, 1626, 1409, 1560, 1496, 1503]
[40, 52428, 1463, 1454, 1573, 1445, 1510, 1449, 1522, 1493]
[40, 52428, 1599, 1404, 1475, 1503, 1501, 1424, 1564, 1545]
[40, 52428, 1482, 1525, 1566, 1494, 1429, 1511, 1485, 1500]
[40, 52428, 1482, 1487, 1449, 1428, 1480, 1610, 1527, 1649]
[40, 52428, 1473, 1428, 1534, 1476, 1490, 1491, 1531, 1525]
[40, 52428, 1502, 1420, 1471, 1488, 1601, 1560, 1568, 1490]
[40, 52428, 1570, 1510, 1585, 1384, 1478, 1520, 1547, 1529]
[40, 52428, 1473, 1489, 1470, 1472, 1547, 1447, 1655, 1545]
[40, 52428, 1510, 1498, 1502, 1539, 1488, 1518, 1445, 1502]
[40, 52428, 1563, 1496, 1594, 1490, 1516, 1410, 1492, 1454]
[40, 52428, 1438, 1513, 1441, 1572, 1486, 1535, 1483, 1435]
[40, 52428, 1437, 1549, 1477, 1513, 1482, 1416, 1451, 1484]
[40, 52428, 1497, 1430, 1498, 1390, 1513, 1543, 1491, 1476]
[40, 52428, 1465, 1593, 1553, 1499, 1553, 1489, 1444, 1573]
[40, 52428, 1585, 1567, 1491, 1427, 1420, 1536, 1507, 1475]
[40, 52428, 1572, 1528, 1503, 1533, 1379, 1441, 1497, 1548]
[40, 52428, 1527, 1515, 1532, 1449, 1552, 1457, 1543, 1475]
[40, 52428, 1532, 1495, 1467, 1566, 1525, 1428, 1510, 1499]
[40, 52428, 1523, 1493, 1505, 1548, 1479, 1533, 1487, 1483]
[40, 52428, 1517, 1562, 1452, 1469, 1576, 1504, 1587, 1497]
[40, 52428, 1446, 1466, 1440, 1492, 1464, 1535, 1497, 1434]
[40, 52428, 1414, 1582, 1529, 1609, 1550, 1465, 1483, 1529]
[40, 52428, 1545, 1507, 1464, 1491, 1484, 1602, 1480, 1525]
[40, 52428, 1393, 1410, 1473, 1520, 1581, 1466, 1493, 1559]
[40, 52428, 1475, 1470, 1538, 1509, 1516, 1579, 1534, 1594]
[40, 52428, 1454, 1462, 1552, 1416, 1460, 1456, 1499, 1585]
[40, 52428, 1428, 1505, 1561, 1586, 1471, 1481, 1542, 1496]
[40, 52428, 1590, 1480, 1499, 1468, 1589, 1507, 1513, 1446]
[40, 52428, 1497, 1504, 1536, 1454, 1539, 1489, 1499, 1467]
[40, 52428, 1481, 1443, 1473, 1484, 1463, 1539, 1619, 1482]
[40, 52428, 1459, 1494, 1487, 1494, 1454, 1542, 1498, 1494]
[40, 52428, 1462, 1595, 1444, 1509, 1528, 1448, 1494, 1506]
[40, 52428, 1502, 1477, 1544, 1508, 1514, 1618, 1492, 1628]
[40, 52428, 1458, 1572, 1468, 1534, 1407, 1552, 1425, 1556]
[40, 52428, 1468, 1551, 1521, 1503, 1427, 1502, 1439, 1508]
[40, 52428, 1433, 1508, 1390, 1534, 1588, 1508, 1577, 1472]
[40, 52428, 1515, 1547, 1565, 1512, 1455, 1460, 1428, 1502]
[40, 52428, 1529, 1609, 1471, 1483, 1480, 1448, 1531, 1451]
[40, 52428, 1579, 1552, 1440, 1448, 1554, 1443, 1505, 1454]
[40, 52428, 1479, 1602, 1566, 1537, 1395, 1488, 1508, 1488]
[40, 52428, 1429, 1497, 1524, 1464, 1538, 1446, 1551, 1513]
[40, 52428, 1504, 1543, 1478, 1500, 1488, 1502, 1551, 1610]
[40, 52428, 1472, 1454, 1474, 1483, 1572, 1437, 1539, 1451]
[40, 52428, 1479, 1418, 1495, 1489, 1500, 1592, 1564, 1530]
[40, 52428, 1479, 1451, 1482, 1548, 1508, 1517, 1523, 1488]
[40, 52428, 1589, 1485, 1591, 1534, 1581, 1445, 1406, 1448]
