[1, 1310, 19]
[1, 1310, 17]
[1, 1310, 16]
[1, 1310, 13]
[1, 1310, 26]
[1, 1310, 14]
[1, 1310, 18]
[1, 1310, 19]
[1, 1310, 17]
[1, 1310, 20]
[1, 1310, 14]
[1, 1310, 10]
[1, 1310, 23]
[1, 1310, 13]
[1, 1310, 12]
[1, 1310, 19]
[1, 1310, 13]
[1, 1310, 18]
[1, 1310, 19]
[1, 1310, 19]
[1, 1310, 16]
[1, 1310, 22]
[1, 1310, 23]
[1, 1310, 22]
[1, 1310, 13]
[1, 1310, 19]
[1, 1310, 12]
[1, 1310, 16]
[1, 1310, 12]
[1, 1310, 21]
[1, 1310, 19]
[1, 1310, 14]
[1, 1310, 14]
[1, 1310, 21]
[1, 1310, 15]
[1, 1310, 11]
[1, 1310, 12]
[1, 1310, 17]
[1, 1310, 16]
[1, 1310, 19]
[1, 1310, 15]
[1, 1310, 13]
[1, 1310, 18]
[1, 1310, 19]
[1, 1310, 12]
[1, 1310, 18]
[1, 1310, 16]
[1, 1310, 10]
[1, 1310, 17]
[1, 1310, 18]
[1, 1310, 20]
[1, 1310, 15]
[1, 1310, 18]
[1, 1310, 11]
[1, 1310, 15]
[1, 1310, 11]
[1, 1310, 13]
[1, 1310, 12]
[1, 1310, 17]
[1, 1310, 11]
[1, 1310, 19]
[1, 1310, 18]
[1, 1310, 21]
[1, 1310, 21]
[1, 1310, 18]
[1, 1310, 14]
[1, 1310, 14]
[1, 1310, 23]
[1, 1310, 12]
[1, 1310, 16]
[1, 1310, 12]
[1, 1310, 17]
[1, 1310, 20]
[1, 1310, 16]
[1, 1310, 16]
[1, 1310, 19]
[1, 1310, 16]
[1, 1310, 13]
[1, 1310, 14]
[1, 1310, 17]
[1, 1310, 14]
[1, 1310, 10]
[1, 1310, 24]
[1, 1310, 15]
[1, 1310, 24]
[1, 1310, 10]
[1, 1310, 10]
[1, 1310, 14]
[1, 1310, 18]
[1, 1310, 15]
[1, 1310, 16]
[1, 1310, 9]
[1, 1310, 10]
[1, 1310, 15]
[1, 1310, 19]
[1, 1310, 11]
[1, 1310, 21]
[1, 1310, 16]
[1, 1310, 11]
[1, 1310, 20]
[2, 2621, 45]
[2, 2621, 29]
[2, 2621, 33]
[2, 2621, 45]
[2, 2621, 34]
[2, 2621, 36]
[2, 2621, 42]
[2, 2621, 36]
[2, 2621, 49]
[2, 2621, 34]
[2, 2621, 39]
[2, 2621, 48]
[2, 2621, 38]
[2, 2621, 28]
[2, 2621, 34]
[2, 2621, 38]
[2, 2621, 38]
[2, 2621, 37]
[2, 2621, 34]
[2, 2621, 43]
[2, 2621, 49]
[2, 2621, 31]
[2, 2621, 48]
[2, 2621, 36]
[2, 2621, 58]
[2, 2621, 39]
[2, 2621, 44]
[2, 2621, 36]
[2, 2621, 41]
[2, 2621, 28]
[2, 2621, 39]
[2, 2621, 42]
[2, 2621, 40]
[2, 2621, 47]
[2, 2621, 44]
[2, 2621, 37]
[2, 2621, 41]
[2, 2621, 33]
[2, 2621, 49]
[2, 2621, 47]
[2, 2621, 32]
[2, 2621, 44]
[2, 2621, 46]
[2, 2621, 31]
[2, 2621, 35]
[2, 2621, 43]
[2, 2621, 45]
[2, 2621, 35]
[2, 2621, 35]
[2, 2621, 51]
[2, 2621, 52]
[2, 2621, 28]
[2, 2621, 37]
[2, 2621, 45]
[2, 2621, 35]
[2, 2621, 27]
[2, 2621, 42]
[2, 2621, 28]
[2, 2621, 36]
[2, 2621, 43]
[2, 2621, 42]
[2, 2621, 45]
[2, 2621, 47]
[2, 2621, 38]
[2, 2621, 34]
[2, 2621, 43]
[2, 2621, 31]
[2, 2621, 31]
[2, 2621, 51]
[2, 2621, 41]
[2, 2621, 29]
[2, 2621, 41]
[2, 2621, 37]
[2, 2621, 46]
[2, 2621, 46]
[2, 2621, 44]
[2, 2621, 38]
[2, 2621, 43]
[2, 2621, 35]
[2, 2621, 26]
[2, 2621, 36]
[2, 2621, 47]
[2, 2621, 48]
[2, 2621, 47]
[2, 2621, 33]
[2, 2621, 37]
[2, 2621, 33]
[2, 2621, 38]
[2, 2621, 29]
[2, 2621, 43]
[2, 2621, 45]
[2, 2621, 45]
[2, 2621, 55]
[2, 2621, 48]
[2, 2621, 40]
[2, 2621, 41]
[2, 2621, 47]
[2, 2621, 40]
[2, 2621, 48]
[2, 2621, 35]
[5, 6553, 130]
[5, 6553, 150]
[5, 6553, 148]
[5, 6553, 168]
[5, 6553, 128]
[5, 6553, 147]
[5, 6553, 138]
[5, 6553, 134]
[5, 6553, 164]
[5, 6553, 129]
[5, 6553, 170]
[5, 6553, 154]
[5, 6553, 154]
[5, 6553, 141]
[5, 6553, 137]
[5, 6553, 149]
[5, 6553, 149]
[5, 6553, 130]
[5, 6553, 145]
[5, 6553, 144]
[5, 6553, 136]
[5, 6553, 162]
[5, 6553, 140]
[5, 6553, 165]
[5, 6553, 147]
[5, 6553, 149]
[5, 6553, 141]
[5, 6553, 129]
[5, 6553, 154]
[5, 6553, 154]
[5, 6553, 184]
[5, 6553, 141]
[5, 6553, 138]
[5, 6553, 153]
[5, 6553, 164]
[5, 6553, 143]
[5, 6553, 136]
[5, 6553, 137]
[5, 6553, 148]
[5, 6553, 149]
[5, 6553, 127]
[5, 6553, 159]
[5, 6553, 142]
[5, 6553, 152]
[5, 6553, 152]
[5, 6553, 149]
[5, 6553, 137]
[5, 6553, 126]
[5, 6553, 131]
[5, 6553, 150]
[5, 6553, 145]
[5, 6553, 161]
[5, 6553, 132]
[5, 6553, 151]
[5, 6553, 169]
[5, 6553, 150]
[5, 6553, 153]
[5, 6553, 153]
[5, 6553, 147]
[5, 6553, 134]
[5, 6553, 161]
[5, 6553, 142]
[5, 6553, 152]
[5, 6553, 144]
[5, 6553, 141]
[5, 6553, 144]
[5, 6553, 181]
[5, 6553, 150]
[5, 6553, 151]
[5, 6553, 144]
[5, 6553, 139]
[5, 6553, 154]
[5, 6553, 159]
[5, 6553, 141]
[5, 6553, 146]
[5, 6553, 149]
[5, 6553, 145]
[5, 6553, 133]
[5, 6553, 157]
[5, 6553, 147]
[5, 6553, 139]
[5, 6553, 156]
[5, 6553, 144]
[5, 6553, 146]
[5, 6553, 144]
[5, 6553, 162]
[5, 6553, 158]
[5, 6553, 153]
[5, 6553, 160]
[5, 6553, 164]
[5, 6553, 168]
[5, 6553, 148]
[5, 6553, 166]
[5, 6553, 142]
[5, 6553, 128]
[5, 6553, 150]
[5, 6553, 125]
[5, 6553, 157]
[5, 6553, 127]
[5, 6553, 136]
[10, 13107, 493]
[10, 13107, 476]
[10, 13107, 449]
[10, 13107, 487]
[10, 13107, 446]
[10, 13107, 450]
[10, 13107, 464]
[10, 13107, 500]
[10, 13107, 478]
[10, 13107, 475]
[10, 13107, 461]
[10, 13107, 460]
[10, 13107, 474]
[10, 13107, 468]
[10, 13107, 468]
[10, 13107, 472]
[10, 13107, 468]
[10, 13107, 479]
[10, 13107, 454]
[10, 13107, 449]
[10, 13107, 484]
[10, 13107, 483]
[10, 13107, 453]
[10, 13107, 442]
[10, 13107, 521]
[10, 13107, 457]
[10, 13107, 467]
[10, 13107, 459]
[10, 13107, 468]
[10, 13107, 456]
[10, 13107, 474]
[10, 13107, 466]
[10, 13107, 447]
[10, 13107, 461]
[10, 13107, 486]
[10, 13107, 465]
[10, 13107, 493]
[10, 13107, 472]
[10, 13107, 475]
[10, 13107, 437]
[10, 13107, 436]
[10, 13107, 509]
[10, 13107, 460]
[10, 13107, 490]
[10, 13107, 506]
[10, 13107, 496]
[10, 13107, 477]
[10, 13107, 440]
[10, 13107, 442]
[10, 13107, 497]
[10, 13107, 469]
[10, 13107, 444]
[10, 13107, 456]
[10, 13107, 453]
[10, 13107, 435]
[10, 13107, 462]
[10, 13107, 456]
[10, 13107, 457]
[10, 13107, 478]
[10, 13107, 496]
[10, 13107, 468]
[10, 13107, 464]
[10, 13107, 464]
[10, 13107, 450]
[10, 13107, 494]
[10, 13107, 446]
[10, 13107, 490]
[10, 13107, 459]
[10, 13107, 444]
[10, 13107, 484]
[10, 13107, 483]
[10, 13107, 456]
[10, 13107, 484]
[10, 13107, 468]
[10, 13107, 475]
[10, 13107, 474]
[10, 13107, 472]
[10, 13107, 470]
[10, 13107, 470]
[10, 13107, 496]
[10, 13107, 473]
[10, 13107, 452]
[10, 13107, 440]
[10, 13107, 464]
[10, 13107, 475]
[10, 13107, 448]
[10, 13107, 463]
[10, 13107, 434]
[10, 13107, 458]
[10, 13107, 463]
[10, 13107, 497]
[10, 13107, 467]
[10, 13107, 491]
[10, 13107, 453]
[10, 13107, 475]
[10, 13107, 450]
[10, 13107, 436]
[10, 13107, 467]
[10, 13107, 456]
[10, 13107, 434]
[15, 19660, 981]
[15, 19660, 952]
[15, 19660, 997]
[15, 19660, 974]
[15, 19660, 995]
[15, 19660, 974]
[15, 19660, 923]
[15, 19660, 976]
[15, 19660, 975]
[15, 19660, 939]
[15, 19660, 936]
[15, 19660, 996]
[15, 19660, 984]
[15, 19660, 984]
[15, 19660, 951]
[15, 19660, 919]
[15, 19660, 961]
[15, 19660, 1044]
[15, 19660, 921]
[15, 19660, 999]
[15, 19660, 946]
[15, 19660, 947]
[15, 19660, 973]
[15, 19660, 911]
[15, 19660, 945]
[15, 19660, 984]
[15, 19660, 902]
[15, 19660, 970]
[15, 19660, 937]
[15, 19660, 919]
[15, 19660, 917]
[15, 19660, 1026]
[15, 19660, 917]
[15, 19660, 1019]
[15, 19660, 1028]
[15, 19660, 995]
[15, 19660, 961]
[15, 19660, 961]
[15, 19660, 923]
[15, 19660, 963]
[15, 19660, 1031]
[15, 19660, 893]
[15, 19660, 1007]
[15, 19660, 942]
[15, 19660, 910]
[15, 19660, 991]
[15, 19660, 978]
[15, 19660, 968]
[15, 19660, 950]
[15, 19660, 941]
[15, 19660, 955]
[15, 19660, 990]
[15, 19660, 944]
[15, 19660, 912]
[15, 19660, 902]
[15, 19660, 982]
[15, 19660, 910]
[15, 19660, 966]
[15, 19660, 953]
[15, 19660, 991]
[15, 19660, 954]
[15, 19660, 1000]
[15, 19660, 913]
[15, 19660, 1033]
[15, 19660, 1047]
[15, 19660, 910]
[15, 19660, 928]
[15, 19660, 966]
[15, 19660, 981]
[15, 19660, 1024]
[15, 19660, 996]
[15, 19660, 979]
[15, 19660, 966]
[15, 19660, 925]
[15, 19660, 912]
[15, 19660, 951]
[15, 19660, 956]
[15, 19660, 953]
[15, 19660, 999]
[15, 19660, 966]
[15, 19660, 915]
[15, 19660, 902]
[15, 19660, 978]
[15, 19660, 980]
[15, 19660, 973]
[15, 19660, 977]
[15, 19660, 1019]
[15, 19660, 922]
[15, 19660, 933]
[15, 19660, 937]
[15, 19660, 989]
[15, 19660, 972]
[15, 19660, 963]
[15, 19660, 990]
[15, 19660, 975]
[15, 19660, 958]
[15, 19660, 896]
[15, 19660, 941]
[15, 19660, 990]
[15, 19660, 986]
[20, 26214, 1661]
[20, 26214, 1637]
[20, 26214, 1619]
[20, 26214, 1694]
[20, 26214, 1614]
[20, 26214, 1601]
[20, 26214, 1678]
[20, 26214, 1621]
[20, 26214, 1608]
[20, 26214, 1674]
[20, 26214, 1717]
[20, 26214, 1590]
[20, 26214, 1682]
[20, 26214, 1617]
[20, 26214, 1635]
[20, 26214, 1659]
[20, 26214, 1647]
[20, 26214, 1713]
[20, 26214, 1686]
[20, 26214, 1648]
[20, 26214, 1662]
[20, 26214, 1636]
[20, 26214, 1665]
[20, 26214, 1631]
[20, 26214, 1628]
[20, 26214, 1606]
[20, 26214, 1678]
[20, 26214, 1576]
[20, 26214, 1645]
[20, 26214, 1661]
[20, 26214, 1614]
[20, 26214, 1677]
[20, 26214, 1586]
[20, 26214, 1577]
[20, 26214, 1610]
[20, 26214, 1671]
[20, 26214, 1622]
[20, 26214, 1630]
[20, 26214, 1601]
[20, 26214, 1633]
[20, 26214, 1609]
[20, 26214, 1577]
[20, 26214, 1642]
[20, 26214, 1575]
[20, 26214, 1656]
[20, 26214, 1620]
[20, 26214, 1683]
[20, 26214, 1616]
[20, 26214, 1599]
[20, 26214, 1636]
[20, 26214, 1598]
[20, 26214, 1636]
[20, 26214, 1658]
[20, 26214, 1646]
[20, 26214, 1643]
[20, 26214, 1659]
[20, 26214, 1551]
[20, 26214, 1549]
[20, 26214, 1614]
[20, 26214, 1662]
[20, 26214, 1639]
[20, 26214, 1637]
[20, 26214, 1636]
[20, 26214, 1677]
[20, 26214, 1598]
[20, 26214, 1596]
[20, 26214, 1714]
[20, 26214, 1634]
[20, 26214, 1587]
[20, 26214, 1763]
[20, 26214, 1684]
[20, 26214, 1671]
[20, 26214, 1626]
[20, 26214, 1577]
[20, 26214, 1569]
[20, 26214, 1667]
[20, 26214, 1606]
[20, 26214, 1674]
[20, 26214, 1718]
[20, 26214, 1668]
[20, 26214, 1659]
[20, 26214, 1632]
[20, 26214, 1610]
[20, 26214, 1615]
[20, 26214, 1608]
[20, 26214, 1674]
[20, 26214, 1638]
[20, 26214, 1617]
[20, 26214, 1572]
[20, 26214, 1634]
[20, 26214, 1620]
[20, 26214, 1606]
[20, 26214, 1589]
[20, 26214, 1659]
[20, 26214, 1638]
[20, 26214, 1650]
[20, 26214, 1580]
[20, 26214, 1603]
[20, 26214, 1633]
[20, 26214, 1627]
[25, 32768, 2457]
[25, 32768, 2528]
[25, 32768, 2404]
[25, 32768, 2511]
[25, 32768, 2409]
[25, 32768, 2530]
[25, 32768, 2502]
[25, 32768, 2483]
[25, 32768, 2559]
[25, 32768, 2455]
[25, 32768, 2512]
[25, 32768, 2490]
[25, 32768, 2545]
[25, 32768, 2553]
[25, 32768, 2505]
[25, 32768, 2484]
[25, 32768, 2593]
[25, 32768, 2460]
[25, 32768, 2513]
[25, 32768, 2401]
[25, 32768, 2538]
[25, 32768, 2445]
[25, 32768, 2554]
[25, 32768, 2488]
[25, 32768, 2529]
[25, 32768, 2454]
[25, 32768, 2471]
[25, 32768, 2452]
[25, 32768, 2447]
[25, 32768, 2426]
[25, 32768, 2657]
[25, 32768, 2507]
[25, 32768, 2435]
[25, 32768, 2486]
[25, 32768, 2571]
[25, 32768, 2443]
[25, 32768, 2522]
[25, 32768, 2441]
[25, 32768, 2466]
[25, 32768, 2442]
[25, 32768, 2481]
[25, 32768, 2465]
[25, 32768, 2519]
[25, 32768, 2476]
[25, 32768, 2482]
[25, 32768, 2383]
[25, 32768, 2518]
[25, 32768, 2488]
[25, 32768, 2527]
[25, 32768, 2505]
[25, 32768, 2538]
[25, 32768, 2553]
[25, 32768, 2484]
[25, 32768, 2527]
[25, 32768, 2611]
[25, 32768, 2515]
[25, 32768, 2422]
[25, 32768, 2378]
[25, 32768, 2456]
[25, 32768, 2555]
[25, 32768, 2481]
[25, 32768, 2560]
[25, 32768, 2551]
[25, 32768, 2523]
[25, 32768, 2362]
[25, 32768, 2449]
[25, 32768, 2460]
[25, 32768, 2538]
[25, 32768, 2506]
[25, 32768, 2525]
[25, 32768, 2467]
[25, 32768, 2481]
[25, 32768, 2605]
[25, 32768, 2499]
[25, 32768, 2441]
[25, 32768, 2518]
[25, 32768, 2513]
[25, 32768, 2558]
[25, 32768, 2545]
[25, 32768, 2553]
[25, 32768, 2475]
[25, 32768, 2529]
[25, 32768, 2515]
[25, 32768, 2440]
[25, 32768, 2492]
[25, 32768, 2530]
[25, 32768, 2447]
[25, 32768, 2462]
[25, 32768, 2544]
[25, 32768, 2453]
[25, 32768, 2541]
[25, 32768, 2521]
[25, 32768, 2494]
[25, 32768, 2485]
[25, 32768, 2561]
[25, 32768, 2540]
[25, 32768, 2508]
[25, 32768, 2398]
[25, 32768, 2455]
[25, 32768, 2479]
[30, 39321, 3561]
[30, 39321, 3593]
[30, 39321, 3416]
[30, 39321, 3564]
[30, 39321, 3594]
[30, 39321, 3554]
[30, 39321, 3538]
[30, 39321, 3578]
[30, 39321, 3585]
[30, 39321, 3433]
[30, 39321, 3416]
[30, 39321, 3635]
[30, 39321, 3540]
[30, 39321, 3652]
[30, 39321, 3490]
[30, 39321, 3578]
[30, 39321, 3440]
[30, 39321, 3546]
[30, 39321, 3581]
[30, 39321, 3539]
[30, 39321, 3551]
[30, 39321, 3507]
[30, 39321, 3523]
[30, 39321, 3555]
[30, 39321, 3533]
[30, 39321, 3580]
[30, 39321, 3480]
[30, 39321, 3546]
[30, 39321, 3519]
[30, 39321, 3640]
[30, 39321, 3559]
[30, 39321, 3582]
[30, 39321, 3434]
[30, 39321, 3582]
[30, 39321, 3545]
[30, 39321, 3563]
[30, 39321, 3620]
[30, 39321, 3565]
[30, 39321, 3570]
[30, 39321, 3422]
[30, 39321, 3419]
[30, 39321, 3503]
[30, 39321, 3693]
[30, 39321, 3507]
[30, 39321, 3600]
[30, 39321, 3497]
[30, 39321, 3483]
[30, 39321, 3698]
[30, 39321, 3617]
[30, 39321, 3558]
[30, 39321, 3604]
[30, 39321, 3607]
[30, 39321, 3526]
[30, 39321, 3527]
[30, 39321, 3631]
[30, 39321, 3655]
[30, 39321, 3526]
[30, 39321, 3505]
[30, 39321, 3585]
[30, 39321, 3587]
[30, 39321, 3483]
[30, 39321, 3468]
[30, 39321, 3615]
[30, 39321, 3617]
[30, 39321, 3518]
[30, 39321, 3551]
[30, 39321, 3506]
[30, 39321, 3523]
[30, 39321, 3453]
[30, 39321, 3501]
[30, 39321, 3683]
[30, 39321, 3583]
[30, 39321, 3521]
[30, 39321, 3619]
[30, 39321, 3531]
[30, 39321, 3579]
[30, 39321, 3523]
[30, 39321, 3641]
[30, 39321, 3616]
[30, 39321, 3591]
[30, 39321, 3605]
[30, 39321, 3642]
[30, 39321, 3682]
[30, 39321, 3504]
[30, 39321, 3463]
[30, 39321, 3649]
[30, 39321, 3508]
[30, 39321, 3409]
[30, 39321, 3476]
[30, 39321, 3462]
[30, 39321, 3662]
[30, 39321, 3611]
[30, 39321, 3601]
[30, 39321, 3662]
[30, 39321, 3513]
[30, 39321, 3580]
[30, 39321, 3461]
[30, 39321, 3526]
[30, 39321, 3477]
[30, 39321, 3506]
[35, 45875, 4869]
[35, 45875, 4852]
[35, 45875, 4771]
[35, 45875, 4765]
[35, 45875, 4715]
[35, 45875, 4709]
[35, 45875, 4863]
[35, 45875, 4759]
[35, 45875, 4832]
[35, 45875, 4635]
[35, 45875, 4785]
[35, 45875, 4770]
[35, 45875, 4833]
[35, 45875, 4852]
[35, 45875, 4938]
[35, 45875, 4825]
[35, 45875, 4714]
[35, 45875, 4681]
[35, 45875, 4882]
[35, 45875, 4788]
[35, 45875, 4888]
[35, 45875, 4768]
[35, 45875, 4846]
[35, 45875, 4644]
[35, 45875, 4857]
[35, 45875, 4816]
[35, 45875, 4777]
[35, 45875, 4681]
[35, 45875, 4668]
[35, 45875, 4797]
[35, 45875, 4734]
[35, 45875, 4885]
[35, 45875, 4593]
[35, 45875, 4775]
[35, 45875, 4832]
[35, 45875, 4801]
[35, 45875, 4803]
[35, 45875, 4721]
[35, 45875, 4836]
[35, 45875, 4719]
[35, 45875, 4675]
[35, 45875, 4760]
[35, 45875, 4876]
[35, 45875, 4807]
[35, 45875, 4736]
[35, 45875, 5015]
[35, 45875, 4962]
[35, 45875, 4885]
[35, 45875, 4903]
[35, 45875, 4859]
[35, 45875, 4763]
[35, 45875, 4830]
[35, 45875, 4710]
[35, 45875, 4676]
[35, 45875, 4798]
[35, 45875, 4833]
[35, 45875, 4795]
[35, 45875, 4793]
[35, 45875, 4726]
[35, 45875, 4637]
[35, 45875, 4771]
[35, 45875, 4773]
[35, 45875, 4853]
[35, 45875, 4857]
[35, 45875, 4749]
[35, 45875, 4850]
[35, 45875, 4688]
[35, 45875, 4691]
[35, 45875, 4850]
[35, 45875, 4725]
[35, 45875, 4839]
[35, 45875, 4741]
[35, 45875, 4784]
[35, 45875, 4966]
[35, 45875, 4648]
[35, 45875, 4848]
[35, 45875, 4853]
[35, 45875, 4882]
[35, 45875, 4799]
[35, 45875, 4824]
[35, 45875, 4800]
[35, 45875, 4834]
[35, 45875, 4981]
[35, 45875, 4624]
[35, 45875, 4785]
[35, 45875, 4892]
[35, 45875, 4910]
[35, 45875, 4683]
[35, 45875, 4874]
[35, 45875, 4821]
[35, 45875, 4843]
[35, 45875, 4796]
[35, 45875, 4901]
[35, 45875, 4955]
[35, 45875, 4710]
[35, 45875, 4686]
[35, 45875, 4820]
[35, 45875, 4771]
[35, 45875, 4873]
[35, 45875, 4780]
[40, 52428, 6491]
[40, 52428, 6250]
[40, 52428, 6246]
[40, 52428, 6285]
[40, 52428, 6114]
[40, 52428, 6374]
[40, 52428, 6369]
[40, 52428, 6221]
[40, 52428, 6274]
[40, 52428, 6163]
[40, 52428, 6074]
[40, 52428, 6153]
[40, 52428, 6262]
[40, 52428, 6344]
[40, 52428, 6135]
[40, 52428, 6193]
[40, 52428, 6145]
[40, 52428, 6277]
[40, 52428, 6130]
[40, 52428, 6214]
[40, 52428, 6191]
[40, 52428, 6083]
[40, 52428, 6189]
[40, 52428, 6190]
[40, 52428, 6183]
[40, 52428, 6296]
[40, 52428, 6296]
[40, 52428, 6257]
[40, 52428, 6245]
[40, 52428, 6289]
[40, 52428, 6291]
[40, 52428, 6460]
[40, 52428, 6118]
[40, 52428, 6112]
[40, 52428, 6100]
[40, 52428, 6324]
[40, 52428, 6266]
[40, 52428, 6134]
[40, 52428, 6235]
[40, 52428, 6091]
[40, 52428, 6142]
[40, 52428, 6281]
[40, 52428, 6328]
[40, 52428, 6196]
[40, 52428, 6229]
[40, 52428, 6315]
[40, 52428, 6278]
[40, 52428, 6292]
[40, 52428, 6246]
[40, 52428, 6452]
[40, 52428, 6246]
[40, 52428, 6205]
[40, 52428, 6100]
[40, 52428, 6075]
[40, 52428, 6274]
[40, 52428, 6051]
[40, 52428, 6171]
[40, 52428, 6269]
[40, 52428, 6112]
[40, 52428, 6228]
[40, 52428, 6241]
[40, 52428, 6214]
[40, 52428, 6320]
[40, 52428, 6349]
[40, 52428, 6286]
[40, 52428, 6138]
[40, 52428, 6164]
[40, 52428, 6294]
[40, 52428, 6156]
[40, 52428, 6105]
[40, 52428, 6439]
[40, 52428, 6273]
[40, 52428, 6286]
[40, 52428, 6319]
[40, 52428, 6201]
[40, 52428, 6206]
[40, 52428, 6073]
[40, 52428, 6216]
[40, 52428, 6092]
[40, 52428, 6320]
[40, 52428, 6308]
[40, 52428, 6171]
[40, 52428, 6482]
[40, 52428, 6100]
[40, 52428, 6235]
[40, 52428, 6368]
[40, 52428, 6255]
[40, 52428, 6121]
[40, 52428, 6280]
[40, 52428, 6199]
[40, 52428, 6381]
[40, 52428, 6241]
[40, 52428, 6213]
[40, 52428, 6308]
[40, 52428, 6127]
[40, 52428, 6123]
[40, 52428, 6047]
[40, 52428, 6388]
[40, 52428, 6203]
[40, 52428, 6269]
