[1, 1310, 2, 5, 0, 2, 7, 3, 2, 2, 4, 1, 3, 1, 5, 2, 2, 3]
[1, 1310, 1, 3, 1, 4, 2, 2, 3, 3, 2, 4, 3, 1, 1, 1, 1, 1]
[1, 1310, 1, 2, 1, 1, 1, 2, 3, 5, 2, 2, 3, 0, 3, 2, 2, 2]
[1, 1310, 0, 2, 2, 1, 4, 6, 1, 6, 3, 2, 1, 1, 2, 5, 2, 1]
[1, 1310, 1, 1, 2, 3, 1, 2, 3, 3, 2, 4, 2, 4, 0, 4, 5, 5]
[1, 1310, 1, 2, 1, 0, 5, 4, 4, 2, 1, 3, 2, 2, 2, 3, 2, 2]
[1, 1310, 2, 2, 1, 1, 1, 3, 0, 3, 1, 3, 1, 2, 2, 1, 1, 3]
[1, 1310, 3, 2, 5, 2, 1, 5, 2, 3, 3, 0, 2, 2, 4, 2, 3, 4]
[1, 1310, 3, 1, 3, 2, 2, 2, 4, 4, 2, 2, 1, 1, 6, 1, 0, 4]
[1, 1310, 3, 0, 0, 3, 5, 0, 1, 2, 4, 1, 1, 1, 1, 3, 2, 0]
[1, 1310, 1, 3, 0, 0, 1, 1, 0, 2, 2, 6, 2, 3, 6, 3, 0, 2]
[1, 1310, 0, 1, 2, 0, 2, 0, 1, 1, 3, 3, 3, 2, 3, 2, 2, 4]
[1, 1310, 2, 0, 1, 2, 2, 1, 3, 3, 1, 3, 1, 3, 2, 3, 1, 3]
[1, 1310, 1, 4, 1, 1, 2, 4, 1, 2, 2, 2, 2, 2, 3, 4, 2, 1]
[1, 1310, 3, 6, 4, 3, 2, 3, 2, 3, 5, 0, 4, 2, 1, 4, 3, 0]
[1, 1310, 0, 1, 2, 1, 4, 2, 1, 4, 2, 0, 4, 3, 1, 1, 3, 3]
[1, 1310, 3, 4, 1, 4, 4, 1, 4, 3, 2, 3, 5, 5, 0, 3, 3, 3]
[1, 1310, 2, 1, 2, 4, 0, 3, 3, 2, 1, 0, 1, 1, 2, 2, 2, 4]
[1, 1310, 2, 3, 0, 6, 2, 1, 1, 2, 2, 1, 2, 1, 1, 3, 3, 2]
[1, 1310, 1, 2, 1, 2, 2, 3, 2, 1, 0, 2, 1, 1, 1, 3, 0, 5]
[1, 1310, 1, 3, 3, 1, 1, 3, 2, 3, 1, 6, 2, 3, 5, 1, 3, 1]
[1, 1310, 5, 4, 5, 0, 2, 2, 1, 5, 1, 4, 2, 1, 4, 3, 2, 3]
[1, 1310, 0, 2, 1, 5, 1, 1, 1, 1, 2, 0, 0, 0, 2, 2, 2, 1]
[1, 1310, 4, 3, 1, 0, 2, 4, 2, 0, 1, 3, 3, 1, 2, 0, 2, 1]
[1, 1310, 4, 3, 2, 1, 2, 1, 2, 1, 2, 1, 1, 2, 1, 0, 2, 6]
[1, 1310, 3, 0, 1, 5, 1, 1, 0, 1, 2, 3, 0, 5, 5, 1, 0, 2]
[1, 1310, 2, 2, 1, 4, 0, 1, 2, 1, 4, 0, 3, 2, 1, 1, 3, 2]
[1, 1310, 1, 1, 1, 3, 4, 7, 0, 2, 4, 1, 2, 1, 1, 6, 2, 3]
[1, 1310, 1, 1, 1, 1, 1, 4, 1, 2, 2, 4, 2, 2, 0, 2, 2, 2]
[1, 1310, 0, 2, 4, 0, 7, 4, 3, 1, 1, 3, 1, 1, 1, 1, 4, 2]
[1, 1310, 4, 2, 4, 2, 5, 0, 2, 1, 0, 1, 6, 2, 3, 1, 1, 1]
[1, 1310, 0, 1, 2, 2, 1, 1, 1, 6, 1, 0, 3, 1, 3, 1, 3, 3]
[1, 1310, 2, 1, 0, 5, 2, 1, 5, 2, 2, 1, 1, 3, 2, 4, 1, 5]
[1, 1310, 0, 5, 0, 1, 1, 1, 1, 2, 1, 5, 1, 1, 7, 3, 2, 3]
[1, 1310, 4, 0, 7, 1, 1, 3, 0, 1, 2, 0, 5, 4, 3, 4, 0, 4]
[1, 1310, 1, 4, 2, 4, 2, 4, 0, 0, 2, 3, 2, 0, 3, 3, 1, 4]
[1, 1310, 1, 0, 2, 1, 3, 4, 2, 2, 2, 0, 2, 3, 1, 2, 1, 0]
[1, 1310, 4, 2, 1, 2, 2, 1, 1, 1, 1, 1, 2, 0, 4, 2, 1, 0]
[1, 1310, 2, 2, 1, 1, 3, 1, 0, 0, 4, 1, 0, 0, 3, 1, 2, 3]
[1, 1310, 0, 2, 3, 5, 0, 3, 0, 1, 3, 2, 4, 1, 0, 3, 2, 0]
[1, 1310, 3, 5, 0, 1, 1, 2, 2, 3, 2, 5, 4, 1, 4, 3, 2, 3]
[1, 1310, 2, 2, 2, 0, 4, 3, 1, 0, 5, 3, 3, 0, 3, 2, 3, 1]
[1, 1310, 2, 1, 6, 4, 1, 4, 6, 1, 2, 1, 3, 0, 2, 2, 1, 5]
[1, 1310, 2, 3, 4, 2, 3, 2, 3, 6, 3, 1, 2, 0, 1, 1, 5, 4]
[1, 1310, 4, 3, 1, 1, 3, 3, 1, 1, 2, 3, 5, 1, 1, 3, 4, 2]
[1, 1310, 4, 0, 2, 3, 1, 1, 0, 2, 3, 2, 2, 2, 1, 4, 0, 0]
[1, 1310, 1, 3, 1, 1, 1, 2, 3, 1, 1, 3, 5, 2, 5, 1, 0, 1]
[1, 1310, 2, 2, 2, 3, 0, 3, 1, 2, 2, 1, 3, 2, 1, 4, 3, 1]
[1, 1310, 1, 0, 3, 1, 6, 0, 3, 4, 1, 0, 1, 3, 2, 4, 2, 1]
[1, 1310, 0, 4, 2, 3, 0, 0, 1, 3, 3, 1, 1, 3, 2, 0, 1, 4]
[1, 1310, 1, 0, 1, 2, 2, 3, 0, 4, 1, 5, 2, 0, 0, 5, 1, 4]
[1, 1310, 4, 2, 1, 3, 4, 1, 2, 2, 2, 2, 4, 0, 7, 1, 4, 6]
[1, 1310, 1, 3, 2, 1, 3, 1, 5, 4, 1, 4, 1, 2, 2, 3, 2, 2]
[1, 1310, 2, 3, 1, 3, 1, 1, 5, 2, 1, 2, 2, 5, 2, 3, 2, 5]
[1, 1310, 1, 3, 2, 1, 1, 2, 2, 0, 4, 5, 1, 1, 2, 2, 0, 4]
[1, 1310, 2, 2, 3, 1, 7, 1, 3, 1, 2, 3, 1, 0, 0, 3, 4, 0]
[1, 1310, 5, 1, 4, 4, 3, 2, 1, 1, 2, 2, 1, 2, 5, 4, 2, 2]
[1, 1310, 3, 2, 4, 2, 1, 1, 1, 0, 5, 1, 2, 2, 0, 1, 4, 5]
[1, 1310, 2, 4, 4, 5, 1, 3, 1, 0, 5, 0, 4, 1, 1, 1, 4, 2]
[1, 1310, 3, 1, 1, 0, 2, 2, 2, 2, 2, 1, 4, 2, 1, 0, 1, 5]
[1, 1310, 0, 1, 2, 2, 3, 3, 0, 3, 1, 4, 3, 4, 0, 1, 1, 3]
[1, 1310, 2, 4, 1, 2, 1, 2, 2, 2, 1, 1, 1, 2, 4, 2, 4, 2]
[1, 1310, 2, 2, 2, 3, 2, 1, 1, 2, 4, 0, 2, 3, 3, 4, 2, 0]
[1, 1310, 3, 2, 3, 1, 3, 3, 0, 2, 1, 1, 3, 5, 2, 0, 1, 1]
[1, 1310, 2, 3, 1, 2, 4, 1, 3, 2, 1, 2, 3, 0, 4, 5, 1, 1]
[1, 1310, 1, 1, 5, 2, 6, 2, 3, 0, 3, 1, 2, 2, 2, 0, 3, 3]
[1, 1310, 1, 2, 5, 3, 3, 1, 0, 0, 0, 4, 0, 5, 2, 2, 2, 2]
[1, 1310, 2, 0, 4, 2, 4, 3, 2, 2, 3, 1, 1, 0, 1, 0, 1, 1]
[1, 1310, 1, 2, 2, 3, 1, 3, 2, 0, 1, 0, 2, 1, 2, 0, 1, 4]
[1, 1310, 0, 1, 0, 1, 4, 1, 1, 4, 5, 0, 3, 4, 3, 3, 3, 0]
[1, 1310, 1, 2, 2, 4, 1, 2, 4, 3, 1, 2, 5, 2, 4, 3, 3, 3]
[1, 1310, 0, 3, 1, 1, 1, 1, 5, 1, 1, 0, 3, 4, 3, 2, 0, 4]
[1, 1310, 4, 1, 1, 7, 1, 4, 2, 1, 3, 3, 3, 2, 1, 0, 0, 0]
[1, 1310, 3, 2, 3, 2, 1, 1, 0, 4, 1, 2, 1, 4, 4, 1, 3, 1]
[1, 1310, 5, 3, 1, 5, 2, 5, 1, 3, 1, 2, 2, 0, 2, 0, 1, 0]
[1, 1310, 2, 1, 2, 1, 0, 2, 0, 1, 2, 1, 3, 3, 2, 0, 2, 2]
[1, 1310, 3, 2, 2, 2, 2, 3, 1, 3, 1, 1, 2, 0, 1, 3, 3, 2]
[1, 1310, 1, 2, 3, 4, 0, 0, 1, 2, 3, 1, 0, 1, 3, 1, 4, 0]
[1, 1310, 4, 0, 3, 3, 1, 0, 1, 0, 2, 2, 1, 3, 1, 1, 5, 3]
[1, 1310, 0, 5, 2, 2, 4, 3, 1, 5, 0, 0, 0, 1, 0, 1, 4, 0]
[1, 1310, 0, 2, 1, 2, 4, 1, 5, 3, 2, 5, 1, 2, 3, 4, 1, 3]
[1, 1310, 1, 2, 2, 3, 2, 2, 2, 0, 2, 3, 1, 5, 4, 1, 2, 1]
[1, 1310, 2, 2, 1, 4, 1, 1, 2, 1, 0, 2, 1, 0, 1, 4, 4, 5]
[1, 1310, 2, 4, 1, 2, 3, 0, 2, 1, 2, 0, 2, 4, 3, 1, 0, 1]
[1, 1310, 3, 0, 1, 0, 5, 1, 3, 2, 3, 2, 2, 3, 2, 4, 3, 3]
[1, 1310, 2, 3, 3, 0, 2, 4, 1, 1, 1, 1, 2, 1, 1, 1, 2, 0]
[1, 1310, 2, 2, 1, 0, 0, 1, 2, 1, 3, 2, 2, 0, 0, 3, 1, 0]
[1, 1310, 1, 2, 1, 4, 1, 2, 0, 1, 4, 1, 2, 2, 6, 1, 5, 1]
[1, 1310, 2, 3, 0, 2, 1, 2, 0, 0, 0, 2, 4, 0, 3, 2, 4, 2]
[1, 1310, 1, 2, 3, 2, 2, 5, 3, 1, 0, 5, 2, 1, 1, 1, 5, 0]
[1, 1310, 3, 3, 1, 2, 2, 4, 1, 4, 0, 3, 3, 1, 1, 3, 1, 2]
[1, 1310, 1, 2, 1, 2, 4, 3, 3, 2, 2, 2, 3, 2, 3, 0, 3, 3]
[1, 1310, 1, 2, 0, 4, 6, 1, 1, 1, 0, 1, 3, 3, 8, 3, 1, 2]
[1, 1310, 4, 2, 2, 3, 1, 4, 0, 1, 3, 1, 1, 3, 2, 1, 4, 1]
[1, 1310, 1, 3, 3, 3, 3, 2, 1, 0, 1, 3, 3, 2, 2, 2, 0, 2]
[1, 1310, 2, 1, 2, 1, 1, 3, 2, 3, 2, 4, 1, 2, 4, 1, 3, 1]
[1, 1310, 0, 3, 5, 2, 3, 3, 3, 5, 1, 4, 0, 2, 2, 0, 0, 3]
[1, 1310, 1, 1, 5, 1, 1, 3, 1, 2, 1, 3, 0, 3, 4, 1, 1, 2]
[1, 1310, 3, 4, 5, 0, 3, 4, 1, 2, 3, 1, 1, 0, 2, 2, 1, 3]
[1, 1310, 1, 3, 1, 5, 5, 2, 1, 3, 4, 4, 3, 1, 4, 3, 4, 1]
[2, 2621, 4, 2, 4, 4, 3, 3, 6, 1, 6, 5, 6, 6, 4, 1, 3, 7]
[2, 2621, 3, 5, 5, 6, 4, 6, 10, 3, 9, 4, 9, 4, 7, 2, 7, 4]
[2, 2621, 7, 7, 5, 5, 4, 3, 5, 8, 2, 5, 3, 4, 6, 6, 5, 8]
[2, 2621, 6, 3, 5, 3, 10, 7, 5, 7, 4, 7, 6, 4, 4, 4, 7, 8]
[2, 2621, 6, 3, 6, 10, 9, 7, 10, 7, 9, 6, 4, 7, 4, 9, 3, 7]
[2, 2621, 6, 4, 2, 7, 4, 8, 2, 5, 1, 5, 4, 6, 6, 7, 6, 9]
[2, 2621, 3, 6, 4, 4, 7, 3, 4, 10, 2, 8, 7, 4, 6, 4, 5, 9]
[2, 2621, 4, 5, 6, 6, 5, 8, 4, 5, 7, 4, 5, 5, 4, 8, 4, 3]
[2, 2621, 6, 4, 3, 3, 6, 4, 5, 5, 7, 7, 7, 3, 8, 4, 1, 2]
[2, 2621, 5, 2, 4, 9, 2, 5, 2, 4, 5, 8, 5, 9, 6, 4, 3, 9]
[2, 2621, 3, 4, 5, 4, 4, 2, 2, 10, 2, 7, 5, 2, 1, 2, 8, 6]
[2, 2621, 6, 6, 6, 5, 4, 5, 4, 1, 4, 7, 9, 10, 3, 4, 3, 3]
[2, 2621, 9, 1, 9, 9, 1, 3, 5, 5, 5, 7, 5, 8, 6, 5, 5, 6]
[2, 2621, 2, 7, 5, 6, 3, 6, 6, 4, 3, 3, 5, 5, 6, 9, 2, 4]
[2, 2621, 4, 7, 1, 8, 0, 5, 6, 2, 8, 14, 2, 8, 8, 3, 7, 4]
[2, 2621, 3, 4, 7, 3, 3, 7, 10, 5, 6, 3, 5, 3, 1, 8, 5, 1]
[2, 2621, 2, 7, 7, 5, 4, 5, 6, 11, 1, 4, 6, 3, 1, 4, 1, 8]
[2, 2621, 3, 9, 3, 4, 6, 6, 4, 8, 6, 3, 7, 5, 6, 11, 2, 5]
[2, 2621, 9, 2, 6, 3, 7, 7, 2, 2, 3, 5, 6, 8, 2, 4, 3, 8]
[2, 2621, 3, 2, 11, 7, 7, 2, 5, 7, 4, 8, 8, 7, 6, 2, 5, 10]
[2, 2621, 9, 3, 3, 7, 5, 5, 5, 3, 3, 6, 4, 5, 3, 2, 1, 3]
[2, 2621, 6, 5, 6, 6, 6, 4, 2, 6, 4, 2, 3, 7, 1, 6, 3, 8]
[2, 2621, 3, 5, 3, 7, 10, 5, 3, 8, 5, 6, 3, 9, 3, 8, 6, 4]
[2, 2621, 6, 1, 4, 4, 0, 3, 3, 7, 5, 9, 3, 3, 2, 1, 9, 5]
[2, 2621, 3, 6, 8, 4, 4, 7, 3, 7, 3, 2, 3, 8, 6, 7, 0, 3]
[2, 2621, 7, 3, 6, 3, 6, 5, 5, 9, 3, 3, 4, 5, 3, 4, 2, 4]
[2, 2621, 7, 5, 4, 6, 4, 3, 4, 5, 6, 2, 4, 4, 7, 6, 1, 4]
[2, 2621, 4, 10, 1, 8, 7, 10, 3, 5, 5, 4, 6, 8, 4, 5, 2, 6]
[2, 2621, 4, 8, 6, 7, 4, 6, 2, 6, 6, 3, 2, 6, 5, 4, 5, 6]
[2, 2621, 6, 8, 4, 4, 6, 8, 5, 3, 5, 3, 7, 2, 2, 1, 3, 5]
[2, 2621, 5, 4, 7, 4, 2, 3, 9, 4, 9, 5, 8, 3, 4, 1, 0, 4]
[2, 2621, 6, 5, 3, 6, 5, 2, 7, 4, 2, 4, 7, 3, 5, 4, 7, 8]
[2, 2621, 6, 2, 5, 5, 4, 7, 5, 10, 5, 6, 7, 3, 3, 4, 4, 10]
[2, 2621, 6, 8, 6, 1, 7, 7, 7, 3, 2, 3, 5, 6, 5, 3, 4, 10]
[2, 2621, 4, 1, 3, 8, 7, 3, 9, 6, 3, 3, 4, 2, 3, 6, 4, 5]
[2, 2621, 4, 2, 9, 4, 6, 4, 7, 8, 5, 5, 2, 4, 5, 2, 11, 1]
[2, 2621, 7, 3, 1, 7, 3, 4, 5, 7, 10, 6, 6, 5, 5, 3, 3, 8]
[2, 2621, 15, 3, 7, 5, 5, 4, 9, 4, 3, 3, 7, 5, 5, 3, 3, 3]
[2, 2621, 11, 14, 5, 8, 2, 2, 0, 6, 3, 3, 2, 3, 6, 6, 7, 9]
[2, 2621, 2, 5, 9, 7, 4, 5, 4, 7, 8, 8, 4, 7, 4, 8, 6, 3]
[2, 2621, 6, 3, 8, 8, 5, 5, 8, 4, 2, 1, 9, 4, 3, 6, 3, 2]
[2, 2621, 9, 5, 8, 4, 8, 2, 8, 5, 8, 3, 9, 2, 4, 6, 4, 7]
[2, 2621, 5, 4, 5, 5, 3, 9, 5, 5, 5, 6, 4, 10, 5, 4, 6, 5]
[2, 2621, 5, 0, 6, 8, 7, 10, 6, 6, 2, 4, 5, 9, 5, 2, 9, 4]
[2, 2621, 6, 3, 5, 6, 3, 2, 4, 4, 4, 3, 6, 5, 8, 4, 6, 5]
[2, 2621, 6, 9, 7, 3, 3, 14, 8, 2, 2, 6, 5, 4, 4, 3, 10, 6]
[2, 2621, 4, 6, 2, 2, 3, 4, 6, 5, 5, 3, 1, 4, 5, 10, 4, 4]
[2, 2621, 9, 2, 3, 6, 9, 4, 5, 3, 9, 4, 1, 6, 2, 5, 4, 3]
[2, 2621, 10, 6, 5, 4, 8, 5, 3, 9, 5, 5, 4, 6, 1, 4, 2, 2]
[2, 2621, 7, 8, 3, 3, 3, 3, 5, 3, 5, 2, 3, 5, 9, 5, 6, 5]
[2, 2621, 4, 4, 3, 13, 3, 0, 5, 3, 3, 5, 7, 3, 3, 4, 8, 4]
[2, 2621, 3, 6, 4, 3, 6, 2, 8, 3, 1, 6, 7, 6, 9, 1, 1, 8]
[2, 2621, 6, 4, 4, 7, 5, 2, 3, 4, 4, 5, 9, 1, 0, 11, 9, 2]
[2, 2621, 3, 3, 2, 4, 5, 7, 5, 10, 2, 4, 3, 4, 5, 10, 13, 10]
[2, 2621, 3, 4, 6, 2, 3, 5, 5, 7, 5, 6, 5, 5, 3, 7, 6, 9]
[2, 2621, 5, 9, 5, 3, 3, 1, 3, 2, 1, 5, 5, 5, 3, 8, 4, 2]
[2, 2621, 5, 6, 1, 6, 5, 2, 4, 5, 1, 5, 6, 9, 4, 8, 5, 7]
[2, 2621, 4, 2, 2, 6, 2, 2, 8, 6, 9, 3, 4, 6, 1, 7, 5, 7]
[2, 2621, 6, 3, 1, 6, 6, 4, 4, 4, 6, 7, 7, 6, 3, 5, 7, 3]
[2, 2621, 6, 4, 2, 1, 3, 9, 7, 4, 5, 5, 3, 4, 6, 9, 1, 6]
[2, 2621, 3, 6, 4, 9, 5, 8, 6, 4, 2, 4, 8, 1, 4, 5, 6, 5]
[2, 2621, 6, 1, 2, 6, 7, 7, 6, 4, 3, 2, 9, 6, 6, 5, 7, 0]
[2, 2621, 6, 4, 6, 7, 3, 6, 3, 9, 7, 7, 5, 2, 1, 3, 9, 4]
[2, 2621, 5, 11, 4, 4, 3, 6, 12, 3, 5, 5, 5, 3, 7, 3, 7, 6]
[2, 2621, 6, 6, 8, 4, 4, 2, 6, 4, 5, 5, 5, 4, 4, 11, 2, 4]
[2, 2621, 8, 2, 3, 3, 6, 3, 3, 7, 8, 7, 6, 4, 5, 3, 9, 5]
[2, 2621, 8, 5, 9, 3, 5, 5, 3, 3, 5, 4, 6, 4, 9, 6, 1, 1]
[2, 2621, 6, 6, 4, 4, 4, 3, 6, 7, 6, 6, 7, 5, 2, 1, 6, 2]
[2, 2621, 8, 8, 1, 3, 2, 3, 4, 6, 5, 5, 2, 4, 5, 7, 4, 5]
[2, 2621, 3, 3, 5, 6, 2, 4, 4, 9, 3, 6, 4, 7, 5, 4, 7, 7]
[2, 2621, 5, 2, 2, 3, 5, 3, 4, 3, 5, 4, 8, 6, 8, 7, 6, 4]
[2, 2621, 2, 6, 4, 7, 2, 5, 3, 4, 5, 10, 5, 8, 11, 4, 5, 5]
[2, 2621, 5, 3, 5, 10, 5, 10, 4, 4, 3, 9, 5, 10, 4, 4, 2, 3]
[2, 2621, 2, 2, 5, 2, 2, 6, 6, 9, 4, 2, 5, 5, 4, 5, 6, 5]
[2, 2621, 5, 1, 5, 4, 6, 3, 8, 5, 2, 8, 7, 4, 1, 5, 2, 6]
[2, 2621, 2, 6, 4, 2, 1, 4, 6, 6, 2, 8, 5, 5, 4, 3, 5, 11]
[2, 2621, 4, 5, 7, 3, 6, 3, 4, 5, 4, 1, 10, 3, 5, 6, 5, 3]
[2, 2621, 6, 3, 9, 8, 3, 7, 7, 7, 4, 2, 4, 7, 8, 8, 5, 7]
[2, 2621, 5, 6, 7, 9, 8, 9, 3, 7, 1, 4, 5, 4, 4, 4, 6, 1]
[2, 2621, 2, 12, 2, 10, 3, 8, 4, 7, 6, 7, 6, 5, 6, 8, 5, 4]
[2, 2621, 1, 5, 1, 6, 9, 4, 6, 3, 2, 5, 1, 5, 7, 5, 4, 8]
[2, 2621, 8, 2, 4, 3, 7, 6, 4, 4, 4, 6, 2, 2, 8, 7, 2, 7]
[2, 2621, 8, 1, 5, 1, 4, 5, 6, 3, 3, 3, 2, 2, 8, 7, 0, 6]
[2, 2621, 4, 5, 6, 1, 2, 2, 4, 2, 5, 8, 5, 8, 2, 4, 7, 1]
[2, 2621, 5, 2, 7, 4, 2, 3, 6, 3, 5, 6, 4, 8, 8, 4, 5, 6]
[2, 2621, 7, 5, 6, 6, 4, 5, 8, 2, 4, 0, 7, 5, 7, 5, 5, 3]
[2, 2621, 2, 6, 5, 9, 5, 8, 2, 10, 10, 2, 1, 2, 3, 8, 3, 2]
[2, 2621, 0, 6, 5, 6, 5, 5, 2, 5, 5, 8, 9, 3, 6, 3, 1, 6]
[2, 2621, 2, 7, 5, 7, 5, 6, 4, 2, 4, 5, 4, 3, 9, 4, 2, 2]
[2, 2621, 8, 5, 4, 2, 9, 4, 2, 9, 1, 2, 3, 6, 4, 6, 5, 5]
[2, 2621, 7, 1, 5, 4, 2, 6, 0, 5, 7, 5, 8, 7, 4, 3, 1, 5]
[2, 2621, 4, 6, 3, 5, 2, 5, 4, 6, 7, 5, 6, 5, 4, 5, 2, 7]
[2, 2621, 3, 5, 3, 4, 2, 3, 4, 3, 2, 8, 11, 5, 4, 5, 5, 7]
[2, 2621, 5, 2, 4, 3, 3, 8, 2, 1, 8, 3, 6, 8, 7, 6, 9, 1]
[2, 2621, 2, 7, 1, 6, 4, 3, 5, 3, 7, 3, 5, 6, 3, 6, 7, 4]
[2, 2621, 2, 6, 2, 3, 8, 4, 10, 5, 2, 4, 5, 0, 1, 7, 2, 6]
[2, 2621, 1, 5, 3, 1, 3, 5, 3, 4, 3, 4, 5, 5, 5, 3, 2, 4]
[2, 2621, 2, 6, 4, 6, 6, 4, 8, 5, 5, 3, 2, 5, 3, 4, 3, 9]
[2, 2621, 5, 5, 6, 5, 9, 8, 4, 3, 5, 5, 1, 4, 7, 3, 5, 5]
[2, 2621, 3, 6, 5, 4, 3, 3, 8, 5, 5, 6, 7, 5, 4, 6, 3, 9]
[5, 6553, 20, 12, 20, 15, 11, 18, 21, 9, 16, 14, 15, 22, 18, 21, 19, 8]
[5, 6553, 12, 20, 18, 15, 15, 15, 13, 12, 16, 25, 21, 17, 32, 27, 12, 19]
[5, 6553, 20, 16, 11, 14, 19, 15, 24, 25, 19, 11, 23, 14, 14, 13, 18, 19]
[5, 6553, 16, 22, 18, 15, 18, 18, 27, 19, 31, 17, 12, 24, 15, 28, 9, 14]
[5, 6553, 15, 13, 21, 18, 16, 24, 19, 20, 21, 17, 12, 14, 19, 19, 22, 21]
[5, 6553, 22, 23, 18, 12, 24, 19, 25, 11, 14, 19, 15, 18, 15, 11, 24, 17]
[5, 6553, 17, 22, 19, 34, 11, 19, 22, 17, 18, 20, 28, 16, 17, 14, 19, 16]
[5, 6553, 25, 14, 20, 27, 14, 21, 23, 22, 23, 22, 14, 20, 16, 23, 28, 18]
[5, 6553, 18, 14, 23, 18, 18, 14, 18, 19, 18, 15, 14, 26, 22, 14, 12, 20]
[5, 6553, 23, 14, 18, 15, 16, 22, 12, 14, 15, 17, 12, 19, 16, 26, 19, 16]
[5, 6553, 16, 23, 13, 14, 21, 15, 17, 17, 18, 20, 12, 15, 19, 15, 21, 14]
[5, 6553, 12, 26, 31, 16, 20, 25, 29, 17, 26, 15, 19, 17, 9, 17, 18, 19]
[5, 6553, 10, 21, 14, 20, 12, 21, 23, 16, 13, 22, 22, 18, 17, 14, 23, 8]
[5, 6553, 24, 21, 14, 16, 13, 21, 18, 14, 19, 18, 23, 17, 14, 30, 21, 19]
[5, 6553, 12, 18, 12, 23, 22, 22, 24, 17, 16, 18, 20, 26, 20, 22, 15, 20]
[5, 6553, 19, 15, 14, 15, 20, 18, 21, 19, 18, 12, 27, 19, 15, 13, 26, 24]
[5, 6553, 18, 19, 12, 18, 18, 20, 21, 22, 17, 15, 14, 19, 25, 19, 14, 20]
[5, 6553, 20, 14, 16, 15, 20, 16, 18, 17, 21, 17, 24, 12, 18, 19, 17, 18]
[5, 6553, 17, 14, 12, 20, 20, 15, 21, 20, 18, 13, 17, 22, 20, 29, 18, 18]
[5, 6553, 26, 20, 16, 23, 23, 22, 24, 15, 17, 27, 22, 13, 20, 17, 20, 22]
[5, 6553, 19, 22, 19, 15, 28, 23, 15, 21, 17, 22, 10, 18, 26, 21, 15, 21]
[5, 6553, 24, 19, 13, 11, 20, 11, 20, 23, 11, 16, 17, 17, 28, 17, 14, 23]
[5, 6553, 22, 14, 28, 21, 10, 19, 21, 21, 22, 22, 15, 17, 13, 25, 15, 17]
[5, 6553, 19, 17, 18, 16, 24, 24, 13, 15, 21, 18, 14, 15, 9, 13, 22, 6]
[5, 6553, 23, 16, 19, 13, 19, 16, 18, 19, 13, 24, 22, 18, 18, 17, 30, 19]
[5, 6553, 18, 15, 21, 18, 19, 23, 25, 21, 20, 10, 18, 17, 18, 15, 20, 18]
[5, 6553, 25, 15, 19, 19, 18, 18, 26, 16, 15, 17, 19, 17, 15, 15, 22, 19]
[5, 6553, 29, 16, 14, 14, 15, 22, 23, 20, 20, 19, 23, 21, 15, 12, 26, 17]
[5, 6553, 24, 18, 11, 13, 21, 13, 13, 21, 28, 21, 18, 19, 15, 30, 17, 20]
[5, 6553, 22, 17, 28, 15, 34, 23, 14, 13, 22, 26, 15, 20, 17, 27, 21, 21]
[5, 6553, 7, 12, 16, 18, 25, 17, 18, 22, 22, 31, 21, 9, 17, 19, 18, 21]
[5, 6553, 20, 14, 20, 22, 29, 22, 19, 13, 12, 18, 23, 14, 20, 17, 24, 26]
[5, 6553, 22, 21, 13, 10, 18, 16, 18, 16, 27, 16, 25, 18, 12, 22, 16, 20]
[5, 6553, 19, 10, 20, 19, 17, 21, 14, 23, 23, 22, 13, 13, 13, 13, 21, 16]
[5, 6553, 25, 16, 16, 20, 21, 25, 16, 15, 11, 7, 24, 10, 19, 14, 14, 35]
[5, 6553, 22, 27, 21, 21, 14, 24, 15, 21, 11, 19, 19, 14, 19, 19, 15, 22]
[5, 6553, 20, 18, 16, 14, 19, 12, 21, 21, 24, 24, 24, 22, 31, 14, 17, 23]
[5, 6553, 14, 17, 18, 12, 22, 17, 19, 15, 14, 23, 17, 10, 11, 15, 19, 21]
[5, 6553, 24, 16, 20, 25, 10, 26, 20, 20, 12, 19, 23, 21, 20, 24, 16, 14]
[5, 6553, 14, 16, 25, 14, 10, 15, 19, 16, 19, 15, 18, 28, 22, 19, 17, 17]
[5, 6553, 18, 22, 12, 18, 19, 13, 23, 19, 17, 21, 23, 23, 19, 30, 19, 18]
[5, 6553, 27, 13, 16, 17, 9, 21, 13, 14, 17, 14, 20, 18, 29, 16, 20, 19]
[5, 6553, 15, 17, 13, 10, 17, 16, 16, 21, 19, 20, 14, 16, 17, 13, 19, 19]
[5, 6553, 19, 24, 19, 22, 20, 16, 24, 23, 22, 19, 15, 15, 17, 21, 18, 21]
[5, 6553, 17, 11, 17, 22, 19, 16, 23, 18, 23, 16, 19, 10, 26, 16, 14, 12]
[5, 6553, 22, 28, 15, 17, 19, 21, 21, 12, 17, 19, 16, 18, 16, 25, 9, 8]
[5, 6553, 15, 19, 28, 20, 26, 20, 17, 23, 13, 24, 11, 15, 15, 30, 14, 18]
[5, 6553, 19, 14, 23, 17, 19, 16, 14, 17, 18, 29, 23, 14, 14, 13, 16, 29]
[5, 6553, 18, 18, 27, 21, 21, 16, 13, 17, 14, 12, 14, 13, 24, 17, 14, 12]
[5, 6553, 18, 16, 19, 18, 20, 20, 20, 26, 14, 22, 22, 14, 25, 18, 22, 16]
[5, 6553, 19, 18, 24, 17, 23, 15, 17, 20, 21, 16, 24, 16, 12, 15, 18, 16]
[5, 6553, 20, 20, 33, 13, 27, 18, 33, 19, 19, 25, 13, 16, 20, 26, 30, 17]
[5, 6553, 16, 12, 14, 21, 20, 14, 18, 17, 19, 12, 11, 25, 12, 23, 19, 21]
[5, 6553, 25, 17, 8, 27, 20, 15, 19, 15, 13, 15, 12, 17, 18, 15, 19, 23]
[5, 6553, 16, 23, 28, 17, 16, 21, 13, 12, 10, 13, 25, 18, 23, 21, 15, 22]
[5, 6553, 16, 36, 20, 14, 19, 20, 11, 17, 20, 13, 21, 13, 20, 15, 19, 20]
[5, 6553, 20, 18, 15, 20, 23, 31, 15, 16, 6, 21, 11, 15, 12, 20, 19, 19]
[5, 6553, 14, 21, 11, 19, 16, 15, 13, 17, 31, 16, 8, 15, 15, 16, 17, 17]
[5, 6553, 21, 19, 19, 19, 16, 21, 22, 17, 15, 18, 17, 16, 24, 23, 23, 22]
[5, 6553, 16, 17, 17, 20, 25, 21, 23, 22, 21, 21, 17, 17, 13, 21, 19, 24]
[5, 6553, 27, 19, 17, 27, 22, 9, 21, 18, 16, 19, 11, 13, 33, 21, 18, 18]
[5, 6553, 19, 18, 14, 16, 25, 23, 11, 15, 25, 13, 19, 12, 16, 20, 19, 20]
[5, 6553, 22, 25, 23, 20, 26, 17, 18, 22, 17, 20, 18, 16, 12, 15, 18, 14]
[5, 6553, 19, 14, 19, 16, 16, 19, 15, 14, 9, 20, 10, 21, 9, 22, 14, 29]
[5, 6553, 25, 14, 12, 24, 21, 14, 17, 14, 9, 14, 13, 13, 20, 19, 21, 17]
[5, 6553, 24, 20, 21, 25, 13, 15, 21, 11, 24, 26, 24, 20, 15, 19, 21, 24]
[5, 6553, 14, 17, 15, 22, 17, 22, 17, 17, 21, 21, 22, 18, 31, 11, 13, 15]
[5, 6553, 23, 17, 17, 23, 18, 9, 21, 16, 23, 14, 14, 13, 15, 20, 19, 13]
[5, 6553, 20, 22, 16, 14, 21, 20, 16, 23, 21, 17, 20, 12, 19, 14, 22, 23]
[5, 6553, 9, 25, 13, 19, 12, 22, 23, 19, 23, 22, 21, 21, 20, 18, 15, 25]
[5, 6553, 15, 26, 20, 17, 12, 15, 12, 19, 23, 23, 17, 20, 17, 14, 14, 21]
[5, 6553, 24, 16, 20, 14, 15, 18, 19, 29, 16, 15, 24, 23, 20, 21, 11, 14]
[5, 6553, 11, 19, 27, 13, 12, 14, 22, 12, 11, 18, 26, 21, 13, 19, 13, 15]
[5, 6553, 23, 19, 13, 25, 17, 22, 17, 19, 13, 14, 16, 16, 21, 22, 21, 13]
[5, 6553, 24, 24, 11, 20, 15, 16, 16, 18, 24, 21, 16, 15, 19, 21, 11, 22]
[5, 6553, 21, 17, 17, 20, 12, 18, 13, 21, 20, 28, 12, 19, 13, 19, 21, 18]
[5, 6553, 15, 13, 18, 29, 18, 14, 24, 16, 21, 15, 8, 19, 16, 16, 21, 16]
[5, 6553, 20, 18, 18, 21, 25, 23, 17, 16, 15, 16, 9, 23, 18, 13, 20, 12]
[5, 6553, 22, 24, 18, 19, 21, 15, 22, 14, 22, 13, 21, 15, 19, 16, 9, 21]
[5, 6553, 21, 9, 17, 18, 13, 26, 17, 20, 17, 20, 14, 24, 25, 28, 11, 17]
[5, 6553, 16, 22, 14, 18, 21, 22, 19, 17, 15, 14, 20, 17, 8, 25, 15, 13]
[5, 6553, 15, 15, 14, 11, 27, 20, 29, 24, 21, 19, 21, 20, 24, 15, 12, 18]
[5, 6553, 13, 18, 15, 17, 21, 19, 14, 18, 18, 21, 22, 23, 19, 11, 16, 19]
[5, 6553, 19, 18, 22, 24, 23, 15, 20, 14, 15, 17, 23, 16, 24, 20, 15, 17]
[5, 6553, 26, 22, 18, 24, 19, 19, 21, 13, 16, 19, 11, 19, 14, 23, 19, 24]
[5, 6553, 23, 15, 15, 18, 15, 19, 14, 17, 20, 16, 20, 24, 20, 12, 18, 16]
[5, 6553, 22, 17, 13, 16, 21, 13, 22, 18, 21, 19, 12, 15, 20, 13, 25, 17]
[5, 6553, 16, 17, 19, 20, 18, 16, 23, 21, 29, 22, 17, 23, 31, 22, 25, 15]
[5, 6553, 21, 29, 22, 12, 16, 17, 26, 10, 15, 17, 15, 20, 17, 19, 20, 8]
[5, 6553, 24, 20, 25, 12, 21, 17, 18, 13, 12, 10, 20, 25, 17, 13, 14, 15]
[5, 6553, 11, 25, 19, 14, 29, 24, 21, 25, 23, 15, 18, 10, 22, 14, 20, 21]
[5, 6553, 20, 19, 20, 22, 18, 27, 10, 24, 24, 12, 21, 17, 20, 17, 17, 22]
[5, 6553, 16, 15, 11, 19, 21, 13, 23, 20, 20, 16, 18, 23, 20, 21, 18, 25]
[5, 6553, 16, 20, 18, 10, 16, 31, 22, 15, 18, 19, 19, 29, 18, 30, 20, 19]
[5, 6553, 11, 28, 17, 14, 14, 18, 11, 19, 18, 17, 21, 25, 22, 23, 15, 19]
[5, 6553, 23, 22, 12, 11, 21, 21, 21, 12, 26, 16, 20, 17, 13, 18, 13, 15]
[5, 6553, 15, 19, 19, 19, 20, 12, 23, 21, 17, 25, 21, 16, 15, 8, 18, 25]
[5, 6553, 22, 18, 19, 15, 12, 16, 17, 17, 23, 13, 15, 22, 9, 26, 14, 30]
[5, 6553, 18, 11, 19, 18, 17, 18, 26, 12, 16, 17, 22, 14, 20, 13, 20, 14]
[5, 6553, 19, 18, 19, 18, 22, 17, 16, 22, 17, 13, 18, 21, 19, 17, 13, 16]
[10, 13107, 67, 50, 46, 48, 74, 60, 70, 50, 56, 59, 61, 44, 67, 60, 57, 53]
[10, 13107, 51, 57, 40, 67, 51, 74, 59, 64, 41, 53, 71, 56, 54, 53, 70, 50]
[10, 13107, 56, 62, 59, 49, 44, 50, 55, 65, 60, 52, 69, 57, 49, 76, 54, 75]
[10, 13107, 57, 60, 64, 50, 74, 57, 65, 54, 69, 59, 57, 59, 60, 51, 55, 59]
[10, 13107, 61, 48, 87, 52, 49, 58, 65, 68, 53, 73, 59, 62, 53, 53, 43, 75]
[10, 13107, 57, 55, 57, 62, 62, 54, 50, 64, 54, 58, 50, 48, 54, 55, 73, 61]
[10, 13107, 56, 37, 46, 62, 66, 71, 61, 64, 56, 41, 67, 56, 51, 67, 52, 64]
[10, 13107, 71, 78, 51, 55, 42, 41, 67, 58, 50, 49, 57, 45, 53, 57, 47, 58]
[10, 13107, 61, 60, 56, 59, 59, 63, 61, 57, 55, 57, 58, 71, 74, 56, 60, 61]
[10, 13107, 65, 54, 47, 59, 54, 48, 59, 67, 36, 58, 74, 64, 51, 54, 58, 53]
[10, 13107, 58, 72, 62, 66, 68, 52, 63, 68, 59, 61, 53, 42, 67, 48, 53, 62]
[10, 13107, 47, 63, 62, 63, 68, 65, 67, 64, 75, 61, 62, 75, 52, 47, 50, 52]
[10, 13107, 60, 47, 51, 68, 68, 49, 57, 56, 51, 49, 58, 52, 59, 59, 72, 63]
[10, 13107, 65, 72, 58, 68, 51, 67, 72, 58, 57, 51, 53, 55, 57, 69, 59, 47]
[10, 13107, 35, 62, 54, 57, 50, 53, 71, 53, 57, 61, 45, 73, 53, 64, 48, 58]
[10, 13107, 47, 55, 63, 55, 67, 61, 59, 53, 55, 64, 52, 60, 64, 67, 56, 49]
[10, 13107, 51, 55, 63, 69, 76, 74, 70, 56, 70, 64, 59, 60, 47, 55, 56, 51]
[10, 13107, 48, 77, 48, 72, 59, 57, 66, 65, 48, 58, 49, 50, 56, 63, 53, 67]
[10, 13107, 63, 59, 64, 62, 61, 59, 73, 50, 61, 63, 54, 66, 46, 57, 48, 59]
[10, 13107, 71, 60, 62, 58, 52, 45, 56, 57, 64, 64, 55, 56, 66, 56, 51, 64]
[10, 13107, 60, 62, 69, 48, 62, 68, 56, 72, 60, 46, 59, 49, 71, 62, 51, 61]
[10, 13107, 55, 46, 49, 48, 54, 56, 44, 48, 60, 69, 66, 54, 65, 56, 55, 56]
[10, 13107, 50, 51, 54, 59, 74, 63, 67, 38, 54, 49, 51, 59, 66, 71, 68, 43]
[10, 13107, 40, 55, 62, 58, 75, 84, 47, 49, 51, 53, 58, 56, 47, 51, 52, 46]
[10, 13107, 65, 75, 60, 66, 65, 47, 55, 68, 49, 56, 52, 69, 63, 81, 60, 59]
[10, 13107, 54, 49, 64, 58, 61, 60, 63, 53, 54, 50, 65, 33, 60, 67, 66, 56]
[10, 13107, 53, 46, 47, 52, 53, 64, 69, 50, 42, 63, 44, 45, 58, 57, 58, 57]
[10, 13107, 53, 56, 82, 64, 54, 52, 41, 55, 75, 64, 55, 57, 73, 55, 60, 64]
[10, 13107, 52, 50, 54, 56, 63, 60, 59, 66, 67, 55, 53, 60, 70, 57, 60, 53]
[10, 13107, 69, 47, 57, 56, 63, 53, 63, 52, 68, 68, 69, 56, 57, 72, 74, 73]
[10, 13107, 44, 49, 61, 70, 68, 65, 53, 48, 62, 64, 67, 63, 61, 62, 64, 52]
[10, 13107, 68, 55, 55, 46, 68, 54, 49, 49, 52, 55, 64, 62, 53, 49, 60, 60]
[10, 13107, 63, 56, 73, 51, 50, 52, 56, 56, 67, 74, 59, 51, 61, 69, 48, 59]
[10, 13107, 51, 49, 51, 59, 51, 60, 64, 52, 57, 54, 56, 60, 53, 58, 68, 59]
[10, 13107, 60, 55, 56, 52, 62, 64, 61, 50, 58, 80, 50, 53, 55, 54, 62, 67]
[10, 13107, 69, 45, 49, 55, 54, 51, 59, 63, 52, 58, 58, 56, 55, 63, 73, 58]
[10, 13107, 56, 69, 47, 50, 65, 55, 77, 56, 61, 49, 58, 58, 52, 50, 63, 54]
[10, 13107, 50, 64, 66, 50, 67, 65, 63, 66, 69, 54, 54, 61, 52, 59, 59, 53]
[10, 13107, 70, 59, 55, 57, 59, 63, 69, 56, 64, 55, 53, 54, 48, 59, 64, 53]
[10, 13107, 48, 67, 63, 63, 74, 53, 73, 58, 46, 56, 50, 59, 56, 56, 62, 60]
[10, 13107, 52, 54, 51, 70, 43, 59, 64, 54, 55, 58, 56, 69, 45, 57, 45, 68]
[10, 13107, 59, 59, 45, 55, 41, 62, 49, 56, 66, 52, 50, 51, 54, 48, 58, 66]
[10, 13107, 58, 53, 58, 64, 48, 65, 74, 62, 59, 57, 64, 59, 61, 49, 64, 61]
[10, 13107, 58, 73, 61, 60, 55, 53, 72, 47, 61, 49, 48, 65, 55, 48, 62, 62]
[10, 13107, 72, 58, 65, 53, 50, 50, 57, 60, 66, 39, 56, 44, 61, 58, 45, 51]
[10, 13107, 61, 75, 66, 46, 38, 53, 67, 38, 57, 51, 59, 55, 58, 55, 59, 57]
[10, 13107, 53, 59, 48, 58, 50, 70, 75, 64, 53, 58, 38, 66, 68, 62, 48, 68]
[10, 13107, 57, 65, 49, 50, 62, 57, 40, 55, 61, 67, 55, 51, 63, 68, 52, 65]
[10, 13107, 48, 74, 68, 72, 49, 57, 58, 59, 47, 60, 80, 47, 62, 61, 60, 56]
[10, 13107, 56, 71, 61, 52, 59, 45, 47, 58, 57, 60, 50, 63, 64, 46, 68, 51]
[10, 13107, 57, 42, 70, 71, 51, 49, 62, 56, 76, 55, 64, 62, 49, 50, 56, 53]
[10, 13107, 53, 48, 70, 57, 64, 53, 70, 59, 57, 49, 52, 55, 56, 61, 56, 64]
[10, 13107, 56, 47, 73, 53, 52, 68, 58, 66, 50, 65, 56, 48, 61, 62, 67, 75]
[10, 13107, 55, 50, 53, 60, 75, 59, 57, 67, 47, 55, 53, 64, 62, 77, 58, 78]
[10, 13107, 57, 67, 62, 56, 50, 69, 54, 64, 57, 72, 63, 59, 65, 65, 55, 56]
[10, 13107, 73, 65, 76, 51, 70, 69, 59, 53, 54, 71, 75, 47, 53, 62, 52, 48]
[10, 13107, 65, 55, 54, 73, 52, 74, 44, 51, 39, 63, 54, 59, 59, 63, 52, 62]
[10, 13107, 64, 47, 48, 50, 71, 66, 60, 65, 61, 47, 55, 61, 56, 58, 75, 50]
[10, 13107, 56, 57, 50, 53, 63, 61, 49, 46, 52, 54, 49, 64, 71, 71, 54, 53]
[10, 13107, 55, 54, 48, 44, 59, 47, 45, 48, 65, 58, 51, 63, 52, 53, 60, 80]
[10, 13107, 57, 53, 79, 53, 55, 59, 58, 64, 52, 44, 51, 58, 62, 62, 59, 41]
[10, 13107, 76, 47, 74, 67, 69, 49, 68, 52, 54, 56, 63, 67, 59, 63, 71, 54]
[10, 13107, 46, 48, 72, 76, 56, 61, 59, 65, 64, 46, 63, 57, 72, 48, 65, 60]
[10, 13107, 50, 59, 51, 66, 59, 59, 63, 51, 49, 50, 61, 53, 66, 71, 44, 71]
[10, 13107, 73, 56, 58, 65, 66, 68, 46, 48, 53, 69, 58, 70, 62, 43, 55, 58]
[10, 13107, 65, 59, 69, 57, 47, 71, 57, 70, 57, 60, 42, 65, 52, 61, 71, 62]
[10, 13107, 44, 52, 62, 79, 51, 50, 54, 78, 45, 73, 59, 53, 57, 49, 49, 62]
[10, 13107, 56, 62, 54, 60, 58, 68, 62, 73, 73, 58, 52, 49, 55, 74, 67, 49]
[10, 13107, 58, 68, 38, 59, 56, 76, 56, 50, 59, 81, 64, 72, 54, 56, 66, 60]
[10, 13107, 54, 51, 53, 53, 63, 77, 55, 61, 58, 56, 61, 60, 58, 57, 53, 59]
[10, 13107, 48, 66, 54, 59, 49, 57, 52, 48, 63, 58, 68, 71, 63, 64, 90, 53]
[10, 13107, 69, 70, 58, 62, 56, 43, 81, 54, 66, 55, 53, 64, 67, 57, 53, 64]
[10, 13107, 52, 53, 55, 56, 59, 62, 64, 82, 61, 56, 70, 65, 68, 64, 60, 54]
[10, 13107, 68, 63, 59, 56, 59, 62, 59, 74, 56, 65, 51, 63, 68, 50, 57, 52]
[10, 13107, 65, 46, 51, 63, 64, 48, 62, 51, 56, 68, 54, 47, 48, 56, 56, 56]
[10, 13107, 52, 55, 64, 61, 55, 56, 58, 56, 64, 54, 49, 50, 69, 59, 65, 57]
[10, 13107, 47, 49, 64, 54, 55, 53, 56, 57, 46, 60, 49, 53, 58, 58, 53, 56]
[10, 13107, 58, 54, 43, 48, 66, 60, 68, 65, 55, 52, 51, 57, 63, 60, 56, 83]
[10, 13107, 52, 70, 60, 57, 48, 58, 62, 58, 59, 52, 63, 50, 59, 61, 63, 54]
[10, 13107, 67, 62, 52, 48, 47, 46, 48, 51, 51, 63, 69, 73, 71, 52, 59, 53]
[10, 13107, 66, 58, 60, 59, 63, 54, 55, 57, 58, 54, 69, 60, 53, 66, 71, 51]
[10, 13107, 44, 60, 57, 64, 56, 73, 73, 60, 46, 59, 46, 58, 63, 64, 48, 42]
[10, 13107, 43, 62, 68, 64, 49, 52, 57, 74, 55, 74, 70, 72, 46, 48, 64, 51]
[10, 13107, 54, 54, 49, 54, 64, 60, 56, 47, 57, 69, 69, 66, 51, 62, 49, 67]
[10, 13107, 64, 64, 53, 67, 60, 60, 48, 42, 70, 60, 57, 51, 51, 71, 53, 69]
[10, 13107, 50, 53, 49, 47, 62, 63, 60, 79, 69, 60, 63, 51, 55, 66, 60, 54]
[10, 13107, 68, 53, 59, 49, 54, 59, 58, 58, 54, 37, 50, 65, 73, 55, 62, 53]
[10, 13107, 64, 62, 65, 62, 49, 61, 61, 61, 55, 63, 53, 65, 62, 59, 54, 69]
[10, 13107, 66, 59, 58, 59, 64, 73, 60, 45, 48, 60, 63, 62, 50, 59, 59, 55]
[10, 13107, 73, 59, 54, 46, 63, 51, 57, 56, 76, 59, 60, 49, 68, 58, 66, 59]
[10, 13107, 62, 55, 55, 59, 61, 72, 59, 67, 57, 47, 68, 57, 49, 50, 62, 66]
[10, 13107, 64, 53, 67, 55, 45, 57, 70, 60, 76, 55, 62, 54, 61, 47, 53, 58]
[10, 13107, 69, 57, 51, 51, 57, 40, 55, 56, 61, 55, 69, 56, 56, 54, 62, 69]
[10, 13107, 46, 61, 49, 47, 39, 67, 52, 65, 53, 73, 60, 46, 65, 55, 59, 59]
[10, 13107, 59, 54, 60, 63, 68, 61, 58, 62, 57, 58, 51, 80, 67, 70, 47, 53]
[10, 13107, 58, 56, 59, 58, 61, 66, 69, 67, 64, 69, 55, 68, 45, 69, 71, 65]
[10, 13107, 72, 62, 62, 57, 61, 52, 49, 64, 42, 52, 61, 67, 62, 69, 53, 58]
[10, 13107, 57, 58, 72, 66, 50, 51, 64, 59, 51, 49, 56, 80, 44, 45, 62, 52]
[10, 13107, 57, 68, 68, 69, 46, 55, 42, 59, 61, 36, 63, 50, 73, 72, 64, 56]
[10, 13107, 65, 53, 62, 59, 60, 54, 62, 51, 65, 73, 58, 55, 71, 57, 46, 57]
[15, 19660, 125, 111, 112, 139, 109, 113, 115, 122, 127, 132, 125, 135, 100, 123, 125, 110]
[15, 19660, 114, 113, 110, 101, 109, 138, 115, 120, 114, 98, 126, 133, 112, 117, 124, 120]
[15, 19660, 137, 138, 118, 114, 119, 121, 129, 152, 138, 123, 128, 127, 107, 128, 127, 116]
[15, 19660, 97, 123, 114, 119, 137, 122, 105, 127, 120, 134, 137, 118, 129, 152, 94, 112]
[15, 19660, 139, 119, 138, 110, 112, 120, 126, 126, 125, 114, 111, 116, 129, 133, 106, 137]
[15, 19660, 112, 110, 110, 126, 134, 131, 120, 109, 140, 125, 121, 112, 116, 94, 96, 118]
[15, 19660, 114, 121, 117, 130, 122, 123, 103, 113, 147, 113, 136, 123, 112, 123, 123, 133]
[15, 19660, 131, 127, 114, 124, 115, 129, 121, 113, 130, 113, 106, 127, 125, 93, 127, 119]
[15, 19660, 135, 117, 130, 132, 124, 147, 105, 109, 106, 139, 122, 122, 129, 115, 119, 123]
[15, 19660, 137, 132, 120, 115, 117, 107, 111, 103, 115, 88, 112, 109, 117, 113, 141, 147]
[15, 19660, 113, 104, 99, 120, 129, 106, 130, 128, 122, 108, 125, 107, 147, 114, 119, 118]
[15, 19660, 102, 119, 129, 145, 122, 120, 118, 133, 118, 120, 109, 117, 117, 124, 112, 115]
[15, 19660, 111, 109, 136, 132, 128, 116, 114, 127, 103, 114, 100, 133, 124, 136, 123, 108]
[15, 19660, 121, 115, 100, 119, 106, 113, 110, 119, 136, 103, 139, 130, 105, 128, 107, 113]
[15, 19660, 105, 137, 112, 131, 109, 107, 126, 98, 97, 126, 116, 131, 116, 112, 127, 129]
[15, 19660, 87, 129, 102, 122, 148, 107, 123, 109, 93, 130, 104, 135, 125, 111, 140, 134]
[15, 19660, 119, 127, 124, 112, 121, 128, 118, 128, 140, 114, 113, 113, 99, 126, 133, 117]
[15, 19660, 122, 126, 119, 157, 147, 151, 128, 130, 127, 102, 127, 144, 115, 139, 120, 123]
[15, 19660, 108, 135, 132, 123, 110, 126, 117, 118, 114, 105, 124, 115, 126, 119, 108, 117]
[15, 19660, 130, 118, 124, 97, 113, 105, 114, 144, 118, 133, 129, 111, 114, 131, 97, 148]
[15, 19660, 125, 130, 128, 108, 110, 146, 123, 134, 109, 119, 114, 123, 132, 107, 114, 136]
[15, 19660, 130, 124, 126, 124, 136, 118, 120, 104, 105, 132, 137, 115, 107, 132, 110, 120]
[15, 19660, 130, 113, 110, 120, 116, 116, 130, 112, 131, 106, 128, 132, 127, 127, 112, 137]
[15, 19660, 109, 111, 110, 101, 144, 122, 127, 106, 115, 129, 128, 134, 120, 114, 146, 119]
[15, 19660, 127, 127, 115, 128, 114, 117, 118, 106, 102, 119, 116, 116, 122, 118, 136, 129]
[15, 19660, 126, 123, 94, 99, 112, 129, 102, 111, 120, 96, 130, 102, 117, 133, 122, 114]
[15, 19660, 132, 111, 143, 133, 126, 125, 145, 117, 114, 114, 119, 136, 151, 135, 121, 131]
[15, 19660, 125, 113, 124, 128, 121, 111, 111, 101, 138, 101, 112, 121, 128, 132, 124, 143]
[15, 19660, 125, 107, 111, 104, 136, 118, 98, 121, 136, 130, 116, 101, 123, 109, 124, 138]
[15, 19660, 130, 116, 142, 107, 131, 117, 95, 106, 117, 105, 144, 123, 131, 130, 138, 122]
[15, 19660, 108, 125, 131, 131, 132, 106, 103, 115, 109, 126, 94, 130, 102, 115, 100, 126]
[15, 19660, 125, 123, 138, 119, 131, 133, 139, 115, 131, 109, 138, 109, 109, 113, 131, 110]
[15, 19660, 125, 95, 130, 119, 122, 118, 118, 125, 131, 124, 118, 118, 115, 138, 117, 112]
[15, 19660, 131, 99, 121, 116, 109, 109, 123, 133, 143, 115, 122, 112, 119, 115, 129, 116]
[15, 19660, 110, 97, 140, 114, 141, 120, 90, 127, 118, 115, 141, 104, 92, 131, 134, 136]
[15, 19660, 123, 126, 134, 129, 105, 128, 114, 110, 105, 112, 120, 102, 124, 113, 158, 111]
[15, 19660, 117, 116, 127, 128, 125, 108, 132, 101, 125, 125, 116, 125, 101, 112, 122, 121]
[15, 19660, 108, 104, 127, 120, 121, 117, 121, 128, 126, 133, 111, 138, 122, 113, 117, 113]
[15, 19660, 116, 103, 124, 144, 115, 126, 106, 98, 120, 128, 116, 128, 98, 111, 130, 121]
[15, 19660, 117, 131, 130, 123, 134, 115, 126, 93, 130, 142, 108, 132, 110, 124, 111, 106]
[15, 19660, 114, 102, 125, 134, 105, 116, 137, 144, 118, 112, 131, 105, 106, 128, 119, 112]
[15, 19660, 118, 118, 117, 110, 116, 138, 125, 122, 135, 109, 123, 118, 118, 133, 101, 118]
[15, 19660, 132, 103, 107, 107, 126, 130, 132, 123, 124, 99, 106, 106, 121, 122, 128, 115]
[15, 19660, 105, 137, 116, 124, 114, 99, 137, 113, 115, 122, 112, 119, 110, 130, 135, 137]
[15, 19660, 113, 127, 103, 127, 121, 131, 121, 142, 126, 108, 114, 141, 113, 134, 114, 120]
[15, 19660, 119, 138, 133, 111, 125, 117, 126, 107, 98, 109, 127, 131, 132, 126, 128, 95]
[15, 19660, 134, 115, 130, 138, 132, 139, 129, 109, 118, 118, 103, 112, 139, 96, 102, 146]
[15, 19660, 95, 125, 110, 104, 133, 110, 111, 106, 136, 127, 137, 139, 114, 124, 98, 127]
[15, 19660, 114, 129, 121, 101, 111, 120, 128, 109, 132, 145, 127, 120, 127, 129, 132, 116]
[15, 19660, 117, 135, 118, 126, 134, 119, 119, 120, 125, 103, 113, 139, 120, 134, 124, 142]
[15, 19660, 117, 137, 126, 125, 118, 129, 105, 127, 104, 108, 127, 97, 115, 107, 149, 106]
[15, 19660, 104, 103, 123, 116, 136, 131, 116, 125, 114, 112, 112, 122, 96, 116, 120, 127]
[15, 19660, 131, 111, 137, 112, 111, 132, 115, 112, 120, 110, 101, 118, 156, 133, 120, 126]
[15, 19660, 127, 117, 110, 136, 134, 114, 135, 120, 94, 108, 117, 128, 113, 133, 125, 106]
[15, 19660, 108, 103, 111, 133, 131, 94, 117, 108, 130, 126, 121, 116, 102, 109, 129, 111]
[15, 19660, 127, 160, 132, 126, 134, 109, 119, 145, 120, 123, 119, 112, 112, 121, 117, 122]
[15, 19660, 128, 119, 114, 130, 129, 106, 106, 111, 107, 100, 124, 123, 137, 123, 134, 126]
[15, 19660, 106, 125, 117, 124, 130, 133, 114, 123, 115, 110, 132, 139, 101, 112, 119, 150]
[15, 19660, 118, 120, 114, 106, 129, 119, 109, 124, 108, 113, 117, 116, 117, 138, 117, 110]
[15, 19660, 141, 136, 107, 108, 131, 112, 127, 128, 108, 115, 111, 131, 112, 108, 104, 150]
[15, 19660, 124, 108, 121, 121, 120, 133, 115, 135, 109, 116, 106, 114, 112, 111, 134, 106]
[15, 19660, 110, 119, 132, 137, 140, 122, 121, 108, 118, 110, 111, 111, 101, 108, 121, 121]
[15, 19660, 116, 124, 109, 149, 144, 99, 117, 118, 117, 100, 134, 113, 125, 104, 123, 142]
[15, 19660, 121, 114, 118, 127, 120, 127, 112, 111, 103, 108, 134, 117, 114, 114, 94, 125]
[15, 19660, 150, 131, 122, 109, 110, 118, 119, 89, 98, 116, 112, 141, 137, 109, 112, 135]
[15, 19660, 138, 115, 114, 113, 130, 119, 100, 113, 134, 126, 131, 113, 116, 126, 103, 121]
[15, 19660, 136, 118, 125, 106, 116, 106, 142, 110, 131, 134, 122, 127, 125, 117, 127, 129]
[15, 19660, 128, 117, 136, 127, 119, 131, 109, 150, 119, 124, 146, 117, 103, 115, 114, 120]
[15, 19660, 119, 114, 103, 117, 134, 124, 131, 109, 116, 105, 111, 125, 119, 137, 135, 107]
[15, 19660, 118, 106, 114, 115, 117, 145, 119, 137, 107, 117, 121, 117, 107, 110, 114, 117]
[15, 19660, 108, 128, 133, 124, 97, 106, 105, 119, 112, 111, 113, 121, 131, 122, 128, 105]
[15, 19660, 104, 99, 125, 123, 140, 145, 145, 114, 126, 123, 87, 149, 124, 136, 133, 124]
[15, 19660, 101, 115, 115, 129, 115, 137, 148, 152, 123, 114, 137, 120, 151, 123, 116, 130]
[15, 19660, 124, 120, 120, 119, 127, 118, 118, 125, 122, 140, 114, 124, 106, 114, 128, 117]
[15, 19660, 132, 116, 103, 115, 92, 97, 127, 109, 110, 107, 127, 120, 132, 127, 114, 106]
[15, 19660, 104, 138, 125, 132, 116, 110, 126, 115, 130, 115, 124, 128, 151, 112, 109, 121]
[15, 19660, 129, 134, 124, 112, 119, 141, 129, 126, 122, 131, 129, 107, 120, 127, 109, 132]
[15, 19660, 98, 133, 110, 130, 103, 120, 137, 116, 116, 122, 121, 104, 125, 106, 130, 132]
[15, 19660, 134, 95, 136, 103, 110, 98, 116, 104, 121, 120, 104, 101, 140, 110, 126, 138]
[15, 19660, 117, 111, 98, 106, 146, 125, 135, 104, 101, 121, 105, 119, 116, 110, 116, 95]
[15, 19660, 112, 113, 147, 110, 107, 137, 110, 126, 112, 107, 101, 135, 118, 125, 114, 122]
[15, 19660, 104, 113, 123, 106, 141, 132, 110, 102, 107, 138, 136, 125, 131, 108, 115, 116]
[15, 19660, 128, 110, 132, 113, 107, 121, 119, 133, 109, 105, 111, 134, 125, 110, 129, 109]
[15, 19660, 117, 144, 116, 117, 117, 130, 114, 134, 108, 134, 130, 138, 128, 129, 124, 106]
[15, 19660, 114, 105, 109, 121, 123, 138, 100, 130, 119, 126, 124, 118, 121, 135, 122, 144]
[15, 19660, 131, 120, 106, 130, 131, 139, 112, 124, 123, 115, 110, 127, 121, 157, 104, 127]
[15, 19660, 115, 113, 119, 108, 114, 119, 122, 128, 111, 121, 121, 122, 123, 103, 140, 121]
[15, 19660, 136, 109, 123, 127, 109, 128, 128, 106, 102, 130, 113, 129, 118, 112, 119, 130]
[15, 19660, 143, 109, 96, 123, 111, 119, 110, 140, 121, 109, 120, 125, 121, 114, 124, 114]
[15, 19660, 121, 130, 105, 118, 138, 122, 119, 115, 110, 120, 106, 125, 117, 102, 136, 111]
[15, 19660, 139, 99, 127, 127, 114, 123, 104, 108, 119, 104, 122, 113, 117, 122, 111, 132]
[15, 19660, 110, 121, 122, 108, 121, 125, 110, 130, 131, 115, 143, 107, 118, 109, 127, 127]
[15, 19660, 126, 128, 125, 121, 132, 113, 99, 117, 125, 121, 109, 129, 139, 128, 130, 126]
[15, 19660, 126, 112, 138, 104, 102, 120, 111, 106, 132, 134, 139, 116, 96, 111, 115, 123]
[15, 19660, 122, 121, 114, 140, 142, 136, 128, 109, 112, 132, 128, 116, 114, 117, 117, 130]
[15, 19660, 121, 115, 122, 101, 135, 129, 141, 109, 125, 124, 131, 119, 122, 123, 113, 120]
[15, 19660, 110, 116, 129, 94, 107, 114, 109, 120, 114, 120, 124, 123, 134, 86, 97, 107]
[15, 19660, 106, 124, 117, 128, 113, 110, 118, 99, 110, 124, 98, 131, 116, 102, 139, 125]
[15, 19660, 123, 124, 127, 111, 131, 93, 114, 109, 122, 104, 132, 121, 157, 123, 108, 126]
[15, 19660, 100, 113, 142, 145, 135, 117, 112, 117, 125, 129, 122, 124, 125, 107, 117, 115]
[20, 26214, 174, 206, 194, 215, 195, 205, 219, 216, 205, 202, 222, 192, 195, 215, 205, 197]
[20, 26214, 192, 205, 212, 204, 193, 214, 199, 192, 216, 180, 232, 217, 196, 230, 193, 181]
[20, 26214, 228, 236, 219, 203, 198, 169, 189, 240, 181, 213, 213, 204, 221, 188, 199, 236]
[20, 26214, 194, 176, 244, 211, 215, 223, 183, 204, 180, 223, 179, 190, 186, 238, 185, 225]
[20, 26214, 205, 199, 227, 201, 193, 183, 215, 225, 202, 186, 218, 199, 195, 228, 196, 216]
[20, 26214, 193, 208, 189, 227, 182, 226, 200, 240, 215, 212, 198, 209, 201, 203, 168, 200]
[20, 26214, 185, 215, 202, 214, 194, 217, 211, 185, 219, 237, 222, 192, 188, 229, 183, 211]
[20, 26214, 200, 196, 239, 206, 199, 183, 188, 199, 230, 222, 220, 190, 199, 192, 229, 205]
[20, 26214, 227, 190, 198, 205, 205, 215, 199, 199, 188, 222, 219, 203, 227, 225, 194, 212]
[20, 26214, 251, 217, 211, 207, 214, 194, 183, 210, 203, 199, 216, 201, 202, 195, 202, 240]
[20, 26214, 206, 193, 211, 187, 220, 193, 233, 172, 212, 194, 223, 198, 210, 198, 244, 194]
[20, 26214, 208, 183, 221, 195, 208, 207, 225, 207, 192, 219, 209, 203, 192, 189, 193, 191]
[20, 26214, 177, 168, 225, 194, 201, 204, 185, 216, 203, 197, 217, 215, 223, 223, 231, 202]
[20, 26214, 201, 189, 192, 208, 171, 199, 208, 199, 198, 214, 209, 229, 175, 198, 225, 217]
[20, 26214, 175, 208, 205, 235, 201, 222, 179, 190, 197, 244, 196, 252, 181, 212, 205, 233]
[20, 26214, 197, 179, 186, 222, 187, 163, 198, 217, 188, 218, 209, 216, 217, 191, 232, 204]
[20, 26214, 213, 181, 191, 215, 224, 220, 218, 200, 215, 212, 213, 228, 166, 219, 199, 233]
[20, 26214, 217, 201, 184, 231, 208, 237, 221, 243, 193, 179, 223, 205, 189, 201, 182, 200]
[20, 26214, 217, 202, 184, 208, 205, 200, 174, 205, 218, 201, 204, 204, 204, 214, 218, 207]
[20, 26214, 196, 199, 195, 194, 229, 208, 226, 210, 186, 235, 207, 199, 218, 190, 208, 210]
[20, 26214, 202, 235, 208, 218, 225, 230, 225, 212, 202, 196, 188, 179, 190, 209, 194, 210]
[20, 26214, 209, 232, 189, 215, 246, 196, 196, 236, 208, 192, 217, 214, 200, 200, 185, 224]
[20, 26214, 212, 194, 191, 202, 228, 207, 207, 197, 211, 201, 193, 229, 196, 214, 198, 210]
[20, 26214, 196, 221, 214, 200, 220, 212, 185, 191, 212, 205, 232, 214, 211, 213, 209, 219]
[20, 26214, 227, 228, 188, 205, 207, 192, 195, 188, 190, 217, 223, 200, 191, 226, 218, 207]
[20, 26214, 224, 166, 185, 222, 186, 196, 214, 203, 213, 183, 209, 198, 204, 230, 240, 207]
[20, 26214, 235, 189, 193, 240, 216, 187, 230, 164, 183, 188, 217, 207, 213, 219, 219, 181]
[20, 26214, 212, 208, 202, 225, 200, 240, 203, 198, 200, 216, 218, 210, 221, 232, 188, 254]
[20, 26214, 220, 215, 186, 220, 210, 218, 194, 196, 218, 187, 214, 211, 201, 214, 189, 215]
[20, 26214, 197, 199, 217, 179, 193, 193, 206, 201, 190, 183, 228, 197, 199, 223, 211, 236]
[20, 26214, 198, 197, 200, 223, 206, 186, 200, 183, 204, 239, 219, 219, 199, 203, 223, 221]
[20, 26214, 206, 181, 238, 205, 201, 177, 212, 194, 226, 206, 202, 234, 186, 182, 235, 200]
[20, 26214, 219, 178, 208, 195, 200, 199, 198, 233, 234, 211, 203, 223, 196, 210, 192, 223]
[20, 26214, 209, 184, 213, 180, 201, 201, 199, 232, 220, 206, 200, 193, 200, 183, 203, 203]
[20, 26214, 194, 166, 174, 202, 195, 199, 218, 183, 228, 224, 210, 196, 200, 208, 214, 216]
[20, 26214, 211, 205, 209, 205, 191, 201, 203, 186, 185, 190, 221, 221, 185, 218, 224, 192]
[20, 26214, 208, 199, 185, 230, 214, 211, 209, 236, 216, 214, 200, 178, 162, 223, 195, 182]
[20, 26214, 223, 204, 197, 194, 201, 257, 213, 208, 201, 209, 213, 217, 218, 189, 201, 220]
[20, 26214, 221, 197, 201, 218, 183, 227, 205, 192, 200, 201, 203, 216, 199, 197, 213, 217]
[20, 26214, 189, 250, 224, 208, 206, 168, 191, 210, 210, 195, 195, 233, 209, 202, 214, 200]
[20, 26214, 199, 193, 205, 228, 221, 179, 224, 231, 189, 198, 202, 228, 180, 199, 189, 215]
[20, 26214, 211, 191, 205, 191, 202, 232, 193, 207, 208, 195, 196, 198, 190, 195, 203, 231]
[20, 26214, 208, 177, 189, 180, 216, 210, 189, 206, 185, 164, 207, 209, 181, 175, 226, 212]
[20, 26214, 193, 204, 182, 190, 236, 210, 226, 198, 203, 196, 220, 240, 228, 206, 206, 201]
[20, 26214, 194, 229, 167, 248, 195, 197, 228, 213, 215, 184, 240, 220, 196, 216, 220, 179]
[20, 26214, 201, 240, 205, 182, 195, 205, 229, 168, 233, 191, 227, 223, 199, 213, 191, 188]
[20, 26214, 236, 230, 249, 226, 203, 215, 195, 215, 203, 170, 189, 218, 207, 221, 189, 231]
[20, 26214, 187, 215, 219, 190, 204, 205, 225, 187, 208, 225, 206, 222, 245, 187, 217, 204]
[20, 26214, 193, 218, 220, 214, 187, 175, 190, 200, 225, 212, 204, 206, 214, 207, 198, 193]
[20, 26214, 165, 236, 178, 227, 195, 239, 221, 196, 201, 192, 209, 238, 219, 203, 225, 190]
[20, 26214, 229, 224, 215, 226, 184, 225, 173, 215, 221, 237, 183, 180, 200, 205, 218, 178]
[20, 26214, 204, 199, 219, 195, 203, 218, 214, 215, 180, 187, 200, 179, 189, 222, 208, 207]
[20, 26214, 191, 161, 218, 189, 182, 200, 215, 183, 220, 199, 224, 201, 206, 229, 167, 211]
[20, 26214, 208, 220, 213, 221, 198, 194, 215, 196, 170, 192, 196, 217, 212, 218, 204, 231]
[20, 26214, 226, 205, 198, 207, 206, 242, 187, 223, 192, 190, 212, 205, 221, 188, 207, 196]
[20, 26214, 184, 216, 218, 199, 208, 206, 195, 211, 215, 211, 216, 204, 215, 207, 209, 225]
[20, 26214, 209, 224, 219, 225, 218, 179, 216, 209, 203, 195, 184, 219, 209, 198, 202, 198]
[20, 26214, 208, 184, 210, 229, 191, 217, 203, 231, 215, 173, 216, 211, 201, 199, 187, 254]
[20, 26214, 201, 209, 205, 192, 216, 177, 208, 189, 206, 209, 197, 234, 208, 201, 206, 222]
[20, 26214, 214, 201, 200, 190, 205, 188, 187, 214, 206, 191, 184, 246, 205, 201, 202, 220]
[20, 26214, 222, 191, 199, 209, 211, 200, 210, 216, 200, 179, 182, 210, 228, 201, 200, 191]
[20, 26214, 236, 201, 217, 211, 205, 186, 213, 200, 192, 196, 212, 207, 179, 195, 221, 203]
[20, 26214, 215, 221, 222, 197, 184, 192, 207, 199, 188, 183, 229, 212, 187, 203, 227, 188]
[20, 26214, 217, 226, 191, 216, 215, 199, 203, 183, 203, 217, 207, 199, 229, 216, 167, 219]
[20, 26214, 208, 229, 188, 191, 213, 197, 207, 183, 183, 239, 199, 240, 244, 197, 196, 205]
[20, 26214, 217, 199, 205, 197, 234, 180, 195, 191, 228, 206, 213, 213, 194, 204, 227, 179]
[20, 26214, 201, 220, 228, 206, 190, 185, 236, 214, 222, 224, 166, 191, 219, 180, 212, 195]
[20, 26214, 218, 182, 214, 163, 200, 200, 207, 238, 210, 192, 201, 193, 229, 208, 198, 195]
[20, 26214, 219, 201, 154, 211, 181, 199, 228, 194, 222, 200, 212, 232, 206, 200, 179, 212]
[20, 26214, 199, 211, 217, 226, 229, 223, 193, 210, 182, 215, 214, 196, 192, 195, 226, 204]
[20, 26214, 233, 227, 189, 224, 190, 183, 210, 192, 208, 179, 226, 215, 206, 197, 214, 202]
[20, 26214, 234, 190, 240, 174, 201, 183, 228, 170, 228, 182, 193, 228, 217, 202, 189, 187]
[20, 26214, 219, 190, 180, 211, 232, 197, 228, 204, 204, 179, 204, 227, 217, 209, 186, 204]
[20, 26214, 189, 178, 240, 225, 194, 227, 159, 228, 188, 207, 206, 228, 207, 189, 212, 213]
[20, 26214, 207, 207, 174, 175, 196, 182, 216, 201, 198, 202, 201, 201, 191, 230, 198, 202]
[20, 26214, 177, 204, 229, 214, 199, 203, 180, 240, 199, 228, 211, 203, 239, 208, 211, 206]
[20, 26214, 244, 185, 189, 208, 203, 215, 209, 226, 200, 221, 172, 221, 234, 223, 186, 201]
[20, 26214, 204, 228, 170, 217, 181, 198, 225, 182, 216, 211, 197, 208, 227, 181, 194, 227]
[20, 26214, 205, 190, 205, 183, 210, 203, 216, 164, 227, 224, 191, 199, 207, 203, 193, 217]
[20, 26214, 236, 212, 176, 191, 201, 220, 176, 218, 202, 260, 209, 212, 212, 174, 187, 179]
[20, 26214, 196, 236, 218, 198, 198, 212, 207, 214, 206, 205, 194, 233, 213, 209, 187, 171]
[20, 26214, 182, 195, 210, 237, 218, 193, 227, 180, 189, 236, 206, 214, 207, 189, 237, 222]
[20, 26214, 213, 221, 214, 169, 190, 191, 212, 216, 196, 222, 181, 210, 229, 199, 220, 226]
[20, 26214, 220, 212, 242, 191, 208, 202, 206, 213, 198, 207, 203, 205, 207, 209, 218, 215]
[20, 26214, 221, 207, 210, 203, 198, 208, 182, 189, 244, 179, 185, 193, 202, 225, 201, 218]
[20, 26214, 220, 197, 202, 195, 200, 187, 190, 229, 192, 194, 198, 196, 177, 204, 221, 212]
[20, 26214, 208, 206, 217, 204, 210, 215, 177, 195, 202, 210, 184, 189, 216, 197, 199, 209]
[20, 26214, 204, 212, 183, 218, 209, 203, 196, 230, 223, 174, 183, 209, 196, 178, 184, 205]
[20, 26214, 200, 208, 208, 191, 214, 212, 164, 214, 203, 208, 209, 200, 230, 189, 223, 182]
[20, 26214, 216, 196, 194, 210, 197, 203, 227, 214, 224, 202, 210, 182, 223, 186, 216, 198]
[20, 26214, 197, 196, 212, 230, 199, 196, 182, 217, 197, 194, 235, 209, 210, 199, 211, 183]
[20, 26214, 210, 170, 195, 203, 192, 221, 186, 226, 226, 186, 225, 203, 228, 202, 189, 237]
[20, 26214, 207, 209, 180, 199, 208, 181, 202, 189, 197, 207, 210, 197, 204, 220, 207, 219]
[20, 26214, 193, 192, 206, 195, 190, 207, 215, 201, 206, 223, 228, 214, 192, 206, 223, 235]
[20, 26214, 189, 209, 210, 213, 207, 233, 199, 221, 203, 224, 186, 196, 188, 212, 191, 240]
[20, 26214, 228, 184, 211, 206, 199, 207, 215, 187, 218, 188, 207, 228, 191, 191, 188, 219]
[20, 26214, 233, 211, 206, 227, 209, 195, 205, 214, 147, 211, 222, 211, 235, 190, 209, 207]
[20, 26214, 219, 189, 206, 185, 203, 183, 213, 195, 193, 203, 193, 231, 186, 173, 189, 203]
[20, 26214, 205, 187, 205, 203, 219, 198, 194, 195, 218, 196, 194, 198, 229, 199, 231, 200]
[20, 26214, 218, 228, 208, 213, 211, 222, 209, 233, 219, 205, 181, 205, 205, 201, 158, 201]
[25, 32768, 323, 297, 304, 342, 329, 340, 321, 321, 318, 301, 313, 297, 322, 349, 297, 365]
[25, 32768, 335, 308, 320, 303, 297, 335, 311, 311, 353, 302, 360, 346, 310, 327, 317, 296]
[25, 32768, 328, 333, 344, 282, 329, 266, 302, 330, 326, 298, 343, 309, 288, 322, 306, 280]
[25, 32768, 308, 316, 326, 305, 365, 339, 304, 280, 285, 324, 312, 294, 310, 344, 334, 292]
[25, 32768, 302, 302, 367, 318, 346, 302, 343, 334, 319, 286, 297, 283, 300, 326, 295, 323]
[25, 32768, 326, 337, 303, 294, 356, 299, 327, 288, 301, 328, 281, 325, 317, 316, 274, 345]
[25, 32768, 310, 306, 303, 329, 344, 288, 323, 283, 277, 332, 319, 299, 289, 334, 300, 303]
[25, 32768, 314, 296, 318, 308, 291, 288, 340, 320, 318, 297, 326, 311, 324, 317, 321, 335]
[25, 32768, 336, 279, 297, 323, 334, 350, 280, 361, 258, 305, 302, 282, 314, 312, 283, 321]
[25, 32768, 344, 336, 300, 331, 284, 301, 291, 300, 314, 276, 314, 304, 296, 308, 299, 309]
[25, 32768, 304, 288, 333, 318, 318, 288, 336, 321, 295, 346, 313, 308, 288, 333, 277, 290]
[25, 32768, 327, 337, 307, 292, 330, 299, 324, 310, 329, 320, 310, 313, 295, 315, 338, 313]
[25, 32768, 310, 299, 318, 309, 327, 323, 291, 332, 329, 353, 305, 315, 310, 342, 299, 280]
[25, 32768, 337, 318, 306, 354, 297, 301, 296, 313, 327, 300, 311, 304, 302, 347, 293, 349]
[25, 32768, 300, 298, 344, 339, 291, 296, 314, 295, 295, 307, 313, 328, 315, 315, 339, 345]
[25, 32768, 318, 302, 293, 298, 305, 290, 340, 329, 286, 310, 341, 302, 309, 334, 333, 330]
[25, 32768, 289, 313, 289, 348, 333, 307, 371, 330, 310, 331, 353, 301, 277, 290, 294, 311]
[25, 32768, 351, 305, 267, 322, 342, 360, 325, 316, 329, 332, 332, 328, 264, 321, 290, 320]
[25, 32768, 331, 311, 294, 318, 311, 334, 295, 343, 288, 296, 337, 322, 324, 312, 319, 348]
[25, 32768, 352, 320, 305, 289, 309, 289, 327, 335, 324, 339, 321, 270, 282, 329, 274, 354]
[25, 32768, 324, 342, 354, 296, 348, 330, 319, 339, 290, 352, 260, 312, 291, 290, 313, 326]
[25, 32768, 286, 273, 321, 321, 346, 284, 280, 341, 311, 304, 311, 354, 312, 305, 297, 302]
[25, 32768, 315, 306, 280, 295, 313, 260, 317, 316, 318, 300, 316, 345, 299, 327, 298, 327]
[25, 32768, 295, 329, 289, 320, 319, 344, 304, 300, 305, 352, 317, 334, 302, 307, 370, 324]
[25, 32768, 317, 355, 299, 324, 282, 312, 297, 313, 267, 327, 326, 303, 311, 305, 356, 311]
[25, 32768, 324, 320, 297, 299, 310, 324, 305, 304, 308, 309, 368, 254, 342, 395, 328, 299]
[25, 32768, 312, 326, 309, 344, 345, 327, 357, 261, 281, 324, 316, 318, 297, 341, 319, 281]
[25, 32768, 306, 330, 337, 285, 296, 349, 272, 287, 291, 310, 296, 331, 332, 332, 292, 331]
[25, 32768, 340, 301, 315, 325, 326, 311, 326, 290, 322, 252, 303, 338, 308, 309, 289, 315]
[25, 32768, 373, 298, 342, 285, 273, 337, 299, 272, 289, 287, 380, 314, 318, 331, 329, 326]
[25, 32768, 295, 283, 310, 335, 318, 265, 314, 284, 302, 347, 342, 332, 325, 300, 314, 311]
[25, 32768, 307, 307, 354, 293, 300, 302, 306, 321, 302, 322, 321, 332, 321, 289, 358, 308]
[25, 32768, 342, 315, 304, 289, 297, 316, 298, 338, 319, 319, 287, 304, 276, 328, 319, 328]
[25, 32768, 290, 267, 308, 333, 280, 320, 292, 308, 342, 317, 310, 300, 316, 284, 329, 321]
[25, 32768, 348, 323, 275, 332, 310, 301, 320, 263, 327, 287, 348, 312, 286, 298, 318, 298]
[25, 32768, 359, 338, 344, 293, 295, 302, 335, 276, 300, 297, 321, 296, 304, 357, 343, 340]
[25, 32768, 297, 291, 315, 306, 279, 302, 313, 323, 307, 293, 287, 294, 284, 292, 326, 328]
[25, 32768, 332, 339, 323, 311, 284, 302, 310, 322, 284, 292, 304, 319, 311, 287, 313, 288]
[25, 32768, 357, 291, 325, 311, 323, 333, 335, 272, 327, 334, 295, 292, 307, 327, 333, 312]
[25, 32768, 294, 364, 331, 342, 278, 286, 317, 285, 334, 294, 311, 331, 307, 281, 317, 327]
[25, 32768, 324, 321, 335, 358, 306, 299, 311, 303, 317, 334, 310, 327, 300, 313, 320, 313]
[25, 32768, 293, 321, 319, 339, 346, 337, 303, 325, 313, 332, 285, 322, 319, 328, 293, 330]
[25, 32768, 298, 315, 294, 315, 300, 308, 329, 282, 282, 337, 297, 329, 315, 316, 327, 305]
[25, 32768, 308, 327, 309, 302, 318, 306, 316, 277, 325, 288, 303, 317, 329, 287, 296, 336]
[25, 32768, 312, 333, 299, 329, 343, 334, 323, 308, 310, 327, 338, 300, 352, 333, 302, 324]
[25, 32768, 325, 342, 316, 316, 339, 325, 315, 317, 312, 280, 320, 318, 330, 330, 303, 307]
[25, 32768, 315, 345, 318, 313, 315, 295, 319, 299, 352, 320, 312, 297, 336, 295, 288, 312]
[25, 32768, 269, 310, 264, 293, 304, 316, 301, 310, 319, 303, 326, 353, 313, 317, 331, 321]
[25, 32768, 311, 300, 297, 325, 277, 313, 300, 307, 304, 341, 320, 305, 312, 325, 293, 313]
[25, 32768, 313, 329, 329, 319, 306, 345, 365, 308, 303, 300, 303, 356, 294, 283, 318, 309]
[25, 32768, 353, 293, 366, 316, 293, 365, 285, 309, 293, 328, 344, 286, 291, 332, 312, 289]
[25, 32768, 311, 312, 320, 275, 331, 320, 310, 303, 314, 294, 320, 292, 329, 302, 343, 334]
[25, 32768, 292, 261, 321, 311, 292, 329, 305, 294, 342, 319, 345, 346, 313, 338, 318, 316]
[25, 32768, 313, 295, 260, 318, 367, 292, 325, 315, 279, 274, 347, 328, 300, 348, 311, 342]
[25, 32768, 311, 322, 314, 284, 310, 332, 291, 328, 329, 307, 284, 286, 331, 280, 331, 328]
[25, 32768, 295, 286, 301, 296, 317, 295, 325, 280, 354, 317, 329, 327, 290, 282, 293, 308]
[25, 32768, 302, 303, 305, 294, 338, 288, 324, 307, 284, 262, 296, 324, 321, 305, 328, 320]
[25, 32768, 304, 292, 284, 331, 305, 330, 313, 334, 310, 320, 302, 335, 314, 319, 355, 344]
[25, 32768, 283, 316, 349, 322, 324, 292, 314, 278, 307, 335, 309, 341, 316, 330, 324, 297]
[25, 32768, 316, 253, 268, 305, 323, 329, 322, 316, 315, 318, 270, 308, 294, 292, 327, 349]
[25, 32768, 334, 293, 320, 330, 342, 301, 323, 335, 300, 293, 294, 305, 341, 317, 355, 293]
[25, 32768, 314, 279, 314, 336, 320, 283, 325, 308, 319, 298, 349, 339, 291, 288, 293, 318]
[25, 32768, 346, 302, 313, 312, 336, 325, 320, 298, 306, 297, 321, 304, 304, 316, 348, 340]
[25, 32768, 336, 321, 274, 306, 332, 343, 291, 293, 346, 334, 301, 318, 312, 305, 286, 350]
[25, 32768, 329, 325, 279, 271, 281, 298, 341, 284, 275, 321, 298, 339, 326, 270, 326, 320]
[25, 32768, 309, 335, 304, 303, 351, 320, 304, 330, 306, 300, 264, 310, 289, 322, 305, 318]
[25, 32768, 330, 315, 290, 298, 304, 289, 326, 360, 328, 327, 291, 307, 348, 285, 315, 326]
[25, 32768, 315, 273, 319, 317, 292, 292, 301, 335, 313, 321, 303, 288, 298, 291, 322, 322]
[25, 32768, 350, 287, 280, 303, 282, 351, 308, 301, 316, 333, 317, 317, 287, 316, 281, 311]
[25, 32768, 285, 276, 342, 307, 321, 326, 291, 314, 308, 333, 333, 280, 353, 275, 329, 377]
[25, 32768, 303, 350, 306, 311, 330, 329, 267, 320, 268, 287, 314, 330, 347, 310, 322, 287]
[25, 32768, 302, 335, 353, 332, 311, 310, 331, 300, 325, 309, 282, 338, 299, 295, 297, 281]
[25, 32768, 306, 289, 322, 319, 286, 299, 321, 294, 321, 305, 320, 327, 317, 325, 312, 297]
[25, 32768, 325, 300, 312, 292, 304, 318, 280, 319, 310, 307, 302, 342, 312, 326, 337, 287]
[25, 32768, 320, 259, 320, 275, 321, 296, 328, 326, 321, 330, 312, 319, 326, 322, 293, 324]
[25, 32768, 322, 315, 322, 340, 264, 307, 308, 324, 327, 318, 339, 319, 316, 307, 314, 334]
[25, 32768, 374, 304, 287, 305, 291, 298, 346, 350, 321, 316, 324, 278, 297, 353, 315, 315]
[25, 32768, 320, 317, 256, 331, 316, 300, 351, 325, 342, 347, 285, 317, 285, 310, 304, 319]
[25, 32768, 348, 309, 359, 310, 320, 274, 341, 277, 339, 307, 304, 324, 323, 322, 295, 316]
[25, 32768, 313, 359, 327, 331, 300, 337, 304, 280, 279, 334, 343, 320, 310, 299, 349, 266]
[25, 32768, 305, 333, 311, 301, 322, 334, 344, 291, 303, 281, 336, 315, 323, 330, 320, 306]
[25, 32768, 298, 291, 282, 363, 312, 319, 331, 341, 290, 319, 340, 289, 318, 349, 283, 304]
[25, 32768, 311, 321, 327, 269, 320, 283, 326, 262, 312, 348, 317, 317, 353, 294, 300, 293]
[25, 32768, 320, 319, 345, 311, 325, 310, 295, 291, 291, 335, 335, 296, 334, 295, 299, 328]
[25, 32768, 351, 326, 296, 314, 291, 339, 324, 311, 324, 294, 315, 291, 315, 332, 281, 341]
[25, 32768, 304, 332, 268, 304, 334, 279, 317, 333, 302, 310, 309, 301, 268, 279, 327, 342]
[25, 32768, 308, 349, 301, 289, 297, 344, 312, 325, 304, 299, 301, 321, 320, 324, 332, 332]
[25, 32768, 331, 325, 303, 317, 309, 343, 311, 300, 324, 302, 325, 295, 312, 323, 314, 300]
[25, 32768, 343, 296, 357, 324, 310, 314, 291, 320, 287, 343, 330, 317, 284, 303, 290, 290]
[25, 32768, 316, 294, 301, 306, 337, 329, 344, 304, 333, 318, 288, 272, 307, 322, 317, 307]
[25, 32768, 295, 300, 347, 357, 284, 290, 276, 310, 329, 251, 346, 332, 331, 322, 328, 293]
[25, 32768, 314, 272, 302, 303, 327, 327, 272, 307, 327, 303, 350, 310, 335, 299, 307, 323]
[25, 32768, 319, 334, 260, 320, 297, 306, 332, 308, 325, 305, 335, 298, 333, 297, 322, 336]
[25, 32768, 324, 324, 302, 288, 293, 317, 307, 300, 313, 344, 346, 311, 294, 279, 326, 312]
[25, 32768, 329, 284, 313, 310, 317, 334, 307, 313, 308, 301, 304, 289, 312, 341, 299, 345]
[25, 32768, 298, 266, 299, 333, 320, 353, 341, 319, 320, 310, 348, 345, 368, 329, 319, 283]
[25, 32768, 294, 322, 332, 310, 334, 297, 301, 328, 281, 287, 319, 293, 360, 284, 277, 308]
[25, 32768, 303, 293, 356, 304, 269, 273, 320, 324, 314, 322, 312, 340, 322, 302, 329, 300]
[25, 32768, 293, 324, 341, 307, 326, 318, 265, 332, 341, 303, 292, 322, 329, 293, 305, 309]
[25, 32768, 268, 344, 331, 321, 335, 303, 302, 349, 293, 355, 296, 293, 328, 303, 284, 290]
[30, 39321, 474, 413, 437, 423, 383, 430, 439, 425, 447, 418, 438, 444, 397, 435, 460, 463]
[30, 39321, 431, 474, 439, 464, 457, 471, 419, 442, 501, 413, 414, 456, 421, 411, 470, 445]
[30, 39321, 415, 486, 466, 407, 480, 390, 450, 507, 489, 446, 468, 421, 440, 420, 457, 431]
[30, 39321, 425, 415, 471, 445, 484, 440, 452, 434, 416, 424, 448, 432, 422, 493, 419, 404]
[30, 39321, 452, 442, 450, 429, 404, 426, 459, 471, 448, 435, 403, 419, 445, 441, 449, 476]
[30, 39321, 436, 454, 453, 468, 479, 456, 481, 420, 451, 444, 399, 445, 440, 444, 431, 442]
[30, 39321, 435, 427, 429, 416, 453, 425, 438, 437, 415, 500, 471, 410, 433, 428, 447, 484]
[30, 39321, 482, 457, 428, 429, 429, 421, 480, 378, 444, 440, 441, 434, 466, 461, 458, 455]
[30, 39321, 441, 357, 409, 434, 432, 482, 466, 454, 423, 453, 444, 387, 434, 458, 439, 431]
[30, 39321, 459, 463, 492, 433, 428, 439, 377, 429, 459, 444, 417, 468, 429, 388, 444, 502]
[30, 39321, 410, 457, 401, 436, 506, 395, 500, 431, 475, 440, 462, 437, 418, 389, 450, 467]
[30, 39321, 443, 483, 448, 451, 425, 445, 459, 494, 471, 449, 452, 473, 445, 442, 446, 429]
[30, 39321, 470, 431, 473, 464, 418, 433, 400, 464, 440, 446, 372, 442, 435, 452, 500, 449]
[30, 39321, 480, 396, 435, 458, 439, 447, 444, 446, 467, 483, 403, 439, 407, 456, 426, 449]
[30, 39321, 412, 459, 454, 468, 452, 454, 451, 386, 416, 403, 472, 491, 478, 422, 434, 466]
[30, 39321, 425, 423, 438, 449, 458, 401, 433, 432, 434, 434, 484, 470, 445, 474, 466, 442]
[30, 39321, 423, 427, 437, 468, 484, 421, 465, 466, 479, 439, 457, 428, 381, 459, 419, 431]
[30, 39321, 445, 397, 426, 472, 489, 476, 465, 446, 440, 434, 424, 459, 438, 482, 448, 415]
[30, 39321, 460, 414, 446, 456, 438, 461, 446, 477, 428, 434, 466, 486, 440, 453, 483, 465]
[30, 39321, 437, 456, 440, 456, 438, 389, 433, 427, 438, 457, 447, 440, 439, 456, 441, 480]
[30, 39321, 460, 465, 446, 404, 432, 456, 447, 469, 410, 450, 414, 400, 458, 394, 427, 469]
[30, 39321, 416, 422, 471, 462, 497, 409, 416, 470, 455, 443, 473, 446, 462, 441, 427, 449]
[30, 39321, 457, 466, 443, 458, 457, 384, 416, 413, 442, 418, 426, 446, 428, 425, 426, 461]
[30, 39321, 407, 433, 482, 424, 471, 441, 443, 451, 504, 428, 433, 437, 491, 482, 485, 461]
[30, 39321, 463, 430, 440, 464, 433, 419, 414, 455, 391, 457, 441, 479, 464, 484, 430, 452]
[30, 39321, 460, 408, 427, 424, 396, 432, 480, 411, 429, 399, 465, 414, 439, 518, 478, 479]
[30, 39321, 468, 439, 456, 453, 445, 470, 446, 431, 454, 409, 431, 459, 453, 488, 459, 422]
[30, 39321, 460, 478, 423, 436, 430, 491, 439, 434, 452, 454, 454, 457, 447, 464, 430, 480]
[30, 39321, 460, 412, 432, 409, 473, 410, 459, 411, 423, 417, 426, 464, 431, 423, 428, 439]
[30, 39321, 507, 449, 463, 448, 448, 449, 441, 428, 427, 436, 498, 403, 450, 467, 489, 458]
[30, 39321, 424, 445, 475, 484, 446, 420, 435, 418, 420, 505, 441, 416, 469, 426, 468, 446]
[30, 39321, 415, 420, 464, 451, 440, 425, 434, 395, 465, 466, 473, 386, 450, 432, 459, 444]
[30, 39321, 461, 421, 499, 399, 426, 443, 438, 483, 443, 440, 473, 469, 401, 436, 461, 446]
[30, 39321, 408, 439, 452, 435, 449, 450, 460, 426, 479, 447, 478, 440, 456, 441, 420, 450]
[30, 39321, 471, 372, 447, 441, 459, 441, 406, 383, 415, 418, 472, 460, 414, 441, 459, 466]
[30, 39321, 449, 435, 461, 444, 441, 430, 480, 448, 433, 463, 447, 456, 440, 458, 474, 453]
[30, 39321, 409, 468, 438, 474, 481, 443, 482, 439, 473, 477, 455, 430, 396, 455, 508, 412]
[30, 39321, 455, 459, 417, 429, 428, 481, 456, 454, 430, 412, 442, 505, 447, 444, 421, 472]
[30, 39321, 450, 492, 418, 414, 428, 491, 423, 411, 484, 448, 449, 418, 430, 442, 457, 458]
[30, 39321, 438, 499, 451, 439, 433, 411, 434, 446, 453, 474, 445, 470, 455, 399, 443, 450]
[30, 39321, 401, 526, 434, 523, 451, 402, 477, 428, 475, 472, 429, 414, 445, 436, 422, 479]
[30, 39321, 447, 412, 437, 448, 500, 517, 415, 470, 436, 445, 440, 437, 435, 483, 398, 400]
[30, 39321, 453, 430, 401, 438, 458, 477, 451, 458, 425, 392, 443, 483, 404, 463, 503, 432]
[30, 39321, 464, 483, 429, 378, 466, 401, 421, 413, 456, 410, 456, 462, 455, 487, 424, 445]
[30, 39321, 447, 469, 444, 509, 462, 464, 449, 464, 441, 488, 459, 437, 432, 486, 466, 452]
[30, 39321, 475, 447, 435, 421, 436, 422, 468, 465, 488, 461, 438, 487, 452, 442, 449, 409]
[30, 39321, 462, 444, 457, 491, 428, 464, 426, 440, 471, 444, 420, 455, 470, 451, 400, 451]
[30, 39321, 454, 483, 467, 431, 481, 470, 457, 430, 410, 473, 456, 483, 466, 463, 435, 486]
[30, 39321, 480, 393, 416, 421, 433, 444, 430, 368, 448, 460, 435, 446, 474, 419, 424, 460]
[30, 39321, 453, 482, 451, 495, 437, 417, 441, 454, 440, 442, 439, 472, 433, 454, 462, 482]
[30, 39321, 505, 415, 451, 467, 436, 449, 439, 411, 403, 474, 478, 411, 437, 430, 442, 446]
[30, 39321, 434, 417, 450, 471, 466, 487, 428, 441, 473, 397, 456, 397, 434, 440, 447, 475]
[30, 39321, 425, 410, 472, 483, 440, 408, 455, 409, 476, 456, 419, 414, 455, 428, 477, 418]
[30, 39321, 452, 453, 397, 498, 420, 458, 413, 442, 449, 452, 419, 429, 459, 448, 481, 441]
[30, 39321, 462, 457, 457, 446, 445, 434, 431, 462, 472, 471, 428, 447, 454, 392, 459, 483]
[30, 39321, 418, 478, 466, 439, 442, 410, 439, 438, 452, 441, 435, 476, 437, 448, 419, 443]
[30, 39321, 470, 436, 429, 456, 441, 404, 474, 509, 407, 436, 429, 487, 457, 422, 461, 505]
[30, 39321, 378, 454, 431, 477, 413, 486, 436, 451, 499, 409, 457, 503, 443, 464, 426, 468]
[30, 39321, 435, 426, 492, 438, 482, 491, 373, 421, 400, 456, 497, 468, 411, 456, 494, 450]
[30, 39321, 431, 409, 390, 446, 467, 425, 458, 454, 416, 421, 423, 457, 432, 421, 419, 485]
[30, 39321, 468, 430, 421, 461, 467, 455, 419, 430, 445, 422, 428, 468, 423, 417, 438, 440]
[30, 39321, 442, 410, 471, 440, 450, 439, 460, 457, 418, 428, 431, 478, 375, 443, 424, 463]
[30, 39321, 436, 439, 446, 448, 435, 467, 447, 454, 439, 398, 474, 452, 442, 451, 452, 492]
[30, 39321, 447, 454, 457, 499, 451, 436, 467, 437, 437, 456, 445, 428, 428, 466, 384, 462]
[30, 39321, 473, 456, 444, 439, 375, 461, 504, 422, 415, 427, 417, 473, 455, 417, 432, 414]
[30, 39321, 460, 446, 404, 422, 484, 412, 455, 452, 469, 468, 469, 419, 459, 418, 494, 417]
[30, 39321, 450, 468, 440, 497, 413, 441, 492, 494, 488, 432, 449, 430, 512, 443, 445, 426]
[30, 39321, 391, 438, 469, 423, 431, 492, 451, 452, 430, 444, 425, 445, 435, 407, 448, 412]
[30, 39321, 421, 451, 444, 461, 432, 461, 448, 427, 483, 471, 417, 458, 468, 463, 438, 441]
[30, 39321, 448, 407, 411, 439, 444, 516, 407, 452, 423, 447, 482, 410, 464, 425, 412, 455]
[30, 39321, 431, 433, 464, 419, 432, 424, 424, 387, 455, 441, 469, 465, 441, 448, 468, 421]
[30, 39321, 446, 515, 480, 418, 486, 395, 444, 465, 463, 426, 437, 541, 434, 460, 435, 415]
[30, 39321, 431, 414, 468, 441, 476, 462, 465, 447, 433, 437, 425, 481, 480, 476, 434, 471]
[30, 39321, 450, 427, 445, 420, 419, 420, 458, 446, 508, 456, 406, 490, 419, 460, 424, 455]
[30, 39321, 485, 445, 442, 444, 407, 422, 442, 437, 510, 446, 480, 448, 471, 487, 414, 465]
[30, 39321, 438, 476, 449, 477, 388, 450, 404, 408, 452, 444, 396, 420, 423, 474, 406, 444]
[30, 39321, 495, 389, 437, 454, 413, 441, 447, 433, 436, 437, 460, 427, 461, 488, 419, 427]
[30, 39321, 467, 498, 424, 456, 426, 471, 480, 461, 427, 419, 395, 469, 458, 436, 429, 452]
[30, 39321, 475, 486, 451, 441, 426, 443, 482, 438, 486, 436, 428, 389, 487, 454, 470, 425]
[30, 39321, 427, 438, 395, 470, 507, 453, 454, 437, 423, 511, 445, 462, 400, 502, 438, 383]
[30, 39321, 457, 433, 420, 446, 422, 494, 444, 427, 445, 465, 445, 473, 446, 463, 456, 430]
[30, 39321, 444, 443, 424, 484, 457, 436, 462, 457, 404, 503, 459, 451, 472, 418, 464, 441]
[30, 39321, 455, 416, 457, 436, 454, 411, 465, 417, 462, 445, 451, 466, 451, 399, 475, 385]
[30, 39321, 420, 460, 452, 404, 442, 444, 433, 440, 428, 438, 449, 445, 457, 424, 440, 397]
[30, 39321, 434, 465, 461, 467, 467, 477, 410, 434, 433, 432, 439, 463, 412, 491, 421, 455]
[30, 39321, 500, 459, 425, 436, 481, 441, 439, 434, 456, 457, 445, 414, 393, 453, 485, 451]
[30, 39321, 422, 437, 430, 486, 411, 452, 436, 473, 401, 458, 421, 505, 488, 394, 433, 437]
[30, 39321, 463, 437, 450, 476, 457, 517, 384, 427, 461, 465, 449, 467, 444, 445, 434, 456]
[30, 39321, 446, 469, 466, 475, 429, 462, 443, 426, 414, 438, 480, 454, 404, 409, 450, 427]
[30, 39321, 465, 413, 430, 412, 440, 413, 474, 441, 425, 447, 436, 386, 466, 428, 445, 452]
[30, 39321, 457, 423, 445, 428, 438, 428, 454, 429, 469, 395, 438, 445, 447, 495, 450, 444]
[30, 39321, 452, 446, 431, 401, 426, 457, 428, 457, 508, 449, 443, 414, 474, 468, 459, 440]
[30, 39321, 439, 477, 432, 428, 439, 456, 419, 415, 405, 452, 434, 445, 419, 450, 411, 491]
[30, 39321, 436, 438, 445, 445, 423, 457, 419, 400, 445, 470, 517, 456, 473, 388, 433, 465]
[30, 39321, 447, 439, 455, 478, 458, 455, 433, 421, 426, 489, 426, 456, 468, 438, 384, 443]
[30, 39321, 464, 402, 482, 426, 443, 470, 491, 428, 458, 445, 472, 441, 419, 477, 432, 407]
[30, 39321, 507, 445, 444, 454, 446, 359, 435, 441, 386, 424, 444, 461, 472, 428, 431, 452]
[30, 39321, 451, 448, 489, 428, 404, 422, 447, 440, 439, 428, 429, 455, 409, 423, 486, 468]
[30, 39321, 460, 410, 459, 424, 497, 463, 432, 431, 459, 444, 380, 440, 448, 422, 456, 480]
[30, 39321, 390, 483, 500, 498, 489, 393, 425, 459, 454, 448, 426, 428, 446, 453, 421, 411]
[35, 45875, 657, 618, 609, 622, 586, 620, 564, 612, 623, 598, 617, 615, 534, 611, 568, 572]
[35, 45875, 587, 621, 624, 614, 642, 648, 567, 608, 618, 565, 639, 635, 501, 593, 614, 554]
[35, 45875, 583, 603, 591, 573, 618, 531, 561, 630, 659, 574, 615, 587, 546, 587, 583, 541]
[35, 45875, 583, 595, 582, 574, 691, 632, 594, 566, 581, 615, 650, 545, 588, 607, 576, 536]
[35, 45875, 572, 596, 621, 544, 608, 624, 602, 623, 626, 592, 569, 572, 571, 630, 562, 619]
[35, 45875, 630, 613, 595, 612, 604, 578, 634, 538, 645, 636, 586, 583, 584, 617, 587, 586]
[35, 45875, 599, 585, 591, 576, 607, 552, 592, 570, 562, 619, 625, 620, 561, 608, 602, 643]
[35, 45875, 591, 591, 617, 610, 615, 575, 644, 567, 610, 608, 540, 570, 585, 622, 633, 662]
[35, 45875, 606, 565, 551, 584, 606, 637, 593, 570, 625, 586, 624, 571, 616, 652, 595, 585]
[35, 45875, 644, 578, 603, 583, 582, 578, 563, 613, 637, 609, 594, 563, 600, 562, 604, 630]
[35, 45875, 616, 603, 589, 599, 632, 538, 652, 622, 613, 564, 617, 601, 569, 593, 598, 616]
[35, 45875, 586, 618, 578, 574, 646, 664, 593, 627, 623, 581, 588, 626, 599, 571, 561, 587]
[35, 45875, 599, 621, 612, 602, 592, 577, 591, 554, 578, 579, 598, 609, 598, 639, 664, 622]
[35, 45875, 567, 624, 546, 602, 590, 611, 609, 581, 648, 608, 628, 584, 582, 623, 588, 605]
[35, 45875, 546, 584, 608, 672, 638, 594, 588, 488, 569, 577, 649, 618, 607, 653, 632, 585]
[35, 45875, 611, 566, 579, 571, 603, 575, 607, 555, 572, 570, 588, 582, 623, 647, 647, 642]
[35, 45875, 546, 556, 607, 605, 646, 603, 612, 575, 572, 624, 610, 531, 529, 562, 608, 619]
[35, 45875, 597, 540, 552, 607, 638, 613, 601, 607, 612, 555, 582, 547, 597, 656, 577, 610]
[35, 45875, 609, 624, 617, 617, 564, 577, 614, 606, 604, 604, 616, 623, 581, 605, 594, 608]
[35, 45875, 600, 591, 599, 606, 589, 589, 627, 595, 624, 630, 647, 585, 585, 584, 590, 640]
[35, 45875, 586, 638, 634, 595, 596, 614, 619, 644, 607, 609, 558, 622, 593, 601, 582, 634]
[35, 45875, 610, 630, 609, 613, 652, 570, 564, 599, 575, 625, 596, 655, 599, 589, 548, 633]
[35, 45875, 591, 613, 576, 626, 583, 591, 609, 551, 570, 607, 593, 632, 579, 604, 588, 585]
[35, 45875, 572, 592, 571, 566, 684, 641, 615, 577, 635, 640, 603, 584, 597, 559, 641, 589]
[35, 45875, 640, 585, 593, 586, 535, 572, 607, 551, 494, 652, 625, 598, 606, 636, 636, 599]
[35, 45875, 607, 562, 607, 590, 568, 622, 654, 532, 583, 586, 632, 576, 603, 713, 616, 603]
[35, 45875, 652, 587, 656, 636, 577, 618, 634, 562, 611, 585, 610, 626, 588, 593, 551, 571]
[35, 45875, 567, 644, 575, 624, 569, 639, 555, 560, 618, 616, 576, 596, 638, 603, 630, 653]
[35, 45875, 611, 548, 595, 585, 657, 595, 592, 516, 586, 586, 621, 622, 643, 566, 563, 587]
[35, 45875, 652, 571, 660, 554, 588, 592, 602, 568, 639, 566, 610, 579, 637, 601, 640, 607]
[35, 45875, 538, 579, 624, 614, 569, 593, 577, 557, 610, 596, 553, 574, 642, 607, 625, 630]
[35, 45875, 567, 597, 648, 609, 585, 581, 554, 573, 578, 649, 621, 556, 584, 604, 656, 630]
[35, 45875, 588, 554, 643, 570, 555, 570, 582, 706, 605, 628, 648, 632, 590, 583, 593, 614]
[35, 45875, 613, 591, 592, 553, 634, 607, 577, 601, 643, 605, 670, 574, 619, 554, 606, 581]
[35, 45875, 644, 553, 596, 645, 625, 580, 568, 542, 625, 639, 634, 589, 611, 610, 654, 655]
[35, 45875, 578, 587, 617, 571, 593, 569, 577, 619, 583, 575, 667, 624, 602, 635, 648, 602]
[35, 45875, 590, 599, 622, 595, 528, 587, 583, 619, 615, 566, 627, 587, 561, 624, 628, 605]
[35, 45875, 609, 621, 579, 596, 575, 636, 582, 652, 606, 549, 558, 675, 562, 553, 582, 559]
[35, 45875, 613, 576, 580, 591, 602, 654, 624, 582, 628, 604, 601, 586, 609, 589, 604, 592]
[35, 45875, 617, 707, 585, 592, 609, 546, 584, 580, 657, 558, 572, 644, 589, 614, 592, 592]
[35, 45875, 623, 627, 624, 641, 615, 587, 569, 652, 587, 559, 589, 571, 580, 571, 531, 586]
[35, 45875, 578, 587, 636, 567, 616, 673, 574, 580, 602, 561, 640, 561, 597, 636, 617, 594]
[35, 45875, 593, 595, 570, 582, 585, 615, 615, 676, 578, 603, 547, 657, 558, 631, 599, 606]
[35, 45875, 629, 663, 617, 582, 602, 608, 592, 604, 599, 619, 577, 617, 636, 608, 538, 593]
[35, 45875, 629, 597, 562, 662, 605, 608, 604, 628, 604, 606, 610, 583, 558, 625, 651, 582]
[35, 45875, 614, 587, 605, 595, 581, 617, 622, 632, 600, 613, 612, 633, 627, 591, 604, 574]
[35, 45875, 605, 601, 593, 645, 601, 653, 593, 595, 579, 594, 576, 627, 657, 597, 582, 607]
[35, 45875, 603, 595, 581, 578, 633, 569, 575, 614, 672, 611, 640, 646, 602, 603, 561, 583]
[35, 45875, 658, 598, 596, 654, 624, 562, 551, 582, 587, 650, 605, 580, 604, 597, 559, 594]
[35, 45875, 598, 626, 608, 638, 611, 600, 583, 515, 632, 569, 617, 602, 609, 622, 645, 563]
[35, 45875, 654, 566, 605, 627, 617, 582, 558, 612, 552, 570, 622, 573, 595, 657, 642, 571]
[35, 45875, 624, 621, 626, 572, 575, 597, 587, 564, 606, 544, 590, 587, 632, 584, 623, 619]
[35, 45875, 588, 571, 652, 622, 521, 610, 577, 598, 583, 568, 631, 603, 588, 625, 589, 611]
[35, 45875, 629, 612, 549, 628, 624, 602, 559, 588, 583, 597, 598, 610, 584, 655, 612, 582]
[35, 45875, 570, 619, 631, 587, 584, 615, 554, 645, 595, 601, 554, 604, 629, 575, 614, 648]
[35, 45875, 612, 597, 567, 579, 604, 551, 589, 601, 589, 605, 545, 600, 564, 590, 605, 608]
[35, 45875, 605, 578, 583, 594, 593, 582, 537, 597, 508, 610, 610, 640, 636, 584, 609, 573]
[35, 45875, 611, 519, 615, 624, 611, 563, 616, 619, 658, 587, 577, 647, 589, 598, 620, 656]
[35, 45875, 640, 597, 629, 559, 616, 612, 612, 579, 597, 590, 642, 591, 555, 620, 649, 605]
[35, 45875, 580, 611, 537, 535, 607, 606, 580, 610, 618, 634, 618, 647, 603, 625, 592, 688]
[35, 45875, 596, 605, 618, 603, 645, 586, 581, 608, 596, 572, 608, 573, 648, 633, 647, 632]
[35, 45875, 578, 561, 660, 679, 611, 562, 612, 645, 561, 568, 593, 603, 530, 587, 579, 595]
[35, 45875, 607, 610, 637, 583, 570, 592, 595, 624, 570, 546, 573, 565, 575, 602, 572, 640]
[35, 45875, 601, 627, 594, 618, 611, 576, 619, 604, 616, 607, 640, 632, 574, 572, 549, 587]
[35, 45875, 698, 643, 576, 574, 584, 635, 617, 575, 543, 573, 552, 693, 624, 586, 566, 587]
[35, 45875, 648, 610, 616, 593, 684, 552, 560, 598, 581, 630, 598, 609, 629, 592, 701, 563]
[35, 45875, 590, 628, 655, 600, 570, 538, 639, 611, 591, 627, 576, 621, 636, 575, 591, 595]
[35, 45875, 568, 545, 665, 576, 581, 623, 596, 613, 608, 634, 557, 594, 558, 569, 645, 598]
[35, 45875, 575, 520, 558, 629, 600, 608, 627, 641, 662, 655, 616, 605, 571, 600, 602, 589]
[35, 45875, 610, 521, 581, 622, 618, 654, 594, 564, 574, 620, 601, 610, 634, 560, 591, 653]
[35, 45875, 601, 616, 646, 583, 620, 581, 611, 561, 581, 600, 576, 654, 620, 576, 593, 571]
[35, 45875, 628, 643, 668, 603, 661, 585, 639, 590, 579, 554, 541, 628, 581, 614, 593, 540]
[35, 45875, 558, 584, 605, 577, 672, 628, 661, 583, 556, 596, 596, 620, 590, 645, 599, 639]
[35, 45875, 588, 578, 647, 611, 569, 565, 581, 627, 615, 626, 626, 662, 614, 648, 629, 593]
[35, 45875, 614, 553, 576, 571, 607, 606, 622, 627, 585, 581, 607, 612, 636, 645, 625, 587]
[35, 45875, 575, 594, 573, 601, 547, 593, 554, 643, 621, 602, 566, 647, 614, 576, 546, 606]
[35, 45875, 644, 578, 533, 625, 564, 644, 606, 626, 590, 617, 593, 571, 568, 634, 601, 591]
[35, 45875, 607, 610, 578, 624, 569, 618, 611, 577, 582, 598, 555, 601, 607, 576, 609, 578]
[35, 45875, 630, 619, 624, 593, 604, 619, 573, 622, 586, 561, 603, 564, 564, 604, 592, 628]
[35, 45875, 568, 624, 555, 569, 651, 606, 576, 589, 582, 623, 643, 594, 541, 613, 656, 561]
[35, 45875, 624, 641, 628, 564, 569, 600, 653, 544, 613, 610, 638, 609, 583, 668, 597, 530]
[35, 45875, 559, 631, 587, 627, 582, 554, 597, 623, 576, 613, 603, 605, 601, 628, 571, 602]
[35, 45875, 597, 569, 626, 594, 619, 590, 598, 595, 600, 652, 583, 562, 634, 515, 668, 620]
[35, 45875, 569, 571, 561, 573, 588, 596, 611, 646, 640, 630, 653, 555, 634, 573, 577, 586]
[35, 45875, 628, 573, 628, 600, 618, 604, 620, 626, 636, 542, 614, 573, 545, 589, 559, 627]
[35, 45875, 575, 610, 574, 574, 607, 597, 569, 600, 621, 583, 570, 640, 559, 676, 590, 605]
[35, 45875, 601, 589, 592, 664, 580, 638, 585, 563, 558, 616, 583, 649, 628, 561, 618, 591]
[35, 45875, 584, 565, 600, 641, 606, 610, 579, 609, 570, 602, 601, 581, 591, 640, 545, 614]
[35, 45875, 652, 634, 604, 609, 608, 602, 606, 623, 553, 605, 643, 648, 598, 554, 624, 590]
[35, 45875, 638, 619, 635, 564, 620, 575, 624, 581, 555, 614, 567, 538, 615, 572, 633, 582]
[35, 45875, 595, 544, 569, 606, 591, 590, 582, 602, 597, 606, 622, 593, 609, 605, 606, 619]
[35, 45875, 613, 604, 576, 565, 583, 643, 545, 606, 607, 591, 609, 620, 625, 598, 621, 560]
[35, 45875, 602, 624, 569, 562, 584, 567, 590, 605, 648, 634, 640, 655, 575, 589, 546, 622]
[35, 45875, 581, 541, 609, 556, 546, 639, 629, 585, 601, 639, 663, 609, 618, 522, 579, 635]
[35, 45875, 596, 560, 611, 642, 601, 685, 605, 593, 574, 605, 616, 592, 636, 556, 555, 606]
[35, 45875, 599, 591, 569, 621, 629, 659, 620, 579, 604, 567, 609, 601, 626, 602, 564, 600]
[35, 45875, 591, 574, 591, 526, 608, 565, 573, 655, 519, 597, 589, 609, 624, 558, 602, 606]
[35, 45875, 599, 512, 617, 622, 612, 641, 588, 560, 565, 625, 557, 616, 604, 611, 667, 625]
[35, 45875, 578, 610, 601, 605, 645, 622, 571, 575, 584, 647, 509, 616, 566, 618, 613, 592]
[35, 45875, 543, 605, 617, 607, 607, 571, 597, 651, 553, 641, 541, 620, 614, 570, 593, 552]
[40, 52428, 848, 840, 751, 795, 717, 771, 752, 753, 825, 789, 856, 760, 723, 779, 743, 808]
[40, 52428, 799, 790, 831, 787, 806, 792, 745, 714, 797, 729, 821, 737, 702, 752, 728, 717]
[40, 52428, 745, 793, 756, 771, 766, 783, 797, 799, 806, 745, 795, 719, 802, 744, 785, 808]
[40, 52428, 786, 750, 783, 814, 857, 780, 778, 734, 761, 787, 756, 779, 773, 857, 746, 753]
[40, 52428, 747, 798, 786, 763, 822, 784, 780, 774, 771, 757, 763, 715, 720, 808, 782, 827]
[40, 52428, 812, 871, 710, 767, 803, 826, 797, 775, 735, 754, 801, 743, 734, 751, 777, 756]
[40, 52428, 778, 789, 760, 709, 789, 740, 740, 771, 756, 792, 821, 787, 710, 770, 787, 789]
[40, 52428, 775, 805, 775, 737, 796, 718, 829, 735, 811, 832, 717, 773, 778, 792, 830, 794]
[40, 52428, 832, 673, 723, 752, 756, 813, 758, 828, 741, 770, 794, 708, 770, 843, 803, 764]
[40, 52428, 796, 786, 829, 799, 735, 715, 715, 839, 788, 746, 796, 748, 755, 749, 776, 821]
[40, 52428, 756, 797, 742, 771, 831, 767, 829, 814, 754, 752, 780, 686, 776, 774, 759, 826]
[40, 52428, 788, 763, 764, 758, 743, 801, 809, 796, 748, 769, 839, 836, 822, 796, 737, 769]
[40, 52428, 794, 783, 841, 795, 757, 742, 766, 823, 690, 763, 742, 827, 739, 748, 792, 817]
[40, 52428, 729, 744, 751, 829, 764, 775, 772, 752, 897, 792, 797, 749, 731, 826, 756, 805]
[40, 52428, 717, 830, 768, 817, 754, 765, 757, 681, 780, 823, 805, 827, 780, 791, 763, 741]
[40, 52428, 764, 778, 777, 758, 791, 762, 758, 784, 714, 775, 823, 835, 812, 828, 820, 767]
[40, 52428, 756, 751, 754, 795, 767, 778, 815, 761, 756, 817, 758, 704, 729, 708, 774, 830]
[40, 52428, 745, 745, 755, 825, 768, 899, 787, 743, 768, 735, 801, 768, 688, 809, 771, 742]
[40, 52428, 772, 771, 783, 779, 743, 801, 773, 761, 755, 790, 847, 788, 771, 780, 731, 796]
[40, 52428, 817, 777, 728, 733, 755, 753, 869, 770, 803, 776, 845, 821, 783, 790, 757, 806]
[40, 52428, 781, 824, 798, 733, 817, 782, 769, 817, 766, 752, 761, 796, 815, 752, 669, 770]
[40, 52428, 780, 756, 822, 795, 829, 758, 778, 826, 759, 767, 790, 883, 833, 794, 698, 787]
[40, 52428, 753, 811, 761, 836, 785, 714, 749, 787, 768, 870, 772, 815, 768, 847, 751, 806]
[40, 52428, 771, 750, 785, 756, 789, 806, 746, 732, 737, 814, 722, 775, 746, 771, 834, 700]
[40, 52428, 783, 799, 776, 752, 773, 803, 750, 814, 727, 815, 817, 777, 766, 832, 779, 766]
[40, 52428, 793, 780, 784, 755, 746, 817, 792, 800, 757, 754, 797, 711, 747, 846, 855, 787]
[40, 52428, 808, 744, 762, 763, 767, 774, 861, 770, 720, 712, 798, 780, 735, 786, 796, 751]
[40, 52428, 774, 785, 757, 765, 797, 824, 829, 720, 765, 752, 740, 769, 798, 762, 773, 808]
[40, 52428, 810, 755, 816, 762, 806, 842, 741, 737, 764, 775, 787, 786, 779, 758, 772, 808]
[40, 52428, 809, 769, 834, 734, 791, 774, 760, 702, 787, 753, 797, 766, 758, 832, 799, 768]
[40, 52428, 673, 761, 791, 854, 777, 792, 784, 808, 738, 795, 769, 776, 798, 789, 801, 842]
[40, 52428, 783, 731, 813, 740, 765, 780, 778, 742, 809, 764, 810, 731, 806, 780, 865, 773]
[40, 52428, 850, 778, 816, 762, 783, 760, 819, 792, 838, 769, 789, 783, 706, 783, 756, 816]
[40, 52428, 807, 764, 762, 786, 734, 774, 786, 736, 822, 798, 864, 756, 805, 757, 771, 754]
[40, 52428, 753, 777, 735, 773, 774, 673, 808, 774, 787, 800, 858, 731, 782, 782, 822, 800]
[40, 52428, 715, 770, 784, 757, 763, 742, 744, 791, 756, 785, 832, 783, 813, 787, 809, 738]
[40, 52428, 742, 818, 757, 781, 814, 842, 801, 805, 773, 783, 785, 800, 779, 803, 806, 730]
[40, 52428, 790, 800, 714, 677, 764, 838, 862, 817, 755, 791, 737, 818, 751, 770, 749, 793]
[40, 52428, 796, 724, 798, 739, 765, 907, 797, 719, 833, 808, 774, 746, 765, 780, 760, 795]
[40, 52428, 776, 914, 787, 783, 754, 788, 734, 767, 767, 756, 722, 801, 796, 737, 742, 769]
[40, 52428, 779, 766, 784, 873, 786, 751, 766, 770, 760, 749, 803, 784, 773, 746, 738, 786]
[40, 52428, 760, 744, 775, 806, 861, 891, 714, 703, 753, 763, 787, 742, 819, 825, 736, 810]
[40, 52428, 821, 757, 771, 712, 836, 805, 848, 743, 744, 742, 772, 861, 720, 765, 771, 781]
[40, 52428, 745, 833, 828, 707, 828, 760, 821, 737, 788, 758, 750, 770, 788, 809, 740, 780]
[40, 52428, 800, 794, 765, 849, 756, 754, 808, 800, 811, 766, 779, 729, 730, 765, 830, 778]
[40, 52428, 808, 859, 817, 712, 723, 732, 828, 859, 808, 781, 741, 806, 804, 732, 795, 688]
[40, 52428, 752, 732, 803, 811, 755, 783, 755, 789, 805, 749, 761, 765, 765, 758, 788, 777]
[40, 52428, 730, 734, 788, 745, 771, 767, 737, 742, 816, 775, 823, 879, 817, 727, 751, 794]
[40, 52428, 783, 754, 789, 807, 813, 787, 780, 707, 759, 836, 785, 752, 811, 847, 728, 841]
[40, 52428, 782, 829, 748, 833, 820, 764, 838, 776, 772, 694, 777, 776, 823, 753, 839, 742]
[40, 52428, 816, 766, 843, 781, 790, 770, 707, 791, 721, 806, 816, 732, 745, 748, 796, 751]
[40, 52428, 793, 735, 794, 757, 810, 785, 749, 803, 796, 695, 769, 791, 804, 762, 819, 818]
[40, 52428, 745, 751, 847, 753, 797, 812, 750, 714, 742, 764, 821, 836, 732, 806, 809, 843]
[40, 52428, 801, 786, 721, 802, 801, 796, 696, 831, 777, 754, 761, 704, 729, 811, 776, 844]
[40, 52428, 725, 794, 757, 756, 766, 752, 712, 795, 795, 821, 794, 759, 800, 698, 810, 838]
[40, 52428, 769, 799, 781, 755, 799, 729, 796, 724, 793, 773, 818, 869, 740, 804, 855, 798]
[40, 52428, 813, 726, 770, 786, 804, 764, 769, 817, 718, 809, 777, 870, 809, 781, 736, 744]
[40, 52428, 759, 786, 776, 805, 765, 775, 781, 783, 797, 730, 759, 776, 797, 758, 756, 826]
[40, 52428, 755, 738, 826, 761, 805, 764, 775, 744, 794, 730, 805, 777, 717, 757, 830, 792]
[40, 52428, 771, 759, 732, 798, 763, 751, 788, 772, 809, 797, 745, 741, 804, 728, 777, 834]
[40, 52428, 766, 760, 736, 801, 812, 755, 677, 758, 855, 713, 799, 739, 777, 779, 785, 765]
[40, 52428, 732, 748, 770, 775, 825, 768, 771, 770, 739, 744, 760, 744, 794, 802, 780, 784]
[40, 52428, 816, 744, 815, 813, 768, 802, 790, 774, 776, 754, 777, 800, 757, 759, 793, 769]
[40, 52428, 767, 795, 818, 797, 808, 795, 778, 807, 790, 813, 773, 766, 768, 817, 710, 823]
[40, 52428, 842, 793, 796, 746, 728, 811, 836, 749, 706, 761, 784, 803, 837, 723, 778, 786]
[40, 52428, 811, 765, 779, 784, 867, 769, 773, 801, 712, 743, 809, 738, 775, 756, 834, 775]
[40, 52428, 818, 757, 821, 816, 733, 714, 829, 823, 794, 788, 787, 775, 864, 734, 758, 728]
[40, 52428, 771, 770, 802, 770, 816, 787, 821, 831, 772, 794, 796, 782, 727, 749, 769, 751]
[40, 52428, 735, 731, 735, 811, 736, 833, 811, 777, 863, 785, 735, 792, 779, 831, 748, 779]
[40, 52428, 740, 719, 772, 758, 779, 766, 725, 797, 780, 806, 787, 777, 838, 785, 756, 863]
[40, 52428, 769, 797, 848, 791, 801, 760, 789, 743, 769, 737, 849, 770, 769, 731, 799, 725]
[40, 52428, 819, 787, 788, 812, 835, 718, 809, 715, 773, 734, 768, 808, 762, 765, 759, 710]
[40, 52428, 731, 769, 816, 792, 786, 789, 810, 717, 777, 724, 807, 809, 760, 795, 722, 786]
[40, 52428, 742, 752, 800, 736, 794, 818, 747, 733, 757, 784, 783, 824, 736, 759, 783, 728]
[40, 52428, 732, 737, 764, 767, 783, 767, 759, 834, 793, 788, 784, 768, 825, 825, 771, 759]
[40, 52428, 723, 776, 753, 789, 749, 744, 813, 793, 797, 801, 791, 804, 844, 812, 731, 768]
[40, 52428, 850, 738, 729, 772, 719, 728, 753, 866, 743, 827, 766, 772, 806, 825, 760, 836]
[40, 52428, 799, 826, 740, 803, 734, 766, 835, 819, 772, 804, 741, 740, 763, 712, 781, 781]
[40, 52428, 838, 802, 854, 728, 755, 803, 761, 723, 819, 794, 782, 721, 757, 802, 745, 839]
[40, 52428, 694, 814, 736, 840, 820, 847, 808, 744, 748, 787, 799, 816, 786, 808, 786, 696]
[40, 52428, 786, 762, 759, 762, 775, 811, 805, 710, 786, 764, 834, 798, 803, 878, 732, 741]
[40, 52428, 720, 755, 805, 786, 753, 737, 798, 753, 746, 778, 762, 787, 810, 801, 803, 774]
[40, 52428, 819, 791, 764, 760, 838, 744, 779, 782, 712, 765, 810, 714, 809, 755, 782, 750]
[40, 52428, 804, 793, 803, 757, 750, 801, 796, 793, 759, 722, 812, 784, 772, 801, 807, 746]
[40, 52428, 818, 721, 772, 786, 836, 768, 793, 785, 812, 718, 763, 764, 756, 707, 760, 810]
[40, 52428, 817, 803, 747, 824, 772, 787, 774, 780, 779, 744, 759, 768, 739, 809, 786, 759]
[40, 52428, 721, 757, 712, 831, 799, 797, 753, 748, 752, 778, 804, 788, 801, 732, 816, 771]
[40, 52428, 818, 820, 769, 799, 724, 789, 774, 811, 742, 757, 778, 778, 796, 801, 754, 772]
[40, 52428, 868, 858, 742, 798, 727, 819, 802, 774, 721, 799, 820, 776, 745, 727, 790, 738]
[40, 52428, 855, 778, 792, 737, 838, 735, 793, 790, 763, 817, 727, 750, 774, 742, 802, 735]
[40, 52428, 742, 778, 794, 788, 740, 767, 783, 780, 778, 741, 830, 790, 796, 737, 788, 824]
[40, 52428, 776, 772, 740, 798, 748, 823, 726, 792, 783, 802, 811, 811, 795, 807, 780, 789]
[40, 52428, 812, 815, 761, 777, 790, 711, 824, 722, 861, 821, 784, 847, 826, 732, 761, 843]
[40, 52428, 812, 775, 752, 686, 726, 854, 715, 784, 762, 850, 848, 775, 807, 716, 738, 794]
[40, 52428, 828, 764, 780, 756, 812, 846, 729, 726, 763, 784, 758, 744, 766, 815, 713, 731]
[40, 52428, 800, 755, 741, 770, 792, 863, 831, 745, 765, 824, 805, 750, 801, 764, 786, 784]
[40, 52428, 798, 764, 819, 787, 771, 752, 805, 778, 751, 772, 827, 787, 782, 784, 758, 744]
[40, 52428, 761, 740, 798, 745, 789, 786, 798, 784, 771, 782, 765, 768, 832, 752, 784, 811]
[40, 52428, 755, 804, 807, 765, 829, 773, 751, 782, 784, 760, 722, 805, 793, 780, 804, 759]
[40, 52428, 757, 868, 802, 840, 814, 729, 753, 808, 776, 809, 743, 738, 804, 794, 768, 712]
