[1, 1310, 16]
[1, 1310, 13]
[1, 1310, 17]
[1, 1310, 16]
[1, 1310, 21]
[1, 1310, 16]
[1, 1310, 20]
[1, 1310, 14]
[1, 1310, 13]
[1, 1310, 15]
[1, 1310, 10]
[1, 1310, 14]
[1, 1310, 21]
[1, 1310, 13]
[1, 1310, 17]
[1, 1310, 20]
[1, 1310, 22]
[1, 1310, 26]
[1, 1310, 12]
[1, 1310, 18]
[1, 1310, 14]
[1, 1310, 14]
[1, 1310, 16]
[1, 1310, 17]
[1, 1310, 19]
[1, 1310, 16]
[1, 1310, 12]
[1, 1310, 21]
[1, 1310, 17]
[1, 1310, 14]
[1, 1310, 21]
[1, 1310, 18]
[1, 1310, 16]
[1, 1310, 13]
[1, 1310, 17]
[1, 1310, 19]
[1, 1310, 19]
[1, 1310, 15]
[1, 1310, 16]
[1, 1310, 18]
[1, 1310, 15]
[1, 1310, 16]
[1, 1310, 19]
[1, 1310, 8]
[1, 1310, 13]
[1, 1310, 16]
[1, 1310, 22]
[1, 1310, 22]
[1, 1310, 15]
[1, 1310, 16]
[1, 1310, 13]
[1, 1310, 12]
[1, 1310, 19]
[1, 1310, 11]
[1, 1310, 22]
[1, 1310, 21]
[1, 1310, 21]
[1, 1310, 12]
[1, 1310, 16]
[1, 1310, 16]
[1, 1310, 12]
[1, 1310, 11]
[1, 1310, 20]
[1, 1310, 11]
[1, 1310, 9]
[1, 1310, 13]
[1, 1310, 15]
[1, 1310, 15]
[1, 1310, 18]
[1, 1310, 22]
[1, 1310, 21]
[1, 1310, 18]
[1, 1310, 15]
[1, 1310, 23]
[1, 1310, 27]
[1, 1310, 6]
[1, 1310, 9]
[1, 1310, 18]
[1, 1310, 15]
[1, 1310, 17]
[1, 1310, 16]
[1, 1310, 13]
[1, 1310, 16]
[1, 1310, 18]
[1, 1310, 26]
[1, 1310, 14]
[1, 1310, 14]
[1, 1310, 20]
[1, 1310, 9]
[1, 1310, 29]
[1, 1310, 20]
[1, 1310, 17]
[1, 1310, 19]
[1, 1310, 19]
[1, 1310, 16]
[1, 1310, 19]
[1, 1310, 15]
[1, 1310, 18]
[1, 1310, 9]
[1, 1310, 17]
[2, 2621, 39]
[2, 2621, 39]
[2, 2621, 47]
[2, 2621, 42]
[2, 2621, 35]
[2, 2621, 54]
[2, 2621, 42]
[2, 2621, 47]
[2, 2621, 36]
[2, 2621, 40]
[2, 2621, 49]
[2, 2621, 49]
[2, 2621, 55]
[2, 2621, 41]
[2, 2621, 45]
[2, 2621, 36]
[2, 2621, 48]
[2, 2621, 45]
[2, 2621, 40]
[2, 2621, 44]
[2, 2621, 48]
[2, 2621, 60]
[2, 2621, 42]
[2, 2621, 42]
[2, 2621, 45]
[2, 2621, 51]
[2, 2621, 37]
[2, 2621, 49]
[2, 2621, 47]
[2, 2621, 55]
[2, 2621, 38]
[2, 2621, 32]
[2, 2621, 53]
[2, 2621, 40]
[2, 2621, 48]
[2, 2621, 46]
[2, 2621, 43]
[2, 2621, 48]
[2, 2621, 37]
[2, 2621, 56]
[2, 2621, 46]
[2, 2621, 44]
[2, 2621, 44]
[2, 2621, 38]
[2, 2621, 45]
[2, 2621, 52]
[2, 2621, 49]
[2, 2621, 45]
[2, 2621, 29]
[2, 2621, 42]
[2, 2621, 41]
[2, 2621, 42]
[2, 2621, 46]
[2, 2621, 46]
[2, 2621, 46]
[2, 2621, 45]
[2, 2621, 41]
[2, 2621, 39]
[2, 2621, 32]
[2, 2621, 43]
[2, 2621, 37]
[2, 2621, 39]
[2, 2621, 44]
[2, 2621, 48]
[2, 2621, 42]
[2, 2621, 54]
[2, 2621, 34]
[2, 2621, 31]
[2, 2621, 52]
[2, 2621, 53]
[2, 2621, 41]
[2, 2621, 36]
[2, 2621, 51]
[2, 2621, 43]
[2, 2621, 50]
[2, 2621, 36]
[2, 2621, 49]
[2, 2621, 43]
[2, 2621, 37]
[2, 2621, 48]
[2, 2621, 50]
[2, 2621, 62]
[2, 2621, 46]
[2, 2621, 35]
[2, 2621, 51]
[2, 2621, 38]
[2, 2621, 41]
[2, 2621, 55]
[2, 2621, 40]
[2, 2621, 48]
[2, 2621, 38]
[2, 2621, 46]
[2, 2621, 44]
[2, 2621, 45]
[2, 2621, 40]
[2, 2621, 59]
[2, 2621, 52]
[2, 2621, 37]
[2, 2621, 39]
[2, 2621, 39]
[5, 6553, 206]
[5, 6553, 186]
[5, 6553, 180]
[5, 6553, 190]
[5, 6553, 186]
[5, 6553, 201]
[5, 6553, 223]
[5, 6553, 184]
[5, 6553, 213]
[5, 6553, 193]
[5, 6553, 183]
[5, 6553, 192]
[5, 6553, 200]
[5, 6553, 184]
[5, 6553, 202]
[5, 6553, 181]
[5, 6553, 195]
[5, 6553, 174]
[5, 6553, 195]
[5, 6553, 182]
[5, 6553, 188]
[5, 6553, 174]
[5, 6553, 176]
[5, 6553, 185]
[5, 6553, 187]
[5, 6553, 200]
[5, 6553, 188]
[5, 6553, 191]
[5, 6553, 172]
[5, 6553, 189]
[5, 6553, 194]
[5, 6553, 203]
[5, 6553, 181]
[5, 6553, 180]
[5, 6553, 197]
[5, 6553, 171]
[5, 6553, 184]
[5, 6553, 190]
[5, 6553, 189]
[5, 6553, 212]
[5, 6553, 201]
[5, 6553, 212]
[5, 6553, 173]
[5, 6553, 215]
[5, 6553, 198]
[5, 6553, 191]
[5, 6553, 193]
[5, 6553, 184]
[5, 6553, 188]
[5, 6553, 171]
[5, 6553, 171]
[5, 6553, 190]
[5, 6553, 207]
[5, 6553, 174]
[5, 6553, 178]
[5, 6553, 204]
[5, 6553, 186]
[5, 6553, 199]
[5, 6553, 155]
[5, 6553, 207]
[5, 6553, 182]
[5, 6553, 197]
[5, 6553, 199]
[5, 6553, 184]
[5, 6553, 192]
[5, 6553, 226]
[5, 6553, 190]
[5, 6553, 158]
[5, 6553, 191]
[5, 6553, 194]
[5, 6553, 184]
[5, 6553, 174]
[5, 6553, 205]
[5, 6553, 194]
[5, 6553, 194]
[5, 6553, 179]
[5, 6553, 179]
[5, 6553, 169]
[5, 6553, 200]
[5, 6553, 213]
[5, 6553, 214]
[5, 6553, 207]
[5, 6553, 197]
[5, 6553, 179]
[5, 6553, 211]
[5, 6553, 194]
[5, 6553, 185]
[5, 6553, 189]
[5, 6553, 195]
[5, 6553, 183]
[5, 6553, 204]
[5, 6553, 185]
[5, 6553, 216]
[5, 6553, 196]
[5, 6553, 188]
[5, 6553, 178]
[5, 6553, 183]
[5, 6553, 201]
[5, 6553, 215]
[5, 6553, 201]
[10, 13107, 709]
[10, 13107, 639]
[10, 13107, 639]
[10, 13107, 701]
[10, 13107, 682]
[10, 13107, 698]
[10, 13107, 688]
[10, 13107, 649]
[10, 13107, 689]
[10, 13107, 667]
[10, 13107, 650]
[10, 13107, 674]
[10, 13107, 721]
[10, 13107, 699]
[10, 13107, 696]
[10, 13107, 651]
[10, 13107, 695]
[10, 13107, 658]
[10, 13107, 693]
[10, 13107, 653]
[10, 13107, 652]
[10, 13107, 656]
[10, 13107, 670]
[10, 13107, 703]
[10, 13107, 690]
[10, 13107, 646]
[10, 13107, 645]
[10, 13107, 742]
[10, 13107, 722]
[10, 13107, 685]
[10, 13107, 668]
[10, 13107, 667]
[10, 13107, 661]
[10, 13107, 696]
[10, 13107, 698]
[10, 13107, 665]
[10, 13107, 639]
[10, 13107, 645]
[10, 13107, 712]
[10, 13107, 691]
[10, 13107, 710]
[10, 13107, 702]
[10, 13107, 660]
[10, 13107, 722]
[10, 13107, 692]
[10, 13107, 670]
[10, 13107, 694]
[10, 13107, 657]
[10, 13107, 684]
[10, 13107, 591]
[10, 13107, 723]
[10, 13107, 688]
[10, 13107, 652]
[10, 13107, 691]
[10, 13107, 627]
[10, 13107, 662]
[10, 13107, 738]
[10, 13107, 669]
[10, 13107, 653]
[10, 13107, 677]
[10, 13107, 695]
[10, 13107, 663]
[10, 13107, 702]
[10, 13107, 639]
[10, 13107, 680]
[10, 13107, 684]
[10, 13107, 653]
[10, 13107, 626]
[10, 13107, 672]
[10, 13107, 711]
[10, 13107, 691]
[10, 13107, 660]
[10, 13107, 704]
[10, 13107, 677]
[10, 13107, 633]
[10, 13107, 679]
[10, 13107, 686]
[10, 13107, 700]
[10, 13107, 692]
[10, 13107, 688]
[10, 13107, 726]
[10, 13107, 695]
[10, 13107, 654]
[10, 13107, 646]
[10, 13107, 684]
[10, 13107, 664]
[10, 13107, 669]
[10, 13107, 670]
[10, 13107, 740]
[10, 13107, 635]
[10, 13107, 728]
[10, 13107, 661]
[10, 13107, 668]
[10, 13107, 686]
[10, 13107, 700]
[10, 13107, 692]
[10, 13107, 687]
[10, 13107, 663]
[10, 13107, 673]
[10, 13107, 678]
[15, 19660, 1494]
[15, 19660, 1464]
[15, 19660, 1489]
[15, 19660, 1471]
[15, 19660, 1410]
[15, 19660, 1472]
[15, 19660, 1512]
[15, 19660, 1494]
[15, 19660, 1525]
[15, 19660, 1457]
[15, 19660, 1385]
[15, 19660, 1433]
[15, 19660, 1426]
[15, 19660, 1479]
[15, 19660, 1515]
[15, 19660, 1537]
[15, 19660, 1460]
[15, 19660, 1471]
[15, 19660, 1508]
[15, 19660, 1510]
[15, 19660, 1542]
[15, 19660, 1534]
[15, 19660, 1422]
[15, 19660, 1491]
[15, 19660, 1463]
[15, 19660, 1535]
[15, 19660, 1442]
[15, 19660, 1496]
[15, 19660, 1480]
[15, 19660, 1476]
[15, 19660, 1477]
[15, 19660, 1381]
[15, 19660, 1477]
[15, 19660, 1388]
[15, 19660, 1520]
[15, 19660, 1454]
[15, 19660, 1386]
[15, 19660, 1418]
[15, 19660, 1495]
[15, 19660, 1480]
[15, 19660, 1514]
[15, 19660, 1475]
[15, 19660, 1452]
[15, 19660, 1499]
[15, 19660, 1447]
[15, 19660, 1438]
[15, 19660, 1461]
[15, 19660, 1450]
[15, 19660, 1425]
[15, 19660, 1378]
[15, 19660, 1503]
[15, 19660, 1437]
[15, 19660, 1466]
[15, 19660, 1506]
[15, 19660, 1470]
[15, 19660, 1492]
[15, 19660, 1534]
[15, 19660, 1528]
[15, 19660, 1542]
[15, 19660, 1481]
[15, 19660, 1421]
[15, 19660, 1519]
[15, 19660, 1416]
[15, 19660, 1405]
[15, 19660, 1518]
[15, 19660, 1511]
[15, 19660, 1491]
[15, 19660, 1474]
[15, 19660, 1474]
[15, 19660, 1457]
[15, 19660, 1435]
[15, 19660, 1425]
[15, 19660, 1484]
[15, 19660, 1445]
[15, 19660, 1504]
[15, 19660, 1457]
[15, 19660, 1485]
[15, 19660, 1421]
[15, 19660, 1405]
[15, 19660, 1490]
[15, 19660, 1543]
[15, 19660, 1477]
[15, 19660, 1507]
[15, 19660, 1523]
[15, 19660, 1478]
[15, 19660, 1512]
[15, 19660, 1494]
[15, 19660, 1475]
[15, 19660, 1478]
[15, 19660, 1417]
[15, 19660, 1527]
[15, 19660, 1511]
[15, 19660, 1503]
[15, 19660, 1502]
[15, 19660, 1449]
[15, 19660, 1376]
[15, 19660, 1505]
[15, 19660, 1462]
[15, 19660, 1458]
[15, 19660, 1446]
[20, 26214, 2518]
[20, 26214, 2696]
[20, 26214, 2560]
[20, 26214, 2618]
[20, 26214, 2509]
[20, 26214, 2628]
[20, 26214, 2773]
[20, 26214, 2687]
[20, 26214, 2643]
[20, 26214, 2575]
[20, 26214, 2505]
[20, 26214, 2613]
[20, 26214, 2596]
[20, 26214, 2610]
[20, 26214, 2604]
[20, 26214, 2605]
[20, 26214, 2564]
[20, 26214, 2463]
[20, 26214, 2584]
[20, 26214, 2608]
[20, 26214, 2610]
[20, 26214, 2607]
[20, 26214, 2733]
[20, 26214, 2610]
[20, 26214, 2618]
[20, 26214, 2579]
[20, 26214, 2538]
[20, 26214, 2618]
[20, 26214, 2616]
[20, 26214, 2558]
[20, 26214, 2593]
[20, 26214, 2511]
[20, 26214, 2529]
[20, 26214, 2496]
[20, 26214, 2655]
[20, 26214, 2576]
[20, 26214, 2420]
[20, 26214, 2545]
[20, 26214, 2617]
[20, 26214, 2601]
[20, 26214, 2598]
[20, 26214, 2590]
[20, 26214, 2560]
[20, 26214, 2581]
[20, 26214, 2517]
[20, 26214, 2654]
[20, 26214, 2616]
[20, 26214, 2565]
[20, 26214, 2600]
[20, 26214, 2429]
[20, 26214, 2557]
[20, 26214, 2498]
[20, 26214, 2558]
[20, 26214, 2644]
[20, 26214, 2629]
[20, 26214, 2650]
[20, 26214, 2717]
[20, 26214, 2571]
[20, 26214, 2468]
[20, 26214, 2653]
[20, 26214, 2531]
[20, 26214, 2567]
[20, 26214, 2626]
[20, 26214, 2451]
[20, 26214, 2649]
[20, 26214, 2586]
[20, 26214, 2627]
[20, 26214, 2499]
[20, 26214, 2638]
[20, 26214, 2597]
[20, 26214, 2523]
[20, 26214, 2409]
[20, 26214, 2491]
[20, 26214, 2635]
[20, 26214, 2577]
[20, 26214, 2579]
[20, 26214, 2593]
[20, 26214, 2564]
[20, 26214, 2498]
[20, 26214, 2529]
[20, 26214, 2643]
[20, 26214, 2594]
[20, 26214, 2647]
[20, 26214, 2551]
[20, 26214, 2604]
[20, 26214, 2514]
[20, 26214, 2591]
[20, 26214, 2558]
[20, 26214, 2538]
[20, 26214, 2512]
[20, 26214, 2709]
[20, 26214, 2531]
[20, 26214, 2688]
[20, 26214, 2626]
[20, 26214, 2625]
[20, 26214, 2652]
[20, 26214, 2648]
[20, 26214, 2566]
[20, 26214, 2617]
[20, 26214, 2625]
[25, 32768, 4030]
[25, 32768, 4031]
[25, 32768, 4011]
[25, 32768, 4012]
[25, 32768, 4017]
[25, 32768, 4035]
[25, 32768, 4050]
[25, 32768, 4076]
[25, 32768, 3948]
[25, 32768, 3976]
[25, 32768, 3852]
[25, 32768, 3994]
[25, 32768, 4046]
[25, 32768, 3937]
[25, 32768, 3920]
[25, 32768, 3956]
[25, 32768, 3955]
[25, 32768, 3971]
[25, 32768, 3949]
[25, 32768, 4017]
[25, 32768, 4071]
[25, 32768, 4011]
[25, 32768, 4052]
[25, 32768, 3846]
[25, 32768, 4182]
[25, 32768, 3843]
[25, 32768, 3908]
[25, 32768, 3950]
[25, 32768, 3952]
[25, 32768, 4019]
[25, 32768, 4056]
[25, 32768, 4002]
[25, 32768, 3966]
[25, 32768, 3959]
[25, 32768, 4142]
[25, 32768, 4010]
[25, 32768, 3947]
[25, 32768, 3932]
[25, 32768, 3999]
[25, 32768, 4006]
[25, 32768, 4016]
[25, 32768, 4045]
[25, 32768, 3901]
[25, 32768, 3911]
[25, 32768, 3975]
[25, 32768, 4022]
[25, 32768, 4054]
[25, 32768, 4021]
[25, 32768, 3942]
[25, 32768, 3950]
[25, 32768, 3970]
[25, 32768, 3977]
[25, 32768, 4021]
[25, 32768, 4020]
[25, 32768, 4015]
[25, 32768, 4006]
[25, 32768, 4167]
[25, 32768, 4082]
[25, 32768, 3981]
[25, 32768, 4059]
[25, 32768, 3949]
[25, 32768, 3954]
[25, 32768, 3940]
[25, 32768, 3962]
[25, 32768, 4086]
[25, 32768, 4079]
[25, 32768, 3972]
[25, 32768, 3919]
[25, 32768, 4033]
[25, 32768, 4023]
[25, 32768, 4043]
[25, 32768, 3863]
[25, 32768, 4109]
[25, 32768, 4010]
[25, 32768, 3949]
[25, 32768, 4042]
[25, 32768, 3999]
[25, 32768, 3969]
[25, 32768, 3959]
[25, 32768, 3985]
[25, 32768, 4040]
[25, 32768, 3883]
[25, 32768, 3928]
[25, 32768, 3981]
[25, 32768, 4139]
[25, 32768, 3926]
[25, 32768, 3964]
[25, 32768, 4062]
[25, 32768, 4016]
[25, 32768, 3982]
[25, 32768, 4203]
[25, 32768, 3919]
[25, 32768, 4103]
[25, 32768, 4017]
[25, 32768, 4066]
[25, 32768, 4053]
[25, 32768, 4065]
[25, 32768, 3967]
[25, 32768, 3970]
[25, 32768, 3991]
[30, 39321, 5656]
[30, 39321, 5752]
[30, 39321, 5853]
[30, 39321, 5602]
[30, 39321, 5792]
[30, 39321, 5797]
[30, 39321, 5858]
[30, 39321, 5693]
[30, 39321, 5694]
[30, 39321, 5779]
[30, 39321, 5620]
[30, 39321, 5710]
[30, 39321, 5879]
[30, 39321, 5810]
[30, 39321, 5638]
[30, 39321, 5739]
[30, 39321, 5667]
[30, 39321, 5675]
[30, 39321, 5790]
[30, 39321, 5618]
[30, 39321, 5654]
[30, 39321, 5822]
[30, 39321, 5730]
[30, 39321, 5651]
[30, 39321, 5809]
[30, 39321, 5679]
[30, 39321, 5618]
[30, 39321, 5625]
[30, 39321, 5692]
[30, 39321, 5784]
[30, 39321, 5819]
[30, 39321, 5782]
[30, 39321, 5781]
[30, 39321, 5670]
[30, 39321, 5715]
[30, 39321, 5647]
[30, 39321, 5669]
[30, 39321, 5639]
[30, 39321, 5730]
[30, 39321, 5803]
[30, 39321, 5671]
[30, 39321, 5871]
[30, 39321, 5628]
[30, 39321, 5748]
[30, 39321, 5659]
[30, 39321, 5720]
[30, 39321, 5771]
[30, 39321, 5655]
[30, 39321, 5603]
[30, 39321, 5504]
[30, 39321, 5619]
[30, 39321, 5692]
[30, 39321, 5690]
[30, 39321, 5681]
[30, 39321, 5817]
[30, 39321, 5778]
[30, 39321, 5862]
[30, 39321, 5677]
[30, 39321, 5678]
[30, 39321, 5738]
[30, 39321, 5529]
[30, 39321, 5764]
[30, 39321, 5877]
[30, 39321, 5651]
[30, 39321, 5782]
[30, 39321, 5700]
[30, 39321, 5638]
[30, 39321, 5655]
[30, 39321, 5771]
[30, 39321, 5786]
[30, 39321, 5607]
[30, 39321, 5439]
[30, 39321, 5757]
[30, 39321, 5706]
[30, 39321, 5695]
[30, 39321, 5789]
[30, 39321, 5702]
[30, 39321, 5583]
[30, 39321, 5655]
[30, 39321, 5740]
[30, 39321, 5725]
[30, 39321, 5596]
[30, 39321, 5649]
[30, 39321, 5660]
[30, 39321, 5887]
[30, 39321, 5694]
[30, 39321, 5804]
[30, 39321, 5710]
[30, 39321, 5668]
[30, 39321, 5659]
[30, 39321, 5899]
[30, 39321, 5612]
[30, 39321, 5841]
[30, 39321, 5696]
[30, 39321, 5735]
[30, 39321, 5774]
[30, 39321, 5756]
[30, 39321, 5667]
[30, 39321, 5736]
[30, 39321, 5687]
[35, 45875, 7733]
[35, 45875, 7836]
[35, 45875, 7770]
[35, 45875, 7777]
[35, 45875, 7702]
[35, 45875, 7898]
[35, 45875, 7853]
[35, 45875, 7768]
[35, 45875, 7671]
[35, 45875, 7937]
[35, 45875, 7696]
[35, 45875, 7790]
[35, 45875, 7748]
[35, 45875, 7651]
[35, 45875, 7801]
[35, 45875, 7917]
[35, 45875, 7713]
[35, 45875, 7685]
[35, 45875, 7665]
[35, 45875, 7901]
[35, 45875, 7811]
[35, 45875, 7779]
[35, 45875, 7755]
[35, 45875, 7838]
[35, 45875, 7849]
[35, 45875, 7684]
[35, 45875, 7755]
[35, 45875, 7706]
[35, 45875, 7803]
[35, 45875, 7849]
[35, 45875, 7871]
[35, 45875, 7815]
[35, 45875, 7840]
[35, 45875, 7866]
[35, 45875, 7949]
[35, 45875, 7765]
[35, 45875, 7720]
[35, 45875, 7697]
[35, 45875, 7860]
[35, 45875, 7688]
[35, 45875, 7834]
[35, 45875, 7837]
[35, 45875, 7883]
[35, 45875, 7540]
[35, 45875, 7766]
[35, 45875, 7690]
[35, 45875, 7788]
[35, 45875, 7753]
[35, 45875, 7755]
[35, 45875, 7506]
[35, 45875, 7656]
[35, 45875, 7657]
[35, 45875, 7745]
[35, 45875, 7745]
[35, 45875, 7868]
[35, 45875, 7711]
[35, 45875, 7804]
[35, 45875, 7706]
[35, 45875, 7753]
[35, 45875, 7680]
[35, 45875, 7686]
[35, 45875, 7804]
[35, 45875, 7801]
[35, 45875, 7534]
[35, 45875, 7719]
[35, 45875, 7897]
[35, 45875, 7805]
[35, 45875, 7721]
[35, 45875, 7831]
[35, 45875, 7661]
[35, 45875, 7912]
[35, 45875, 7548]
[35, 45875, 7779]
[35, 45875, 7773]
[35, 45875, 7883]
[35, 45875, 7827]
[35, 45875, 7745]
[35, 45875, 7648]
[35, 45875, 7561]
[35, 45875, 7842]
[35, 45875, 7717]
[35, 45875, 7654]
[35, 45875, 7782]
[35, 45875, 7572]
[35, 45875, 7807]
[35, 45875, 7776]
[35, 45875, 7812]
[35, 45875, 7681]
[35, 45875, 7828]
[35, 45875, 7825]
[35, 45875, 7983]
[35, 45875, 7758]
[35, 45875, 7680]
[35, 45875, 7733]
[35, 45875, 7628]
[35, 45875, 7814]
[35, 45875, 7908]
[35, 45875, 7751]
[35, 45875, 7887]
[35, 45875, 7778]
[40, 52428, 10099]
[40, 52428, 10035]
[40, 52428, 10085]
[40, 52428, 10003]
[40, 52428, 10005]
[40, 52428, 10164]
[40, 52428, 10224]
[40, 52428, 10265]
[40, 52428, 9973]
[40, 52428, 10261]
[40, 52428, 9956]
[40, 52428, 10001]
[40, 52428, 10062]
[40, 52428, 10066]
[40, 52428, 10005]
[40, 52428, 9998]
[40, 52428, 10006]
[40, 52428, 10192]
[40, 52428, 9986]
[40, 52428, 10121]
[40, 52428, 10088]
[40, 52428, 10104]
[40, 52428, 10013]
[40, 52428, 10131]
[40, 52428, 10180]
[40, 52428, 10108]
[40, 52428, 10009]
[40, 52428, 9864]
[40, 52428, 10044]
[40, 52428, 9975]
[40, 52428, 10177]
[40, 52428, 10072]
[40, 52428, 10041]
[40, 52428, 10001]
[40, 52428, 10133]
[40, 52428, 10227]
[40, 52428, 10156]
[40, 52428, 10084]
[40, 52428, 10008]
[40, 52428, 10321]
[40, 52428, 10165]
[40, 52428, 9982]
[40, 52428, 10127]
[40, 52428, 9874]
[40, 52428, 10157]
[40, 52428, 10037]
[40, 52428, 10186]
[40, 52428, 10200]
[40, 52428, 10032]
[40, 52428, 9923]
[40, 52428, 10101]
[40, 52428, 9967]
[40, 52428, 10090]
[40, 52428, 10115]
[40, 52428, 10109]
[40, 52428, 10150]
[40, 52428, 10232]
[40, 52428, 10024]
[40, 52428, 9998]
[40, 52428, 10189]
[40, 52428, 10017]
[40, 52428, 10198]
[40, 52428, 9994]
[40, 52428, 9823]
[40, 52428, 10238]
[40, 52428, 10062]
[40, 52428, 9981]
[40, 52428, 10050]
[40, 52428, 10226]
[40, 52428, 10028]
[40, 52428, 10020]
[40, 52428, 9800]
[40, 52428, 9963]
[40, 52428, 10281]
[40, 52428, 9971]
[40, 52428, 10095]
[40, 52428, 10089]
[40, 52428, 10012]
[40, 52428, 9888]
[40, 52428, 10042]
[40, 52428, 10009]
[40, 52428, 9862]
[40, 52428, 10113]
[40, 52428, 10127]
[40, 52428, 10029]
[40, 52428, 10269]
[40, 52428, 10010]
[40, 52428, 10049]
[40, 52428, 10042]
[40, 52428, 10116]
[40, 52428, 10142]
[40, 52428, 10068]
[40, 52428, 10255]
[40, 52428, 10000]
[40, 52428, 9950]
[40, 52428, 10018]
[40, 52428, 10260]
[40, 52428, 10086]
[40, 52428, 10019]
[40, 52428, 9928]
