[1, 1310, 0, 0, 1, 2, 0, 1, 1, 0, 2, 1, 2, 3, 0, 2, 2, 2]
[1, 1310, 0, 2, 0, 0, 0, 1, 2, 1, 0, 0, 1, 1, 2, 0, 0, 0]
[1, 1310, 1, 6, 2, 2, 0, 1, 2, 1, 0, 1, 1, 0, 0, 3, 0, 1]
[1, 1310, 1, 0, 2, 3, 3, 2, 0, 0, 1, 2, 2, 0, 1, 3, 0, 1]
[1, 1310, 1, 1, 3, 1, 1, 0, 0, 1, 1, 3, 0, 1, 2, 0, 2, 0]
[1, 1310, 0, 1, 2, 0, 0, 2, 0, 0, 1, 1, 2, 3, 0, 0, 3, 1]
[1, 1310, 4, 1, 1, 2, 2, 2, 0, 1, 0, 0, 1, 1, 1, 3, 0, 1]
[1, 1310, 4, 1, 0, 1, 1, 2, 2, 1, 0, 1, 0, 0, 0, 1, 1, 2]
[1, 1310, 1, 0, 0, 0, 0, 2, 0, 1, 1, 3, 3, 2, 2, 1, 2, 2]
[1, 1310, 0, 0, 1, 0, 2, 3, 1, 0, 1, 0, 0, 0, 1, 0, 2, 0]
[1, 1310, 0, 1, 0, 1, 0, 1, 3, 3, 5, 1, 0, 2, 1, 0, 2, 0]
[1, 1310, 0, 1, 3, 3, 1, 1, 1, 4, 2, 0, 2, 2, 1, 1, 1, 1]
[1, 1310, 0, 2, 1, 1, 1, 2, 1, 1, 1, 1, 2, 0, 3, 3, 1, 0]
[1, 1310, 0, 0, 2, 3, 2, 0, 1, 1, 3, 1, 1, 0, 0, 0, 2, 0]
[1, 1310, 0, 2, 1, 1, 1, 3, 1, 2, 1, 1, 2, 1, 1, 1, 1, 1]
[1, 1310, 0, 0, 1, 1, 0, 0, 1, 2, 0, 2, 1, 0, 1, 2, 0, 2]
[1, 1310, 1, 1, 1, 1, 2, 0, 0, 1, 0, 1, 2, 0, 1, 1, 1, 0]
[1, 1310, 0, 1, 0, 4, 1, 2, 2, 1, 0, 3, 1, 0, 0, 2, 2, 3]
[1, 1310, 1, 1, 2, 1, 4, 2, 1, 1, 1, 0, 0, 0, 0, 0, 1, 1]
[1, 1310, 0, 1, 3, 1, 0, 5, 1, 0, 2, 2, 2, 2, 0, 4, 1, 1]
[1, 1310, 1, 2, 2, 2, 3, 2, 0, 0, 1, 1, 0, 0, 1, 1, 1, 2]
[1, 1310, 1, 0, 0, 0, 2, 1, 0, 2, 4, 3, 2, 1, 0, 2, 1, 1]
[1, 1310, 1, 4, 4, 4, 4, 1, 1, 0, 1, 2, 1, 2, 1, 0, 0, 1]
[1, 1310, 1, 0, 1, 1, 5, 3, 0, 2, 2, 2, 0, 1, 2, 0, 2, 0]
[1, 1310, 0, 0, 1, 1, 0, 3, 1, 0, 0, 2, 2, 0, 0, 1, 0, 4]
[1, 1310, 0, 0, 1, 2, 2, 0, 0, 1, 2, 1, 1, 0, 0, 0, 1, 1]
[1, 1310, 2, 2, 2, 1, 1, 2, 1, 1, 1, 1, 1, 4, 2, 1, 1, 1]
[1, 1310, 0, 1, 0, 1, 1, 1, 0, 1, 1, 1, 0, 2, 1, 1, 3, 1]
[1, 1310, 1, 0, 6, 2, 1, 3, 1, 1, 4, 3, 2, 1, 4, 1, 3, 1]
[1, 1310, 0, 1, 2, 2, 4, 0, 0, 0, 2, 1, 0, 1, 2, 2, 0, 1]
[1, 1310, 1, 3, 1, 1, 2, 2, 4, 1, 1, 2, 0, 1, 2, 0, 0, 2]
[1, 1310, 3, 1, 1, 1, 3, 1, 2, 1, 1, 2, 2, 1, 0, 2, 2, 2]
[1, 1310, 0, 2, 4, 0, 3, 3, 0, 4, 0, 5, 0, 3, 3, 1, 0, 2]
[1, 1310, 4, 1, 2, 1, 1, 2, 1, 2, 1, 2, 1, 0, 0, 2, 2, 2]
[1, 1310, 0, 0, 0, 3, 0, 2, 0, 1, 1, 1, 2, 2, 1, 1, 0, 1]
[1, 1310, 2, 0, 1, 0, 3, 1, 4, 0, 1, 0, 0, 0, 0, 1, 2, 0]
[1, 1310, 1, 2, 1, 1, 0, 3, 0, 1, 0, 0, 1, 0, 1, 0, 1, 2]
[1, 1310, 1, 0, 1, 0, 3, 5, 0, 2, 3, 1, 1, 0, 1, 1, 0, 1]
[1, 1310, 1, 1, 2, 0, 1, 4, 3, 1, 1, 0, 1, 1, 2, 3, 3, 2]
[1, 1310, 2, 0, 3, 2, 0, 1, 1, 1, 1, 1, 1, 1, 1, 0, 1, 0]
[1, 1310, 1, 3, 1, 1, 2, 2, 1, 1, 2, 3, 1, 0, 1, 1, 0, 0]
[1, 1310, 1, 1, 3, 3, 1, 1, 1, 2, 2, 1, 3, 2, 1, 1, 2, 1]
[1, 1310, 1, 1, 1, 0, 0, 1, 1, 0, 1, 0, 0, 0, 0, 0, 2, 1]
[1, 1310, 3, 0, 1, 0, 2, 1, 1, 1, 0, 4, 1, 0, 2, 0, 5, 1]
[1, 1310, 0, 1, 0, 0, 0, 1, 0, 2, 6, 2, 0, 0, 1, 2, 1, 4]
[1, 1310, 2, 0, 4, 0, 1, 1, 0, 0, 2, 1, 2, 2, 0, 1, 3, 1]
[1, 1310, 1, 2, 1, 1, 1, 1, 1, 3, 1, 0, 1, 3, 3, 2, 2, 0]
[1, 1310, 1, 3, 3, 0, 1, 0, 1, 1, 1, 1, 2, 0, 0, 0, 2, 2]
[1, 1310, 1, 2, 0, 0, 2, 0, 0, 0, 3, 3, 2, 1, 1, 3, 1, 0]
[1, 1310, 1, 3, 2, 0, 0, 2, 1, 3, 1, 0, 2, 1, 1, 2, 2, 2]
[1, 1310, 0, 1, 0, 1, 0, 0, 1, 1, 5, 2, 3, 1, 0, 0, 1, 2]
[1, 1310, 0, 0, 2, 2, 1, 0, 2, 1, 0, 0, 0, 5, 0, 2, 2, 0]
[1, 1310, 0, 2, 2, 1, 0, 2, 0, 1, 0, 2, 0, 2, 1, 3, 0, 2]
[1, 1310, 2, 2, 2, 0, 0, 0, 1, 1, 0, 1, 2, 0, 0, 1, 3, 2]
[1, 1310, 1, 1, 2, 1, 1, 2, 2, 2, 1, 2, 0, 0, 2, 5, 3, 4]
[1, 1310, 1, 0, 1, 0, 2, 1, 0, 1, 1, 1, 1, 2, 0, 2, 2, 1]
[1, 1310, 3, 1, 4, 1, 1, 1, 3, 0, 0, 1, 1, 1, 1, 2, 1, 1]
[1, 1310, 0, 0, 2, 1, 0, 1, 1, 1, 2, 1, 1, 2, 0, 1, 0, 2]
[1, 1310, 2, 3, 1, 1, 2, 2, 1, 0, 1, 1, 1, 2, 2, 0, 2, 0]
[1, 1310, 0, 1, 2, 1, 0, 2, 1, 2, 1, 3, 1, 1, 1, 0, 0, 1]
[1, 1310, 3, 1, 1, 0, 0, 0, 1, 2, 3, 1, 1, 0, 1, 1, 1, 2]
[1, 1310, 2, 1, 1, 2, 2, 0, 0, 1, 1, 2, 2, 0, 2, 0, 2, 0]
[1, 1310, 3, 2, 0, 1, 4, 1, 0, 2, 1, 1, 1, 1, 1, 5, 4, 1]
[1, 1310, 2, 1, 0, 1, 2, 3, 1, 1, 2, 3, 0, 0, 3, 1, 0, 0]
[1, 1310, 0, 4, 0, 1, 1, 1, 2, 2, 2, 5, 0, 3, 1, 1, 0, 0]
[1, 1310, 2, 1, 1, 2, 1, 1, 0, 3, 2, 2, 2, 0, 1, 1, 1, 1]
[1, 1310, 2, 1, 0, 1, 0, 1, 2, 3, 1, 0, 0, 1, 1, 2, 1, 3]
[1, 1310, 5, 1, 1, 1, 1, 0, 1, 1, 1, 1, 2, 2, 3, 0, 0, 2]
[1, 1310, 2, 1, 0, 3, 0, 2, 0, 1, 0, 2, 1, 2, 0, 2, 1, 2]
[1, 1310, 1, 1, 1, 1, 0, 0, 0, 1, 2, 0, 0, 2, 2, 2, 1, 1]
[1, 1310, 1, 1, 4, 2, 1, 1, 2, 0, 0, 0, 1, 2, 0, 2, 1, 0]
[1, 1310, 0, 0, 2, 3, 0, 1, 2, 2, 1, 0, 1, 0, 0, 2, 1, 0]
[1, 1310, 1, 0, 0, 2, 3, 3, 1, 3, 2, 2, 1, 0, 1, 2, 0, 2]
[1, 1310, 0, 0, 1, 0, 0, 0, 0, 1, 1, 0, 0, 2, 1, 1, 4, 1]
[1, 1310, 0, 0, 0, 3, 1, 3, 1, 1, 0, 2, 2, 1, 0, 1, 0, 0]
[1, 1310, 0, 0, 0, 1, 2, 1, 1, 0, 0, 3, 2, 1, 3, 2, 1, 1]
[1, 1310, 1, 3, 1, 1, 0, 1, 1, 3, 0, 2, 1, 0, 0, 2, 0, 1]
[1, 1310, 0, 2, 1, 0, 1, 4, 1, 1, 1, 3, 0, 1, 1, 2, 1, 0]
[1, 1310, 1, 3, 3, 3, 1, 0, 1, 1, 1, 1, 3, 1, 1, 2, 1, 0]
[1, 1310, 0, 3, 0, 2, 2, 2, 1, 1, 2, 4, 0, 0, 0, 1, 0, 1]
[1, 1310, 0, 1, 1, 0, 0, 3, 3, 0, 0, 2, 1, 0, 1, 2, 0, 0]
[1, 1310, 1, 0, 4, 2, 1, 1, 0, 1, 3, 5, 0, 1, 1, 1, 0, 0]
[1, 1310, 0, 2, 0, 2, 0, 3, 2, 2, 0, 3, 2, 0, 4, 1, 1, 0]
[1, 1310, 2, 2, 2, 1, 3, 1, 0, 2, 3, 1, 0, 1, 3, 1, 3, 0]
[1, 1310, 0, 0, 1, 4, 1, 1, 5, 1, 2, 4, 1, 1, 1, 1, 0, 2]
[1, 1310, 4, 1, 1, 1, 1, 1, 0, 3, 1, 1, 0, 1, 2, 1, 1, 2]
[1, 1310, 4, 1, 1, 1, 1, 0, 3, 1, 0, 2, 3, 2, 1, 4, 0, 2]
[1, 1310, 0, 1, 4, 0, 0, 1, 1, 2, 0, 0, 3, 3, 1, 0, 1, 4]
[1, 1310, 1, 1, 4, 2, 2, 3, 1, 0, 0, 0, 0, 1, 0, 2, 1, 0]
[1, 1310, 0, 2, 1, 2, 0, 1, 0, 3, 0, 1, 0, 0, 2, 2, 2, 3]
[1, 1310, 0, 1, 1, 3, 0, 1, 1, 1, 0, 4, 0, 2, 0, 0, 3, 0]
[1, 1310, 3, 1, 2, 1, 1, 1, 2, 2, 0, 2, 0, 0, 2, 0, 2, 2]
[1, 1310, 0, 2, 0, 1, 2, 2, 2, 1, 3, 1, 1, 1, 1, 1, 1, 3]
[1, 1310, 3, 2, 1, 0, 2, 1, 0, 0, 2, 2, 0, 1, 3, 1, 1, 1]
[1, 1310, 1, 1, 1, 1, 2, 3, 3, 1, 1, 5, 0, 0, 0, 3, 1, 2]
[1, 1310, 0, 3, 0, 0, 3, 1, 1, 1, 3, 4, 2, 3, 0, 1, 1, 1]
[1, 1310, 2, 0, 0, 2, 3, 0, 0, 0, 2, 1, 1, 1, 1, 1, 4, 3]
[1, 1310, 1, 3, 1, 0, 0, 2, 0, 2, 2, 0, 2, 3, 0, 2, 0, 2]
[1, 1310, 2, 2, 3, 0, 1, 0, 0, 1, 2, 0, 1, 1, 3, 1, 1, 1]
[1, 1310, 1, 1, 2, 2, 1, 1, 2, 0, 0, 0, 0, 0, 0, 1, 0, 1]
[2, 2621, 4, 1, 4, 6, 2, 2, 3, 3, 2, 3, 2, 2, 2, 1, 0, 5]
[2, 2621, 5, 5, 1, 0, 3, 5, 3, 3, 2, 2, 7, 3, 4, 0, 4, 2]
[2, 2621, 6, 5, 5, 0, 7, 4, 2, 3, 2, 5, 1, 1, 3, 6, 3, 6]
[2, 2621, 2, 2, 4, 2, 5, 1, 2, 4, 3, 9, 1, 2, 6, 6, 8, 1]
[2, 2621, 5, 1, 3, 4, 5, 2, 3, 5, 3, 7, 2, 3, 3, 1, 3, 1]
[2, 2621, 3, 5, 5, 8, 5, 5, 4, 0, 4, 5, 2, 3, 1, 2, 5, 7]
[2, 2621, 2, 3, 3, 6, 3, 5, 2, 6, 3, 6, 2, 3, 2, 4, 4, 5]
[2, 2621, 3, 2, 5, 1, 2, 4, 2, 4, 2, 3, 1, 6, 5, 4, 4, 5]
[2, 2621, 4, 5, 1, 3, 4, 2, 4, 8, 3, 1, 1, 4, 2, 3, 2, 4]
[2, 2621, 7, 5, 2, 0, 1, 5, 5, 4, 3, 5, 3, 1, 0, 2, 4, 2]
[2, 2621, 2, 4, 3, 1, 2, 0, 3, 1, 2, 5, 5, 4, 2, 4, 4, 5]
[2, 2621, 3, 5, 4, 4, 6, 0, 4, 5, 4, 4, 4, 4, 1, 3, 5, 6]
[2, 2621, 4, 4, 5, 4, 3, 1, 4, 4, 2, 6, 5, 3, 5, 5, 6, 0]
[2, 2621, 4, 2, 0, 4, 5, 3, 2, 4, 5, 4, 5, 1, 1, 4, 3, 3]
[2, 2621, 2, 3, 2, 7, 4, 4, 6, 0, 6, 4, 4, 6, 2, 4, 5, 3]
[2, 2621, 6, 3, 0, 3, 2, 8, 4, 2, 2, 2, 2, 2, 0, 3, 4, 1]
[2, 2621, 4, 2, 2, 4, 3, 2, 2, 0, 5, 2, 8, 8, 4, 0, 3, 1]
[2, 2621, 2, 4, 3, 8, 3, 6, 3, 2, 3, 7, 2, 2, 4, 2, 0, 3]
[2, 2621, 1, 4, 0, 4, 5, 4, 4, 3, 2, 2, 6, 2, 3, 3, 6, 6]
[2, 2621, 4, 0, 6, 7, 7, 5, 1, 5, 2, 6, 7, 6, 1, 1, 1, 3]
[2, 2621, 6, 5, 3, 0, 3, 4, 2, 4, 3, 3, 3, 5, 4, 7, 2, 2]
[2, 2621, 2, 7, 3, 5, 6, 2, 1, 0, 1, 5, 3, 4, 2, 3, 7, 3]
[2, 2621, 4, 2, 1, 6, 8, 3, 5, 1, 2, 2, 3, 3, 2, 5, 4, 1]
[2, 2621, 1, 8, 2, 2, 5, 1, 3, 4, 1, 1, 0, 4, 0, 3, 3, 3]
[2, 2621, 5, 1, 5, 2, 2, 2, 2, 4, 1, 2, 4, 0, 3, 1, 8, 1]
[2, 2621, 1, 2, 0, 1, 0, 2, 3, 1, 6, 7, 5, 1, 3, 3, 5, 1]
[2, 2621, 4, 2, 4, 3, 5, 2, 3, 2, 3, 1, 3, 1, 1, 3, 3, 2]
[2, 2621, 3, 5, 0, 3, 1, 5, 2, 4, 2, 1, 6, 6, 4, 6, 4, 4]
[2, 2621, 4, 4, 3, 2, 1, 3, 4, 5, 6, 3, 7, 2, 3, 3, 1, 3]
[2, 2621, 1, 1, 3, 2, 5, 5, 1, 5, 4, 4, 7, 2, 1, 5, 2, 1]
[2, 2621, 0, 2, 5, 4, 0, 2, 2, 7, 1, 2, 2, 3, 3, 7, 3, 3]
[2, 2621, 1, 4, 7, 0, 2, 5, 4, 3, 1, 6, 3, 2, 3, 2, 3, 3]
[2, 2621, 9, 2, 0, 1, 1, 2, 2, 7, 1, 4, 4, 5, 1, 2, 4, 7]
[2, 2621, 4, 4, 0, 4, 5, 2, 4, 2, 4, 0, 2, 3, 3, 1, 6, 2]
[2, 2621, 3, 5, 4, 2, 3, 3, 1, 6, 6, 1, 4, 2, 1, 7, 4, 5]
[2, 2621, 2, 3, 4, 10, 6, 2, 5, 5, 3, 4, 1, 3, 1, 3, 3, 3]
[2, 2621, 2, 1, 6, 4, 2, 5, 1, 2, 2, 3, 2, 3, 3, 4, 1, 3]
[2, 2621, 7, 2, 1, 1, 4, 5, 6, 2, 2, 4, 5, 3, 4, 1, 3, 4]
[2, 2621, 5, 3, 3, 4, 3, 10, 4, 3, 5, 3, 2, 5, 4, 2, 0, 3]
[2, 2621, 3, 5, 3, 3, 4, 2, 6, 4, 4, 2, 1, 4, 1, 4, 0, 0]
[2, 2621, 1, 2, 4, 6, 4, 4, 7, 4, 3, 6, 5, 6, 3, 2, 1, 4]
[2, 2621, 4, 5, 2, 3, 3, 2, 4, 1, 4, 1, 3, 1, 4, 5, 0, 4]
[2, 2621, 2, 6, 2, 4, 2, 3, 5, 4, 4, 5, 8, 2, 3, 6, 3, 4]
[2, 2621, 1, 7, 2, 4, 4, 2, 8, 3, 5, 3, 2, 2, 0, 0, 0, 7]
[2, 2621, 1, 6, 3, 3, 0, 3, 6, 6, 2, 5, 1, 2, 3, 3, 1, 3]
[2, 2621, 3, 4, 1, 5, 0, 3, 5, 2, 4, 9, 2, 7, 4, 3, 3, 3]
[2, 2621, 3, 3, 5, 4, 3, 3, 1, 5, 3, 1, 2, 3, 2, 1, 3, 4]
[2, 2621, 1, 3, 2, 3, 5, 0, 3, 2, 4, 8, 2, 3, 4, 1, 4, 4]
[2, 2621, 2, 2, 1, 5, 7, 5, 3, 1, 2, 5, 5, 0, 3, 2, 2, 4]
[2, 2621, 1, 3, 4, 3, 5, 1, 1, 5, 1, 3, 2, 1, 2, 2, 3, 3]
[2, 2621, 1, 5, 2, 4, 3, 3, 4, 2, 0, 8, 7, 3, 4, 3, 2, 1]
[2, 2621, 4, 7, 3, 4, 4, 2, 3, 3, 1, 2, 5, 5, 2, 8, 1, 5]
[2, 2621, 2, 3, 2, 5, 2, 3, 1, 4, 9, 8, 5, 2, 4, 6, 5, 3]
[2, 2621, 6, 5, 0, 3, 4, 2, 0, 3, 2, 1, 4, 4, 1, 2, 2, 3]
[2, 2621, 2, 1, 1, 4, 3, 3, 5, 3, 3, 9, 3, 4, 5, 3, 6, 1]
[2, 2621, 0, 6, 2, 3, 3, 4, 5, 3, 1, 4, 2, 2, 6, 5, 1, 2]
[2, 2621, 5, 2, 1, 0, 0, 1, 6, 7, 4, 2, 2, 2, 5, 5, 3, 2]
[2, 2621, 2, 3, 1, 2, 4, 3, 2, 5, 5, 3, 3, 5, 2, 1, 7, 1]
[2, 2621, 6, 4, 2, 1, 6, 2, 1, 3, 2, 3, 1, 2, 3, 3, 4, 4]
[2, 2621, 3, 2, 2, 3, 4, 2, 4, 4, 7, 6, 4, 4, 4, 2, 4, 11]
[2, 2621, 3, 2, 2, 3, 2, 2, 7, 2, 7, 5, 3, 1, 6, 3, 4, 3]
[2, 2621, 2, 1, 2, 2, 6, 0, 2, 3, 3, 3, 1, 3, 1, 1, 4, 3]
[2, 2621, 2, 4, 6, 1, 6, 2, 3, 0, 4, 0, 2, 4, 1, 4, 2, 2]
[2, 2621, 6, 5, 4, 1, 7, 4, 1, 0, 5, 3, 4, 0, 0, 2, 1, 1]
[2, 2621, 7, 3, 4, 3, 3, 3, 1, 3, 1, 3, 3, 2, 2, 2, 4, 3]
[2, 2621, 4, 3, 2, 1, 5, 4, 5, 5, 4, 5, 6, 6, 1, 2, 4, 6]
[2, 2621, 2, 1, 1, 4, 4, 2, 4, 2, 1, 4, 4, 4, 5, 1, 5, 2]
[2, 2621, 2, 0, 5, 3, 3, 7, 2, 4, 5, 5, 5, 2, 5, 3, 1, 6]
[2, 2621, 5, 2, 0, 8, 1, 6, 4, 4, 3, 3, 4, 2, 2, 3, 6, 6]
[2, 2621, 2, 4, 1, 2, 7, 6, 3, 5, 7, 0, 5, 1, 4, 3, 2, 5]
[2, 2621, 4, 4, 5, 3, 1, 0, 3, 1, 5, 3, 1, 2, 1, 6, 6, 1]
[2, 2621, 2, 6, 5, 6, 1, 4, 1, 5, 6, 3, 2, 2, 2, 3, 4, 4]
[2, 2621, 1, 0, 2, 2, 5, 1, 3, 4, 3, 1, 1, 5, 1, 3, 0, 2]
[2, 2621, 3, 2, 1, 6, 1, 5, 4, 3, 3, 3, 3, 3, 2, 2, 1, 1]
[2, 2621, 7, 3, 5, 2, 4, 3, 3, 8, 1, 2, 3, 3, 3, 3, 3, 4]
[2, 2621, 2, 3, 3, 2, 1, 3, 3, 0, 3, 2, 4, 0, 5, 4, 2, 6]
[2, 2621, 5, 2, 4, 4, 2, 2, 2, 2, 1, 3, 3, 8, 4, 3, 1, 3]
[2, 2621, 4, 7, 3, 4, 3, 7, 5, 2, 2, 2, 0, 1, 2, 0, 5, 3]
[2, 2621, 3, 5, 2, 1, 2, 4, 0, 2, 2, 3, 2, 1, 2, 5, 5, 4]
[2, 2621, 1, 6, 3, 2, 3, 3, 3, 2, 2, 1, 0, 4, 2, 4, 3, 4]
[2, 2621, 1, 4, 1, 4, 8, 1, 2, 6, 4, 1, 3, 2, 4, 9, 2, 5]
[2, 2621, 5, 3, 4, 3, 8, 8, 3, 2, 1, 1, 5, 8, 6, 2, 2, 7]
[2, 2621, 1, 4, 4, 1, 1, 0, 0, 2, 4, 3, 6, 4, 6, 1, 4, 6]
[2, 2621, 3, 7, 0, 4, 5, 6, 3, 2, 2, 4, 2, 2, 1, 5, 2, 2]
[2, 2621, 3, 5, 1, 3, 5, 3, 3, 4, 5, 2, 1, 0, 2, 2, 0, 4]
[2, 2621, 2, 3, 2, 4, 2, 2, 1, 0, 4, 4, 4, 2, 0, 2, 5, 2]
[2, 2621, 2, 6, 3, 5, 4, 3, 1, 3, 4, 1, 4, 8, 3, 5, 0, 3]
[2, 2621, 4, 1, 1, 2, 5, 2, 2, 1, 3, 3, 5, 3, 3, 2, 1, 2]
[2, 2621, 3, 4, 3, 0, 3, 1, 3, 3, 3, 4, 2, 1, 7, 3, 0, 5]
[2, 2621, 7, 2, 7, 6, 6, 2, 5, 2, 1, 3, 2, 4, 3, 4, 7, 3]
[2, 2621, 4, 2, 5, 3, 8, 0, 1, 5, 2, 3, 2, 2, 3, 6, 6, 5]
[2, 2621, 2, 3, 2, 5, 4, 3, 3, 1, 4, 3, 3, 7, 2, 3, 5, 6]
[2, 2621, 5, 2, 4, 5, 3, 4, 3, 1, 1, 4, 4, 2, 3, 2, 5, 4]
[2, 2621, 2, 1, 3, 0, 4, 2, 5, 8, 7, 5, 5, 2, 3, 6, 3, 2]
[2, 2621, 0, 3, 5, 2, 5, 5, 0, 0, 4, 1, 2, 4, 5, 4, 5, 2]
[2, 2621, 2, 1, 6, 2, 3, 2, 1, 2, 1, 1, 5, 2, 5, 2, 1, 1]
[2, 2621, 4, 5, 4, 1, 3, 3, 3, 2, 2, 2, 1, 4, 2, 3, 2, 3]
[2, 2621, 4, 3, 3, 2, 1, 2, 3, 3, 5, 4, 3, 5, 2, 2, 2, 1]
[2, 2621, 1, 5, 8, 5, 3, 1, 2, 1, 4, 4, 4, 1, 5, 2, 1, 2]
[2, 2621, 2, 4, 4, 2, 6, 0, 6, 6, 4, 2, 1, 8, 5, 2, 3, 4]
[5, 6553, 15, 12, 13, 9, 13, 24, 12, 15, 9, 15, 17, 10, 14, 15, 16, 14]
[5, 6553, 9, 16, 16, 15, 11, 13, 11, 13, 11, 15, 22, 15, 12, 16, 16, 9]
[5, 6553, 14, 18, 17, 12, 15, 19, 12, 21, 15, 11, 12, 15, 13, 12, 13, 22]
[5, 6553, 7, 12, 15, 15, 19, 16, 15, 13, 14, 13, 14, 11, 18, 17, 16, 11]
[5, 6553, 15, 11, 16, 22, 14, 16, 18, 17, 16, 16, 8, 12, 20, 24, 12, 22]
[5, 6553, 12, 10, 16, 18, 14, 12, 9, 22, 12, 23, 9, 12, 16, 6, 19, 18]
[5, 6553, 19, 14, 7, 18, 16, 18, 13, 15, 9, 14, 23, 19, 16, 19, 8, 17]
[5, 6553, 14, 15, 11, 21, 14, 6, 18, 19, 20, 16, 16, 13, 14, 18, 12, 17]
[5, 6553, 10, 19, 17, 10, 11, 16, 16, 15, 14, 14, 7, 20, 19, 14, 14, 17]
[5, 6553, 15, 16, 18, 12, 17, 15, 8, 12, 11, 12, 14, 13, 13, 14, 6, 22]
[5, 6553, 13, 18, 16, 17, 19, 19, 13, 12, 9, 24, 9, 13, 21, 10, 17, 14]
[5, 6553, 11, 17, 26, 15, 15, 16, 7, 11, 9, 21, 14, 10, 17, 14, 18, 9]
[5, 6553, 16, 10, 14, 15, 12, 10, 16, 16, 11, 17, 14, 14, 11, 16, 9, 12]
[5, 6553, 14, 18, 9, 14, 13, 17, 17, 16, 15, 12, 15, 11, 17, 14, 17, 14]
[5, 6553, 8, 14, 14, 20, 17, 17, 14, 15, 13, 18, 15, 10, 15, 14, 15, 11]
[5, 6553, 12, 18, 15, 14, 16, 16, 9, 19, 13, 16, 11, 11, 11, 15, 10, 23]
[5, 6553, 19, 10, 20, 12, 19, 14, 13, 16, 15, 11, 12, 12, 12, 12, 16, 14]
[5, 6553, 6, 13, 11, 13, 15, 22, 21, 20, 12, 18, 14, 15, 10, 17, 15, 15]
[5, 6553, 21, 15, 14, 20, 14, 11, 10, 10, 14, 18, 19, 11, 14, 20, 16, 18]
[5, 6553, 11, 19, 17, 20, 10, 12, 18, 12, 12, 16, 14, 10, 11, 14, 19, 21]
[5, 6553, 11, 12, 14, 12, 11, 15, 9, 14, 19, 10, 9, 15, 7, 20, 8, 19]
[5, 6553, 18, 21, 11, 16, 19, 17, 11, 17, 14, 15, 20, 13, 12, 14, 18, 16]
[5, 6553, 15, 12, 13, 11, 12, 17, 7, 24, 12, 12, 16, 20, 17, 13, 16, 10]
[5, 6553, 5, 21, 8, 13, 14, 13, 10, 16, 20, 16, 13, 13, 11, 12, 13, 14]
[5, 6553, 11, 11, 16, 14, 17, 11, 15, 15, 13, 16, 15, 12, 19, 13, 17, 13]
[5, 6553, 15, 13, 15, 17, 17, 16, 15, 14, 10, 16, 12, 16, 15, 15, 16, 14]
[5, 6553, 15, 8, 18, 13, 14, 6, 21, 17, 17, 11, 12, 15, 12, 13, 10, 15]
[5, 6553, 14, 23, 12, 11, 14, 20, 14, 18, 15, 12, 18, 15, 15, 8, 14, 22]
[5, 6553, 12, 15, 15, 13, 16, 11, 14, 11, 10, 15, 18, 18, 8, 17, 11, 18]
[5, 6553, 14, 16, 13, 16, 18, 17, 22, 12, 10, 14, 19, 16, 8, 19, 19, 11]
[5, 6553, 9, 16, 10, 16, 12, 12, 14, 6, 12, 14, 13, 16, 17, 15, 12, 15]
[5, 6553, 18, 14, 13, 16, 11, 21, 9, 21, 13, 18, 15, 20, 16, 16, 12, 14]
[5, 6553, 19, 16, 7, 16, 12, 14, 10, 13, 17, 15, 17, 12, 18, 25, 14, 12]
[5, 6553, 13, 10, 16, 9, 10, 13, 12, 19, 21, 12, 19, 13, 18, 15, 16, 21]
[5, 6553, 14, 13, 12, 12, 20, 12, 16, 13, 18, 11, 11, 15, 16, 19, 17, 22]
[5, 6553, 12, 18, 17, 15, 19, 9, 14, 12, 10, 16, 18, 16, 16, 21, 10, 13]
[5, 6553, 14, 11, 12, 12, 12, 8, 21, 16, 13, 18, 16, 14, 16, 7, 11, 18]
[5, 6553, 13, 14, 14, 13, 19, 14, 22, 16, 17, 12, 8, 15, 12, 18, 11, 8]
[5, 6553, 14, 11, 12, 6, 13, 15, 18, 12, 12, 14, 12, 20, 9, 11, 18, 10]
[5, 6553, 14, 22, 13, 9, 21, 9, 17, 6, 17, 12, 13, 21, 10, 7, 7, 17]
[5, 6553, 12, 18, 14, 20, 17, 15, 20, 16, 12, 13, 18, 14, 13, 10, 17, 12]
[5, 6553, 12, 13, 19, 11, 11, 16, 15, 15, 17, 20, 9, 14, 11, 14, 15, 14]
[5, 6553, 13, 9, 11, 9, 10, 16, 15, 17, 15, 15, 16, 18, 25, 14, 12, 13]
[5, 6553, 18, 17, 18, 17, 11, 14, 15, 11, 18, 17, 12, 13, 12, 7, 7, 19]
[5, 6553, 19, 17, 17, 14, 9, 6, 18, 10, 14, 15, 10, 14, 19, 13, 10, 6]
[5, 6553, 12, 12, 16, 12, 14, 16, 13, 17, 15, 9, 17, 9, 16, 10, 15, 15]
[5, 6553, 15, 18, 12, 9, 13, 13, 17, 8, 14, 15, 12, 9, 13, 23, 14, 18]
[5, 6553, 11, 12, 10, 15, 11, 19, 10, 13, 13, 14, 21, 12, 22, 11, 15, 22]
[5, 6553, 17, 11, 16, 10, 27, 21, 14, 20, 11, 11, 15, 7, 20, 17, 14, 8]
[5, 6553, 12, 13, 17, 10, 11, 14, 13, 19, 19, 13, 10, 14, 21, 16, 6, 18]
[5, 6553, 17, 19, 24, 20, 13, 11, 13, 9, 11, 17, 14, 21, 14, 17, 13, 18]
[5, 6553, 17, 23, 12, 14, 11, 25, 25, 16, 8, 13, 10, 18, 12, 9, 16, 14]
[5, 6553, 8, 13, 14, 13, 18, 7, 20, 17, 15, 14, 14, 14, 17, 19, 10, 7]
[5, 6553, 14, 9, 15, 14, 21, 10, 13, 16, 8, 13, 15, 21, 25, 7, 23, 11]
[5, 6553, 15, 17, 16, 11, 20, 20, 17, 15, 17, 15, 26, 8, 13, 25, 15, 16]
[5, 6553, 14, 14, 22, 4, 16, 20, 7, 18, 14, 17, 13, 22, 17, 20, 14, 16]
[5, 6553, 16, 7, 11, 10, 14, 14, 15, 17, 12, 18, 20, 9, 21, 16, 15, 15]
[5, 6553, 10, 14, 14, 16, 14, 10, 19, 11, 15, 13, 11, 16, 12, 12, 15, 11]
[5, 6553, 12, 15, 11, 16, 16, 6, 11, 11, 18, 7, 23, 17, 17, 14, 16, 21]
[5, 6553, 15, 11, 13, 15, 15, 12, 8, 16, 24, 17, 10, 15, 13, 24, 15, 22]
[5, 6553, 11, 16, 14, 19, 10, 16, 21, 26, 16, 16, 7, 10, 13, 14, 11, 18]
[5, 6553, 13, 8, 4, 11, 21, 15, 16, 16, 16, 11, 8, 13, 18, 16, 16, 15]
[5, 6553, 15, 13, 16, 14, 12, 17, 12, 12, 8, 15, 18, 13, 16, 10, 22, 15]
[5, 6553, 20, 16, 12, 11, 14, 16, 12, 16, 17, 10, 11, 16, 11, 15, 19, 23]
[5, 6553, 16, 13, 11, 19, 12, 19, 12, 13, 14, 15, 11, 14, 18, 11, 7, 13]
[5, 6553, 15, 17, 18, 15, 15, 12, 10, 16, 16, 9, 13, 9, 13, 9, 18, 17]
[5, 6553, 14, 8, 8, 11, 16, 10, 13, 20, 17, 21, 12, 15, 16, 12, 11, 12]
[5, 6553, 16, 9, 18, 13, 21, 17, 14, 10, 16, 10, 12, 8, 21, 22, 12, 8]
[5, 6553, 11, 17, 9, 15, 13, 17, 13, 12, 15, 11, 10, 12, 14, 14, 18, 8]
[5, 6553, 14, 16, 11, 10, 15, 13, 14, 12, 16, 11, 12, 23, 17, 29, 6, 10]
[5, 6553, 14, 23, 12, 15, 11, 18, 18, 19, 10, 15, 19, 13, 17, 18, 15, 15]
[5, 6553, 20, 15, 17, 20, 11, 12, 11, 12, 16, 14, 17, 15, 15, 12, 15, 13]
[5, 6553, 16, 11, 16, 11, 21, 11, 15, 13, 22, 7, 9, 12, 12, 24, 8, 15]
[5, 6553, 17, 14, 12, 26, 21, 15, 13, 16, 10, 16, 12, 22, 12, 14, 23, 17]
[5, 6553, 17, 16, 9, 15, 16, 11, 16, 13, 8, 11, 20, 10, 15, 14, 21, 13]
[5, 6553, 14, 17, 13, 13, 19, 18, 9, 20, 11, 16, 11, 19, 20, 9, 11, 9]
[5, 6553, 16, 10, 10, 10, 12, 9, 17, 19, 12, 10, 15, 18, 12, 18, 22, 10]
[5, 6553, 17, 18, 9, 18, 13, 16, 14, 18, 10, 13, 11, 18, 17, 10, 20, 10]
[5, 6553, 18, 27, 13, 16, 13, 7, 9, 14, 9, 12, 14, 18, 19, 24, 10, 17]
[5, 6553, 16, 12, 12, 10, 20, 8, 14, 25, 17, 20, 14, 13, 16, 18, 7, 14]
[5, 6553, 10, 11, 16, 22, 12, 20, 12, 10, 13, 20, 10, 22, 7, 16, 12, 12]
[5, 6553, 15, 12, 14, 16, 15, 19, 17, 14, 14, 14, 19, 16, 13, 16, 13, 14]
[5, 6553, 17, 16, 17, 17, 12, 17, 12, 18, 15, 21, 16, 12, 9, 13, 15, 11]
[5, 6553, 15, 9, 13, 10, 19, 18, 10, 17, 9, 7, 24, 13, 18, 8, 9, 19]
[5, 6553, 9, 14, 14, 12, 9, 12, 19, 14, 14, 16, 16, 11, 18, 11, 20, 15]
[5, 6553, 13, 18, 20, 12, 17, 19, 24, 14, 16, 8, 13, 15, 17, 13, 16, 21]
[5, 6553, 20, 19, 20, 9, 21, 19, 16, 9, 12, 18, 20, 16, 12, 14, 10, 14]
[5, 6553, 16, 20, 14, 18, 13, 22, 10, 14, 14, 9, 14, 16, 10, 8, 17, 13]
[5, 6553, 10, 17, 15, 7, 13, 16, 10, 14, 18, 13, 25, 14, 20, 12, 6, 5]
[5, 6553, 22, 15, 20, 11, 5, 12, 19, 13, 16, 12, 20, 11, 13, 21, 14, 14]
[5, 6553, 7, 8, 13, 8, 10, 17, 19, 14, 15, 12, 15, 9, 21, 16, 10, 16]
[5, 6553, 17, 18, 14, 10, 9, 19, 15, 14, 14, 14, 10, 15, 21, 11, 13, 8]
[5, 6553, 12, 11, 13, 9, 15, 16, 13, 10, 9, 21, 10, 14, 12, 8, 10, 11]
[5, 6553, 16, 18, 17, 19, 12, 19, 8, 7, 17, 10, 25, 15, 10, 15, 20, 13]
[5, 6553, 5, 13, 9, 21, 12, 14, 10, 14, 20, 14, 8, 9, 14, 14, 15, 14]
[5, 6553, 7, 10, 13, 14, 18, 18, 10, 12, 14, 7, 17, 10, 5, 16, 7, 14]
[5, 6553, 18, 16, 18, 16, 16, 9, 11, 15, 8, 13, 21, 10, 22, 9, 15, 16]
[5, 6553, 17, 12, 19, 15, 18, 13, 20, 14, 6, 13, 16, 12, 15, 7, 18, 25]
[5, 6553, 13, 15, 12, 13, 16, 13, 7, 14, 16, 14, 13, 15, 15, 7, 11, 17]
[5, 6553, 13, 17, 14, 20, 20, 15, 11, 19, 9, 22, 12, 19, 8, 15, 16, 12]
[10, 13107, 55, 40, 34, 53, 52, 56, 49, 52, 57, 59, 67, 54, 54, 48, 47, 52]
[10, 13107, 39, 51, 55, 56, 39, 53, 64, 53, 49, 48, 57, 56, 42, 58, 53, 49]
[10, 13107, 43, 64, 58, 64, 63, 52, 54, 58, 56, 39, 57, 48, 43, 50, 48, 59]
[10, 13107, 45, 52, 64, 50, 65, 46, 44, 55, 54, 47, 45, 46, 47, 67, 49, 43]
[10, 13107, 33, 60, 64, 45, 43, 51, 63, 46, 44, 53, 60, 35, 53, 55, 46, 50]
[10, 13107, 42, 50, 50, 47, 43, 51, 53, 65, 52, 45, 46, 63, 53, 38, 54, 46]
[10, 13107, 44, 45, 49, 51, 58, 55, 53, 44, 33, 48, 49, 36, 44, 59, 51, 54]
[10, 13107, 48, 52, 55, 53, 35, 44, 59, 40, 49, 43, 46, 59, 45, 48, 46, 48]
[10, 13107, 52, 52, 36, 43, 42, 53, 51, 53, 38, 52, 58, 54, 64, 39, 40, 64]
[10, 13107, 54, 61, 43, 46, 50, 50, 50, 58, 47, 48, 51, 50, 59, 66, 61, 61]
[10, 13107, 45, 45, 45, 50, 51, 52, 47, 42, 50, 48, 51, 49, 55, 49, 52, 69]
[10, 13107, 40, 52, 66, 37, 57, 44, 48, 45, 64, 41, 51, 59, 47, 36, 49, 60]
[10, 13107, 50, 56, 55, 65, 51, 48, 64, 53, 36, 46, 39, 55, 47, 47, 62, 47]
[10, 13107, 49, 46, 36, 54, 39, 54, 44, 51, 38, 44, 38, 53, 54, 47, 50, 41]
[10, 13107, 43, 54, 58, 58, 54, 64, 53, 48, 61, 57, 50, 51, 43, 47, 51, 55]
[10, 13107, 39, 40, 55, 36, 55, 47, 45, 51, 56, 62, 57, 46, 40, 52, 44, 54]
[10, 13107, 57, 46, 44, 53, 50, 53, 63, 39, 52, 60, 45, 51, 39, 47, 42, 50]
[10, 13107, 51, 50, 50, 44, 58, 57, 54, 53, 36, 60, 56, 54, 46, 49, 62, 56]
[10, 13107, 53, 45, 53, 44, 63, 47, 44, 60, 43, 44, 43, 61, 53, 56, 41, 43]
[10, 13107, 47, 53, 51, 49, 56, 42, 51, 54, 57, 57, 48, 47, 51, 46, 51, 43]
[10, 13107, 44, 68, 43, 52, 40, 54, 40, 48, 45, 51, 39, 66, 61, 46, 34, 52]
[10, 13107, 55, 62, 48, 53, 52, 41, 45, 60, 46, 48, 50, 65, 59, 45, 58, 43]
[10, 13107, 54, 55, 53, 45, 44, 43, 44, 38, 53, 35, 49, 50, 71, 54, 45, 52]
[10, 13107, 45, 60, 39, 34, 59, 58, 46, 52, 46, 52, 51, 60, 45, 47, 60, 54]
[10, 13107, 59, 44, 55, 50, 52, 48, 64, 49, 41, 46, 46, 62, 57, 61, 65, 47]
[10, 13107, 41, 46, 46, 43, 42, 48, 54, 49, 44, 40, 51, 48, 49, 52, 58, 44]
[10, 13107, 74, 39, 40, 60, 59, 58, 59, 45, 42, 35, 57, 51, 52, 57, 53, 54]
[10, 13107, 61, 46, 59, 58, 53, 63, 36, 61, 57, 43, 57, 49, 50, 46, 37, 62]
[10, 13107, 43, 42, 53, 47, 37, 44, 44, 43, 50, 64, 54, 50, 55, 53, 53, 61]
[10, 13107, 77, 53, 48, 47, 46, 45, 41, 36, 49, 67, 55, 48, 41, 48, 53, 55]
[10, 13107, 45, 44, 50, 57, 48, 55, 43, 54, 54, 54, 49, 48, 56, 44, 49, 38]
[10, 13107, 47, 48, 42, 45, 58, 47, 49, 58, 44, 53, 66, 48, 58, 47, 59, 44]
[10, 13107, 54, 40, 50, 50, 47, 60, 35, 55, 63, 53, 54, 57, 48, 39, 40, 58]
[10, 13107, 54, 38, 63, 50, 42, 42, 52, 60, 65, 41, 59, 61, 37, 53, 48, 52]
[10, 13107, 48, 49, 55, 52, 45, 60, 45, 53, 62, 45, 52, 52, 45, 46, 53, 65]
[10, 13107, 45, 52, 61, 53, 50, 35, 52, 56, 41, 57, 47, 54, 50, 45, 41, 40]
[10, 13107, 51, 56, 50, 59, 55, 42, 55, 62, 57, 49, 51, 44, 57, 44, 44, 45]
[10, 13107, 53, 45, 56, 37, 49, 49, 68, 64, 45, 38, 67, 49, 37, 58, 49, 53]
[10, 13107, 60, 34, 59, 45, 41, 54, 52, 51, 52, 50, 45, 54, 40, 53, 41, 50]
[10, 13107, 43, 67, 50, 52, 52, 58, 49, 42, 54, 58, 47, 46, 43, 57, 57, 57]
[10, 13107, 49, 51, 46, 50, 47, 50, 58, 42, 53, 53, 53, 51, 49, 54, 55, 59]
[10, 13107, 50, 52, 53, 54, 50, 64, 34, 41, 55, 45, 38, 62, 53, 48, 54, 56]
[10, 13107, 58, 59, 45, 58, 42, 48, 44, 43, 45, 46, 52, 51, 45, 44, 45, 47]
[10, 13107, 50, 60, 58, 51, 48, 45, 55, 65, 42, 54, 58, 56, 47, 52, 38, 60]
[10, 13107, 47, 43, 60, 52, 49, 55, 47, 74, 50, 49, 49, 47, 50, 45, 54, 49]
[10, 13107, 48, 81, 56, 50, 28, 45, 60, 43, 45, 53, 49, 50, 53, 63, 50, 69]
[10, 13107, 57, 58, 50, 60, 55, 46, 61, 54, 47, 56, 45, 58, 48, 42, 40, 52]
[10, 13107, 58, 50, 42, 60, 43, 42, 61, 67, 66, 49, 58, 56, 52, 45, 55, 47]
[10, 13107, 42, 54, 49, 45, 49, 55, 54, 52, 56, 53, 57, 46, 72, 50, 60, 59]
[10, 13107, 52, 46, 50, 61, 43, 37, 47, 50, 50, 54, 62, 58, 62, 66, 62, 50]
[10, 13107, 57, 47, 46, 48, 54, 59, 46, 46, 54, 56, 52, 36, 45, 47, 54, 46]
[10, 13107, 45, 43, 33, 44, 49, 55, 64, 54, 46, 36, 55, 43, 43, 34, 50, 60]
[10, 13107, 65, 54, 54, 53, 40, 52, 53, 47, 54, 45, 53, 58, 66, 74, 60, 63]
[10, 13107, 63, 62, 48, 57, 54, 44, 59, 63, 43, 40, 57, 54, 52, 53, 42, 51]
[10, 13107, 56, 55, 50, 41, 53, 49, 49, 47, 62, 56, 49, 46, 60, 56, 47, 47]
[10, 13107, 58, 49, 60, 54, 72, 47, 43, 57, 38, 51, 59, 55, 63, 53, 42, 40]
[10, 13107, 62, 37, 44, 44, 70, 60, 40, 52, 51, 48, 49, 42, 49, 40, 60, 32]
[10, 13107, 54, 55, 52, 47, 37, 46, 49, 53, 56, 41, 57, 47, 62, 44, 46, 58]
[10, 13107, 49, 41, 46, 57, 54, 44, 52, 45, 74, 49, 47, 38, 48, 51, 41, 58]
[10, 13107, 47, 49, 40, 46, 52, 48, 48, 43, 41, 45, 46, 55, 49, 43, 53, 64]
[10, 13107, 48, 57, 73, 54, 58, 56, 42, 60, 49, 47, 54, 47, 56, 50, 53, 55]
[10, 13107, 51, 47, 52, 51, 45, 36, 44, 48, 43, 46, 43, 53, 39, 50, 47, 46]
[10, 13107, 54, 43, 51, 60, 52, 38, 38, 48, 50, 42, 53, 47, 43, 51, 57, 55]
[10, 13107, 50, 62, 42, 54, 48, 56, 44, 55, 33, 47, 56, 54, 40, 67, 37, 60]
[10, 13107, 54, 67, 52, 41, 44, 53, 48, 40, 46, 48, 55, 47, 54, 47, 52, 49]
[10, 13107, 61, 47, 39, 56, 66, 48, 38, 42, 56, 52, 42, 50, 39, 40, 48, 65]
[10, 13107, 49, 38, 51, 72, 49, 39, 63, 46, 48, 52, 42, 46, 58, 56, 53, 39]
[10, 13107, 56, 40, 54, 48, 49, 46, 42, 65, 48, 58, 51, 54, 43, 47, 36, 45]
[10, 13107, 39, 48, 37, 42, 49, 47, 46, 41, 45, 42, 36, 55, 43, 52, 41, 40]
[10, 13107, 53, 44, 50, 43, 44, 45, 36, 50, 56, 49, 55, 53, 44, 76, 43, 34]
[10, 13107, 38, 63, 44, 45, 50, 52, 31, 56, 57, 52, 46, 50, 49, 45, 66, 43]
[10, 13107, 53, 55, 56, 38, 47, 47, 48, 53, 49, 48, 56, 52, 61, 43, 37, 46]
[10, 13107, 57, 66, 55, 54, 50, 63, 48, 54, 50, 39, 43, 48, 53, 44, 45, 47]
[10, 13107, 61, 46, 47, 58, 50, 63, 57, 52, 43, 49, 41, 50, 44, 49, 62, 41]
[10, 13107, 53, 55, 42, 57, 44, 56, 64, 52, 58, 47, 41, 49, 50, 52, 60, 35]
[10, 13107, 53, 47, 57, 42, 47, 41, 56, 45, 45, 51, 52, 57, 42, 48, 42, 67]
[10, 13107, 61, 47, 52, 58, 44, 57, 61, 61, 55, 42, 55, 48, 48, 48, 51, 48]
[10, 13107, 64, 49, 41, 55, 49, 46, 49, 50, 42, 44, 45, 46, 35, 44, 48, 72]
[10, 13107, 53, 64, 43, 48, 56, 48, 43, 47, 59, 44, 46, 51, 53, 46, 52, 65]
[10, 13107, 57, 56, 41, 41, 49, 64, 52, 50, 55, 58, 45, 40, 74, 52, 60, 46]
[10, 13107, 47, 59, 57, 43, 58, 60, 50, 39, 49, 52, 36, 54, 63, 53, 60, 46]
[10, 13107, 41, 44, 52, 49, 48, 43, 54, 54, 47, 57, 51, 50, 52, 48, 46, 60]
[10, 13107, 63, 58, 42, 41, 49, 48, 50, 55, 59, 46, 58, 49, 52, 44, 50, 45]
[10, 13107, 42, 56, 38, 40, 53, 47, 53, 45, 40, 58, 63, 43, 45, 46, 51, 54]
[10, 13107, 51, 39, 59, 53, 48, 58, 47, 52, 52, 54, 44, 50, 37, 60, 39, 60]
[10, 13107, 66, 55, 53, 39, 53, 36, 47, 61, 55, 50, 39, 56, 47, 59, 52, 66]
[10, 13107, 42, 59, 46, 59, 40, 50, 49, 64, 49, 50, 52, 57, 51, 33, 57, 47]
[10, 13107, 54, 47, 44, 48, 49, 58, 34, 53, 46, 43, 51, 73, 53, 46, 44, 55]
[10, 13107, 52, 51, 60, 33, 62, 41, 52, 53, 49, 40, 46, 45, 42, 52, 32, 42]
[10, 13107, 72, 61, 49, 50, 46, 41, 54, 39, 48, 59, 56, 59, 67, 56, 63, 54]
[10, 13107, 56, 49, 55, 45, 50, 55, 54, 53, 50, 54, 56, 36, 48, 40, 60, 51]
[10, 13107, 57, 49, 40, 65, 48, 56, 50, 57, 64, 55, 53, 55, 66, 53, 54, 51]
[10, 13107, 50, 49, 42, 57, 46, 49, 56, 56, 51, 55, 64, 48, 44, 39, 59, 52]
[10, 13107, 48, 48, 40, 50, 49, 41, 50, 47, 45, 51, 70, 52, 49, 50, 53, 62]
[10, 13107, 47, 55, 45, 45, 59, 46, 66, 61, 49, 57, 51, 43, 44, 56, 51, 60]
[10, 13107, 51, 43, 51, 48, 34, 62, 48, 50, 50, 54, 48, 46, 49, 57, 39, 52]
[10, 13107, 48, 45, 54, 52, 40, 43, 40, 57, 38, 53, 39, 40, 58, 42, 53, 45]
[10, 13107, 50, 51, 44, 36, 54, 47, 49, 54, 53, 47, 46, 50, 47, 55, 43, 55]
[10, 13107, 51, 56, 51, 38, 47, 46, 42, 60, 47, 49, 42, 35, 57, 50, 44, 42]
[10, 13107, 52, 40, 51, 53, 49, 58, 55, 52, 62, 40, 39, 42, 54, 53, 39, 48]
[15, 19660, 100, 118, 97, 95, 93, 111, 102, 100, 116, 118, 105, 115, 88, 98, 99, 125]
[15, 19660, 105, 116, 107, 116, 128, 105, 104, 127, 132, 121, 127, 99, 113, 100, 92, 105]
[15, 19660, 131, 115, 133, 118, 110, 102, 106, 99, 121, 90, 132, 90, 95, 111, 112, 117]
[15, 19660, 95, 116, 117, 91, 115, 117, 109, 118, 114, 110, 111, 96, 107, 140, 96, 117]
[15, 19660, 105, 109, 137, 92, 91, 102, 111, 122, 131, 117, 107, 95, 102, 102, 111, 124]
[15, 19660, 111, 96, 116, 119, 123, 100, 140, 77, 113, 89, 123, 94, 114, 111, 117, 109]
[15, 19660, 109, 111, 105, 102, 113, 100, 116, 115, 90, 96, 113, 96, 114, 117, 92, 99]
[15, 19660, 121, 88, 124, 102, 110, 100, 109, 96, 122, 86, 99, 119, 92, 116, 121, 99]
[15, 19660, 112, 90, 101, 87, 115, 133, 105, 143, 98, 108, 112, 99, 117, 105, 97, 116]
[15, 19660, 115, 116, 109, 89, 103, 115, 115, 117, 109, 102, 95, 97, 95, 124, 106, 121]
[15, 19660, 91, 97, 119, 115, 120, 93, 123, 125, 102, 97, 107, 90, 117, 107, 101, 101]
[15, 19660, 101, 101, 123, 113, 100, 124, 100, 105, 117, 105, 92, 121, 105, 91, 119, 86]
[15, 19660, 96, 101, 125, 127, 103, 112, 97, 110, 100, 105, 96, 113, 118, 111, 96, 114]
[15, 19660, 113, 118, 123, 101, 109, 93, 114, 112, 116, 107, 117, 145, 92, 110, 113, 121]
[15, 19660, 104, 96, 108, 122, 118, 107, 94, 83, 99, 118, 108, 113, 105, 108, 113, 96]
[15, 19660, 115, 112, 97, 126, 100, 101, 112, 126, 111, 122, 115, 118, 108, 123, 123, 97]
[15, 19660, 102, 105, 97, 111, 131, 107, 134, 107, 118, 116, 104, 88, 80, 108, 121, 97]
[15, 19660, 107, 121, 98, 133, 108, 112, 103, 111, 110, 88, 108, 94, 98, 123, 104, 98]
[15, 19660, 105, 119, 131, 124, 98, 119, 107, 110, 107, 93, 116, 120, 120, 111, 88, 110]
[15, 19660, 97, 113, 104, 92, 107, 94, 125, 104, 107, 92, 101, 94, 113, 99, 113, 136]
[15, 19660, 114, 141, 119, 86, 109, 107, 101, 110, 80, 110, 106, 104, 127, 115, 104, 118]
[15, 19660, 120, 107, 116, 116, 113, 103, 108, 88, 94, 110, 124, 130, 128, 96, 103, 106]
[15, 19660, 92, 114, 114, 100, 111, 125, 99, 133, 136, 109, 110, 107, 134, 117, 132, 120]
[15, 19660, 97, 124, 110, 93, 133, 137, 95, 114, 120, 114, 106, 105, 119, 105, 103, 95]
[15, 19660, 118, 124, 96, 102, 111, 93, 110, 105, 95, 102, 123, 91, 102, 101, 108, 121]
[15, 19660, 113, 115, 107, 90, 84, 117, 102, 93, 89, 135, 119, 86, 120, 127, 106, 104]
[15, 19660, 114, 123, 112, 120, 115, 114, 116, 108, 85, 103, 114, 121, 134, 124, 112, 97]
[15, 19660, 118, 114, 115, 119, 99, 104, 91, 105, 120, 103, 105, 97, 102, 102, 109, 142]
[15, 19660, 122, 112, 106, 112, 141, 130, 105, 95, 89, 123, 116, 104, 126, 120, 114, 125]
[15, 19660, 127, 122, 135, 98, 96, 98, 95, 103, 103, 98, 126, 98, 95, 99, 104, 113]
[15, 19660, 108, 97, 107, 123, 103, 124, 97, 105, 110, 108, 93, 107, 130, 108, 105, 126]
[15, 19660, 110, 112, 151, 121, 121, 93, 92, 108, 122, 122, 116, 103, 99, 96, 117, 100]
[15, 19660, 133, 102, 92, 104, 91, 108, 114, 118, 123, 104, 105, 106, 84, 121, 127, 117]
[15, 19660, 99, 91, 111, 114, 97, 97, 94, 132, 132, 111, 110, 104, 108, 113, 120, 100]
[15, 19660, 114, 98, 102, 112, 121, 116, 107, 117, 108, 122, 113, 129, 102, 105, 123, 114]
[15, 19660, 114, 109, 115, 101, 111, 106, 109, 113, 99, 101, 113, 96, 110, 97, 120, 103]
[15, 19660, 109, 107, 111, 121, 101, 106, 118, 110, 85, 112, 106, 97, 118, 99, 123, 127]
[15, 19660, 96, 122, 111, 100, 99, 119, 116, 122, 117, 99, 107, 122, 118, 98, 107, 116]
[15, 19660, 115, 87, 84, 117, 106, 137, 117, 107, 107, 103, 109, 101, 101, 115, 104, 117]
[15, 19660, 101, 140, 112, 96, 110, 95, 99, 119, 105, 108, 108, 103, 106, 110, 95, 88]
[15, 19660, 101, 93, 116, 122, 112, 113, 114, 117, 124, 115, 109, 132, 79, 97, 105, 104]
[15, 19660, 112, 101, 105, 107, 128, 139, 100, 110, 110, 95, 91, 91, 92, 107, 108, 105]
[15, 19660, 110, 87, 116, 120, 100, 108, 123, 108, 117, 95, 106, 98, 103, 117, 123, 127]
[15, 19660, 120, 100, 106, 101, 116, 114, 105, 93, 100, 105, 95, 122, 110, 119, 93, 119]
[15, 19660, 112, 119, 96, 125, 82, 114, 81, 112, 118, 121, 125, 115, 97, 117, 112, 105]
[15, 19660, 115, 112, 105, 91, 107, 128, 99, 91, 105, 89, 92, 97, 132, 115, 102, 91]
[15, 19660, 109, 96, 110, 97, 94, 125, 104, 82, 113, 107, 84, 118, 129, 94, 122, 95]
[15, 19660, 111, 79, 106, 91, 119, 111, 100, 104, 122, 103, 111, 117, 102, 110, 108, 104]
[15, 19660, 117, 126, 99, 113, 99, 113, 120, 94, 98, 121, 122, 120, 104, 131, 120, 91]
[15, 19660, 83, 116, 104, 105, 107, 94, 100, 94, 82, 124, 92, 114, 108, 115, 103, 85]
[15, 19660, 118, 114, 133, 123, 105, 122, 98, 114, 108, 116, 126, 134, 101, 91, 114, 125]
[15, 19660, 99, 92, 116, 101, 110, 119, 105, 107, 103, 99, 98, 85, 115, 106, 113, 117]
[15, 19660, 82, 107, 113, 115, 96, 94, 101, 99, 92, 106, 98, 117, 104, 127, 103, 105]
[15, 19660, 131, 109, 116, 117, 125, 103, 95, 118, 106, 102, 114, 96, 127, 125, 124, 137]
[15, 19660, 95, 104, 114, 86, 109, 108, 107, 92, 104, 102, 116, 118, 127, 101, 94, 111]
[15, 19660, 144, 113, 98, 95, 115, 115, 90, 100, 125, 113, 112, 91, 108, 80, 109, 106]
[15, 19660, 126, 107, 89, 113, 116, 94, 115, 103, 98, 97, 100, 111, 119, 111, 111, 109]
[15, 19660, 120, 125, 116, 100, 102, 111, 88, 118, 121, 97, 98, 104, 94, 102, 119, 119]
[15, 19660, 117, 122, 104, 99, 86, 113, 125, 127, 104, 129, 83, 108, 101, 124, 92, 96]
[15, 19660, 111, 103, 96, 103, 120, 107, 101, 127, 107, 123, 113, 136, 106, 99, 94, 136]
[15, 19660, 104, 95, 115, 106, 127, 110, 103, 118, 111, 110, 94, 97, 111, 104, 108, 90]
[15, 19660, 104, 115, 117, 104, 110, 103, 97, 98, 104, 94, 112, 93, 101, 102, 126, 115]
[15, 19660, 114, 104, 94, 115, 108, 113, 97, 105, 110, 91, 105, 106, 94, 110, 119, 112]
[15, 19660, 105, 120, 103, 97, 121, 104, 94, 86, 97, 104, 95, 99, 97, 131, 89, 101]
[15, 19660, 107, 126, 107, 101, 113, 124, 105, 93, 104, 114, 117, 127, 123, 102, 88, 90]
[15, 19660, 108, 101, 123, 116, 114, 127, 109, 110, 102, 110, 95, 99, 119, 99, 115, 112]
[15, 19660, 105, 108, 100, 118, 114, 101, 104, 132, 113, 123, 104, 88, 97, 109, 106, 101]
[15, 19660, 122, 96, 87, 115, 121, 97, 89, 117, 118, 92, 112, 89, 117, 109, 101, 111]
[15, 19660, 96, 107, 103, 96, 116, 95, 90, 93, 112, 124, 107, 102, 118, 138, 110, 108]
[15, 19660, 99, 95, 103, 115, 98, 129, 110, 98, 119, 96, 116, 109, 124, 87, 106, 106]
[15, 19660, 112, 138, 108, 113, 104, 119, 113, 105, 106, 112, 100, 100, 117, 119, 97, 100]
[15, 19660, 118, 110, 114, 105, 112, 103, 113, 92, 117, 103, 94, 124, 133, 122, 109, 124]
[15, 19660, 83, 128, 102, 116, 101, 110, 90, 100, 114, 99, 101, 107, 111, 108, 108, 111]
[15, 19660, 129, 104, 116, 94, 110, 86, 100, 103, 110, 121, 108, 108, 95, 98, 108, 95]
[15, 19660, 102, 108, 101, 96, 106, 102, 111, 122, 107, 91, 122, 110, 108, 115, 113, 102]
[15, 19660, 102, 105, 113, 128, 85, 102, 121, 111, 118, 100, 99, 110, 130, 115, 106, 125]
[15, 19660, 121, 111, 107, 110, 107, 118, 126, 116, 105, 106, 106, 87, 101, 122, 114, 101]
[15, 19660, 118, 112, 85, 116, 89, 109, 124, 107, 131, 109, 105, 92, 91, 112, 111, 132]
[15, 19660, 120, 144, 137, 95, 102, 101, 104, 100, 113, 110, 94, 98, 112, 101, 132, 120]
[15, 19660, 127, 112, 100, 112, 118, 138, 118, 106, 100, 122, 117, 110, 106, 114, 112, 93]
[15, 19660, 124, 97, 115, 89, 135, 120, 106, 87, 120, 113, 107, 113, 129, 128, 97, 97]
[15, 19660, 92, 105, 109, 120, 107, 132, 118, 106, 106, 107, 119, 113, 121, 114, 116, 110]
[15, 19660, 139, 102, 125, 97, 127, 87, 93, 115, 106, 94, 98, 108, 106, 79, 96, 113]
[15, 19660, 111, 118, 100, 106, 95, 107, 108, 108, 98, 126, 118, 107, 93, 109, 99, 95]
[15, 19660, 98, 111, 116, 109, 110, 102, 102, 102, 120, 124, 93, 102, 107, 104, 113, 105]
[15, 19660, 127, 107, 99, 103, 120, 98, 95, 93, 117, 111, 94, 97, 96, 126, 137, 105]
[15, 19660, 108, 117, 91, 101, 108, 109, 111, 116, 93, 119, 78, 124, 100, 114, 120, 111]
[15, 19660, 113, 98, 117, 113, 101, 99, 105, 120, 109, 117, 95, 124, 101, 91, 96, 114]
[15, 19660, 127, 128, 115, 107, 114, 114, 104, 114, 103, 121, 113, 95, 111, 91, 119, 109]
[15, 19660, 102, 111, 93, 93, 108, 114, 117, 112, 122, 104, 96, 86, 104, 103, 127, 133]
[15, 19660, 112, 114, 128, 95, 80, 85, 101, 126, 104, 85, 114, 113, 103, 119, 141, 123]
[15, 19660, 120, 112, 86, 91, 89, 131, 105, 125, 105, 90, 132, 107, 108, 109, 110, 95]
[15, 19660, 125, 102, 104, 81, 107, 105, 120, 103, 114, 111, 101, 86, 129, 119, 109, 119]
[15, 19660, 93, 108, 111, 111, 102, 117, 104, 106, 118, 102, 109, 102, 94, 100, 123, 84]
[15, 19660, 88, 112, 113, 109, 103, 126, 106, 111, 99, 127, 134, 111, 105, 98, 90, 98]
[15, 19660, 115, 79, 105, 123, 103, 125, 123, 107, 113, 119, 123, 96, 105, 101, 115, 97]
[15, 19660, 116, 87, 126, 111, 109, 95, 100, 120, 89, 129, 110, 97, 113, 98, 129, 108]
[15, 19660, 111, 109, 108, 78, 98, 103, 120, 128, 103, 98, 92, 141, 109, 99, 122, 120]
[15, 19660, 123, 105, 108, 109, 116, 104, 89, 116, 117, 101, 101, 94, 113, 108, 122, 109]
[15, 19660, 85, 127, 113, 105, 96, 117, 111, 102, 128, 123, 110, 114, 116, 104, 100, 90]
[20, 26214, 182, 201, 208, 179, 183, 189, 172, 205, 208, 190, 205, 185, 175, 223, 206, 168]
[20, 26214, 200, 191, 150, 209, 185, 193, 179, 176, 193, 183, 190, 193, 165, 196, 204, 176]
[20, 26214, 188, 202, 166, 191, 202, 179, 172, 201, 209, 192, 191, 163, 169, 193, 186, 181]
[20, 26214, 184, 199, 219, 175, 207, 216, 186, 202, 166, 188, 186, 163, 190, 212, 197, 195]
[20, 26214, 201, 187, 173, 200, 187, 203, 185, 193, 204, 184, 152, 183, 151, 185, 209, 192]
[20, 26214, 202, 205, 180, 191, 196, 192, 188, 194, 201, 193, 169, 172, 182, 181, 172, 183]
[20, 26214, 205, 202, 179, 197, 195, 198, 190, 180, 157, 209, 188, 191, 178, 200, 181, 166]
[20, 26214, 218, 204, 195, 193, 163, 188, 227, 189, 168, 178, 173, 189, 170, 185, 186, 224]
[20, 26214, 196, 191, 157, 200, 160, 237, 177, 194, 186, 187, 172, 173, 213, 190, 186, 199]
[20, 26214, 185, 213, 191, 195, 164, 193, 161, 199, 175, 178, 208, 161, 186, 193, 199, 212]
[20, 26214, 179, 184, 174, 199, 201, 164, 194, 213, 185, 216, 202, 153, 175, 205, 200, 212]
[20, 26214, 234, 192, 199, 220, 202, 168, 201, 168, 195, 212, 191, 191, 189, 151, 185, 179]
[20, 26214, 195, 170, 173, 200, 175, 189, 201, 202, 210, 201, 168, 209, 209, 198, 173, 155]
[20, 26214, 187, 207, 201, 170, 181, 188, 184, 205, 196, 172, 193, 192, 177, 218, 205, 199]
[20, 26214, 166, 195, 190, 229, 160, 186, 194, 181, 157, 188, 175, 212, 188, 182, 169, 187]
[20, 26214, 173, 178, 187, 191, 202, 193, 192, 187, 178, 175, 218, 191, 182, 190, 186, 181]
[20, 26214, 222, 177, 215, 183, 182, 203, 192, 190, 196, 201, 183, 178, 180, 171, 187, 171]
[20, 26214, 175, 156, 177, 216, 187, 217, 193, 206, 181, 204, 186, 203, 165, 207, 178, 185]
[20, 26214, 181, 204, 170, 198, 174, 184, 167, 205, 194, 189, 183, 201, 205, 208, 187, 191]
[20, 26214, 183, 177, 223, 190, 192, 187, 208, 183, 198, 180, 211, 197, 178, 183, 195, 214]
[20, 26214, 168, 188, 195, 175, 184, 202, 183, 200, 164, 176, 181, 205, 191, 179, 166, 180]
[20, 26214, 195, 189, 171, 194, 227, 185, 197, 193, 176, 181, 209, 188, 187, 169, 182, 190]
[20, 26214, 165, 221, 155, 200, 205, 163, 157, 174, 187, 181, 210, 210, 205, 192, 178, 211]
[20, 26214, 144, 200, 167, 198, 217, 212, 176, 183, 173, 182, 185, 181, 136, 182, 192, 184]
[20, 26214, 202, 160, 183, 215, 177, 181, 182, 157, 166, 226, 211, 209, 197, 177, 188, 198]
[20, 26214, 187, 170, 186, 160, 164, 211, 199, 172, 192, 187, 218, 176, 197, 224, 189, 201]
[20, 26214, 194, 196, 200, 193, 184, 182, 214, 167, 179, 181, 176, 214, 198, 187, 178, 156]
[20, 26214, 189, 193, 195, 190, 183, 201, 171, 188, 197, 193, 168, 190, 179, 185, 192, 195]
[20, 26214, 182, 191, 206, 178, 232, 183, 179, 169, 190, 167, 189, 200, 194, 202, 181, 174]
[20, 26214, 213, 181, 206, 168, 219, 173, 153, 174, 187, 163, 212, 168, 177, 201, 215, 188]
[20, 26214, 179, 181, 195, 233, 175, 184, 174, 165, 176, 185, 190, 192, 197, 176, 191, 181]
[20, 26214, 194, 157, 189, 194, 207, 190, 207, 183, 181, 202, 206, 169, 163, 161, 204, 176]
[20, 26214, 232, 148, 189, 164, 186, 188, 185, 235, 181, 206, 225, 192, 164, 209, 190, 220]
[20, 26214, 203, 169, 209, 191, 153, 201, 186, 199, 206, 201, 188, 167, 196, 173, 196, 156]
[20, 26214, 220, 163, 175, 200, 185, 179, 197, 180, 191, 177, 173, 203, 203, 180, 203, 200]
[20, 26214, 195, 171, 196, 186, 165, 182, 180, 192, 173, 190, 192, 184, 189, 186, 210, 219]
[20, 26214, 202, 144, 191, 213, 181, 179, 223, 210, 225, 198, 180, 162, 183, 182, 194, 188]
[20, 26214, 202, 204, 177, 163, 195, 190, 189, 190, 182, 189, 186, 202, 184, 180, 187, 210]
[20, 26214, 190, 174, 182, 181, 180, 207, 197, 169, 187, 173, 202, 190, 146, 197, 165, 185]
[20, 26214, 191, 217, 227, 158, 198, 176, 181, 197, 187, 185, 175, 223, 167, 199, 173, 201]
[20, 26214, 204, 165, 187, 185, 206, 179, 182, 195, 178, 185, 206, 184, 175, 186, 166, 193]
[20, 26214, 198, 166, 188, 193, 183, 226, 172, 170, 185, 187, 183, 198, 177, 185, 162, 203]
[20, 26214, 197, 174, 168, 180, 185, 191, 193, 176, 185, 171, 209, 207, 173, 177, 214, 185]
[20, 26214, 179, 190, 173, 175, 181, 161, 186, 192, 183, 176, 197, 204, 186, 184, 172, 207]
[20, 26214, 183, 225, 175, 213, 189, 194, 202, 212, 190, 184, 174, 178, 177, 195, 209, 183]
[20, 26214, 180, 192, 201, 150, 186, 193, 217, 180, 196, 184, 216, 197, 226, 175, 182, 185]
[20, 26214, 205, 215, 177, 206, 188, 218, 199, 190, 179, 175, 177, 192, 222, 177, 173, 204]
[20, 26214, 164, 166, 183, 170, 194, 193, 178, 179, 202, 205, 214, 217, 197, 184, 187, 203]
[20, 26214, 202, 201, 199, 199, 188, 171, 196, 172, 191, 227, 214, 196, 186, 202, 216, 179]
[20, 26214, 165, 198, 193, 231, 188, 214, 184, 189, 186, 182, 173, 227, 206, 191, 194, 186]
[20, 26214, 189, 211, 220, 201, 200, 184, 166, 173, 198, 224, 166, 170, 205, 191, 186, 184]
[20, 26214, 164, 188, 186, 184, 211, 200, 168, 213, 183, 157, 196, 178, 193, 191, 219, 196]
[20, 26214, 194, 186, 207, 179, 180, 189, 191, 196, 210, 205, 200, 199, 172, 185, 190, 203]
[20, 26214, 203, 180, 161, 199, 185, 146, 201, 216, 155, 176, 207, 181, 197, 196, 171, 239]
[20, 26214, 175, 187, 186, 168, 209, 190, 197, 193, 207, 184, 164, 182, 219, 170, 207, 222]
[20, 26214, 188, 204, 173, 190, 170, 183, 165, 199, 181, 182, 191, 193, 180, 216, 195, 175]
[20, 26214, 216, 177, 177, 217, 224, 161, 224, 200, 165, 208, 178, 223, 195, 162, 187, 178]
[20, 26214, 171, 163, 174, 189, 164, 175, 178, 188, 200, 173, 187, 194, 191, 171, 218, 206]
[20, 26214, 194, 173, 180, 168, 182, 178, 162, 181, 181, 195, 221, 197, 202, 198, 187, 208]
[20, 26214, 184, 185, 215, 175, 195, 195, 186, 199, 197, 193, 182, 188, 212, 186, 194, 209]
[20, 26214, 183, 194, 179, 190, 203, 161, 180, 211, 157, 182, 177, 157, 202, 169, 216, 202]
[20, 26214, 173, 169, 180, 195, 197, 155, 163, 173, 184, 162, 195, 180, 191, 192, 184, 179]
[20, 26214, 174, 169, 221, 198, 181, 183, 182, 166, 185, 182, 203, 200, 193, 211, 180, 186]
[20, 26214, 200, 212, 180, 202, 231, 227, 182, 183, 187, 188, 190, 191, 187, 155, 168, 202]
[20, 26214, 204, 186, 206, 195, 188, 202, 198, 179, 173, 190, 171, 250, 184, 192, 199, 173]
[20, 26214, 187, 195, 175, 167, 198, 148, 165, 177, 188, 224, 192, 218, 158, 186, 198, 194]
[20, 26214, 199, 215, 198, 197, 174, 161, 189, 209, 168, 217, 187, 174, 184, 197, 178, 168]
[20, 26214, 188, 161, 187, 187, 158, 197, 174, 236, 186, 179, 182, 166, 182, 164, 188, 192]
[20, 26214, 184, 183, 159, 185, 195, 205, 187, 188, 194, 207, 161, 228, 191, 192, 164, 210]
[20, 26214, 164, 169, 195, 187, 224, 217, 218, 188, 180, 201, 184, 155, 191, 191, 194, 204]
[20, 26214, 177, 203, 191, 205, 195, 184, 161, 194, 182, 189, 194, 227, 222, 195, 209, 175]
[20, 26214, 177, 206, 213, 198, 215, 164, 188, 167, 184, 174, 204, 203, 172, 184, 205, 186]
[20, 26214, 194, 185, 206, 207, 200, 184, 179, 182, 208, 168, 203, 156, 163, 191, 202, 193]
[20, 26214, 201, 153, 201, 192, 198, 189, 170, 185, 186, 174, 186, 204, 197, 173, 187, 185]
[20, 26214, 175, 174, 190, 177, 190, 164, 217, 212, 158, 191, 161, 205, 189, 204, 216, 169]
[20, 26214, 169, 193, 219, 179, 183, 184, 171, 197, 181, 203, 212, 192, 188, 165, 197, 173]
[20, 26214, 219, 171, 197, 179, 167, 181, 217, 194, 176, 191, 184, 176, 177, 176, 176, 164]
[20, 26214, 176, 208, 184, 181, 189, 205, 219, 203, 205, 208, 185, 207, 174, 180, 220, 211]
[20, 26214, 175, 185, 229, 174, 205, 176, 176, 173, 199, 182, 160, 153, 171, 198, 175, 218]
[20, 26214, 201, 181, 195, 162, 180, 212, 190, 188, 178, 191, 163, 212, 187, 195, 187, 145]
[20, 26214, 178, 200, 200, 194, 212, 206, 175, 193, 177, 188, 185, 221, 200, 216, 188, 169]
[20, 26214, 172, 176, 187, 198, 173, 183, 207, 160, 164, 200, 205, 201, 203, 177, 193, 176]
[20, 26214, 199, 218, 200, 173, 223, 161, 197, 188, 165, 179, 188, 186, 208, 175, 194, 164]
[20, 26214, 198, 186, 202, 198, 191, 174, 197, 185, 178, 198, 209, 189, 190, 182, 199, 172]
[20, 26214, 202, 169, 209, 187, 193, 181, 160, 195, 213, 187, 182, 191, 184, 212, 190, 214]
[20, 26214, 192, 209, 171, 213, 183, 179, 158, 175, 185, 200, 192, 192, 196, 181, 195, 157]
[20, 26214, 170, 180, 213, 196, 183, 215, 184, 185, 190, 200, 189, 187, 191, 171, 190, 188]
[20, 26214, 158, 196, 185, 223, 204, 185, 195, 179, 174, 195, 192, 200, 182, 186, 166, 196]
[20, 26214, 214, 185, 189, 189, 182, 192, 198, 185, 183, 199, 209, 184, 169, 171, 186, 179]
[20, 26214, 226, 185, 186, 179, 178, 181, 212, 194, 180, 189, 181, 197, 187, 162, 210, 167]
[20, 26214, 197, 224, 196, 184, 186, 173, 181, 207, 208, 166, 201, 207, 182, 196, 189, 176]
[20, 26214, 178, 192, 196, 177, 175, 193, 180, 184, 224, 198, 195, 188, 235, 155, 184, 205]
[20, 26214, 180, 221, 178, 179, 206, 177, 168, 191, 186, 214, 208, 206, 207, 191, 178, 201]
[20, 26214, 192, 185, 202, 179, 172, 199, 178, 162, 198, 207, 221, 179, 169, 184, 182, 167]
[20, 26214, 191, 183, 176, 198, 178, 225, 184, 167, 182, 162, 179, 175, 187, 199, 177, 184]
[20, 26214, 195, 184, 199, 202, 175, 185, 194, 208, 198, 171, 187, 190, 191, 171, 200, 163]
[20, 26214, 212, 165, 211, 201, 188, 181, 191, 201, 155, 187, 187, 206, 186, 168, 182, 206]
[20, 26214, 194, 187, 215, 194, 175, 181, 171, 193, 166, 192, 185, 205, 185, 163, 149, 219]
[20, 26214, 163, 184, 204, 184, 182, 186, 157, 181, 164, 184, 190, 186, 169, 194, 220, 189]
[20, 26214, 180, 185, 203, 187, 201, 199, 168, 203, 193, 220, 190, 193, 195, 191, 172, 191]
[25, 32768, 293, 289, 286, 314, 313, 287, 301, 263, 269, 289, 314, 282, 305, 300, 269, 292]
[25, 32768, 274, 318, 269, 296, 298, 314, 275, 281, 349, 285, 336, 348, 280, 304, 293, 263]
[25, 32768, 267, 305, 307, 272, 304, 254, 265, 314, 328, 316, 313, 293, 275, 254, 283, 312]
[25, 32768, 303, 291, 316, 252, 315, 323, 294, 292, 261, 342, 291, 284, 286, 339, 276, 283]
[25, 32768, 286, 289, 304, 321, 306, 325, 304, 301, 329, 262, 263, 279, 285, 342, 269, 319]
[25, 32768, 320, 348, 264, 301, 310, 280, 325, 277, 322, 284, 279, 281, 274, 283, 304, 285]
[25, 32768, 279, 300, 312, 317, 284, 269, 300, 301, 274, 288, 312, 275, 293, 283, 267, 299]
[25, 32768, 324, 303, 327, 330, 301, 263, 322, 290, 338, 283, 296, 297, 288, 306, 302, 321]
[25, 32768, 310, 262, 274, 315, 294, 311, 269, 293, 243, 268, 307, 304, 339, 303, 285, 336]
[25, 32768, 337, 312, 289, 285, 272, 297, 276, 269, 330, 276, 285, 301, 290, 298, 260, 333]
[25, 32768, 280, 288, 282, 307, 302, 276, 303, 292, 311, 300, 289, 289, 264, 274, 295, 255]
[25, 32768, 284, 299, 298, 304, 260, 316, 289, 308, 312, 274, 286, 314, 275, 291, 332, 262]
[25, 32768, 310, 294, 295, 299, 306, 277, 312, 312, 296, 297, 269, 301, 290, 300, 325, 299]
[25, 32768, 317, 272, 264, 320, 259, 307, 301, 279, 307, 290, 292, 278, 264, 301, 293, 288]
[25, 32768, 273, 316, 323, 302, 265, 283, 272, 261, 298, 307, 301, 322, 257, 309, 268, 280]
[25, 32768, 278, 280, 238, 307, 284, 314, 282, 294, 277, 307, 290, 314, 285, 308, 314, 309]
[25, 32768, 286, 267, 320, 290, 309, 316, 361, 312, 298, 344, 298, 289, 265, 328, 289, 324]
[25, 32768, 304, 269, 271, 312, 317, 299, 320, 297, 301, 322, 323, 294, 259, 318, 305, 295]
[25, 32768, 290, 282, 296, 280, 253, 328, 275, 334, 293, 274, 298, 312, 290, 277, 298, 325]
[25, 32768, 255, 297, 290, 282, 269, 272, 287, 278, 266, 280, 258, 301, 270, 269, 295, 302]
[25, 32768, 306, 292, 309, 254, 281, 329, 297, 285, 259, 285, 232, 305, 303, 262, 264, 293]
[25, 32768, 279, 285, 299, 303, 294, 249, 287, 314, 278, 289, 341, 291, 344, 296, 255, 296]
[25, 32768, 317, 320, 268, 285, 314, 265, 280, 275, 280, 300, 304, 329, 313, 282, 276, 333]
[25, 32768, 281, 293, 283, 308, 308, 303, 271, 242, 315, 331, 277, 302, 299, 302, 307, 305]
[25, 32768, 331, 319, 293, 283, 268, 270, 268, 284, 232, 337, 301, 308, 300, 288, 295, 301]
[25, 32768, 292, 274, 284, 284, 288, 281, 345, 289, 288, 267, 342, 243, 280, 360, 322, 294]
[25, 32768, 329, 286, 279, 303, 299, 273, 317, 280, 238, 275, 291, 330, 308, 305, 296, 283]
[25, 32768, 322, 283, 281, 294, 269, 310, 266, 316, 282, 278, 281, 299, 284, 293, 295, 343]
[25, 32768, 271, 289, 293, 264, 302, 283, 298, 310, 301, 303, 289, 298, 286, 309, 283, 262]
[25, 32768, 328, 304, 294, 252, 293, 302, 295, 279, 309, 271, 347, 298, 292, 277, 292, 284]
[25, 32768, 305, 306, 323, 322, 277, 270, 281, 290, 294, 305, 302, 314, 307, 294, 319, 301]
[25, 32768, 300, 285, 319, 291, 283, 287, 304, 290, 305, 316, 301, 307, 272, 285, 298, 308]
[25, 32768, 300, 256, 303, 257, 269, 272, 267, 343, 293, 294, 293, 295, 271, 311, 283, 277]
[25, 32768, 289, 284, 290, 285, 278, 291, 294, 302, 303, 306, 313, 269, 300, 255, 270, 267]
[25, 32768, 300, 274, 290, 291, 317, 258, 276, 285, 297, 286, 292, 251, 293, 295, 290, 300]
[25, 32768, 304, 292, 337, 327, 287, 322, 270, 310, 285, 296, 301, 300, 291, 267, 290, 286]
[25, 32768, 270, 324, 330, 293, 248, 312, 282, 311, 313, 293, 272, 278, 278, 261, 314, 270]
[25, 32768, 299, 296, 274, 300, 263, 320, 284, 297, 286, 290, 296, 317, 290, 255, 283, 285]
[25, 32768, 303, 274, 301, 295, 303, 335, 310, 246, 318, 334, 290, 263, 281, 286, 320, 319]
[25, 32768, 284, 344, 320, 314, 272, 268, 297, 259, 300, 299, 304, 299, 312, 259, 265, 302]
[25, 32768, 270, 298, 297, 291, 323, 281, 320, 329, 275, 298, 295, 304, 284, 296, 253, 300]
[25, 32768, 294, 298, 305, 304, 314, 337, 313, 312, 283, 286, 275, 291, 303, 315, 311, 290]
[25, 32768, 268, 315, 272, 284, 290, 348, 293, 289, 265, 280, 307, 331, 246, 296, 323, 279]
[25, 32768, 289, 311, 284, 290, 317, 291, 314, 279, 299, 290, 313, 303, 311, 287, 303, 315]
[25, 32768, 318, 331, 259, 329, 264, 302, 271, 281, 285, 262, 310, 291, 271, 293, 292, 288]
[25, 32768, 310, 313, 315, 294, 280, 278, 295, 292, 296, 275, 298, 337, 297, 295, 271, 275]
[25, 32768, 295, 318, 306, 267, 295, 293, 275, 314, 276, 252, 294, 300, 319, 321, 294, 276]
[25, 32768, 284, 308, 275, 268, 336, 321, 302, 267, 315, 312, 318, 335, 323, 267, 286, 296]
[25, 32768, 301, 303, 282, 294, 293, 279, 283, 247, 273, 315, 289, 276, 273, 296, 281, 281]
[25, 32768, 286, 303, 288, 306, 296, 277, 302, 234, 300, 269, 285, 300, 274, 316, 321, 266]
[25, 32768, 297, 289, 306, 293, 265, 298, 233, 270, 261, 304, 308, 279, 282, 296, 295, 291]
[25, 32768, 311, 262, 289, 262, 307, 290, 278, 299, 275, 286, 268, 289, 312, 333, 305, 345]
[25, 32768, 230, 285, 286, 287, 288, 280, 278, 244, 298, 308, 269, 337, 305, 330, 261, 314]
[25, 32768, 281, 295, 276, 345, 325, 288, 266, 279, 309, 274, 280, 320, 311, 312, 267, 311]
[25, 32768, 287, 301, 308, 271, 294, 288, 290, 281, 278, 287, 300, 334, 343, 291, 299, 297]
[25, 32768, 315, 232, 304, 295, 307, 305, 295, 328, 306, 302, 305, 296, 278, 243, 288, 300]
[25, 32768, 304, 303, 300, 304, 305, 245, 294, 268, 280, 286, 287, 316, 306, 266, 318, 295]
[25, 32768, 262, 269, 267, 272, 295, 282, 276, 329, 294, 265, 312, 311, 299, 292, 318, 334]
[25, 32768, 317, 283, 313, 288, 284, 308, 308, 272, 322, 306, 297, 326, 308, 283, 327, 315]
[25, 32768, 305, 261, 282, 312, 277, 315, 267, 273, 345, 290, 263, 296, 265, 318, 318, 352]
[25, 32768, 302, 305, 285, 298, 314, 275, 254, 295, 252, 279, 294, 276, 340, 305, 311, 308]
[25, 32768, 290, 264, 305, 321, 322, 265, 287, 293, 309, 309, 316, 277, 243, 275, 296, 288]
[25, 32768, 282, 288, 268, 318, 294, 299, 267, 278, 275, 246, 323, 280, 299, 280, 321, 301]
[25, 32768, 284, 309, 286, 290, 298, 298, 263, 281, 288, 287, 293, 304, 293, 289, 238, 318]
[25, 32768, 341, 314, 294, 303, 270, 280, 336, 263, 272, 272, 300, 294, 342, 303, 274, 286]
[25, 32768, 285, 296, 305, 272, 323, 256, 274, 287, 290, 302, 271, 297, 274, 270, 337, 285]
[25, 32768, 294, 292, 322, 298, 268, 256, 279, 332, 297, 305, 291, 289, 339, 242, 286, 294]
[25, 32768, 291, 273, 311, 336, 272, 312, 289, 295, 322, 336, 286, 288, 294, 296, 313, 298]
[25, 32768, 292, 265, 290, 280, 278, 301, 291, 302, 292, 289, 290, 260, 298, 305, 277, 275]
[25, 32768, 294, 317, 260, 323, 293, 334, 269, 316, 299, 295, 352, 278, 311, 288, 280, 296]
[25, 32768, 286, 354, 313, 292, 287, 282, 278, 273, 263, 285, 309, 287, 272, 292, 307, 288]
[25, 32768, 308, 303, 324, 279, 306, 249, 294, 289, 295, 292, 282, 311, 317, 298, 292, 259]
[25, 32768, 292, 293, 320, 327, 308, 261, 320, 301, 290, 243, 276, 313, 311, 313, 250, 271]
[25, 32768, 297, 294, 298, 287, 318, 287, 286, 266, 281, 312, 222, 308, 302, 288, 297, 297]
[25, 32768, 307, 282, 280, 289, 255, 313, 304, 283, 291, 311, 309, 290, 267, 293, 313, 267]
[25, 32768, 266, 267, 283, 284, 259, 266, 271, 295, 292, 280, 283, 313, 300, 281, 268, 290]
[25, 32768, 329, 275, 268, 255, 277, 314, 294, 328, 269, 315, 282, 277, 295, 333, 292, 306]
[25, 32768, 284, 334, 274, 308, 250, 305, 297, 252, 292, 293, 292, 289, 302, 290, 300, 328]
[25, 32768, 324, 300, 325, 274, 290, 271, 305, 293, 303, 271, 269, 287, 286, 344, 269, 274]
[25, 32768, 288, 287, 291, 284, 336, 320, 304, 302, 318, 327, 313, 309, 267, 339, 296, 262]
[25, 32768, 274, 308, 301, 284, 313, 309, 295, 271, 298, 259, 315, 322, 337, 341, 294, 275]
[25, 32768, 273, 271, 271, 331, 274, 285, 314, 289, 276, 310, 269, 310, 308, 303, 287, 324]
[25, 32768, 295, 294, 298, 254, 318, 251, 325, 312, 307, 303, 275, 294, 300, 268, 280, 302]
[25, 32768, 300, 308, 303, 288, 324, 277, 296, 297, 253, 303, 325, 260, 286, 283, 268, 269]
[25, 32768, 305, 300, 293, 293, 312, 290, 274, 276, 311, 265, 279, 277, 271, 318, 282, 283]
[25, 32768, 294, 290, 284, 295, 280, 291, 324, 296, 292, 307, 274, 294, 282, 295, 301, 300]
[25, 32768, 274, 285, 302, 326, 303, 322, 268, 313, 295, 316, 295, 305, 278, 292, 303, 273]
[25, 32768, 261, 265, 298, 331, 271, 309, 286, 310, 294, 281, 314, 313, 282, 325, 290, 314]
[25, 32768, 331, 331, 290, 293, 303, 317, 269, 343, 277, 330, 298, 312, 293, 259, 294, 292]
[25, 32768, 308, 327, 282, 280, 291, 303, 297, 296, 297, 310, 280, 270, 292, 289, 285, 325]
[25, 32768, 327, 304, 305, 297, 281, 294, 262, 310, 303, 254, 312, 304, 298, 269, 305, 298]
[25, 32768, 275, 277, 284, 305, 288, 328, 266, 311, 335, 268, 332, 290, 295, 299, 293, 264]
[25, 32768, 318, 274, 316, 294, 277, 271, 306, 271, 284, 325, 305, 295, 326, 266, 251, 277]
[25, 32768, 279, 288, 271, 296, 303, 291, 299, 284, 292, 286, 321, 297, 316, 266, 316, 308]
[25, 32768, 297, 303, 275, 323, 280, 306, 288, 273, 293, 312, 299, 276, 317, 334, 256, 317]
[25, 32768, 308, 257, 284, 276, 263, 322, 311, 309, 288, 269, 326, 292, 295, 263, 305, 298]
[25, 32768, 315, 285, 289, 296, 319, 260, 280, 319, 266, 309, 306, 312, 304, 303, 286, 330]
[25, 32768, 295, 285, 321, 298, 277, 296, 255, 305, 326, 308, 287, 318, 300, 272, 295, 284]
[25, 32768, 283, 298, 299, 296, 309, 287, 286, 276, 323, 267, 271, 280, 293, 310, 264, 274]
[25, 32768, 230, 315, 341, 276, 287, 294, 276, 307, 342, 314, 270, 273, 345, 287, 269, 297]
[30, 39321, 437, 417, 397, 432, 381, 404, 426, 434, 401, 386, 420, 423, 389, 446, 406, 417]
[30, 39321, 445, 439, 399, 431, 434, 440, 414, 397, 442, 418, 422, 435, 401, 437, 394, 395]
[30, 39321, 420, 467, 447, 453, 408, 415, 417, 474, 444, 405, 450, 423, 412, 415, 414, 394]
[30, 39321, 408, 388, 435, 414, 453, 409, 419, 428, 366, 436, 439, 381, 388, 502, 379, 398]
[30, 39321, 389, 453, 435, 442, 400, 417, 414, 459, 426, 400, 419, 444, 398, 474, 417, 434]
[30, 39321, 386, 435, 394, 426, 448, 407, 476, 413, 385, 443, 401, 443, 425, 416, 424, 437]
[30, 39321, 422, 435, 409, 394, 423, 407, 401, 458, 377, 380, 494, 455, 389, 431, 438, 451]
[30, 39321, 402, 396, 426, 445, 397, 415, 446, 427, 436, 425, 411, 392, 442, 405, 455, 447]
[30, 39321, 459, 386, 427, 416, 423, 420, 370, 438, 436, 428, 437, 444, 410, 424, 391, 405]
[30, 39321, 468, 437, 430, 452, 424, 420, 406, 394, 460, 432, 442, 417, 400, 388, 431, 441]
[30, 39321, 425, 423, 406, 421, 428, 415, 417, 423, 395, 398, 428, 443, 408, 453, 424, 463]
[30, 39321, 457, 429, 413, 406, 426, 479, 426, 491, 429, 428, 418, 450, 423, 401, 441, 418]
[30, 39321, 393, 428, 435, 405, 379, 389, 407, 424, 383, 432, 359, 441, 419, 455, 414, 427]
[30, 39321, 438, 433, 365, 411, 446, 440, 391, 448, 431, 413, 408, 388, 373, 424, 411, 442]
[30, 39321, 351, 395, 408, 452, 389, 378, 393, 394, 417, 427, 430, 432, 415, 453, 408, 435]
[30, 39321, 453, 432, 411, 410, 423, 417, 392, 403, 387, 464, 382, 471, 452, 392, 441, 446]
[30, 39321, 399, 407, 446, 434, 429, 446, 474, 405, 405, 399, 416, 409, 402, 415, 428, 420]
[30, 39321, 398, 400, 422, 423, 433, 454, 459, 420, 397, 388, 382, 408, 396, 478, 428, 457]
[30, 39321, 384, 454, 474, 414, 412, 447, 415, 445, 426, 432, 417, 440, 409, 411, 400, 417]
[30, 39321, 459, 402, 454, 433, 376, 405, 443, 447, 440, 408, 442, 406, 401, 476, 396, 470]
[30, 39321, 455, 433, 435, 369, 428, 420, 438, 438, 425, 427, 396, 435, 409, 421, 403, 425]
[30, 39321, 426, 400, 452, 430, 422, 393, 440, 441, 396, 386, 453, 433, 443, 422, 407, 418]
[30, 39321, 372, 476, 413, 446, 447, 403, 417, 398, 405, 385, 388, 447, 427, 446, 413, 428]
[30, 39321, 402, 420, 395, 389, 420, 440, 414, 392, 390, 459, 368, 354, 428, 441, 453, 424]
[30, 39321, 437, 416, 416, 414, 363, 392, 395, 402, 352, 454, 448, 413, 396, 421, 414, 453]
[30, 39321, 399, 413, 388, 398, 368, 445, 464, 391, 402, 404, 431, 369, 423, 475, 446, 426]
[30, 39321, 467, 389, 410, 470, 433, 427, 442, 399, 396, 411, 430, 431, 411, 437, 437, 424]
[30, 39321, 425, 422, 413, 393, 397, 416, 400, 403, 418, 444, 378, 398, 442, 398, 491, 454]
[30, 39321, 411, 400, 427, 394, 446, 432, 414, 390, 450, 399, 450, 428, 435, 411, 403, 436]
[30, 39321, 461, 422, 413, 387, 399, 407, 434, 419, 458, 444, 453, 369, 433, 483, 438, 413]
[30, 39321, 394, 401, 387, 435, 413, 383, 433, 414, 426, 431, 446, 470, 396, 404, 417, 434]
[30, 39321, 417, 383, 419, 381, 444, 413, 416, 405, 426, 432, 470, 372, 426, 417, 430, 432]
[30, 39321, 455, 396, 421, 399, 401, 395, 414, 450, 420, 435, 380, 470, 415, 383, 394, 451]
[30, 39321, 423, 392, 457, 429, 408, 412, 401, 446, 464, 447, 416, 407, 441, 353, 419, 404]
[30, 39321, 424, 432, 418, 427, 419, 371, 399, 392, 430, 418, 428, 409, 403, 421, 453, 441]
[30, 39321, 399, 435, 392, 431, 412, 415, 444, 442, 427, 407, 385, 448, 385, 420, 433, 438]
[30, 39321, 411, 369, 403, 443, 399, 391, 474, 426, 425, 452, 396, 399, 391, 425, 456, 433]
[30, 39321, 444, 437, 394, 400, 379, 432, 436, 444, 432, 395, 413, 467, 438, 399, 385, 438]
[30, 39321, 437, 423, 419, 445, 423, 455, 431, 419, 439, 422, 418, 385, 428, 415, 422, 439]
[30, 39321, 410, 504, 430, 402, 394, 400, 418, 397, 428, 393, 434, 420, 464, 409, 408, 456]
[30, 39321, 399, 427, 477, 405, 431, 413, 440, 441, 378, 387, 429, 450, 397, 374, 376, 421]
[30, 39321, 413, 409, 438, 422, 410, 476, 411, 421, 447, 407, 433, 414, 374, 451, 381, 388]
[30, 39321, 426, 409, 365, 400, 404, 485, 417, 438, 418, 426, 429, 459, 380, 401, 455, 415]
[30, 39321, 466, 442, 402, 397, 493, 425, 439, 384, 426, 398, 417, 417, 403, 450, 394, 440]
[30, 39321, 444, 483, 389, 451, 418, 435, 429, 465, 401, 405, 378, 396, 403, 453, 482, 366]
[30, 39321, 442, 411, 459, 393, 437, 438, 406, 422, 413, 367, 381, 462, 446, 413, 422, 413]
[30, 39321, 431, 407, 427, 433, 422, 446, 425, 368, 416, 393, 423, 402, 414, 392, 437, 392]
[30, 39321, 370, 399, 424, 386, 464, 430, 406, 361, 422, 410, 432, 463, 423, 438, 436, 434]
[30, 39321, 426, 404, 399, 430, 430, 414, 382, 404, 388, 442, 463, 395, 436, 425, 405, 403]
[30, 39321, 403, 413, 349, 393, 454, 445, 497, 380, 428, 376, 426, 407, 418, 428, 454, 410]
[30, 39321, 460, 421, 446, 449, 416, 423, 400, 407, 404, 444, 448, 421, 358, 426, 445, 406]
[30, 39321, 428, 402, 449, 424, 426, 416, 437, 429, 438, 384, 415, 445, 451, 434, 432, 468]
[30, 39321, 394, 384, 437, 432, 392, 404, 390, 362, 463, 421, 443, 428, 419, 442, 444, 469]
[30, 39321, 450, 405, 392, 466, 426, 434, 407, 412, 429, 429, 422, 433, 416, 435, 406, 435]
[30, 39321, 399, 405, 435, 420, 411, 432, 419, 449, 442, 436, 414, 404, 433, 401, 392, 436]
[30, 39321, 452, 417, 444, 434, 414, 420, 418, 406, 446, 446, 438, 412, 394, 435, 430, 423]
[30, 39321, 458, 423, 407, 420, 421, 409, 432, 408, 389, 414, 408, 411, 484, 382, 417, 407]
[30, 39321, 373, 424, 421, 447, 405, 414, 396, 455, 418, 400, 416, 435, 426, 418, 463, 441]
[30, 39321, 437, 422, 450, 419, 465, 400, 389, 416, 391, 398, 435, 421, 409, 398, 455, 453]
[30, 39321, 421, 393, 389, 399, 421, 403, 429, 409, 433, 450, 394, 419, 419, 418, 384, 473]
[30, 39321, 439, 428, 445, 429, 480, 421, 399, 444, 397, 394, 416, 409, 420, 460, 421, 406]
[30, 39321, 443, 416, 461, 443, 480, 380, 435, 420, 405, 393, 437, 433, 387, 423, 406, 466]
[30, 39321, 388, 424, 411, 389, 382, 403, 411, 433, 397, 391, 470, 449, 400, 442, 414, 475]
[30, 39321, 437, 412, 393, 412, 430, 424, 403, 416, 416, 422, 433, 395, 359, 419, 399, 444]
[30, 39321, 436, 441, 434, 397, 409, 432, 451, 377, 417, 414, 383, 472, 445, 426, 415, 393]
[30, 39321, 410, 442, 437, 451, 462, 406, 437, 416, 420, 425, 425, 414, 426, 396, 431, 431]
[30, 39321, 449, 442, 418, 448, 421, 425, 461, 464, 409, 444, 394, 375, 436, 377, 425, 386]
[30, 39321, 387, 395, 441, 430, 389, 433, 425, 437, 407, 422, 399, 420, 419, 424, 444, 372]
[30, 39321, 391, 431, 405, 409, 440, 438, 425, 421, 433, 463, 408, 452, 416, 434, 406, 431]
[30, 39321, 385, 416, 400, 383, 441, 459, 401, 397, 411, 407, 431, 430, 448, 388, 394, 425]
[30, 39321, 424, 420, 454, 444, 428, 395, 432, 412, 376, 414, 403, 444, 432, 437, 408, 412]
[30, 39321, 459, 467, 433, 404, 458, 393, 429, 390, 421, 407, 401, 469, 450, 403, 395, 423]
[30, 39321, 389, 430, 472, 442, 411, 405, 437, 398, 436, 392, 419, 475, 446, 432, 388, 415]
[30, 39321, 407, 444, 428, 407, 431, 413, 416, 444, 451, 395, 428, 453, 402, 421, 466, 423]
[30, 39321, 432, 418, 376, 428, 391, 419, 483, 458, 428, 411, 425, 441, 434, 441, 434, 375]
[30, 39321, 389, 410, 433, 444, 395, 425, 406, 413, 460, 458, 401, 470, 435, 418, 405, 424]
[30, 39321, 464, 413, 416, 461, 400, 404, 424, 452, 416, 393, 420, 403, 414, 421, 430, 407]
[30, 39321, 407, 449, 401, 434, 408, 436, 442, 430, 418, 433, 374, 410, 433, 384, 416, 432]
[30, 39321, 473, 429, 450, 418, 400, 434, 449, 458, 455, 420, 410, 397, 411, 421, 413, 447]
[30, 39321, 428, 454, 445, 410, 473, 417, 440, 432, 431, 465, 425, 451, 357, 412, 437, 355]
[30, 39321, 426, 424, 426, 392, 433, 432, 421, 373, 404, 403, 436, 426, 456, 441, 413, 414]
[30, 39321, 393, 414, 443, 400, 401, 405, 409, 477, 390, 476, 422, 444, 416, 392, 453, 413]
[30, 39321, 435, 399, 426, 416, 450, 416, 391, 426, 456, 412, 392, 417, 437, 434, 419, 379]
[30, 39321, 403, 394, 399, 383, 405, 417, 457, 419, 383, 404, 477, 416, 475, 430, 381, 431]
[30, 39321, 419, 429, 392, 419, 453, 455, 433, 450, 452, 389, 427, 395, 408, 482, 407, 462]
[30, 39321, 441, 444, 417, 434, 406, 407, 415, 417, 423, 405, 420, 415, 387, 462, 402, 423]
[30, 39321, 431, 463, 389, 445, 366, 424, 397, 440, 426, 422, 403, 401, 462, 380, 429, 416]
[30, 39321, 407, 413, 421, 490, 422, 424, 419, 396, 382, 388, 405, 411, 424, 424, 379, 452]
[30, 39321, 442, 477, 434, 439, 387, 374, 388, 435, 377, 414, 462, 442, 395, 387, 409, 412]
[30, 39321, 445, 420, 422, 406, 415, 399, 450, 439, 414, 432, 376, 365, 426, 381, 414, 434]
[30, 39321, 421, 402, 436, 432, 400, 413, 413, 406, 434, 430, 448, 448, 441, 429, 460, 377]
[30, 39321, 417, 426, 421, 404, 430, 451, 397, 448, 446, 403, 462, 398, 454, 434, 408, 385]
[30, 39321, 390, 402, 407, 377, 386, 424, 404, 442, 443, 398, 429, 404, 459, 409, 407, 464]
[30, 39321, 416, 397, 413, 422, 439, 433, 403, 407, 366, 439, 460, 450, 406, 397, 408, 425]
[30, 39321, 447, 434, 419, 482, 410, 441, 414, 429, 445, 414, 445, 412, 449, 428, 374, 415]
[30, 39321, 397, 376, 435, 410, 421, 480, 456, 447, 423, 409, 431, 422, 455, 399, 415, 419]
[30, 39321, 428, 439, 392, 463, 402, 374, 422, 402, 397, 442, 436, 401, 426, 407, 443, 435]
[30, 39321, 408, 404, 485, 435, 438, 437, 417, 434, 443, 410, 413, 482, 453, 422, 434, 406]
[30, 39321, 429, 418, 456, 434, 450, 408, 397, 417, 490, 432, 365, 444, 455, 430, 427, 448]
[30, 39321, 392, 424, 431, 443, 481, 398, 413, 432, 431, 433, 394, 401, 461, 440, 403, 408]
[35, 45875, 610, 574, 517, 620, 512, 575, 600, 602, 581, 536, 587, 564, 523, 602, 547, 558]
[35, 45875, 512, 588, 575, 567, 615, 608, 542, 561, 589, 534, 630, 576, 516, 599, 560, 568]
[35, 45875, 534, 608, 582, 560, 593, 546, 568, 631, 602, 554, 619, 531, 589, 527, 588, 649]
[35, 45875, 562, 524, 576, 558, 645, 591, 596, 532, 528, 617, 579, 531, 550, 661, 532, 595]
[35, 45875, 612, 607, 581, 579, 607, 563, 563, 556, 584, 570, 581, 568, 533, 611, 592, 574]
[35, 45875, 569, 623, 560, 552, 617, 561, 596, 541, 566, 612, 571, 559, 581, 580, 596, 530]
[35, 45875, 572, 552, 640, 547, 603, 541, 576, 536, 554, 574, 606, 597, 585, 605, 570, 590]
[35, 45875, 626, 586, 588, 593, 572, 531, 600, 538, 584, 566, 530, 588, 585, 572, 568, 617]
[35, 45875, 579, 487, 550, 558, 555, 610, 567, 603, 516, 602, 584, 511, 573, 570, 571, 587]
[35, 45875, 623, 539, 564, 601, 535, 552, 545, 592, 615, 595, 546, 529, 546, 526, 557, 628]
[35, 45875, 537, 531, 567, 559, 601, 568, 589, 609, 535, 533, 613, 595, 523, 517, 595, 571]
[35, 45875, 584, 593, 580, 605, 548, 605, 564, 581, 558, 581, 571, 571, 548, 562, 541, 580]
[35, 45875, 595, 561, 604, 550, 539, 523, 562, 546, 566, 557, 537, 615, 555, 578, 642, 606]
[35, 45875, 581, 583, 564, 610, 541, 588, 531, 589, 565, 568, 594, 565, 546, 553, 578, 625]
[35, 45875, 515, 604, 579, 580, 574, 536, 543, 471, 551, 610, 588, 640, 600, 580, 594, 595]
[35, 45875, 557, 518, 557, 568, 615, 538, 558, 576, 585, 614, 591, 622, 576, 562, 574, 564]
[35, 45875, 584, 495, 576, 607, 647, 535, 626, 551, 607, 583, 576, 509, 528, 567, 600, 624]
[35, 45875, 580, 532, 549, 633, 582, 553, 576, 551, 567, 550, 635, 574, 543, 572, 585, 586]
[35, 45875, 561, 559, 583, 565, 530, 586, 575, 575, 586, 554, 609, 554, 575, 549, 571, 527]
[35, 45875, 572, 563, 614, 559, 568, 580, 539, 563, 602, 573, 615, 598, 534, 644, 559, 622]
[35, 45875, 587, 585, 608, 551, 592, 562, 623, 602, 551, 583, 574, 583, 582, 593, 514, 549]
[35, 45875, 584, 549, 595, 593, 627, 529, 567, 586, 583, 559, 602, 592, 605, 579, 504, 574]
[35, 45875, 575, 641, 577, 597, 588, 559, 574, 564, 590, 576, 620, 616, 564, 619, 595, 569]
[35, 45875, 589, 528, 589, 622, 621, 567, 563, 536, 550, 619, 560, 595, 500, 570, 608, 565]
[35, 45875, 568, 577, 562, 569, 535, 582, 542, 599, 518, 645, 600, 545, 544, 549, 589, 624]
[35, 45875, 575, 550, 564, 560, 509, 630, 633, 542, 531, 555, 576, 525, 540, 646, 542, 568]
[35, 45875, 662, 574, 636, 614, 596, 592, 569, 555, 529, 540, 537, 553, 581, 583, 549, 582]
[35, 45875, 578, 599, 549, 573, 544, 592, 590, 548, 574, 599, 523, 533, 619, 544, 589, 602]
[35, 45875, 562, 540, 658, 565, 615, 581, 543, 549, 540, 533, 621, 599, 633, 578, 561, 614]
[35, 45875, 636, 556, 653, 541, 550, 538, 548, 570, 562, 564, 562, 516, 548, 579, 583, 606]
[35, 45875, 539, 570, 560, 616, 552, 573, 547, 523, 581, 590, 576, 549, 582, 553, 566, 607]
[35, 45875, 594, 485, 646, 588, 564, 556, 552, 542, 566, 560, 633, 577, 610, 560, 579, 582]
[35, 45875, 646, 517, 574, 517, 584, 544, 516, 655, 601, 592, 584, 569, 555, 591, 574, 605]
[35, 45875, 587, 528, 604, 533, 522, 554, 589, 645, 576, 601, 572, 593, 559, 552, 571, 564]
[35, 45875, 644, 535, 579, 595, 642, 534, 540, 583, 611, 598, 619, 601, 577, 581, 592, 608]
[35, 45875, 580, 578, 616, 547, 551, 606, 526, 614, 544, 571, 618, 554, 589, 586, 612, 555]
[35, 45875, 530, 598, 571, 589, 609, 545, 588, 566, 603, 557, 587, 542, 567, 631, 604, 521]
[35, 45875, 602, 572, 576, 554, 563, 649, 582, 567, 556, 578, 566, 651, 553, 522, 534, 572]
[35, 45875, 621, 518, 523, 596, 585, 641, 554, 518, 595, 610, 546, 540, 556, 582, 601, 619]
[35, 45875, 508, 643, 609, 599, 526, 537, 545, 589, 588, 601, 549, 611, 592, 580, 570, 530]
[35, 45875, 570, 569, 532, 632, 578, 575, 590, 621, 566, 515, 598, 599, 574, 586, 538, 597]
[35, 45875, 586, 546, 561, 577, 618, 601, 513, 552, 623, 543, 598, 544, 570, 661, 557, 567]
[35, 45875, 600, 580, 561, 550, 560, 581, 599, 571, 554, 552, 559, 651, 558, 589, 547, 582]
[35, 45875, 577, 577, 577, 503, 577, 543, 616, 539, 561, 533, 607, 575, 571, 618, 526, 573]
[35, 45875, 576, 593, 536, 644, 570, 542, 605, 652, 519, 588, 547, 543, 588, 560, 551, 593]
[35, 45875, 614, 626, 562, 534, 505, 551, 556, 563, 602, 573, 543, 590, 626, 566, 563, 512]
[35, 45875, 587, 581, 594, 600, 592, 570, 579, 569, 586, 568, 587, 578, 595, 546, 534, 554]
[35, 45875, 511, 566, 556, 508, 591, 607, 531, 552, 580, 584, 545, 631, 610, 635, 568, 571]
[35, 45875, 614, 565, 533, 587, 581, 543, 522, 543, 603, 622, 586, 576, 568, 575, 540, 564]
[35, 45875, 546, 642, 539, 625, 587, 569, 616, 519, 559, 565, 575, 578, 579, 567, 655, 559]
[35, 45875, 651, 512, 608, 577, 570, 573, 557, 543, 579, 596, 577, 526, 510, 529, 595, 572]
[35, 45875, 554, 622, 595, 551, 567, 576, 547, 578, 578, 509, 557, 535, 572, 599, 575, 577]
[35, 45875, 545, 501, 603, 563, 548, 539, 565, 532, 623, 566, 558, 590, 565, 562, 622, 619]
[35, 45875, 611, 566, 554, 600, 611, 562, 517, 611, 529, 577, 580, 558, 566, 578, 551, 611]
[35, 45875, 581, 577, 566, 520, 575, 557, 551, 577, 615, 578, 566, 545, 596, 535, 561, 615]
[35, 45875, 585, 607, 553, 562, 528, 531, 567, 601, 610, 579, 562, 593, 557, 606, 536, 577]
[35, 45875, 606, 536, 571, 545, 596, 613, 571, 596, 538, 554, 576, 615, 559, 568, 583, 548]
[35, 45875, 570, 560, 589, 564, 554, 583, 574, 547, 617, 561, 556, 613, 594, 589, 578, 637]
[35, 45875, 602, 577, 589, 548, 596, 567, 561, 598, 604, 582, 591, 619, 550, 611, 631, 563]
[35, 45875, 576, 569, 538, 614, 558, 568, 557, 560, 584, 595, 546, 579, 602, 557, 545, 695]
[35, 45875, 607, 562, 543, 627, 586, 551, 577, 613, 589, 503, 547, 564, 576, 632, 540, 548]
[35, 45875, 584, 595, 598, 610, 665, 536, 558, 601, 553, 561, 619, 594, 527, 594, 539, 600]
[35, 45875, 636, 557, 588, 578, 528, 531, 600, 574, 567, 512, 553, 573, 564, 563, 552, 582]
[35, 45875, 575, 637, 603, 617, 580, 546, 542, 605, 521, 557, 559, 586, 547, 536, 509, 624]
[35, 45875, 640, 579, 551, 546, 572, 591, 620, 552, 567, 567, 529, 625, 586, 566, 565, 578]
[35, 45875, 593, 514, 537, 564, 641, 523, 584, 578, 533, 632, 552, 570, 564, 557, 609, 599]
[35, 45875, 540, 551, 538, 604, 534, 570, 648, 585, 590, 632, 529, 549, 595, 547, 560, 608]
[35, 45875, 580, 543, 615, 567, 577, 607, 563, 580, 597, 569, 559, 585, 541, 554, 607, 547]
[35, 45875, 531, 547, 566, 578, 564, 615, 589, 595, 602, 593, 617, 615, 566, 585, 590, 584]
[35, 45875, 582, 549, 539, 595, 575, 576, 558, 607, 564, 591, 643, 580, 533, 522, 551, 623]
[35, 45875, 596, 591, 607, 551, 556, 551, 562, 521, 554, 573, 566, 570, 617, 558, 567, 607]
[35, 45875, 600, 624, 587, 604, 606, 548, 626, 572, 573, 535, 575, 575, 596, 520, 579, 514]
[35, 45875, 546, 585, 604, 565, 586, 540, 586, 570, 558, 569, 566, 594, 585, 586, 550, 560]
[35, 45875, 611, 530, 580, 604, 574, 630, 535, 519, 580, 599, 543, 604, 576, 575, 597, 541]
[35, 45875, 577, 534, 611, 582, 579, 584, 554, 570, 574, 558, 587, 563, 583, 597, 600, 582]
[35, 45875, 564, 533, 608, 620, 534, 551, 600, 595, 592, 559, 583, 573, 632, 542, 548, 573]
[35, 45875, 625, 503, 584, 605, 532, 558, 626, 578, 559, 585, 563, 528, 574, 614, 589, 528]
[35, 45875, 573, 622, 535, 604, 516, 579, 621, 563, 600, 575, 541, 622, 526, 529, 595, 560]
[35, 45875, 578, 589, 635, 539, 605, 549, 560, 597, 596, 572, 572, 567, 560, 541, 549, 599]
[35, 45875, 546, 603, 576, 561, 623, 620, 559, 589, 569, 597, 569, 532, 511, 584, 620, 484]
[35, 45875, 629, 570, 552, 562, 611, 580, 603, 511, 570, 589, 567, 559, 597, 603, 522, 526]
[35, 45875, 558, 580, 529, 607, 580, 576, 577, 617, 554, 564, 572, 586, 581, 606, 567, 525]
[35, 45875, 540, 548, 548, 518, 613, 534, 550, 570, 634, 554, 560, 530, 595, 548, 549, 564]
[35, 45875, 543, 593, 530, 552, 555, 603, 623, 582, 544, 566, 575, 551, 606, 550, 582, 575]
[35, 45875, 577, 611, 597, 570, 547, 586, 568, 542, 612, 544, 588, 547, 564, 588, 518, 629]
[35, 45875, 594, 571, 560, 570, 560, 568, 531, 608, 593, 552, 548, 563, 544, 627, 591, 584]
[35, 45875, 522, 547, 572, 647, 543, 594, 601, 562, 565, 587, 608, 588, 562, 528, 550, 530]
[35, 45875, 553, 566, 567, 587, 573, 571, 569, 573, 614, 552, 536, 563, 585, 587, 548, 614]
[35, 45875, 602, 624, 540, 583, 599, 551, 550, 561, 534, 587, 612, 630, 539, 505, 600, 528]
[35, 45875, 603, 598, 578, 535, 590, 612, 614, 560, 583, 629, 550, 500, 545, 560, 601, 559]
[35, 45875, 554, 561, 561, 568, 582, 556, 607, 534, 614, 543, 610, 536, 552, 565, 565, 578]
[35, 45875, 566, 582, 560, 569, 546, 615, 497, 557, 609, 565, 613, 564, 583, 534, 576, 530]
[35, 45875, 552, 611, 550, 538, 592, 547, 596, 522, 616, 621, 557, 594, 587, 569, 568, 637]
[35, 45875, 569, 545, 562, 530, 537, 587, 535, 555, 567, 666, 640, 562, 602, 549, 557, 586]
[35, 45875, 572, 578, 555, 572, 568, 576, 593, 602, 551, 594, 531, 560, 599, 579, 545, 567]
[35, 45875, 547, 527, 559, 571, 583, 626, 617, 564, 557, 560, 595, 554, 573, 592, 594, 559]
[35, 45875, 582, 573, 653, 579, 592, 534, 572, 566, 533, 563, 567, 585, 625, 550, 583, 567]
[35, 45875, 571, 507, 598, 555, 562, 527, 573, 588, 550, 546, 541, 611, 577, 574, 543, 563]
[35, 45875, 559, 585, 555, 557, 595, 584, 585, 564, 588, 597, 523, 587, 579, 567, 629, 555]
[35, 45875, 542, 617, 617, 612, 568, 593, 569, 546, 592, 588, 525, 556, 608, 582, 553, 565]
[40, 52428, 814, 787, 715, 771, 743, 797, 744, 713, 800, 720, 801, 799, 687, 766, 757, 750]
[40, 52428, 817, 770, 789, 776, 758, 777, 689, 737, 803, 692, 800, 763, 716, 738, 709, 718]
[40, 52428, 692, 760, 808, 726, 753, 723, 719, 818, 743, 721, 795, 715, 741, 702, 723, 794]
[40, 52428, 723, 724, 840, 778, 857, 746, 754, 748, 715, 782, 743, 749, 734, 816, 741, 740]
[40, 52428, 758, 788, 790, 737, 736, 753, 787, 748, 786, 749, 729, 684, 705, 834, 784, 794]
[40, 52428, 760, 745, 667, 733, 794, 757, 763, 712, 742, 793, 698, 733, 715, 710, 734, 683]
[40, 52428, 795, 746, 724, 718, 765, 731, 740, 720, 694, 746, 809, 723, 682, 793, 807, 761]
[40, 52428, 815, 763, 723, 772, 714, 732, 753, 693, 763, 766, 671, 717, 724, 722, 757, 808]
[40, 52428, 775, 685, 718, 698, 737, 783, 749, 787, 759, 761, 736, 736, 745, 742, 750, 819]
[40, 52428, 759, 720, 767, 755, 699, 753, 694, 722, 724, 679, 735, 761, 749, 682, 727, 801]
[40, 52428, 704, 753, 695, 732, 782, 777, 848, 779, 804, 689, 789, 715, 762, 724, 775, 776]
[40, 52428, 712, 722, 723, 799, 709, 747, 763, 798, 756, 691, 771, 804, 756, 734, 721, 722]
[40, 52428, 763, 756, 797, 719, 725, 725, 798, 796, 713, 729, 690, 803, 734, 824, 783, 709]
[40, 52428, 789, 723, 668, 790, 702, 765, 719, 675, 756, 748, 788, 737, 736, 722, 722, 764]
[40, 52428, 691, 775, 761, 844, 723, 736, 733, 660, 789, 777, 815, 755, 757, 765, 746, 754]
[40, 52428, 765, 687, 754, 698, 816, 703, 760, 748, 691, 739, 744, 796, 786, 806, 806, 781]
[40, 52428, 751, 699, 805, 764, 770, 763, 804, 748, 762, 778, 742, 745, 682, 792, 777, 798]
[40, 52428, 780, 736, 710, 773, 778, 818, 770, 788, 760, 698, 750, 736, 694, 782, 775, 748]
[40, 52428, 723, 743, 780, 747, 711, 723, 759, 716, 752, 734, 716, 739, 737, 789, 788, 737]
[40, 52428, 775, 725, 751, 753, 736, 736, 774, 729, 794, 707, 745, 774, 712, 780, 738, 775]
[40, 52428, 767, 787, 758, 679, 746, 788, 773, 812, 735, 794, 717, 743, 762, 736, 708, 714]
[40, 52428, 759, 729, 791, 707, 786, 704, 712, 768, 720, 770, 793, 798, 747, 728, 721, 739]
[40, 52428, 752, 797, 741, 773, 760, 727, 781, 755, 717, 741, 792, 778, 685, 783, 768, 745]
[40, 52428, 714, 662, 701, 725, 784, 801, 706, 720, 780, 776, 719, 723, 728, 766, 792, 724]
[40, 52428, 820, 740, 710, 756, 751, 742, 724, 743, 688, 835, 780, 745, 712, 769, 771, 804]
[40, 52428, 770, 711, 692, 758, 721, 800, 744, 740, 734, 727, 763, 714, 713, 864, 738, 746]
[40, 52428, 753, 706, 763, 776, 766, 729, 772, 738, 716, 665, 751, 764, 668, 731, 746, 727]
[40, 52428, 720, 745, 738, 714, 699, 769, 749, 745, 762, 738, 716, 711, 793, 749, 778, 744]
[40, 52428, 789, 737, 722, 741, 819, 774, 731, 709, 769, 726, 738, 775, 762, 771, 765, 744]
[40, 52428, 805, 731, 771, 712, 729, 734, 698, 731, 755, 714, 770, 720, 779, 762, 815, 791]
[40, 52428, 714, 730, 748, 802, 770, 738, 687, 777, 791, 726, 750, 744, 768, 724, 738, 764]
[40, 52428, 765, 673, 774, 695, 736, 728, 717, 722, 753, 780, 789, 698, 750, 722, 803, 747]
[40, 52428, 809, 720, 791, 691, 737, 748, 719, 797, 763, 746, 724, 761, 696, 691, 748, 760]
[40, 52428, 726, 679, 757, 742, 705, 736, 744, 734, 772, 767, 817, 748, 723, 702, 756, 715]
[40, 52428, 775, 759, 743, 777, 706, 720, 761, 727, 794, 730, 818, 735, 686, 734, 719, 770]
[40, 52428, 764, 739, 722, 737, 764, 717, 753, 769, 743, 785, 739, 790, 725, 766, 795, 738]
[40, 52428, 738, 730, 727, 754, 716, 795, 787, 780, 759, 742, 807, 767, 714, 776, 796, 759]
[40, 52428, 746, 780, 721, 700, 741, 780, 766, 758, 738, 734, 713, 762, 734, 699, 689, 732]
[40, 52428, 836, 757, 767, 705, 751, 828, 756, 717, 766, 759, 688, 767, 756, 793, 764, 714]
[40, 52428, 756, 849, 775, 800, 756, 719, 771, 719, 769, 721, 686, 813, 723, 775, 766, 745]
[40, 52428, 721, 811, 754, 788, 809, 724, 808, 768, 735, 740, 725, 782, 752, 710, 715, 758]
[40, 52428, 748, 712, 720, 773, 861, 791, 681, 684, 754, 709, 713, 728, 717, 789, 736, 756]
[40, 52428, 827, 731, 750, 737, 712, 841, 817, 737, 732, 694, 677, 781, 710, 812, 742, 811]
[40, 52428, 804, 804, 757, 664, 772, 741, 767, 750, 744, 729, 709, 754, 770, 743, 694, 695]
[40, 52428, 768, 773, 733, 794, 759, 729, 788, 733, 778, 795, 765, 750, 729, 697, 770, 714]
[40, 52428, 742, 754, 759, 747, 686, 739, 810, 769, 729, 767, 743, 793, 761, 751, 742, 677]
[40, 52428, 819, 755, 747, 720, 764, 794, 791, 722, 785, 700, 716, 766, 799, 692, 802, 761]
[40, 52428, 670, 724, 679, 698, 783, 743, 689, 746, 759, 762, 781, 847, 730, 704, 741, 766]
[40, 52428, 742, 766, 767, 842, 732, 728, 701, 697, 827, 818, 739, 723, 732, 750, 755, 787]
[40, 52428, 750, 779, 714, 760, 719, 726, 772, 691, 766, 685, 766, 780, 776, 701, 799, 719]
[40, 52428, 783, 748, 749, 845, 728, 734, 688, 743, 672, 759, 792, 762, 706, 752, 771, 788]
[40, 52428, 753, 741, 750, 700, 774, 780, 731, 735, 792, 694, 716, 761, 731, 719, 765, 778]
[40, 52428, 758, 751, 775, 759, 738, 754, 718, 722, 733, 750, 753, 778, 769, 727, 743, 768]
[40, 52428, 789, 721, 708, 711, 782, 704, 723, 754, 733, 778, 791, 718, 719, 771, 714, 777]
[40, 52428, 726, 748, 728, 709, 767, 785, 726, 745, 789, 788, 761, 746, 819, 694, 724, 771]
[40, 52428, 713, 747, 756, 713, 764, 697, 749, 722, 728, 737, 814, 785, 711, 713, 770, 768]
[40, 52428, 771, 782, 734, 766, 806, 744, 767, 775, 711, 756, 765, 821, 742, 744, 726, 711]
[40, 52428, 753, 732, 725, 723, 761, 727, 726, 807, 787, 709, 795, 737, 741, 729, 764, 818]
[40, 52428, 771, 792, 780, 700, 731, 704, 716, 729, 774, 721, 747, 785, 688, 779, 805, 732]
[40, 52428, 800, 732, 703, 716, 768, 742, 745, 726, 711, 784, 703, 740, 776, 709, 767, 903]
[40, 52428, 753, 759, 714, 803, 839, 715, 697, 772, 725, 728, 781, 719, 818, 748, 761, 725]
[40, 52428, 713, 704, 737, 824, 821, 769, 750, 768, 722, 751, 758, 817, 746, 751, 808, 759]
[40, 52428, 753, 768, 731, 743, 736, 766, 710, 731, 716, 746, 797, 757, 734, 742, 733, 782]
[40, 52428, 792, 790, 716, 716, 785, 738, 762, 778, 690, 756, 755, 741, 761, 789, 649, 754]
[40, 52428, 816, 795, 728, 689, 672, 771, 779, 706, 761, 763, 677, 792, 731, 738, 755, 756]
[40, 52428, 799, 731, 731, 745, 788, 759, 712, 731, 669, 788, 791, 730, 762, 773, 816, 747]
[40, 52428, 713, 781, 767, 736, 674, 749, 794, 790, 797, 783, 737, 724, 813, 700, 760, 749]
[40, 52428, 732, 711, 747, 687, 776, 770, 774, 780, 718, 764, 758, 763, 706, 768, 761, 680]
[40, 52428, 708, 700, 735, 764, 739, 800, 756, 749, 788, 770, 767, 813, 734, 767, 791, 801]
[40, 52428, 702, 720, 712, 771, 775, 789, 753, 765, 740, 782, 785, 719, 782, 732, 736, 776]
[40, 52428, 784, 767, 793, 745, 704, 721, 752, 720, 751, 744, 798, 753, 797, 746, 712, 760]
[40, 52428, 792, 776, 765, 785, 816, 731, 772, 752, 713, 753, 729, 782, 732, 797, 772, 675]
[40, 52428, 698, 764, 828, 748, 730, 786, 711, 681, 778, 710, 699, 791, 741, 786, 698, 764]
[40, 52428, 706, 747, 778, 782, 773, 751, 747, 707, 730, 767, 732, 793, 732, 732, 722, 709]
[40, 52428, 753, 662, 785, 731, 720, 733, 757, 745, 739, 764, 787, 741, 790, 828, 787, 718]
[40, 52428, 733, 744, 784, 805, 720, 734, 730, 809, 779, 737, 752, 798, 751, 778, 734, 759]
[40, 52428, 842, 738, 719, 794, 716, 762, 694, 798, 704, 740, 785, 796, 801, 807, 744, 738]
[40, 52428, 728, 799, 748, 793, 700, 782, 759, 760, 761, 739, 724, 727, 733, 685, 793, 789]
[40, 52428, 777, 808, 809, 728, 716, 738, 768, 778, 805, 745, 749, 719, 707, 765, 732, 792]
[40, 52428, 710, 762, 741, 742, 799, 817, 739, 736, 721, 729, 776, 792, 694, 762, 789, 665]
[40, 52428, 806, 728, 758, 752, 783, 785, 767, 700, 766, 753, 725, 779, 787, 767, 705, 706]
[40, 52428, 758, 736, 704, 776, 747, 700, 738, 794, 715, 780, 720, 742, 688, 768, 744, 772]
[40, 52428, 746, 730, 740, 758, 772, 694, 744, 697, 771, 775, 758, 707, 766, 743, 750, 686]
[40, 52428, 747, 772, 759, 729, 773, 716, 807, 736, 768, 768, 772, 724, 825, 722, 734, 730]
[40, 52428, 821, 762, 758, 720, 736, 769, 788, 776, 778, 724, 767, 804, 773, 783, 695, 766]
[40, 52428, 747, 709, 737, 753, 710, 749, 728, 738, 738, 760, 708, 721, 686, 768, 800, 781]
[40, 52428, 754, 756, 692, 833, 748, 744, 752, 713, 759, 771, 776, 770, 775, 707, 773, 729]
[40, 52428, 747, 711, 716, 789, 727, 767, 666, 771, 761, 733, 750, 707, 727, 774, 750, 740]
[40, 52428, 827, 789, 732, 715, 710, 744, 699, 715, 708, 782, 816, 807, 693, 698, 734, 703]
[40, 52428, 786, 756, 754, 697, 811, 755, 798, 722, 780, 820, 736, 742, 805, 746, 776, 747]
[40, 52428, 760, 707, 799, 728, 736, 740, 675, 735, 761, 760, 794, 749, 779, 742, 809, 727]
[40, 52428, 757, 737, 719, 728, 745, 730, 756, 748, 779, 795, 759, 737, 744, 768, 708, 717]
[40, 52428, 774, 778, 701, 715, 756, 728, 742, 699, 768, 779, 735, 783, 783, 677, 752, 823]
[40, 52428, 747, 745, 697, 737, 708, 742, 645, 745, 770, 758, 776, 712, 807, 699, 700, 783]
[40, 52428, 746, 830, 755, 815, 780, 751, 757, 713, 742, 730, 720, 742, 750, 767, 717, 757]
[40, 52428, 709, 763, 740, 739, 755, 728, 787, 719, 787, 699, 733, 794, 819, 743, 731, 728]
[40, 52428, 776, 702, 822, 814, 776, 700, 710, 756, 722, 775, 755, 721, 779, 749, 758, 715]
[40, 52428, 725, 742, 790, 700, 726, 731, 709, 752, 775, 738, 778, 780, 780, 763, 756, 786]
[40, 52428, 732, 736, 769, 749, 831, 722, 700, 708, 765, 712, 723, 727, 714, 789, 825, 763]
[40, 52428, 700, 741, 772, 765, 800, 763, 718, 767, 749, 738, 708, 739, 764, 768, 734, 685]
