[1, 1310, 6, 6, 10, 8]
[1, 1310, 13, 9, 7, 9]
[1, 1310, 6, 4, 5, 7]
[1, 1310, 5, 8, 13, 6]
[1, 1310, 9, 8, 12, 10]
[1, 1310, 5, 6, 11, 6]
[1, 1310, 11, 10, 13, 3]
[1, 1310, 9, 10, 10, 7]
[1, 1310, 12, 12, 9, 7]
[1, 1310, 10, 8, 7, 9]
[1, 1310, 12, 8, 10, 8]
[1, 1310, 13, 8, 10, 8]
[1, 1310, 7, 9, 8, 4]
[1, 1310, 8, 10, 7, 10]
[1, 1310, 3, 7, 8, 10]
[1, 1310, 3, 12, 7, 6]
[1, 1310, 11, 5, 6, 11]
[1, 1310, 10, 5, 11, 14]
[1, 1310, 11, 5, 8, 12]
[1, 1310, 14, 10, 10, 7]
[1, 1310, 8, 5, 6, 10]
[1, 1310, 6, 12, 5, 13]
[1, 1310, 10, 5, 5, 9]
[1, 1310, 8, 4, 14, 7]
[1, 1310, 3, 15, 9, 13]
[1, 1310, 3, 9, 6, 10]
[1, 1310, 11, 9, 9, 4]
[1, 1310, 9, 18, 7, 9]
[1, 1310, 8, 8, 9, 5]
[1, 1310, 6, 5, 9, 9]
[1, 1310, 7, 7, 7, 10]
[1, 1310, 6, 14, 6, 8]
[1, 1310, 10, 4, 7, 6]
[1, 1310, 11, 11, 8, 6]
[1, 1310, 10, 13, 7, 11]
[1, 1310, 4, 8, 8, 7]
[1, 1310, 5, 10, 6, 14]
[1, 1310, 9, 12, 9, 8]
[1, 1310, 7, 8, 6, 9]
[1, 1310, 10, 7, 8, 12]
[1, 1310, 7, 8, 14, 6]
[1, 1310, 6, 9, 6, 6]
[1, 1310, 13, 5, 9, 0]
[1, 1310, 9, 11, 11, 4]
[1, 1310, 5, 6, 8, 14]
[1, 1310, 7, 10, 11, 6]
[1, 1310, 6, 12, 9, 9]
[1, 1310, 7, 6, 10, 6]
[1, 1310, 7, 8, 8, 5]
[1, 1310, 8, 8, 5, 14]
[1, 1310, 8, 9, 7, 13]
[1, 1310, 3, 9, 9, 5]
[1, 1310, 6, 6, 11, 3]
[1, 1310, 8, 7, 12, 6]
[1, 1310, 10, 8, 9, 9]
[1, 1310, 9, 5, 4, 7]
[1, 1310, 8, 4, 9, 6]
[1, 1310, 7, 6, 9, 9]
[1, 1310, 10, 8, 8, 10]
[1, 1310, 6, 5, 7, 5]
[1, 1310, 9, 3, 5, 8]
[1, 1310, 8, 10, 7, 11]
[1, 1310, 8, 5, 7, 8]
[1, 1310, 11, 8, 14, 13]
[1, 1310, 8, 9, 8, 7]
[1, 1310, 8, 4, 3, 6]
[1, 1310, 7, 6, 9, 8]
[1, 1310, 10, 7, 7, 8]
[1, 1310, 11, 14, 10, 5]
[1, 1310, 10, 13, 12, 7]
[1, 1310, 6, 5, 8, 8]
[1, 1310, 7, 6, 8, 2]
[1, 1310, 3, 4, 14, 10]
[1, 1310, 6, 10, 10, 10]
[1, 1310, 6, 6, 8, 5]
[1, 1310, 6, 13, 4, 5]
[1, 1310, 4, 8, 7, 6]
[1, 1310, 12, 8, 8, 7]
[1, 1310, 9, 10, 5, 10]
[1, 1310, 7, 9, 5, 6]
[1, 1310, 8, 6, 6, 2]
[1, 1310, 9, 6, 5, 13]
[1, 1310, 4, 9, 5, 5]
[1, 1310, 10, 7, 11, 5]
[1, 1310, 8, 9, 11, 7]
[1, 1310, 10, 9, 9, 8]
[1, 1310, 9, 7, 10, 4]
[1, 1310, 9, 9, 5, 13]
[1, 1310, 5, 15, 6, 6]
[1, 1310, 12, 8, 5, 7]
[1, 1310, 8, 12, 6, 7]
[1, 1310, 10, 8, 3, 6]
[1, 1310, 6, 9, 10, 10]
[1, 1310, 18, 8, 6, 8]
[1, 1310, 8, 5, 13, 10]
[1, 1310, 8, 7, 6, 11]
[1, 1310, 5, 8, 9, 13]
[1, 1310, 10, 6, 2, 8]
[1, 1310, 2, 9, 9, 9]
[1, 1310, 9, 3, 8, 15]
[2, 2621, 15, 26, 20, 17]
[2, 2621, 21, 25, 22, 29]
[2, 2621, 16, 14, 10, 20]
[2, 2621, 17, 20, 18, 20]
[2, 2621, 16, 15, 21, 20]
[2, 2621, 15, 30, 13, 24]
[2, 2621, 14, 12, 16, 19]
[2, 2621, 27, 27, 20, 17]
[2, 2621, 23, 19, 26, 18]
[2, 2621, 20, 29, 20, 16]
[2, 2621, 29, 19, 19, 26]
[2, 2621, 18, 15, 14, 21]
[2, 2621, 19, 29, 26, 27]
[2, 2621, 27, 20, 27, 25]
[2, 2621, 19, 24, 24, 16]
[2, 2621, 19, 21, 26, 24]
[2, 2621, 17, 15, 10, 20]
[2, 2621, 17, 19, 18, 14]
[2, 2621, 20, 19, 24, 18]
[2, 2621, 14, 22, 23, 13]
[2, 2621, 17, 21, 27, 21]
[2, 2621, 10, 14, 18, 22]
[2, 2621, 19, 21, 15, 19]
[2, 2621, 29, 15, 21, 17]
[2, 2621, 18, 20, 24, 21]
[2, 2621, 18, 18, 20, 23]
[2, 2621, 16, 21, 15, 32]
[2, 2621, 26, 21, 22, 17]
[2, 2621, 18, 26, 21, 24]
[2, 2621, 19, 14, 22, 21]
[2, 2621, 21, 24, 30, 20]
[2, 2621, 14, 25, 14, 15]
[2, 2621, 24, 21, 17, 12]
[2, 2621, 19, 26, 20, 23]
[2, 2621, 19, 20, 16, 19]
[2, 2621, 22, 21, 29, 17]
[2, 2621, 16, 17, 17, 14]
[2, 2621, 16, 18, 12, 24]
[2, 2621, 20, 22, 14, 20]
[2, 2621, 13, 21, 21, 21]
[2, 2621, 27, 21, 26, 9]
[2, 2621, 20, 10, 14, 14]
[2, 2621, 25, 19, 20, 15]
[2, 2621, 26, 25, 16, 20]
[2, 2621, 22, 13, 20, 28]
[2, 2621, 25, 16, 20, 27]
[2, 2621, 27, 19, 16, 19]
[2, 2621, 14, 17, 26, 23]
[2, 2621, 20, 12, 21, 27]
[2, 2621, 24, 16, 23, 30]
[2, 2621, 16, 20, 11, 19]
[2, 2621, 17, 15, 29, 20]
[2, 2621, 15, 19, 14, 20]
[2, 2621, 19, 21, 22, 19]
[2, 2621, 16, 27, 21, 15]
[2, 2621, 21, 19, 26, 20]
[2, 2621, 25, 23, 13, 29]
[2, 2621, 19, 14, 19, 19]
[2, 2621, 20, 18, 18, 22]
[2, 2621, 24, 10, 17, 19]
[2, 2621, 19, 19, 19, 16]
[2, 2621, 18, 16, 20, 18]
[2, 2621, 22, 31, 25, 21]
[2, 2621, 13, 20, 16, 13]
[2, 2621, 12, 14, 21, 15]
[2, 2621, 16, 19, 20, 19]
[2, 2621, 22, 19, 20, 21]
[2, 2621, 18, 19, 20, 23]
[2, 2621, 27, 11, 16, 25]
[2, 2621, 24, 13, 19, 21]
[2, 2621, 20, 17, 13, 21]
[2, 2621, 29, 17, 27, 21]
[2, 2621, 17, 19, 19, 20]
[2, 2621, 23, 14, 13, 19]
[2, 2621, 18, 16, 22, 17]
[2, 2621, 14, 20, 21, 21]
[2, 2621, 17, 23, 16, 19]
[2, 2621, 13, 28, 21, 21]
[2, 2621, 19, 21, 17, 29]
[2, 2621, 30, 20, 12, 13]
[2, 2621, 17, 8, 21, 22]
[2, 2621, 19, 23, 24, 22]
[2, 2621, 18, 15, 21, 15]
[2, 2621, 16, 16, 23, 14]
[2, 2621, 20, 27, 24, 14]
[2, 2621, 15, 27, 19, 10]
[2, 2621, 17, 11, 15, 25]
[2, 2621, 15, 27, 26, 23]
[2, 2621, 15, 20, 16, 28]
[2, 2621, 27, 22, 14, 21]
[2, 2621, 14, 19, 22, 27]
[2, 2621, 18, 16, 15, 25]
[2, 2621, 21, 19, 16, 23]
[2, 2621, 15, 19, 18, 23]
[2, 2621, 17, 18, 26, 20]
[2, 2621, 20, 16, 24, 18]
[2, 2621, 25, 20, 23, 18]
[2, 2621, 16, 20, 24, 19]
[2, 2621, 14, 21, 18, 14]
[2, 2621, 18, 16, 26, 16]
[5, 6553, 63, 63, 66, 69]
[5, 6553, 89, 63, 64, 80]
[5, 6553, 76, 65, 89, 70]
[5, 6553, 74, 95, 68, 78]
[5, 6553, 78, 71, 97, 67]
[5, 6553, 77, 77, 65, 80]
[5, 6553, 72, 81, 73, 65]
[5, 6553, 80, 65, 80, 66]
[5, 6553, 75, 76, 74, 64]
[5, 6553, 73, 74, 71, 90]
[5, 6553, 76, 78, 77, 68]
[5, 6553, 82, 67, 69, 65]
[5, 6553, 80, 69, 59, 80]
[5, 6553, 79, 61, 72, 82]
[5, 6553, 75, 86, 75, 69]
[5, 6553, 64, 88, 63, 70]
[5, 6553, 82, 54, 62, 80]
[5, 6553, 75, 69, 62, 71]
[5, 6553, 78, 72, 73, 88]
[5, 6553, 80, 78, 85, 81]
[5, 6553, 72, 64, 72, 79]
[5, 6553, 61, 85, 65, 73]
[5, 6553, 85, 68, 76, 80]
[5, 6553, 51, 68, 64, 74]
[5, 6553, 64, 78, 66, 80]
[5, 6553, 56, 66, 75, 64]
[5, 6553, 58, 73, 76, 90]
[5, 6553, 62, 80, 85, 70]
[5, 6553, 54, 50, 86, 74]
[5, 6553, 91, 69, 69, 74]
[5, 6553, 66, 61, 88, 85]
[5, 6553, 75, 75, 80, 77]
[5, 6553, 80, 74, 60, 64]
[5, 6553, 66, 84, 87, 69]
[5, 6553, 91, 70, 55, 69]
[5, 6553, 76, 62, 89, 77]
[5, 6553, 74, 80, 72, 84]
[5, 6553, 82, 65, 88, 65]
[5, 6553, 87, 67, 71, 74]
[5, 6553, 62, 74, 78, 65]
[5, 6553, 52, 74, 87, 72]
[5, 6553, 88, 83, 84, 91]
[5, 6553, 68, 89, 76, 54]
[5, 6553, 75, 72, 77, 86]
[5, 6553, 78, 71, 79, 73]
[5, 6553, 68, 95, 73, 84]
[5, 6553, 73, 89, 74, 76]
[5, 6553, 66, 72, 72, 70]
[5, 6553, 77, 64, 61, 74]
[5, 6553, 80, 57, 71, 77]
[5, 6553, 73, 72, 60, 77]
[5, 6553, 67, 79, 66, 70]
[5, 6553, 80, 61, 87, 70]
[5, 6553, 68, 80, 59, 76]
[5, 6553, 70, 60, 61, 63]
[5, 6553, 84, 78, 71, 81]
[5, 6553, 82, 90, 63, 67]
[5, 6553, 54, 63, 74, 69]
[5, 6553, 61, 74, 74, 65]
[5, 6553, 68, 60, 79, 88]
[5, 6553, 79, 76, 72, 77]
[5, 6553, 64, 74, 65, 80]
[5, 6553, 61, 66, 68, 84]
[5, 6553, 65, 85, 75, 70]
[5, 6553, 68, 79, 77, 86]
[5, 6553, 78, 75, 62, 63]
[5, 6553, 78, 72, 78, 78]
[5, 6553, 67, 82, 87, 78]
[5, 6553, 82, 82, 85, 68]
[5, 6553, 70, 80, 83, 79]
[5, 6553, 77, 80, 69, 83]
[5, 6553, 80, 68, 72, 76]
[5, 6553, 71, 63, 62, 64]
[5, 6553, 65, 60, 82, 78]
[5, 6553, 80, 84, 76, 71]
[5, 6553, 61, 63, 66, 77]
[5, 6553, 75, 72, 76, 80]
[5, 6553, 80, 80, 66, 66]
[5, 6553, 86, 62, 82, 83]
[5, 6553, 90, 71, 63, 84]
[5, 6553, 76, 55, 85, 78]
[5, 6553, 70, 89, 76, 85]
[5, 6553, 83, 87, 68, 80]
[5, 6553, 64, 76, 83, 62]
[5, 6553, 91, 63, 71, 74]
[5, 6553, 59, 78, 67, 55]
[5, 6553, 74, 60, 87, 67]
[5, 6553, 75, 71, 77, 66]
[5, 6553, 83, 73, 79, 77]
[5, 6553, 77, 80, 77, 74]
[5, 6553, 66, 64, 78, 72]
[5, 6553, 77, 72, 72, 78]
[5, 6553, 75, 72, 84, 64]
[5, 6553, 76, 74, 69, 69]
[5, 6553, 64, 78, 72, 80]
[5, 6553, 66, 69, 84, 71]
[5, 6553, 71, 81, 69, 85]
[5, 6553, 66, 70, 82, 77]
[5, 6553, 66, 101, 80, 61]
[5, 6553, 73, 73, 71, 66]
[10, 13107, 203, 255, 213, 230]
[10, 13107, 230, 216, 235, 243]
[10, 13107, 232, 225, 235, 221]
[10, 13107, 254, 237, 255, 225]
[10, 13107, 246, 248, 248, 230]
[10, 13107, 220, 205, 258, 251]
[10, 13107, 230, 238, 238, 234]
[10, 13107, 236, 237, 246, 244]
[10, 13107, 235, 209, 223, 220]
[10, 13107, 241, 246, 223, 231]
[10, 13107, 233, 237, 230, 205]
[10, 13107, 239, 235, 236, 236]
[10, 13107, 246, 217, 220, 227]
[10, 13107, 240, 244, 214, 246]
[10, 13107, 261, 236, 232, 215]
[10, 13107, 253, 237, 275, 243]
[10, 13107, 208, 220, 236, 230]
[10, 13107, 213, 240, 225, 227]
[10, 13107, 263, 214, 220, 225]
[10, 13107, 241, 252, 218, 206]
[10, 13107, 213, 244, 215, 228]
[10, 13107, 220, 241, 223, 226]
[10, 13107, 235, 223, 245, 210]
[10, 13107, 274, 243, 228, 238]
[10, 13107, 235, 221, 232, 259]
[10, 13107, 188, 200, 241, 233]
[10, 13107, 249, 220, 258, 249]
[10, 13107, 261, 233, 231, 233]
[10, 13107, 237, 222, 249, 223]
[10, 13107, 245, 227, 219, 239]
[10, 13107, 247, 236, 219, 244]
[10, 13107, 251, 241, 232, 200]
[10, 13107, 205, 237, 243, 219]
[10, 13107, 216, 239, 263, 242]
[10, 13107, 234, 215, 211, 231]
[10, 13107, 215, 222, 244, 219]
[10, 13107, 254, 226, 211, 236]
[10, 13107, 220, 201, 256, 246]
[10, 13107, 243, 222, 225, 223]
[10, 13107, 249, 220, 234, 222]
[10, 13107, 254, 213, 248, 230]
[10, 13107, 243, 244, 229, 228]
[10, 13107, 224, 263, 250, 218]
[10, 13107, 212, 212, 222, 242]
[10, 13107, 209, 251, 224, 222]
[10, 13107, 226, 244, 257, 223]
[10, 13107, 225, 233, 226, 240]
[10, 13107, 244, 251, 243, 239]
[10, 13107, 252, 214, 220, 269]
[10, 13107, 240, 201, 216, 211]
[10, 13107, 223, 208, 253, 208]
[10, 13107, 213, 228, 235, 230]
[10, 13107, 243, 222, 218, 246]
[10, 13107, 228, 220, 223, 239]
[10, 13107, 230, 213, 258, 253]
[10, 13107, 248, 217, 233, 225]
[10, 13107, 222, 228, 227, 251]
[10, 13107, 231, 219, 244, 225]
[10, 13107, 237, 226, 242, 240]
[10, 13107, 219, 241, 235, 219]
[10, 13107, 280, 230, 242, 214]
[10, 13107, 218, 228, 214, 239]
[10, 13107, 266, 225, 253, 215]
[10, 13107, 245, 266, 256, 239]
[10, 13107, 225, 209, 224, 237]
[10, 13107, 222, 256, 224, 252]
[10, 13107, 212, 225, 252, 241]
[10, 13107, 236, 213, 249, 240]
[10, 13107, 201, 255, 218, 220]
[10, 13107, 207, 246, 232, 233]
[10, 13107, 231, 231, 222, 245]
[10, 13107, 245, 233, 228, 223]
[10, 13107, 219, 216, 215, 216]
[10, 13107, 251, 219, 240, 230]
[10, 13107, 205, 245, 228, 275]
[10, 13107, 209, 229, 235, 243]
[10, 13107, 259, 239, 212, 213]
[10, 13107, 228, 227, 226, 222]
[10, 13107, 294, 229, 217, 239]
[10, 13107, 249, 212, 265, 222]
[10, 13107, 216, 220, 225, 276]
[10, 13107, 228, 225, 250, 235]
[10, 13107, 229, 239, 214, 239]
[10, 13107, 237, 252, 248, 201]
[10, 13107, 222, 208, 237, 252]
[10, 13107, 223, 234, 230, 220]
[10, 13107, 205, 221, 246, 234]
[10, 13107, 210, 239, 214, 243]
[10, 13107, 210, 221, 247, 204]
[10, 13107, 217, 237, 236, 247]
[10, 13107, 227, 241, 236, 217]
[10, 13107, 205, 235, 239, 244]
[10, 13107, 225, 231, 245, 230]
[10, 13107, 247, 225, 237, 223]
[10, 13107, 217, 232, 221, 231]
[10, 13107, 249, 227, 227, 240]
[10, 13107, 224, 212, 213, 242]
[10, 13107, 226, 231, 223, 249]
[10, 13107, 234, 231, 243, 236]
[10, 13107, 226, 226, 247, 252]
[15, 19660, 480, 504, 459, 502]
[15, 19660, 467, 452, 486, 563]
[15, 19660, 486, 466, 466, 471]
[15, 19660, 508, 450, 498, 521]
[15, 19660, 417, 486, 463, 472]
[15, 19660, 520, 493, 444, 512]
[15, 19660, 463, 505, 470, 524]
[15, 19660, 435, 496, 482, 519]
[15, 19660, 497, 452, 494, 441]
[15, 19660, 466, 449, 450, 483]
[15, 19660, 483, 450, 498, 453]
[15, 19660, 491, 478, 415, 458]
[15, 19660, 564, 444, 489, 421]
[15, 19660, 493, 461, 515, 509]
[15, 19660, 456, 490, 490, 486]
[15, 19660, 501, 507, 449, 437]
[15, 19660, 479, 456, 481, 483]
[15, 19660, 484, 472, 468, 498]
[15, 19660, 528, 455, 487, 512]
[15, 19660, 467, 508, 472, 496]
[15, 19660, 478, 501, 486, 475]
[15, 19660, 500, 512, 513, 489]
[15, 19660, 474, 490, 475, 456]
[15, 19660, 489, 494, 464, 397]
[15, 19660, 508, 464, 497, 462]
[15, 19660, 471, 486, 514, 477]
[15, 19660, 504, 445, 523, 469]
[15, 19660, 483, 476, 482, 452]
[15, 19660, 469, 470, 498, 445]
[15, 19660, 471, 528, 506, 461]
[15, 19660, 467, 497, 459, 458]
[15, 19660, 486, 511, 469, 477]
[15, 19660, 480, 505, 513, 469]
[15, 19660, 468, 531, 502, 506]
[15, 19660, 494, 494, 453, 489]
[15, 19660, 499, 433, 450, 477]
[15, 19660, 500, 467, 471, 507]
[15, 19660, 482, 488, 489, 451]
[15, 19660, 476, 491, 499, 449]
[15, 19660, 423, 451, 474, 449]
[15, 19660, 505, 464, 501, 528]
[15, 19660, 481, 461, 453, 503]
[15, 19660, 467, 481, 485, 487]
[15, 19660, 487, 520, 474, 479]
[15, 19660, 500, 481, 496, 475]
[15, 19660, 523, 486, 456, 511]
[15, 19660, 543, 475, 492, 483]
[15, 19660, 445, 489, 504, 479]
[15, 19660, 499, 510, 450, 457]
[15, 19660, 532, 490, 445, 470]
[15, 19660, 513, 463, 482, 465]
[15, 19660, 463, 524, 463, 474]
[15, 19660, 509, 476, 487, 439]
[15, 19660, 479, 501, 465, 473]
[15, 19660, 474, 484, 497, 476]
[15, 19660, 531, 437, 478, 484]
[15, 19660, 457, 485, 500, 479]
[15, 19660, 479, 524, 476, 484]
[15, 19660, 489, 468, 511, 476]
[15, 19660, 444, 473, 457, 532]
[15, 19660, 490, 438, 450, 490]
[15, 19660, 460, 487, 447, 498]
[15, 19660, 482, 494, 486, 492]
[15, 19660, 467, 497, 519, 517]
[15, 19660, 435, 521, 467, 482]
[15, 19660, 489, 473, 449, 463]
[15, 19660, 493, 507, 481, 463]
[15, 19660, 471, 467, 466, 484]
[15, 19660, 530, 454, 480, 490]
[15, 19660, 465, 471, 495, 475]
[15, 19660, 515, 467, 478, 463]
[15, 19660, 488, 496, 511, 493]
[15, 19660, 503, 498, 466, 429]
[15, 19660, 486, 540, 492, 475]
[15, 19660, 459, 502, 456, 474]
[15, 19660, 487, 498, 473, 467]
[15, 19660, 525, 498, 447, 443]
[15, 19660, 478, 458, 473, 482]
[15, 19660, 445, 507, 491, 494]
[15, 19660, 487, 496, 502, 462]
[15, 19660, 492, 487, 453, 480]
[15, 19660, 515, 440, 493, 503]
[15, 19660, 492, 455, 485, 484]
[15, 19660, 479, 459, 485, 467]
[15, 19660, 429, 442, 472, 556]
[15, 19660, 498, 469, 493, 482]
[15, 19660, 462, 468, 514, 515]
[15, 19660, 488, 476, 471, 489]
[15, 19660, 503, 434, 448, 460]
[15, 19660, 489, 488, 504, 513]
[15, 19660, 478, 470, 481, 481]
[15, 19660, 479, 431, 451, 460]
[15, 19660, 485, 471, 463, 491]
[15, 19660, 490, 504, 458, 488]
[15, 19660, 499, 474, 463, 492]
[15, 19660, 496, 498, 477, 484]
[15, 19660, 475, 450, 480, 486]
[15, 19660, 449, 500, 554, 504]
[15, 19660, 468, 469, 459, 504]
[15, 19660, 508, 430, 462, 497]
[20, 26214, 763, 825, 758, 836]
[20, 26214, 798, 825, 843, 876]
[20, 26214, 784, 801, 801, 882]
[20, 26214, 787, 855, 851, 815]
[20, 26214, 791, 803, 787, 804]
[20, 26214, 841, 844, 822, 796]
[20, 26214, 782, 838, 859, 856]
[20, 26214, 746, 800, 813, 859]
[20, 26214, 827, 854, 807, 790]
[20, 26214, 816, 821, 857, 821]
[20, 26214, 846, 788, 908, 797]
[20, 26214, 851, 813, 852, 809]
[20, 26214, 821, 798, 839, 778]
[20, 26214, 820, 819, 769, 858]
[20, 26214, 872, 861, 841, 843]
[20, 26214, 831, 871, 855, 754]
[20, 26214, 764, 830, 800, 850]
[20, 26214, 835, 836, 856, 856]
[20, 26214, 862, 772, 845, 781]
[20, 26214, 794, 828, 794, 841]
[20, 26214, 810, 811, 845, 852]
[20, 26214, 816, 845, 777, 822]
[20, 26214, 825, 815, 799, 815]
[20, 26214, 876, 806, 805, 836]
[20, 26214, 826, 795, 794, 769]
[20, 26214, 796, 803, 847, 819]
[20, 26214, 850, 825, 853, 877]
[20, 26214, 869, 793, 796, 769]
[20, 26214, 818, 887, 860, 873]
[20, 26214, 823, 907, 822, 773]
[20, 26214, 798, 836, 788, 789]
[20, 26214, 867, 874, 745, 792]
[20, 26214, 851, 871, 850, 769]
[20, 26214, 773, 854, 883, 850]
[20, 26214, 818, 881, 810, 755]
[20, 26214, 835, 777, 865, 860]
[20, 26214, 820, 822, 821, 848]
[20, 26214, 806, 790, 817, 779]
[20, 26214, 779, 788, 824, 877]
[20, 26214, 779, 778, 826, 806]
[20, 26214, 848, 782, 813, 902]
[20, 26214, 803, 814, 759, 860]
[20, 26214, 837, 815, 822, 820]
[20, 26214, 845, 797, 742, 803]
[20, 26214, 809, 833, 807, 784]
[20, 26214, 819, 777, 792, 852]
[20, 26214, 821, 839, 805, 852]
[20, 26214, 806, 815, 776, 796]
[20, 26214, 821, 821, 791, 781]
[20, 26214, 862, 851, 747, 839]
[20, 26214, 843, 805, 822, 835]
[20, 26214, 843, 773, 789, 864]
[20, 26214, 869, 796, 775, 789]
[20, 26214, 808, 808, 801, 849]
[20, 26214, 802, 805, 831, 858]
[20, 26214, 880, 824, 857, 833]
[20, 26214, 815, 849, 831, 794]
[20, 26214, 803, 870, 829, 786]
[20, 26214, 849, 801, 825, 770]
[20, 26214, 804, 827, 837, 833]
[20, 26214, 784, 797, 823, 831]
[20, 26214, 785, 856, 806, 793]
[20, 26214, 843, 835, 834, 816]
[20, 26214, 828, 890, 890, 755]
[20, 26214, 751, 833, 827, 827]
[20, 26214, 862, 799, 814, 801]
[20, 26214, 779, 844, 799, 768]
[20, 26214, 886, 865, 813, 803]
[20, 26214, 832, 837, 785, 839]
[20, 26214, 789, 869, 837, 801]
[20, 26214, 859, 794, 773, 828]
[20, 26214, 831, 867, 820, 834]
[20, 26214, 799, 764, 786, 844]
[20, 26214, 816, 821, 795, 840]
[20, 26214, 809, 787, 859, 792]
[20, 26214, 837, 831, 804, 862]
[20, 26214, 815, 814, 835, 790]
[20, 26214, 842, 816, 809, 816]
[20, 26214, 840, 802, 773, 795]
[20, 26214, 839, 827, 850, 835]
[20, 26214, 838, 767, 768, 873]
[20, 26214, 862, 790, 849, 885]
[20, 26214, 833, 797, 842, 864]
[20, 26214, 806, 771, 838, 775]
[20, 26214, 814, 768, 869, 834]
[20, 26214, 828, 796, 838, 816]
[20, 26214, 837, 813, 823, 771]
[20, 26214, 831, 745, 830, 788]
[20, 26214, 828, 815, 841, 824]
[20, 26214, 793, 831, 790, 841]
[20, 26214, 798, 779, 852, 764]
[20, 26214, 794, 783, 822, 854]
[20, 26214, 828, 799, 834, 849]
[20, 26214, 830, 771, 763, 773]
[20, 26214, 803, 821, 845, 850]
[20, 26214, 867, 846, 806, 845]
[20, 26214, 773, 846, 877, 809]
[20, 26214, 778, 788, 803, 849]
[20, 26214, 837, 823, 844, 846]
[20, 26214, 846, 792, 798, 858]
[25, 32768, 1300, 1286, 1230, 1307]
[25, 32768, 1253, 1192, 1218, 1307]
[25, 32768, 1285, 1284, 1261, 1203]
[25, 32768, 1276, 1253, 1303, 1235]
[25, 32768, 1329, 1157, 1230, 1258]
[25, 32768, 1222, 1276, 1314, 1187]
[25, 32768, 1209, 1327, 1307, 1243]
[25, 32768, 1251, 1276, 1175, 1304]
[25, 32768, 1226, 1257, 1175, 1208]
[25, 32768, 1206, 1248, 1287, 1266]
[25, 32768, 1291, 1198, 1316, 1197]
[25, 32768, 1310, 1218, 1295, 1223]
[25, 32768, 1253, 1208, 1239, 1242]
[25, 32768, 1229, 1242, 1198, 1285]
[25, 32768, 1237, 1305, 1269, 1251]
[25, 32768, 1287, 1295, 1181, 1177]
[25, 32768, 1266, 1213, 1262, 1265]
[25, 32768, 1240, 1268, 1235, 1243]
[25, 32768, 1305, 1177, 1358, 1256]
[25, 32768, 1238, 1225, 1257, 1245]
[25, 32768, 1310, 1288, 1299, 1280]
[25, 32768, 1316, 1269, 1266, 1300]
[25, 32768, 1254, 1293, 1220, 1282]
[25, 32768, 1276, 1258, 1208, 1271]
[25, 32768, 1264, 1262, 1230, 1210]
[25, 32768, 1249, 1253, 1268, 1203]
[25, 32768, 1262, 1233, 1269, 1276]
[25, 32768, 1221, 1255, 1251, 1282]
[25, 32768, 1234, 1232, 1299, 1171]
[25, 32768, 1262, 1179, 1253, 1253]
[25, 32768, 1247, 1266, 1226, 1262]
[25, 32768, 1233, 1334, 1235, 1211]
[25, 32768, 1291, 1237, 1244, 1195]
[25, 32768, 1242, 1241, 1337, 1258]
[25, 32768, 1296, 1261, 1115, 1206]
[25, 32768, 1336, 1183, 1299, 1263]
[25, 32768, 1237, 1312, 1253, 1241]
[25, 32768, 1291, 1262, 1189, 1245]
[25, 32768, 1301, 1243, 1235, 1178]
[25, 32768, 1183, 1275, 1293, 1199]
[25, 32768, 1280, 1243, 1273, 1272]
[25, 32768, 1312, 1212, 1188, 1326]
[25, 32768, 1185, 1265, 1303, 1240]
[25, 32768, 1266, 1269, 1222, 1268]
[25, 32768, 1170, 1265, 1297, 1214]
[25, 32768, 1232, 1195, 1248, 1249]
[25, 32768, 1277, 1252, 1218, 1298]
[25, 32768, 1276, 1250, 1249, 1227]
[25, 32768, 1223, 1326, 1164, 1275]
[25, 32768, 1355, 1297, 1248, 1218]
[25, 32768, 1241, 1229, 1310, 1289]
[25, 32768, 1253, 1268, 1257, 1264]
[25, 32768, 1298, 1232, 1239, 1225]
[25, 32768, 1236, 1247, 1317, 1223]
[25, 32768, 1250, 1285, 1266, 1285]
[25, 32768, 1312, 1197, 1266, 1268]
[25, 32768, 1194, 1286, 1293, 1248]
[25, 32768, 1251, 1325, 1204, 1231]
[25, 32768, 1279, 1191, 1272, 1240]
[25, 32768, 1230, 1207, 1203, 1198]
[25, 32768, 1195, 1279, 1203, 1249]
[25, 32768, 1300, 1310, 1161, 1273]
[25, 32768, 1227, 1248, 1289, 1191]
[25, 32768, 1288, 1326, 1234, 1246]
[25, 32768, 1184, 1310, 1254, 1238]
[25, 32768, 1300, 1180, 1261, 1272]
[25, 32768, 1264, 1257, 1238, 1234]
[25, 32768, 1275, 1244, 1236, 1238]
[25, 32768, 1339, 1226, 1267, 1293]
[25, 32768, 1169, 1310, 1254, 1236]
[25, 32768, 1303, 1227, 1257, 1180]
[25, 32768, 1261, 1213, 1256, 1330]
[25, 32768, 1317, 1212, 1281, 1259]
[25, 32768, 1231, 1213, 1197, 1263]
[25, 32768, 1247, 1246, 1298, 1245]
[25, 32768, 1236, 1202, 1234, 1212]
[25, 32768, 1281, 1217, 1279, 1228]
[25, 32768, 1279, 1258, 1214, 1272]
[25, 32768, 1305, 1213, 1273, 1188]
[25, 32768, 1273, 1228, 1239, 1263]
[25, 32768, 1316, 1204, 1226, 1317]
[25, 32768, 1266, 1234, 1253, 1243]
[25, 32768, 1246, 1213, 1152, 1301]
[25, 32768, 1223, 1264, 1289, 1282]
[25, 32768, 1229, 1203, 1251, 1298]
[25, 32768, 1322, 1224, 1249, 1198]
[25, 32768, 1146, 1233, 1303, 1227]
[25, 32768, 1306, 1215, 1334, 1255]
[25, 32768, 1229, 1258, 1253, 1321]
[25, 32768, 1185, 1215, 1226, 1319]
[25, 32768, 1264, 1237, 1317, 1280]
[25, 32768, 1251, 1317, 1278, 1282]
[25, 32768, 1222, 1301, 1221, 1276]
[25, 32768, 1231, 1257, 1223, 1205]
[25, 32768, 1257, 1245, 1224, 1234]
[25, 32768, 1242, 1261, 1212, 1282]
[25, 32768, 1228, 1260, 1214, 1251]
[25, 32768, 1215, 1215, 1264, 1257]
[25, 32768, 1316, 1219, 1244, 1145]
[25, 32768, 1208, 1201, 1296, 1288]
[30, 39321, 1795, 1786, 1736, 1807]
[30, 39321, 1804, 1720, 1785, 1918]
[30, 39321, 1766, 1700, 1757, 1846]
[30, 39321, 1789, 1769, 1825, 1729]
[30, 39321, 1789, 1784, 1783, 1783]
[30, 39321, 1826, 1809, 1762, 1733]
[30, 39321, 1774, 1778, 1835, 1768]
[30, 39321, 1724, 1719, 1815, 1780]
[30, 39321, 1719, 1840, 1856, 1749]
[30, 39321, 1740, 1772, 1786, 1742]
[30, 39321, 1822, 1747, 1791, 1811]
[30, 39321, 1733, 1769, 1777, 1784]
[30, 39321, 1868, 1757, 1787, 1767]
[30, 39321, 1814, 1741, 1745, 1763]
[30, 39321, 1729, 1788, 1782, 1805]
[30, 39321, 1807, 1805, 1729, 1663]
[30, 39321, 1768, 1704, 1734, 1769]
[30, 39321, 1809, 1845, 1770, 1801]
[30, 39321, 1824, 1739, 1745, 1709]
[30, 39321, 1811, 1832, 1818, 1809]
[30, 39321, 1851, 1766, 1806, 1741]
[30, 39321, 1770, 1845, 1786, 1808]
[30, 39321, 1808, 1843, 1727, 1751]
[30, 39321, 1822, 1774, 1841, 1764]
[30, 39321, 1785, 1836, 1724, 1736]
[30, 39321, 1740, 1796, 1818, 1715]
[30, 39321, 1752, 1776, 1782, 1795]
[30, 39321, 1821, 1725, 1796, 1773]
[30, 39321, 1756, 1807, 1741, 1806]
[30, 39321, 1851, 1864, 1767, 1774]
[30, 39321, 1788, 1813, 1738, 1820]
[30, 39321, 1679, 1807, 1683, 1743]
[30, 39321, 1808, 1862, 1818, 1718]
[30, 39321, 1719, 1773, 1807, 1795]
[30, 39321, 1807, 1822, 1762, 1736]
[30, 39321, 1789, 1775, 1751, 1755]
[30, 39321, 1836, 1841, 1797, 1700]
[30, 39321, 1808, 1790, 1772, 1780]
[30, 39321, 1779, 1699, 1833, 1775]
[30, 39321, 1766, 1835, 1831, 1829]
[30, 39321, 1802, 1649, 1852, 1812]
[30, 39321, 1765, 1754, 1688, 1918]
[30, 39321, 1757, 1794, 1808, 1740]
[30, 39321, 1842, 1784, 1686, 1724]
[30, 39321, 1749, 1728, 1851, 1694]
[30, 39321, 1795, 1729, 1810, 1832]
[30, 39321, 1824, 1785, 1806, 1801]
[30, 39321, 1774, 1736, 1721, 1722]
[30, 39321, 1756, 1816, 1779, 1757]
[30, 39321, 1839, 1673, 1734, 1756]
[30, 39321, 1777, 1725, 1714, 1719]
[30, 39321, 1732, 1818, 1849, 1799]
[30, 39321, 1877, 1777, 1709, 1758]
[30, 39321, 1733, 1765, 1807, 1853]
[30, 39321, 1694, 1842, 1744, 1729]
[30, 39321, 1797, 1770, 1812, 1782]
[30, 39321, 1740, 1774, 1815, 1794]
[30, 39321, 1714, 1873, 1865, 1789]
[30, 39321, 1711, 1737, 1813, 1771]
[30, 39321, 1815, 1778, 1796, 1716]
[30, 39321, 1743, 1852, 1702, 1756]
[30, 39321, 1790, 1873, 1754, 1818]
[30, 39321, 1760, 1709, 1803, 1743]
[30, 39321, 1779, 1786, 1777, 1655]
[30, 39321, 1733, 1772, 1799, 1753]
[30, 39321, 1798, 1785, 1756, 1758]
[30, 39321, 1819, 1836, 1649, 1735]
[30, 39321, 1831, 1677, 1745, 1840]
[30, 39321, 1830, 1680, 1813, 1841]
[30, 39321, 1802, 1881, 1761, 1802]
[30, 39321, 1832, 1732, 1689, 1823]
[30, 39321, 1776, 1704, 1744, 1781]
[30, 39321, 1783, 1711, 1818, 1820]
[30, 39321, 1792, 1770, 1710, 1804]
[30, 39321, 1706, 1775, 1895, 1757]
[30, 39321, 1845, 1764, 1739, 1786]
[30, 39321, 1824, 1762, 1836, 1751]
[30, 39321, 1774, 1743, 1842, 1728]
[30, 39321, 1845, 1746, 1732, 1818]
[30, 39321, 1740, 1707, 1798, 1769]
[30, 39321, 1746, 1779, 1686, 1782]
[30, 39321, 1859, 1801, 1744, 1862]
[30, 39321, 1805, 1822, 1749, 1789]
[30, 39321, 1810, 1788, 1727, 1811]
[30, 39321, 1772, 1699, 1794, 1880]
[30, 39321, 1766, 1753, 1788, 1776]
[30, 39321, 1724, 1814, 1824, 1772]
[30, 39321, 1816, 1787, 1799, 1782]
[30, 39321, 1778, 1719, 1814, 1826]
[30, 39321, 1640, 1785, 1760, 1843]
[30, 39321, 1765, 1864, 1850, 1723]
[30, 39321, 1695, 1854, 1830, 1803]
[30, 39321, 1775, 1750, 1783, 1788]
[30, 39321, 1887, 1805, 1692, 1779]
[30, 39321, 1705, 1772, 1821, 1766]
[30, 39321, 1735, 1767, 1715, 1840]
[30, 39321, 1797, 1756, 1808, 1892]
[30, 39321, 1755, 1710, 1757, 1770]
[30, 39321, 1865, 1880, 1671, 1736]
[30, 39321, 1758, 1745, 1749, 1844]
[35, 45875, 2482, 2398, 2334, 2322]
[35, 45875, 2385, 2480, 2389, 2492]
[35, 45875, 2315, 2268, 2374, 2416]
[35, 45875, 2430, 2356, 2468, 2350]
[35, 45875, 2365, 2460, 2477, 2442]
[35, 45875, 2419, 2422, 2450, 2379]
[35, 45875, 2295, 2468, 2509, 2288]
[35, 45875, 2352, 2345, 2519, 2441]
[35, 45875, 2364, 2421, 2372, 2319]
[35, 45875, 2409, 2427, 2372, 2256]
[35, 45875, 2374, 2302, 2430, 2445]
[35, 45875, 2421, 2355, 2329, 2327]
[35, 45875, 2378, 2392, 2434, 2536]
[35, 45875, 2400, 2343, 2432, 2388]
[35, 45875, 2398, 2370, 2384, 2308]
[35, 45875, 2406, 2400, 2397, 2276]
[35, 45875, 2421, 2339, 2431, 2512]
[35, 45875, 2423, 2428, 2445, 2469]
[35, 45875, 2462, 2338, 2460, 2384]
[35, 45875, 2370, 2454, 2395, 2415]
[35, 45875, 2313, 2396, 2484, 2433]
[35, 45875, 2349, 2364, 2373, 2422]
[35, 45875, 2504, 2377, 2373, 2381]
[35, 45875, 2418, 2392, 2389, 2461]
[35, 45875, 2423, 2516, 2263, 2390]
[35, 45875, 2459, 2392, 2362, 2334]
[35, 45875, 2408, 2387, 2345, 2431]
[35, 45875, 2510, 2262, 2327, 2471]
[35, 45875, 2351, 2412, 2434, 2388]
[35, 45875, 2426, 2326, 2370, 2343]
[35, 45875, 2411, 2427, 2284, 2390]
[35, 45875, 2460, 2434, 2371, 2412]
[35, 45875, 2538, 2379, 2388, 2252]
[35, 45875, 2367, 2352, 2364, 2420]
[35, 45875, 2502, 2485, 2392, 2364]
[35, 45875, 2481, 2330, 2514, 2381]
[35, 45875, 2474, 2463, 2385, 2315]
[35, 45875, 2522, 2338, 2345, 2324]
[35, 45875, 2417, 2336, 2341, 2404]
[35, 45875, 2331, 2398, 2411, 2337]
[35, 45875, 2420, 2282, 2409, 2337]
[35, 45875, 2472, 2471, 2253, 2371]
[35, 45875, 2316, 2394, 2418, 2498]
[35, 45875, 2426, 2353, 2347, 2375]
[35, 45875, 2316, 2409, 2560, 2420]
[35, 45875, 2396, 2321, 2468, 2448]
[35, 45875, 2389, 2396, 2341, 2364]
[35, 45875, 2389, 2387, 2343, 2335]
[35, 45875, 2411, 2422, 2373, 2358]
[35, 45875, 2442, 2319, 2372, 2366]
[35, 45875, 2408, 2358, 2325, 2367]
[35, 45875, 2333, 2403, 2406, 2416]
[35, 45875, 2402, 2350, 2434, 2301]
[35, 45875, 2394, 2384, 2422, 2373]
[35, 45875, 2293, 2513, 2373, 2418]
[35, 45875, 2394, 2408, 2299, 2359]
[35, 45875, 2449, 2400, 2321, 2322]
[35, 45875, 2346, 2566, 2309, 2344]
[35, 45875, 2413, 2362, 2316, 2334]
[35, 45875, 2467, 2433, 2412, 2388]
[35, 45875, 2393, 2476, 2339, 2459]
[35, 45875, 2380, 2385, 2262, 2415]
[35, 45875, 2538, 2382, 2413, 2340]
[35, 45875, 2344, 2582, 2327, 2332]
[35, 45875, 2385, 2437, 2531, 2375]
[35, 45875, 2416, 2349, 2371, 2423]
[35, 45875, 2443, 2270, 2341, 2511]
[35, 45875, 2481, 2258, 2472, 2401]
[35, 45875, 2423, 2257, 2426, 2383]
[35, 45875, 2390, 2338, 2415, 2373]
[35, 45875, 2446, 2451, 2356, 2347]
[35, 45875, 2434, 2424, 2428, 2392]
[35, 45875, 2311, 2367, 2392, 2438]
[35, 45875, 2427, 2344, 2403, 2420]
[35, 45875, 2380, 2479, 2423, 2356]
[35, 45875, 2390, 2370, 2385, 2307]
[35, 45875, 2387, 2369, 2374, 2369]
[35, 45875, 2326, 2382, 2406, 2341]
[35, 45875, 2437, 2416, 2341, 2465]
[35, 45875, 2380, 2486, 2345, 2303]
[35, 45875, 2461, 2396, 2298, 2361]
[35, 45875, 2366, 2340, 2294, 2535]
[35, 45875, 2397, 2351, 2323, 2434]
[35, 45875, 2449, 2359, 2395, 2363]
[35, 45875, 2399, 2313, 2389, 2457]
[35, 45875, 2462, 2450, 2308, 2373]
[35, 45875, 2397, 2396, 2343, 2381]
[35, 45875, 2368, 2408, 2474, 2286]
[35, 45875, 2452, 2348, 2404, 2458]
[35, 45875, 2319, 2453, 2391, 2436]
[35, 45875, 2366, 2394, 2479, 2402]
[35, 45875, 2270, 2388, 2545, 2372]
[35, 45875, 2335, 2377, 2385, 2428]
[35, 45875, 2362, 2480, 2481, 2395]
[35, 45875, 2417, 2411, 2348, 2384]
[35, 45875, 2421, 2426, 2348, 2415]
[35, 45875, 2317, 2421, 2411, 2369]
[35, 45875, 2381, 2437, 2471, 2355]
[35, 45875, 2506, 2420, 2375, 2370]
[35, 45875, 2420, 2452, 2442, 2391]
[40, 52428, 3190, 3132, 3159, 3157]
[40, 52428, 3027, 2967, 3036, 3196]
[40, 52428, 3015, 3101, 3121, 3125]
[40, 52428, 3095, 3065, 3044, 3132]
[40, 52428, 3200, 3115, 3111, 3114]
[40, 52428, 3122, 3148, 3038, 3016]
[40, 52428, 3036, 3217, 3214, 3030]
[40, 52428, 3047, 3044, 3105, 3276]
[40, 52428, 3018, 3283, 3167, 2918]
[40, 52428, 3173, 3133, 3179, 2994]
[40, 52428, 3135, 3136, 3246, 3091]
[40, 52428, 3116, 3072, 3023, 3091]
[40, 52428, 3078, 2977, 3076, 3125]
[40, 52428, 3136, 3076, 3095, 3174]
[40, 52428, 3062, 3103, 3089, 3235]
[40, 52428, 3137, 3177, 3051, 2996]
[40, 52428, 3245, 3014, 3066, 3193]
[40, 52428, 3030, 3098, 2967, 3076]
[40, 52428, 3133, 2990, 3262, 3011]
[40, 52428, 3056, 3166, 3170, 3067]
[40, 52428, 3099, 3185, 3180, 3120]
[40, 52428, 3138, 3168, 3102, 3122]
[40, 52428, 3194, 3168, 3053, 3035]
[40, 52428, 3115, 3102, 3043, 3110]
[40, 52428, 3061, 3124, 3059, 3105]
[40, 52428, 3192, 3199, 3101, 3040]
[40, 52428, 3115, 3097, 3096, 3195]
[40, 52428, 3175, 3139, 3135, 3195]
[40, 52428, 3123, 3098, 3205, 3078]
[40, 52428, 3177, 3010, 3142, 3028]
[40, 52428, 3176, 3083, 3031, 3004]
[40, 52428, 3233, 3202, 2997, 3076]
[40, 52428, 3174, 3087, 3085, 3051]
[40, 52428, 3074, 3163, 3034, 3118]
[40, 52428, 3087, 3157, 3111, 3102]
[40, 52428, 3172, 3123, 3106, 3138]
[40, 52428, 3108, 3205, 3021, 3127]
[40, 52428, 3206, 3178, 3054, 3037]
[40, 52428, 3126, 3048, 3147, 3147]
[40, 52428, 2987, 3199, 3126, 3136]
[40, 52428, 3162, 3082, 3240, 3006]
[40, 52428, 3113, 3145, 3027, 3143]
[40, 52428, 2952, 3165, 3147, 3173]
[40, 52428, 3119, 3099, 3048, 3032]
[40, 52428, 3080, 3087, 3147, 3189]
[40, 52428, 3180, 3118, 3188, 3104]
[40, 52428, 3197, 3247, 2948, 3110]
[40, 52428, 3018, 3192, 3075, 3243]
[40, 52428, 3124, 3164, 3088, 3074]
[40, 52428, 3241, 3075, 3132, 3085]
[40, 52428, 3235, 3120, 3043, 3099]
[40, 52428, 3097, 3103, 3156, 3034]
[40, 52428, 3111, 2967, 3127, 3174]
[40, 52428, 2995, 3133, 3168, 3187]
[40, 52428, 3117, 3130, 3099, 3160]
[40, 52428, 3157, 3084, 3118, 3108]
[40, 52428, 3069, 3101, 3117, 3222]
[40, 52428, 3038, 3234, 3065, 3090]
[40, 52428, 3148, 3026, 3119, 3100]
[40, 52428, 3088, 3155, 3221, 3129]
[40, 52428, 3001, 3191, 3012, 3224]
[40, 52428, 3169, 3155, 2952, 3114]
[40, 52428, 3215, 3126, 3058, 3055]
[40, 52428, 3064, 3194, 3055, 3137]
[40, 52428, 3040, 3205, 3214, 3066]
[40, 52428, 3144, 3105, 3062, 3204]
[40, 52428, 3178, 3008, 3114, 3207]
[40, 52428, 3100, 3027, 3146, 3091]
[40, 52428, 3173, 3028, 3103, 3115]
[40, 52428, 3117, 3242, 3140, 3098]
[40, 52428, 3224, 3122, 3092, 3110]
[40, 52428, 3188, 3098, 3104, 3163]
[40, 52428, 3097, 2991, 3046, 3158]
[40, 52428, 3112, 3094, 3054, 3155]
[40, 52428, 3027, 3116, 3160, 3119]
[40, 52428, 3147, 3106, 3096, 3092]
[40, 52428, 3129, 3095, 3118, 3003]
[40, 52428, 3034, 3120, 3176, 3138]
[40, 52428, 3190, 3046, 3091, 3133]
[40, 52428, 3123, 3149, 3076, 3126]
[40, 52428, 3136, 3124, 2953, 3224]
[40, 52428, 3132, 3069, 3089, 3154]
[40, 52428, 3169, 3258, 3112, 3171]
[40, 52428, 3225, 3105, 3093, 3064]
[40, 52428, 3056, 3026, 3168, 3171]
[40, 52428, 3097, 3086, 3100, 3104]
[40, 52428, 3135, 3257, 3058, 3093]
[40, 52428, 3143, 3074, 3177, 2971]
[40, 52428, 3195, 2969, 3134, 3137]
[40, 52428, 3102, 3230, 3056, 3181]
[40, 52428, 3069, 3024, 3159, 3022]
[40, 52428, 3149, 3108, 3185, 3097]
[40, 52428, 3189, 3126, 3125, 3126]
[40, 52428, 3208, 3168, 3182, 3070]
[40, 52428, 3133, 3172, 3063, 3079]
[40, 52428, 3231, 3134, 3120, 3222]
[40, 52428, 3018, 3218, 3135, 3124]
[40, 52428, 3050, 3032, 3057, 3133]
[40, 52428, 3111, 3130, 3118, 3101]
[40, 52428, 3184, 3080, 3149, 3069]
