[1, 1310, 5, 5, 3, 6]
[1, 1310, 4, 7, 6, 7]
[1, 1310, 3, 7, 7, 13]
[1, 1310, 7, 3, 4, 4]
[1, 1310, 4, 10, 9, 0]
[1, 1310, 4, 5, 4, 3]
[1, 1310, 1, 3, 2, 2]
[1, 1310, 3, 2, 4, 5]
[1, 1310, 1, 9, 3, 5]
[1, 1310, 6, 8, 6, 3]
[1, 1310, 4, 4, 4, 2]
[1, 1310, 7, 4, 3, 8]
[1, 1310, 3, 5, 2, 5]
[1, 1310, 1, 9, 4, 4]
[1, 1310, 6, 3, 2, 4]
[1, 1310, 5, 8, 5, 6]
[1, 1310, 8, 4, 6, 5]
[1, 1310, 4, 4, 5, 5]
[1, 1310, 4, 4, 6, 4]
[1, 1310, 7, 8, 3, 4]
[1, 1310, 6, 3, 3, 2]
[1, 1310, 5, 4, 7, 6]
[1, 1310, 4, 4, 4, 6]
[1, 1310, 3, 5, 6, 8]
[1, 1310, 4, 5, 5, 8]
[1, 1310, 6, 5, 6, 9]
[1, 1310, 4, 5, 2, 8]
[1, 1310, 3, 3, 5, 4]
[1, 1310, 3, 8, 2, 1]
[1, 1310, 3, 7, 3, 2]
[1, 1310, 1, 4, 3, 3]
[1, 1310, 3, 6, 5, 3]
[1, 1310, 5, 7, 6, 1]
[1, 1310, 4, 6, 5, 4]
[1, 1310, 4, 4, 7, 3]
[1, 1310, 3, 4, 2, 7]
[1, 1310, 3, 4, 10, 4]
[1, 1310, 6, 6, 8, 11]
[1, 1310, 3, 1, 4, 6]
[1, 1310, 5, 3, 1, 6]
[1, 1310, 5, 9, 6, 2]
[1, 1310, 5, 6, 5, 4]
[1, 1310, 3, 7, 5, 3]
[1, 1310, 7, 7, 6, 3]
[1, 1310, 6, 4, 0, 8]
[1, 1310, 7, 5, 9, 1]
[1, 1310, 1, 1, 7, 4]
[1, 1310, 4, 3, 4, 5]
[1, 1310, 5, 3, 4, 3]
[1, 1310, 8, 6, 3, 8]
[1, 1310, 0, 3, 5, 6]
[1, 1310, 6, 4, 7, 9]
[1, 1310, 6, 6, 3, 2]
[1, 1310, 6, 8, 8, 6]
[1, 1310, 5, 7, 7, 3]
[1, 1310, 2, 5, 4, 6]
[1, 1310, 7, 5, 4, 3]
[1, 1310, 4, 6, 6, 2]
[1, 1310, 8, 5, 6, 7]
[1, 1310, 4, 7, 5, 0]
[1, 1310, 1, 6, 3, 3]
[1, 1310, 3, 3, 6, 5]
[1, 1310, 3, 6, 4, 6]
[1, 1310, 4, 5, 2, 4]
[1, 1310, 5, 6, 7, 4]
[1, 1310, 4, 5, 3, 9]
[1, 1310, 4, 7, 6, 3]
[1, 1310, 5, 6, 3, 8]
[1, 1310, 4, 3, 3, 3]
[1, 1310, 5, 5, 2, 7]
[1, 1310, 3, 5, 2, 5]
[1, 1310, 4, 3, 4, 3]
[1, 1310, 4, 7, 1, 6]
[1, 1310, 9, 6, 4, 11]
[1, 1310, 3, 3, 5, 5]
[1, 1310, 3, 9, 11, 3]
[1, 1310, 3, 13, 6, 5]
[1, 1310, 7, 7, 5, 8]
[1, 1310, 10, 4, 2, 2]
[1, 1310, 7, 5, 2, 4]
[1, 1310, 4, 1, 8, 2]
[1, 1310, 6, 7, 5, 5]
[1, 1310, 2, 2, 6, 4]
[1, 1310, 6, 7, 8, 8]
[1, 1310, 5, 6, 4, 4]
[1, 1310, 3, 4, 4, 1]
[1, 1310, 3, 5, 4, 4]
[1, 1310, 2, 4, 4, 9]
[1, 1310, 6, 4, 4, 6]
[1, 1310, 6, 7, 1, 4]
[1, 1310, 8, 2, 6, 2]
[1, 1310, 9, 6, 4, 5]
[1, 1310, 7, 4, 5, 6]
[1, 1310, 8, 5, 3, 6]
[1, 1310, 5, 9, 3, 3]
[1, 1310, 3, 5, 2, 8]
[1, 1310, 5, 5, 3, 6]
[1, 1310, 1, 4, 3, 4]
[1, 1310, 3, 7, 3, 8]
[1, 1310, 7, 5, 4, 3]
[2, 2621, 11, 15, 14, 10]
[2, 2621, 9, 15, 16, 16]
[2, 2621, 12, 10, 15, 15]
[2, 2621, 15, 15, 20, 15]
[2, 2621, 17, 11, 15, 9]
[2, 2621, 10, 13, 15, 13]
[2, 2621, 15, 14, 14, 16]
[2, 2621, 10, 7, 10, 12]
[2, 2621, 21, 15, 9, 13]
[2, 2621, 11, 21, 12, 13]
[2, 2621, 17, 10, 4, 17]
[2, 2621, 14, 15, 13, 8]
[2, 2621, 8, 9, 13, 13]
[2, 2621, 16, 11, 15, 6]
[2, 2621, 9, 12, 17, 8]
[2, 2621, 14, 12, 2, 13]
[2, 2621, 14, 13, 24, 12]
[2, 2621, 8, 7, 17, 20]
[2, 2621, 8, 14, 17, 13]
[2, 2621, 16, 9, 22, 11]
[2, 2621, 10, 12, 10, 12]
[2, 2621, 15, 13, 9, 15]
[2, 2621, 9, 11, 13, 21]
[2, 2621, 7, 9, 8, 15]
[2, 2621, 18, 10, 16, 10]
[2, 2621, 14, 19, 9, 15]
[2, 2621, 16, 10, 12, 7]
[2, 2621, 6, 17, 20, 10]
[2, 2621, 9, 13, 12, 13]
[2, 2621, 12, 20, 10, 14]
[2, 2621, 16, 10, 13, 12]
[2, 2621, 9, 13, 17, 14]
[2, 2621, 14, 14, 13, 13]
[2, 2621, 13, 11, 15, 18]
[2, 2621, 17, 12, 13, 20]
[2, 2621, 7, 14, 13, 19]
[2, 2621, 17, 11, 13, 13]
[2, 2621, 10, 13, 11, 10]
[2, 2621, 11, 14, 19, 9]
[2, 2621, 15, 14, 17, 13]
[2, 2621, 14, 5, 16, 16]
[2, 2621, 9, 13, 17, 15]
[2, 2621, 9, 11, 13, 11]
[2, 2621, 10, 13, 13, 11]
[2, 2621, 11, 7, 20, 16]
[2, 2621, 9, 6, 17, 14]
[2, 2621, 10, 11, 12, 5]
[2, 2621, 11, 17, 16, 9]
[2, 2621, 14, 15, 19, 14]
[2, 2621, 15, 15, 15, 19]
[2, 2621, 13, 15, 10, 14]
[2, 2621, 13, 7, 12, 15]
[2, 2621, 8, 12, 11, 20]
[2, 2621, 16, 17, 17, 10]
[2, 2621, 20, 10, 13, 13]
[2, 2621, 15, 14, 19, 9]
[2, 2621, 19, 14, 20, 13]
[2, 2621, 19, 16, 9, 13]
[2, 2621, 12, 17, 9, 19]
[2, 2621, 13, 10, 14, 9]
[2, 2621, 6, 9, 8, 9]
[2, 2621, 19, 13, 15, 12]
[2, 2621, 12, 14, 13, 16]
[2, 2621, 11, 8, 16, 15]
[2, 2621, 15, 12, 13, 15]
[2, 2621, 11, 12, 14, 11]
[2, 2621, 11, 12, 14, 8]
[2, 2621, 20, 9, 17, 18]
[2, 2621, 12, 15, 9, 12]
[2, 2621, 13, 15, 10, 9]
[2, 2621, 9, 14, 18, 14]
[2, 2621, 13, 13, 12, 17]
[2, 2621, 7, 13, 18, 10]
[2, 2621, 16, 11, 6, 11]
[2, 2621, 11, 12, 11, 7]
[2, 2621, 16, 7, 12, 12]
[2, 2621, 16, 13, 12, 11]
[2, 2621, 17, 19, 14, 10]
[2, 2621, 9, 19, 11, 16]
[2, 2621, 13, 8, 18, 8]
[2, 2621, 5, 10, 19, 11]
[2, 2621, 11, 6, 12, 11]
[2, 2621, 8, 8, 15, 16]
[2, 2621, 7, 14, 9, 17]
[2, 2621, 11, 23, 10, 10]
[2, 2621, 18, 9, 12, 18]
[2, 2621, 14, 18, 17, 11]
[2, 2621, 15, 17, 20, 13]
[2, 2621, 16, 7, 11, 9]
[2, 2621, 10, 9, 13, 13]
[2, 2621, 13, 15, 17, 11]
[2, 2621, 16, 17, 18, 17]
[2, 2621, 10, 11, 10, 8]
[2, 2621, 16, 7, 4, 16]
[2, 2621, 6, 10, 11, 16]
[2, 2621, 15, 12, 12, 18]
[2, 2621, 10, 13, 16, 21]
[2, 2621, 16, 14, 10, 10]
[2, 2621, 16, 9, 11, 8]
[2, 2621, 15, 11, 9, 14]
[5, 6553, 65, 62, 53, 50]
[5, 6553, 67, 62, 49, 58]
[5, 6553, 72, 77, 56, 49]
[5, 6553, 58, 53, 67, 61]
[5, 6553, 59, 47, 51, 50]
[5, 6553, 59, 55, 65, 60]
[5, 6553, 64, 45, 57, 59]
[5, 6553, 47, 52, 49, 51]
[5, 6553, 70, 69, 61, 59]
[5, 6553, 51, 60, 67, 44]
[5, 6553, 52, 48, 52, 65]
[5, 6553, 56, 59, 66, 56]
[5, 6553, 60, 75, 50, 51]
[5, 6553, 62, 63, 56, 58]
[5, 6553, 64, 50, 65, 51]
[5, 6553, 55, 62, 47, 53]
[5, 6553, 47, 59, 68, 54]
[5, 6553, 48, 53, 65, 50]
[5, 6553, 52, 50, 60, 59]
[5, 6553, 65, 44, 53, 47]
[5, 6553, 57, 40, 61, 71]
[5, 6553, 66, 59, 63, 72]
[5, 6553, 64, 56, 63, 47]
[5, 6553, 57, 65, 49, 59]
[5, 6553, 52, 57, 61, 53]
[5, 6553, 48, 55, 54, 52]
[5, 6553, 69, 54, 73, 52]
[5, 6553, 49, 54, 56, 57]
[5, 6553, 72, 59, 50, 74]
[5, 6553, 56, 62, 62, 60]
[5, 6553, 57, 63, 59, 55]
[5, 6553, 59, 52, 44, 59]
[5, 6553, 62, 52, 51, 49]
[5, 6553, 52, 59, 58, 64]
[5, 6553, 65, 47, 54, 58]
[5, 6553, 55, 73, 48, 79]
[5, 6553, 59, 50, 46, 61]
[5, 6553, 59, 70, 69, 51]
[5, 6553, 63, 45, 61, 67]
[5, 6553, 52, 65, 50, 59]
[5, 6553, 56, 68, 75, 45]
[5, 6553, 48, 55, 61, 64]
[5, 6553, 76, 66, 65, 57]
[5, 6553, 56, 66, 54, 64]
[5, 6553, 72, 59, 68, 72]
[5, 6553, 49, 60, 50, 49]
[5, 6553, 60, 63, 57, 57]
[5, 6553, 46, 53, 60, 64]
[5, 6553, 53, 48, 69, 59]
[5, 6553, 71, 57, 57, 59]
[5, 6553, 53, 53, 63, 58]
[5, 6553, 69, 51, 69, 53]
[5, 6553, 64, 57, 61, 61]
[5, 6553, 66, 52, 56, 66]
[5, 6553, 55, 46, 59, 62]
[5, 6553, 70, 55, 53, 64]
[5, 6553, 62, 55, 62, 58]
[5, 6553, 40, 53, 52, 57]
[5, 6553, 61, 61, 63, 62]
[5, 6553, 49, 54, 76, 46]
[5, 6553, 49, 64, 64, 51]
[5, 6553, 69, 50, 73, 65]
[5, 6553, 53, 59, 57, 61]
[5, 6553, 60, 43, 66, 64]
[5, 6553, 51, 57, 61, 63]
[5, 6553, 47, 70, 65, 44]
[5, 6553, 65, 43, 71, 63]
[5, 6553, 64, 46, 66, 47]
[5, 6553, 48, 66, 59, 39]
[5, 6553, 54, 57, 59, 61]
[5, 6553, 64, 53, 75, 50]
[5, 6553, 52, 57, 54, 45]
[5, 6553, 64, 47, 57, 68]
[5, 6553, 76, 61, 53, 60]
[5, 6553, 60, 71, 46, 56]
[5, 6553, 44, 57, 76, 64]
[5, 6553, 61, 49, 44, 65]
[5, 6553, 55, 48, 63, 54]
[5, 6553, 54, 58, 57, 57]
[5, 6553, 53, 54, 52, 51]
[5, 6553, 50, 65, 55, 51]
[5, 6553, 48, 64, 58, 57]
[5, 6553, 72, 66, 64, 52]
[5, 6553, 65, 51, 61, 67]
[5, 6553, 54, 50, 55, 65]
[5, 6553, 68, 50, 51, 57]
[5, 6553, 60, 48, 59, 61]
[5, 6553, 56, 49, 70, 70]
[5, 6553, 45, 53, 62, 66]
[5, 6553, 54, 66, 59, 52]
[5, 6553, 44, 66, 64, 49]
[5, 6553, 64, 52, 66, 54]
[5, 6553, 61, 60, 56, 54]
[5, 6553, 59, 44, 48, 49]
[5, 6553, 59, 55, 73, 53]
[5, 6553, 52, 64, 59, 52]
[5, 6553, 44, 51, 59, 69]
[5, 6553, 76, 61, 63, 74]
[5, 6553, 52, 51, 49, 52]
[5, 6553, 67, 60, 66, 52]
[10, 13107, 209, 206, 193, 206]
[10, 13107, 202, 195, 207, 207]
[10, 13107, 201, 201, 210, 188]
[10, 13107, 185, 196, 195, 208]
[10, 13107, 202, 219, 203, 204]
[10, 13107, 217, 192, 221, 180]
[10, 13107, 170, 203, 206, 203]
[10, 13107, 189, 217, 165, 197]
[10, 13107, 210, 207, 194, 222]
[10, 13107, 210, 215, 188, 194]
[10, 13107, 213, 204, 177, 199]
[10, 13107, 203, 190, 186, 216]
[10, 13107, 203, 218, 195, 187]
[10, 13107, 188, 218, 225, 172]
[10, 13107, 186, 221, 204, 207]
[10, 13107, 219, 205, 202, 192]
[10, 13107, 208, 228, 190, 213]
[10, 13107, 222, 208, 199, 189]
[10, 13107, 202, 202, 185, 205]
[10, 13107, 204, 176, 215, 193]
[10, 13107, 193, 198, 205, 206]
[10, 13107, 202, 206, 197, 214]
[10, 13107, 196, 178, 173, 240]
[10, 13107, 183, 194, 189, 230]
[10, 13107, 180, 206, 203, 180]
[10, 13107, 210, 185, 209, 205]
[10, 13107, 233, 190, 219, 177]
[10, 13107, 188, 183, 188, 196]
[10, 13107, 193, 209, 206, 183]
[10, 13107, 193, 199, 190, 208]
[10, 13107, 220, 216, 182, 199]
[10, 13107, 180, 206, 207, 192]
[10, 13107, 204, 190, 202, 216]
[10, 13107, 213, 185, 210, 190]
[10, 13107, 200, 200, 182, 218]
[10, 13107, 189, 207, 207, 201]
[10, 13107, 191, 197, 210, 199]
[10, 13107, 205, 207, 193, 209]
[10, 13107, 221, 191, 207, 209]
[10, 13107, 193, 217, 198, 219]
[10, 13107, 215, 212, 162, 212]
[10, 13107, 193, 188, 218, 167]
[10, 13107, 219, 199, 187, 186]
[10, 13107, 199, 220, 221, 212]
[10, 13107, 227, 191, 209, 196]
[10, 13107, 208, 201, 189, 213]
[10, 13107, 180, 195, 206, 175]
[10, 13107, 205, 197, 228, 199]
[10, 13107, 202, 202, 208, 216]
[10, 13107, 212, 207, 182, 187]
[10, 13107, 196, 201, 189, 209]
[10, 13107, 178, 211, 228, 207]
[10, 13107, 205, 207, 187, 174]
[10, 13107, 211, 176, 187, 190]
[10, 13107, 179, 198, 191, 216]
[10, 13107, 198, 160, 199, 199]
[10, 13107, 173, 198, 185, 197]
[10, 13107, 199, 224, 178, 232]
[10, 13107, 203, 233, 181, 202]
[10, 13107, 229, 206, 190, 221]
[10, 13107, 186, 198, 197, 186]
[10, 13107, 211, 226, 209, 183]
[10, 13107, 214, 196, 186, 179]
[10, 13107, 181, 206, 217, 208]
[10, 13107, 192, 199, 199, 226]
[10, 13107, 212, 225, 205, 173]
[10, 13107, 198, 220, 227, 199]
[10, 13107, 234, 211, 194, 188]
[10, 13107, 199, 222, 203, 203]
[10, 13107, 218, 224, 174, 207]
[10, 13107, 173, 204, 181, 210]
[10, 13107, 203, 224, 203, 199]
[10, 13107, 180, 226, 188, 224]
[10, 13107, 209, 212, 184, 172]
[10, 13107, 190, 190, 212, 197]
[10, 13107, 235, 208, 215, 211]
[10, 13107, 244, 196, 187, 208]
[10, 13107, 216, 195, 198, 202]
[10, 13107, 184, 212, 212, 222]
[10, 13107, 209, 183, 202, 212]
[10, 13107, 225, 209, 223, 206]
[10, 13107, 210, 179, 237, 211]
[10, 13107, 200, 192, 203, 230]
[10, 13107, 206, 214, 173, 207]
[10, 13107, 195, 202, 206, 196]
[10, 13107, 228, 212, 176, 214]
[10, 13107, 198, 211, 219, 195]
[10, 13107, 182, 209, 188, 214]
[10, 13107, 197, 181, 221, 204]
[10, 13107, 191, 208, 197, 226]
[10, 13107, 213, 184, 183, 219]
[10, 13107, 211, 208, 178, 206]
[10, 13107, 244, 206, 209, 186]
[10, 13107, 206, 204, 190, 222]
[10, 13107, 180, 194, 200, 229]
[10, 13107, 218, 181, 197, 213]
[10, 13107, 217, 173, 193, 192]
[10, 13107, 214, 213, 215, 229]
[10, 13107, 198, 192, 207, 183]
[10, 13107, 216, 171, 205, 190]
[15, 19660, 401, 429, 393, 449]
[15, 19660, 428, 393, 441, 421]
[15, 19660, 467, 429, 394, 426]
[15, 19660, 443, 378, 410, 441]
[15, 19660, 471, 433, 462, 393]
[15, 19660, 432, 438, 444, 400]
[15, 19660, 430, 431, 417, 452]
[15, 19660, 433, 435, 454, 433]
[15, 19660, 455, 420, 465, 423]
[15, 19660, 405, 452, 443, 399]
[15, 19660, 444, 475, 404, 416]
[15, 19660, 426, 419, 433, 404]
[15, 19660, 412, 423, 421, 440]
[15, 19660, 403, 442, 454, 406]
[15, 19660, 426, 422, 421, 434]
[15, 19660, 422, 388, 419, 420]
[15, 19660, 440, 463, 362, 442]
[15, 19660, 464, 426, 421, 422]
[15, 19660, 432, 413, 492, 389]
[15, 19660, 443, 403, 437, 439]
[15, 19660, 422, 390, 473, 454]
[15, 19660, 411, 422, 394, 461]
[15, 19660, 497, 422, 419, 411]
[15, 19660, 462, 474, 445, 424]
[15, 19660, 426, 427, 452, 406]
[15, 19660, 474, 415, 424, 447]
[15, 19660, 468, 449, 438, 384]
[15, 19660, 426, 412, 416, 439]
[15, 19660, 464, 409, 424, 435]
[15, 19660, 407, 457, 388, 414]
[15, 19660, 401, 445, 461, 405]
[15, 19660, 432, 423, 444, 445]
[15, 19660, 460, 450, 414, 434]
[15, 19660, 435, 448, 451, 378]
[15, 19660, 507, 379, 429, 430]
[15, 19660, 444, 414, 415, 416]
[15, 19660, 421, 416, 418, 464]
[15, 19660, 432, 426, 452, 414]
[15, 19660, 409, 441, 412, 467]
[15, 19660, 433, 448, 508, 451]
[15, 19660, 456, 449, 416, 440]
[15, 19660, 475, 427, 406, 421]
[15, 19660, 437, 450, 444, 425]
[15, 19660, 421, 442, 438, 398]
[15, 19660, 407, 395, 463, 424]
[15, 19660, 438, 433, 420, 430]
[15, 19660, 407, 423, 449, 426]
[15, 19660, 414, 419, 432, 456]
[15, 19660, 432, 427, 421, 459]
[15, 19660, 385, 435, 441, 409]
[15, 19660, 451, 411, 463, 419]
[15, 19660, 423, 417, 476, 417]
[15, 19660, 412, 427, 458, 427]
[15, 19660, 423, 421, 398, 464]
[15, 19660, 481, 421, 440, 422]
[15, 19660, 449, 463, 423, 437]
[15, 19660, 472, 420, 438, 414]
[15, 19660, 416, 454, 462, 429]
[15, 19660, 438, 465, 412, 429]
[15, 19660, 432, 442, 456, 412]
[15, 19660, 406, 440, 442, 453]
[15, 19660, 476, 436, 452, 397]
[15, 19660, 464, 418, 440, 415]
[15, 19660, 441, 443, 461, 473]
[15, 19660, 427, 448, 428, 419]
[15, 19660, 432, 486, 460, 388]
[15, 19660, 464, 437, 436, 418]
[15, 19660, 446, 454, 399, 407]
[15, 19660, 415, 433, 439, 488]
[15, 19660, 456, 456, 450, 437]
[15, 19660, 454, 451, 414, 435]
[15, 19660, 455, 445, 428, 425]
[15, 19660, 439, 417, 421, 423]
[15, 19660, 448, 438, 431, 441]
[15, 19660, 425, 445, 430, 466]
[15, 19660, 451, 442, 439, 409]
[15, 19660, 386, 446, 422, 433]
[15, 19660, 422, 447, 477, 406]
[15, 19660, 409, 462, 416, 453]
[15, 19660, 460, 424, 427, 445]
[15, 19660, 450, 430, 400, 422]
[15, 19660, 446, 410, 418, 408]
[15, 19660, 452, 415, 413, 418]
[15, 19660, 436, 412, 432, 442]
[15, 19660, 391, 428, 456, 464]
[15, 19660, 417, 439, 426, 433]
[15, 19660, 418, 422, 427, 457]
[15, 19660, 399, 462, 413, 467]
[15, 19660, 438, 423, 428, 423]
[15, 19660, 428, 420, 457, 437]
[15, 19660, 460, 404, 439, 435]
[15, 19660, 446, 459, 441, 444]
[15, 19660, 454, 429, 422, 422]
[15, 19660, 403, 468, 406, 443]
[15, 19660, 404, 468, 466, 396]
[15, 19660, 447, 440, 439, 408]
[15, 19660, 430, 466, 436, 445]
[15, 19660, 417, 425, 397, 413]
[15, 19660, 426, 436, 433, 412]
[15, 19660, 410, 442, 465, 450]
[20, 26214, 752, 698, 765, 779]
[20, 26214, 746, 749, 783, 749]
[20, 26214, 768, 723, 817, 715]
[20, 26214, 689, 791, 730, 784]
[20, 26214, 760, 754, 760, 711]
[20, 26214, 720, 763, 818, 737]
[20, 26214, 753, 731, 764, 756]
[20, 26214, 740, 755, 767, 811]
[20, 26214, 778, 782, 767, 782]
[20, 26214, 808, 766, 753, 743]
[20, 26214, 808, 730, 675, 781]
[20, 26214, 704, 724, 799, 809]
[20, 26214, 740, 818, 750, 708]
[20, 26214, 758, 741, 778, 750]
[20, 26214, 790, 785, 764, 742]
[20, 26214, 776, 639, 703, 756]
[20, 26214, 696, 806, 712, 700]
[20, 26214, 760, 762, 711, 730]
[20, 26214, 753, 732, 827, 769]
[20, 26214, 756, 753, 808, 714]
[20, 26214, 710, 750, 805, 774]
[20, 26214, 749, 737, 753, 784]
[20, 26214, 817, 773, 735, 739]
[20, 26214, 756, 800, 780, 759]
[20, 26214, 764, 773, 821, 757]
[20, 26214, 799, 735, 749, 734]
[20, 26214, 735, 777, 797, 728]
[20, 26214, 746, 738, 728, 740]
[20, 26214, 760, 807, 769, 765]
[20, 26214, 800, 711, 768, 730]
[20, 26214, 741, 813, 761, 743]
[20, 26214, 764, 756, 750, 778]
[20, 26214, 846, 746, 739, 767]
[20, 26214, 794, 771, 761, 768]
[20, 26214, 801, 692, 733, 795]
[20, 26214, 711, 732, 728, 752]
[20, 26214, 792, 741, 746, 785]
[20, 26214, 714, 784, 774, 727]
[20, 26214, 823, 783, 730, 743]
[20, 26214, 783, 735, 703, 756]
[20, 26214, 722, 762, 763, 794]
[20, 26214, 725, 755, 778, 752]
[20, 26214, 749, 757, 766, 750]
[20, 26214, 719, 763, 763, 740]
[20, 26214, 765, 739, 770, 751]
[20, 26214, 728, 791, 804, 766]
[20, 26214, 806, 784, 808, 738]
[20, 26214, 783, 702, 775, 741]
[20, 26214, 722, 810, 692, 765]
[20, 26214, 804, 780, 792, 680]
[20, 26214, 779, 724, 742, 802]
[20, 26214, 751, 774, 834, 756]
[20, 26214, 764, 823, 722, 781]
[20, 26214, 802, 704, 739, 780]
[20, 26214, 788, 738, 766, 787]
[20, 26214, 744, 781, 714, 773]
[20, 26214, 729, 752, 702, 775]
[20, 26214, 701, 717, 759, 704]
[20, 26214, 759, 822, 712, 783]
[20, 26214, 753, 767, 789, 760]
[20, 26214, 822, 768, 730, 759]
[20, 26214, 800, 709, 779, 758]
[20, 26214, 761, 732, 755, 765]
[20, 26214, 823, 733, 689, 728]
[20, 26214, 767, 762, 742, 716]
[20, 26214, 777, 786, 828, 713]
[20, 26214, 790, 720, 738, 792]
[20, 26214, 759, 752, 769, 761]
[20, 26214, 731, 834, 764, 800]
[20, 26214, 839, 764, 723, 799]
[20, 26214, 789, 761, 750, 714]
[20, 26214, 737, 765, 772, 785]
[20, 26214, 733, 769, 744, 802]
[20, 26214, 821, 727, 743, 753]
[20, 26214, 780, 751, 810, 775]
[20, 26214, 746, 788, 748, 773]
[20, 26214, 760, 733, 759, 731]
[20, 26214, 774, 710, 745, 756]
[20, 26214, 748, 686, 744, 782]
[20, 26214, 776, 722, 763, 767]
[20, 26214, 745, 799, 801, 789]
[20, 26214, 748, 765, 752, 747]
[20, 26214, 755, 768, 750, 731]
[20, 26214, 854, 763, 749, 716]
[20, 26214, 700, 765, 783, 754]
[20, 26214, 809, 752, 766, 770]
[20, 26214, 732, 745, 813, 755]
[20, 26214, 698, 781, 716, 809]
[20, 26214, 757, 825, 772, 737]
[20, 26214, 749, 733, 727, 748]
[20, 26214, 804, 745, 716, 706]
[20, 26214, 762, 732, 804, 723]
[20, 26214, 758, 743, 757, 757]
[20, 26214, 747, 726, 755, 781]
[20, 26214, 722, 777, 714, 718]
[20, 26214, 754, 821, 789, 735]
[20, 26214, 704, 803, 765, 767]
[20, 26214, 789, 761, 696, 738]
[20, 26214, 729, 741, 814, 709]
[20, 26214, 784, 764, 805, 736]
[25, 32768, 1087, 1194, 1138, 1198]
[25, 32768, 1156, 1145, 1163, 1138]
[25, 32768, 1248, 1101, 1156, 1139]
[25, 32768, 1146, 1163, 1232, 1228]
[25, 32768, 1163, 1217, 1197, 1080]
[25, 32768, 1134, 1130, 1178, 1171]
[25, 32768, 1137, 1237, 1118, 1168]
[25, 32768, 1198, 1111, 1240, 1150]
[25, 32768, 1163, 1216, 1182, 1245]
[25, 32768, 1199, 1212, 1168, 1114]
[25, 32768, 1248, 1203, 1126, 1210]
[25, 32768, 1182, 1203, 1138, 1179]
[25, 32768, 1223, 1202, 1172, 1249]
[25, 32768, 1199, 1166, 1143, 1165]
[25, 32768, 1094, 1162, 1163, 1227]
[25, 32768, 1217, 1133, 1110, 1198]
[25, 32768, 1147, 1217, 1130, 1189]
[25, 32768, 1244, 1184, 1209, 1179]
[25, 32768, 1060, 1156, 1186, 1230]
[25, 32768, 1178, 1167, 1226, 1160]
[25, 32768, 1108, 1106, 1270, 1213]
[25, 32768, 1146, 1177, 1159, 1217]
[25, 32768, 1218, 1190, 1143, 1226]
[25, 32768, 1132, 1201, 1188, 1157]
[25, 32768, 1194, 1231, 1249, 1095]
[25, 32768, 1201, 1169, 1217, 1172]
[25, 32768, 1187, 1188, 1208, 1239]
[25, 32768, 1151, 1261, 1121, 1170]
[25, 32768, 1185, 1175, 1103, 1215]
[25, 32768, 1226, 1124, 1201, 1224]
[25, 32768, 1233, 1232, 1121, 1127]
[25, 32768, 1204, 1234, 1221, 1163]
[25, 32768, 1250, 1202, 1214, 1196]
[25, 32768, 1146, 1178, 1150, 1169]
[25, 32768, 1237, 1175, 1132, 1165]
[25, 32768, 1130, 1190, 1253, 1236]
[25, 32768, 1267, 1177, 1099, 1139]
[25, 32768, 1216, 1152, 1173, 1096]
[25, 32768, 1208, 1169, 1103, 1184]
[25, 32768, 1242, 1192, 1189, 1208]
[25, 32768, 1187, 1205, 1162, 1165]
[25, 32768, 1180, 1188, 1152, 1172]
[25, 32768, 1203, 1221, 1149, 1214]
[25, 32768, 1194, 1110, 1135, 1161]
[25, 32768, 1171, 1186, 1169, 1137]
[25, 32768, 1120, 1160, 1190, 1150]
[25, 32768, 1190, 1186, 1178, 1090]
[25, 32768, 1199, 1164, 1173, 1252]
[25, 32768, 1136, 1188, 1194, 1198]
[25, 32768, 1175, 1195, 1203, 1145]
[25, 32768, 1134, 1179, 1211, 1066]
[25, 32768, 1229, 1180, 1163, 1175]
[25, 32768, 1190, 1174, 1144, 1187]
[25, 32768, 1198, 1174, 1139, 1135]
[25, 32768, 1108, 1202, 1171, 1163]
[25, 32768, 1161, 1141, 1174, 1219]
[25, 32768, 1162, 1222, 1174, 1186]
[25, 32768, 1158, 1143, 1079, 1124]
[25, 32768, 1134, 1122, 1197, 1125]
[25, 32768, 1178, 1094, 1173, 1130]
[25, 32768, 1245, 1238, 1116, 1119]
[25, 32768, 1220, 1157, 1176, 1163]
[25, 32768, 1189, 1125, 1189, 1154]
[25, 32768, 1233, 1153, 1147, 1180]
[25, 32768, 1152, 1211, 1116, 1158]
[25, 32768, 1161, 1149, 1278, 1106]
[25, 32768, 1220, 1195, 1227, 1118]
[25, 32768, 1226, 1172, 1215, 1114]
[25, 32768, 1088, 1270, 1116, 1218]
[25, 32768, 1230, 1137, 1165, 1179]
[25, 32768, 1175, 1216, 1195, 1158]
[25, 32768, 1145, 1245, 1232, 1148]
[25, 32768, 1149, 1200, 1161, 1253]
[25, 32768, 1204, 1130, 1192, 1169]
[25, 32768, 1184, 1201, 1191, 1160]
[25, 32768, 1170, 1218, 1187, 1109]
[25, 32768, 1140, 1218, 1183, 1166]
[25, 32768, 1090, 1223, 1181, 1184]
[25, 32768, 1193, 1153, 1157, 1181]
[25, 32768, 1173, 1205, 1171, 1169]
[25, 32768, 1158, 1168, 1166, 1146]
[25, 32768, 1162, 1185, 1147, 1143]
[25, 32768, 1265, 1132, 1140, 1169]
[25, 32768, 1240, 1178, 1084, 1164]
[25, 32768, 1152, 1160, 1210, 1114]
[25, 32768, 1200, 1192, 1204, 1111]
[25, 32768, 1119, 1112, 1171, 1199]
[25, 32768, 1172, 1140, 1133, 1183]
[25, 32768, 1212, 1172, 1178, 1132]
[25, 32768, 1167, 1190, 1220, 1152]
[25, 32768, 1207, 1201, 1162, 1185]
[25, 32768, 1148, 1198, 1204, 1142]
[25, 32768, 1168, 1185, 1117, 1222]
[25, 32768, 1179, 1189, 1196, 1268]
[25, 32768, 1201, 1175, 1159, 1161]
[25, 32768, 1110, 1188, 1189, 1123]
[25, 32768, 1125, 1180, 1144, 1139]
[25, 32768, 1199, 1217, 1114, 1136]
[25, 32768, 1148, 1192, 1180, 1073]
[25, 32768, 1120, 1204, 1213, 1184]
[30, 39321, 1682, 1754, 1685, 1693]
[30, 39321, 1730, 1689, 1721, 1689]
[30, 39321, 1741, 1654, 1669, 1745]
[30, 39321, 1642, 1724, 1726, 1710]
[30, 39321, 1697, 1706, 1678, 1598]
[30, 39321, 1741, 1673, 1635, 1693]
[30, 39321, 1616, 1752, 1653, 1629]
[30, 39321, 1637, 1614, 1691, 1638]
[30, 39321, 1706, 1700, 1703, 1682]
[30, 39321, 1663, 1728, 1632, 1731]
[30, 39321, 1723, 1746, 1658, 1791]
[30, 39321, 1714, 1617, 1591, 1729]
[30, 39321, 1685, 1689, 1588, 1712]
[30, 39321, 1645, 1696, 1700, 1628]
[30, 39321, 1649, 1650, 1685, 1683]
[30, 39321, 1821, 1665, 1645, 1724]
[30, 39321, 1671, 1721, 1729, 1651]
[30, 39321, 1815, 1692, 1665, 1727]
[30, 39321, 1676, 1561, 1774, 1702]
[30, 39321, 1626, 1648, 1792, 1645]
[30, 39321, 1688, 1693, 1766, 1687]
[30, 39321, 1621, 1639, 1765, 1762]
[30, 39321, 1722, 1662, 1619, 1696]
[30, 39321, 1641, 1697, 1654, 1655]
[30, 39321, 1630, 1636, 1725, 1553]
[30, 39321, 1687, 1699, 1627, 1679]
[30, 39321, 1764, 1734, 1749, 1595]
[30, 39321, 1683, 1728, 1619, 1683]
[30, 39321, 1688, 1609, 1607, 1690]
[30, 39321, 1697, 1600, 1693, 1612]
[30, 39321, 1598, 1724, 1630, 1785]
[30, 39321, 1679, 1756, 1609, 1618]
[30, 39321, 1749, 1641, 1705, 1640]
[30, 39321, 1735, 1626, 1667, 1661]
[30, 39321, 1738, 1671, 1684, 1717]
[30, 39321, 1717, 1645, 1704, 1726]
[30, 39321, 1723, 1662, 1702, 1747]
[30, 39321, 1695, 1716, 1728, 1716]
[30, 39321, 1806, 1684, 1622, 1699]
[30, 39321, 1694, 1647, 1637, 1719]
[30, 39321, 1739, 1679, 1681, 1657]
[30, 39321, 1705, 1704, 1679, 1693]
[30, 39321, 1784, 1604, 1652, 1704]
[30, 39321, 1734, 1623, 1702, 1665]
[30, 39321, 1702, 1592, 1696, 1678]
[30, 39321, 1686, 1782, 1692, 1638]
[30, 39321, 1727, 1700, 1706, 1605]
[30, 39321, 1711, 1597, 1678, 1743]
[30, 39321, 1699, 1744, 1622, 1729]
[30, 39321, 1708, 1697, 1622, 1659]
[30, 39321, 1681, 1685, 1701, 1665]
[30, 39321, 1685, 1784, 1650, 1671]
[30, 39321, 1715, 1676, 1600, 1748]
[30, 39321, 1714, 1632, 1659, 1753]
[30, 39321, 1697, 1727, 1765, 1682]
[30, 39321, 1670, 1734, 1639, 1681]
[30, 39321, 1719, 1674, 1645, 1686]
[30, 39321, 1596, 1714, 1698, 1655]
[30, 39321, 1731, 1648, 1713, 1668]
[30, 39321, 1705, 1702, 1636, 1695]
[30, 39321, 1704, 1735, 1624, 1614]
[30, 39321, 1698, 1617, 1670, 1672]
[30, 39321, 1777, 1683, 1713, 1659]
[30, 39321, 1659, 1729, 1657, 1686]
[30, 39321, 1714, 1725, 1741, 1726]
[30, 39321, 1713, 1685, 1763, 1667]
[30, 39321, 1719, 1687, 1689, 1705]
[30, 39321, 1684, 1696, 1622, 1692]
[30, 39321, 1599, 1806, 1646, 1791]
[30, 39321, 1669, 1711, 1615, 1738]
[30, 39321, 1708, 1651, 1644, 1637]
[30, 39321, 1710, 1754, 1668, 1741]
[30, 39321, 1643, 1658, 1706, 1688]
[30, 39321, 1806, 1705, 1639, 1662]
[30, 39321, 1635, 1769, 1722, 1676]
[30, 39321, 1692, 1758, 1727, 1576]
[30, 39321, 1749, 1707, 1692, 1680]
[30, 39321, 1755, 1748, 1699, 1702]
[30, 39321, 1661, 1650, 1664, 1724]
[30, 39321, 1704, 1634, 1629, 1677]
[30, 39321, 1640, 1697, 1694, 1695]
[30, 39321, 1620, 1743, 1687, 1702]
[30, 39321, 1841, 1737, 1661, 1669]
[30, 39321, 1706, 1748, 1641, 1692]
[30, 39321, 1740, 1637, 1704, 1740]
[30, 39321, 1703, 1668, 1649, 1636]
[30, 39321, 1653, 1749, 1661, 1651]
[30, 39321, 1686, 1781, 1650, 1659]
[30, 39321, 1755, 1779, 1722, 1665]
[30, 39321, 1602, 1731, 1707, 1681]
[30, 39321, 1642, 1722, 1674, 1707]
[30, 39321, 1595, 1656, 1697, 1560]
[30, 39321, 1771, 1669, 1700, 1657]
[30, 39321, 1606, 1650, 1679, 1709]
[30, 39321, 1647, 1677, 1665, 1572]
[30, 39321, 1651, 1684, 1713, 1646]
[30, 39321, 1673, 1734, 1600, 1682]
[30, 39321, 1687, 1702, 1606, 1636]
[30, 39321, 1767, 1660, 1659, 1725]
[30, 39321, 1602, 1705, 1746, 1794]
[35, 45875, 2364, 2331, 2261, 2233]
[35, 45875, 2361, 2255, 2251, 2287]
[35, 45875, 2258, 2257, 2259, 2265]
[35, 45875, 2258, 2272, 2190, 2342]
[35, 45875, 2210, 2310, 2289, 2283]
[35, 45875, 2363, 2297, 2286, 2248]
[35, 45875, 2261, 2333, 2235, 2201]
[35, 45875, 2357, 2384, 2291, 2301]
[35, 45875, 2228, 2256, 2248, 2222]
[35, 45875, 2308, 2327, 2263, 2273]
[35, 45875, 2410, 2185, 2149, 2306]
[35, 45875, 2310, 2247, 2278, 2293]
[35, 45875, 2259, 2373, 2235, 2284]
[35, 45875, 2281, 2321, 2270, 2282]
[35, 45875, 2180, 2316, 2309, 2219]
[35, 45875, 2342, 2219, 2207, 2284]
[35, 45875, 2224, 2429, 2180, 2270]
[35, 45875, 2434, 2241, 2345, 2208]
[35, 45875, 2202, 2196, 2420, 2285]
[35, 45875, 2282, 2240, 2439, 2355]
[35, 45875, 2259, 2279, 2326, 2358]
[35, 45875, 2319, 2245, 2348, 2396]
[35, 45875, 2445, 2298, 2223, 2281]
[35, 45875, 2201, 2302, 2362, 2333]
[35, 45875, 2343, 2325, 2354, 2242]
[35, 45875, 2300, 2232, 2186, 2378]
[35, 45875, 2363, 2326, 2358, 2208]
[35, 45875, 2275, 2369, 2219, 2338]
[35, 45875, 2311, 2277, 2356, 2311]
[35, 45875, 2354, 2233, 2365, 2332]
[35, 45875, 2205, 2297, 2314, 2339]
[35, 45875, 2237, 2377, 2336, 2274]
[35, 45875, 2290, 2196, 2263, 2354]
[35, 45875, 2277, 2182, 2306, 2319]
[35, 45875, 2485, 2256, 2208, 2254]
[35, 45875, 2219, 2349, 2366, 2312]
[35, 45875, 2314, 2230, 2341, 2296]
[35, 45875, 2335, 2241, 2335, 2223]
[35, 45875, 2371, 2275, 2210, 2281]
[35, 45875, 2266, 2315, 2240, 2335]
[35, 45875, 2267, 2349, 2353, 2214]
[35, 45875, 2316, 2262, 2353, 2266]
[35, 45875, 2376, 2218, 2313, 2290]
[35, 45875, 2348, 2287, 2280, 2260]
[35, 45875, 2312, 2304, 2249, 2375]
[35, 45875, 2390, 2311, 2310, 2321]
[35, 45875, 2334, 2243, 2241, 2177]
[35, 45875, 2329, 2243, 2296, 2256]
[35, 45875, 2285, 2264, 2194, 2323]
[35, 45875, 2261, 2304, 2233, 2236]
[35, 45875, 2353, 2312, 2216, 2350]
[35, 45875, 2246, 2373, 2304, 2308]
[35, 45875, 2363, 2341, 2212, 2343]
[35, 45875, 2328, 2299, 2226, 2399]
[35, 45875, 2264, 2269, 2341, 2246]
[35, 45875, 2306, 2294, 2191, 2392]
[35, 45875, 2254, 2269, 2335, 2315]
[35, 45875, 2205, 2311, 2319, 2310]
[35, 45875, 2336, 2295, 2290, 2182]
[35, 45875, 2299, 2170, 2330, 2265]
[35, 45875, 2364, 2304, 2334, 2253]
[35, 45875, 2431, 2250, 2287, 2197]
[35, 45875, 2283, 2254, 2221, 2302]
[35, 45875, 2281, 2275, 2254, 2266]
[35, 45875, 2280, 2241, 2236, 2297]
[35, 45875, 2234, 2319, 2383, 2208]
[35, 45875, 2276, 2263, 2294, 2270]
[35, 45875, 2252, 2293, 2229, 2290]
[35, 45875, 2173, 2316, 2253, 2374]
[35, 45875, 2323, 2285, 2245, 2325]
[35, 45875, 2255, 2310, 2253, 2453]
[35, 45875, 2281, 2273, 2306, 2352]
[35, 45875, 2316, 2262, 2327, 2336]
[35, 45875, 2311, 2344, 2313, 2212]
[35, 45875, 2266, 2282, 2257, 2266]
[35, 45875, 2205, 2296, 2360, 2284]
[35, 45875, 2271, 2258, 2279, 2344]
[35, 45875, 2282, 2304, 2250, 2311]
[35, 45875, 2279, 2214, 2286, 2401]
[35, 45875, 2339, 2201, 2256, 2203]
[35, 45875, 2266, 2259, 2226, 2326]
[35, 45875, 2274, 2331, 2331, 2323]
[35, 45875, 2340, 2233, 2132, 2293]
[35, 45875, 2334, 2308, 2216, 2312]
[35, 45875, 2327, 2229, 2249, 2261]
[35, 45875, 2317, 2285, 2385, 2275]
[35, 45875, 2189, 2291, 2418, 2332]
[35, 45875, 2348, 2445, 2239, 2226]
[35, 45875, 2359, 2332, 2365, 2171]
[35, 45875, 2331, 2313, 2248, 2327]
[35, 45875, 2344, 2197, 2291, 2260]
[35, 45875, 2217, 2361, 2282, 2218]
[35, 45875, 2342, 2237, 2166, 2349]
[35, 45875, 2256, 2359, 2316, 2388]
[35, 45875, 2309, 2304, 2271, 2181]
[35, 45875, 2251, 2375, 2312, 2277]
[35, 45875, 2289, 2349, 2267, 2274]
[35, 45875, 2311, 2293, 2269, 2303]
[35, 45875, 2327, 2288, 2364, 2407]
[35, 45875, 2144, 2220, 2366, 2362]
[40, 52428, 3019, 3031, 2983, 2964]
[40, 52428, 3011, 3061, 3161, 2991]
[40, 52428, 2975, 2953, 3027, 3111]
[40, 52428, 2987, 3031, 2931, 3121]
[40, 52428, 2995, 3002, 3067, 2884]
[40, 52428, 3073, 2908, 3038, 2959]
[40, 52428, 2948, 3078, 2943, 3046]
[40, 52428, 3022, 3022, 3066, 2961]
[40, 52428, 2890, 3001, 3082, 3092]
[40, 52428, 3025, 2922, 3067, 2919]
[40, 52428, 3020, 2985, 2932, 3094]
[40, 52428, 2997, 2996, 2945, 3081]
[40, 52428, 3090, 3031, 2964, 2980]
[40, 52428, 2967, 3001, 2918, 2862]
[40, 52428, 3024, 2955, 3093, 3086]
[40, 52428, 3047, 2892, 3042, 3009]
[40, 52428, 3003, 3101, 2883, 3013]
[40, 52428, 3065, 3011, 2967, 3001]
[40, 52428, 2954, 2947, 3185, 2966]
[40, 52428, 3051, 2998, 3116, 3009]
[40, 52428, 2943, 3080, 3003, 2984]
[40, 52428, 2964, 3075, 3059, 3096]
[40, 52428, 2962, 3008, 2986, 3011]
[40, 52428, 2956, 3079, 3002, 3094]
[40, 52428, 2978, 3047, 3009, 2957]
[40, 52428, 3100, 2956, 2951, 3044]
[40, 52428, 3019, 3070, 3041, 2944]
[40, 52428, 3080, 2997, 3042, 2888]
[40, 52428, 2957, 3018, 3074, 3018]
[40, 52428, 3005, 2941, 2990, 3053]
[40, 52428, 2900, 3048, 3051, 3036]
[40, 52428, 3027, 3017, 3084, 2923]
[40, 52428, 3035, 2900, 2918, 3009]
[40, 52428, 3083, 2987, 2963, 2962]
[40, 52428, 3116, 2919, 2897, 3040]
[40, 52428, 2886, 2993, 2998, 3167]
[40, 52428, 2940, 2948, 3015, 3065]
[40, 52428, 2949, 2958, 3102, 2956]
[40, 52428, 3097, 3092, 2872, 3004]
[40, 52428, 2992, 2973, 2999, 3093]
[40, 52428, 3104, 2842, 2984, 2905]
[40, 52428, 3113, 3087, 2929, 2923]
[40, 52428, 3092, 3034, 3003, 2964]
[40, 52428, 3022, 3060, 3113, 2950]
[40, 52428, 3025, 3008, 3006, 2955]
[40, 52428, 3018, 3049, 3055, 2892]
[40, 52428, 3068, 3046, 3044, 2918]
[40, 52428, 3040, 3023, 2956, 2890]
[40, 52428, 2976, 3100, 2869, 3038]
[40, 52428, 2922, 2976, 2907, 3018]
[40, 52428, 3032, 3033, 2967, 3046]
[40, 52428, 2930, 3029, 2944, 2965]
[40, 52428, 3008, 3044, 3000, 3070]
[40, 52428, 3004, 3092, 2922, 3048]
[40, 52428, 3021, 2948, 3037, 2964]
[40, 52428, 2917, 2891, 2924, 3144]
[40, 52428, 2943, 2942, 3086, 3102]
[40, 52428, 2951, 2989, 3107, 2981]
[40, 52428, 3080, 3087, 2997, 2959]
[40, 52428, 2946, 3001, 3083, 3026]
[40, 52428, 3065, 3025, 2941, 2818]
[40, 52428, 3164, 2911, 2985, 2996]
[40, 52428, 3015, 2947, 2887, 2998]
[40, 52428, 3068, 3085, 2920, 3033]
[40, 52428, 3009, 3023, 3075, 2997]
[40, 52428, 3026, 3019, 3132, 2955]
[40, 52428, 2953, 2978, 2946, 2964]
[40, 52428, 3076, 3003, 2947, 2999]
[40, 52428, 2938, 3075, 2896, 3014]
[40, 52428, 3078, 3069, 2961, 3003]
[40, 52428, 3050, 3082, 2915, 3115]
[40, 52428, 2986, 3079, 2948, 2995]
[40, 52428, 3018, 2971, 2982, 3051]
[40, 52428, 3034, 2985, 3031, 2949]
[40, 52428, 2995, 2949, 3012, 3080]
[40, 52428, 3023, 2992, 3073, 3002]
[40, 52428, 2997, 2951, 2958, 2975]
[40, 52428, 2969, 3020, 3004, 3005]
[40, 52428, 2932, 2934, 2943, 3068]
[40, 52428, 3126, 2979, 2928, 3014]
[40, 52428, 3065, 2978, 2993, 3124]
[40, 52428, 2931, 3120, 2975, 3050]
[40, 52428, 3109, 2979, 2841, 3088]
[40, 52428, 3083, 3063, 2898, 3037]
[40, 52428, 2941, 2959, 3032, 2985]
[40, 52428, 2989, 3010, 3076, 3095]
[40, 52428, 2884, 2986, 3082, 3015]
[40, 52428, 3060, 3068, 2975, 3006]
[40, 52428, 3063, 3093, 2948, 2943]
[40, 52428, 2982, 2961, 3091, 2964]
[40, 52428, 2961, 2957, 2904, 3005]
[40, 52428, 2854, 3013, 3022, 2905]
[40, 52428, 3015, 2848, 2944, 3038]
[40, 52428, 2966, 3010, 2940, 3061]
[40, 52428, 3010, 3019, 2865, 2909]
[40, 52428, 3119, 3111, 3003, 2883]
[40, 52428, 3038, 3007, 3036, 3005]
[40, 52428, 2993, 3066, 2935, 3039]
[40, 52428, 2994, 2996, 2936, 2955]
[40, 52428, 2932, 2927, 3065, 2946]
