[1, 1310, 303]
[1, 1310, 296]
[1, 1310, 301]
[1, 1310, 301]
[1, 1310, 338]
[1, 1310, 300]
[1, 1310, 289]
[1, 1310, 299]
[1, 1310, 290]
[1, 1310, 307]
[1, 1310, 296]
[1, 1310, 312]
[1, 1310, 318]
[1, 1310, 315]
[1, 1310, 294]
[1, 1310, 304]
[1, 1310, 295]
[1, 1310, 273]
[1, 1310, 301]
[1, 1310, 313]
[1, 1310, 310]
[1, 1310, 316]
[1, 1310, 311]
[1, 1310, 295]
[1, 1310, 310]
[1, 1310, 300]
[1, 1310, 318]
[1, 1310, 279]
[1, 1310, 298]
[1, 1310, 293]
[1, 1310, 288]
[1, 1310, 301]
[1, 1310, 287]
[1, 1310, 314]
[1, 1310, 281]
[1, 1310, 332]
[1, 1310, 306]
[1, 1310, 282]
[1, 1310, 297]
[1, 1310, 281]
[1, 1310, 286]
[1, 1310, 320]
[1, 1310, 320]
[1, 1310, 292]
[1, 1310, 296]
[1, 1310, 318]
[1, 1310, 297]
[1, 1310, 290]
[1, 1310, 292]
[1, 1310, 302]
[1, 1310, 282]
[1, 1310, 299]
[1, 1310, 284]
[1, 1310, 307]
[1, 1310, 315]
[1, 1310, 298]
[1, 1310, 281]
[1, 1310, 307]
[1, 1310, 278]
[1, 1310, 309]
[1, 1310, 313]
[1, 1310, 292]
[1, 1310, 298]
[1, 1310, 297]
[1, 1310, 298]
[1, 1310, 297]
[1, 1310, 300]
[1, 1310, 321]
[1, 1310, 318]
[1, 1310, 323]
[1, 1310, 294]
[1, 1310, 287]
[1, 1310, 306]
[1, 1310, 312]
[1, 1310, 328]
[1, 1310, 284]
[1, 1310, 300]
[1, 1310, 289]
[1, 1310, 297]
[1, 1310, 331]
[1, 1310, 285]
[1, 1310, 309]
[1, 1310, 293]
[1, 1310, 327]
[1, 1310, 291]
[1, 1310, 309]
[1, 1310, 299]
[1, 1310, 303]
[1, 1310, 300]
[1, 1310, 275]
[1, 1310, 310]
[1, 1310, 304]
[1, 1310, 305]
[1, 1310, 290]
[1, 1310, 297]
[1, 1310, 298]
[1, 1310, 272]
[1, 1310, 308]
[1, 1310, 294]
[1, 1310, 284]
[2, 2621, 815]
[2, 2621, 786]
[2, 2621, 751]
[2, 2621, 838]
[2, 2621, 847]
[2, 2621, 823]
[2, 2621, 797]
[2, 2621, 799]
[2, 2621, 835]
[2, 2621, 801]
[2, 2621, 799]
[2, 2621, 864]
[2, 2621, 804]
[2, 2621, 857]
[2, 2621, 848]
[2, 2621, 788]
[2, 2621, 810]
[2, 2621, 827]
[2, 2621, 805]
[2, 2621, 810]
[2, 2621, 823]
[2, 2621, 866]
[2, 2621, 824]
[2, 2621, 842]
[2, 2621, 826]
[2, 2621, 853]
[2, 2621, 787]
[2, 2621, 830]
[2, 2621, 848]
[2, 2621, 774]
[2, 2621, 788]
[2, 2621, 786]
[2, 2621, 836]
[2, 2621, 821]
[2, 2621, 813]
[2, 2621, 855]
[2, 2621, 872]
[2, 2621, 765]
[2, 2621, 844]
[2, 2621, 806]
[2, 2621, 809]
[2, 2621, 815]
[2, 2621, 771]
[2, 2621, 814]
[2, 2621, 835]
[2, 2621, 772]
[2, 2621, 810]
[2, 2621, 849]
[2, 2621, 857]
[2, 2621, 776]
[2, 2621, 824]
[2, 2621, 800]
[2, 2621, 825]
[2, 2621, 829]
[2, 2621, 854]
[2, 2621, 816]
[2, 2621, 817]
[2, 2621, 805]
[2, 2621, 794]
[2, 2621, 843]
[2, 2621, 802]
[2, 2621, 848]
[2, 2621, 846]
[2, 2621, 807]
[2, 2621, 787]
[2, 2621, 782]
[2, 2621, 778]
[2, 2621, 834]
[2, 2621, 843]
[2, 2621, 801]
[2, 2621, 814]
[2, 2621, 797]
[2, 2621, 783]
[2, 2621, 835]
[2, 2621, 870]
[2, 2621, 852]
[2, 2621, 806]
[2, 2621, 831]
[2, 2621, 829]
[2, 2621, 804]
[2, 2621, 834]
[2, 2621, 795]
[2, 2621, 791]
[2, 2621, 809]
[2, 2621, 799]
[2, 2621, 774]
[2, 2621, 768]
[2, 2621, 814]
[2, 2621, 832]
[2, 2621, 833]
[2, 2621, 778]
[2, 2621, 817]
[2, 2621, 830]
[2, 2621, 789]
[2, 2621, 790]
[2, 2621, 819]
[2, 2621, 845]
[2, 2621, 829]
[2, 2621, 808]
[2, 2621, 785]
[5, 6553, 3515]
[5, 6553, 3568]
[5, 6553, 3593]
[5, 6553, 3450]
[5, 6553, 3596]
[5, 6553, 3543]
[5, 6553, 3603]
[5, 6553, 3517]
[5, 6553, 3619]
[5, 6553, 3550]
[5, 6553, 3580]
[5, 6553, 3618]
[5, 6553, 3587]
[5, 6553, 3580]
[5, 6553, 3549]
[5, 6553, 3587]
[5, 6553, 3569]
[5, 6553, 3549]
[5, 6553, 3548]
[5, 6553, 3538]
[5, 6553, 3543]
[5, 6553, 3508]
[5, 6553, 3555]
[5, 6553, 3569]
[5, 6553, 3505]
[5, 6553, 3557]
[5, 6553, 3598]
[5, 6553, 3543]
[5, 6553, 3555]
[5, 6553, 3537]
[5, 6553, 3551]
[5, 6553, 3538]
[5, 6553, 3467]
[5, 6553, 3566]
[5, 6553, 3585]
[5, 6553, 3543]
[5, 6553, 3578]
[5, 6553, 3545]
[5, 6553, 3589]
[5, 6553, 3609]
[5, 6553, 3532]
[5, 6553, 3507]
[5, 6553, 3559]
[5, 6553, 3511]
[5, 6553, 3506]
[5, 6553, 3616]
[5, 6553, 3581]
[5, 6553, 3547]
[5, 6553, 3541]
[5, 6553, 3555]
[5, 6553, 3572]
[5, 6553, 3584]
[5, 6553, 3566]
[5, 6553, 3543]
[5, 6553, 3536]
[5, 6553, 3593]
[5, 6553, 3637]
[5, 6553, 3541]
[5, 6553, 3547]
[5, 6553, 3611]
[5, 6553, 3611]
[5, 6553, 3538]
[5, 6553, 3530]
[5, 6553, 3523]
[5, 6553, 3566]
[5, 6553, 3606]
[5, 6553, 3534]
[5, 6553, 3557]
[5, 6553, 3569]
[5, 6553, 3588]
[5, 6553, 3575]
[5, 6553, 3542]
[5, 6553, 3577]
[5, 6553, 3546]
[5, 6553, 3502]
[5, 6553, 3554]
[5, 6553, 3652]
[5, 6553, 3592]
[5, 6553, 3535]
[5, 6553, 3521]
[5, 6553, 3518]
[5, 6553, 3548]
[5, 6553, 3533]
[5, 6553, 3615]
[5, 6553, 3515]
[5, 6553, 3485]
[5, 6553, 3520]
[5, 6553, 3589]
[5, 6553, 3587]
[5, 6553, 3588]
[5, 6553, 3620]
[5, 6553, 3546]
[5, 6553, 3561]
[5, 6553, 3587]
[5, 6553, 3529]
[5, 6553, 3494]
[5, 6553, 3606]
[5, 6553, 3549]
[5, 6553, 3504]
[5, 6553, 3530]
[10, 13107, 10413]
[10, 13107, 10429]
[10, 13107, 10453]
[10, 13107, 10436]
[10, 13107, 10461]
[10, 13107, 10478]
[10, 13107, 10432]
[10, 13107, 10471]
[10, 13107, 10464]
[10, 13107, 10438]
[10, 13107, 10511]
[10, 13107, 10501]
[10, 13107, 10445]
[10, 13107, 10510]
[10, 13107, 10482]
[10, 13107, 10401]
[10, 13107, 10481]
[10, 13107, 10501]
[10, 13107, 10505]
[10, 13107, 10459]
[10, 13107, 10412]
[10, 13107, 10516]
[10, 13107, 10475]
[10, 13107, 10409]
[10, 13107, 10472]
[10, 13107, 10464]
[10, 13107, 10506]
[10, 13107, 10539]
[10, 13107, 10448]
[10, 13107, 10494]
[10, 13107, 10472]
[10, 13107, 10475]
[10, 13107, 10480]
[10, 13107, 10470]
[10, 13107, 10520]
[10, 13107, 10452]
[10, 13107, 10493]
[10, 13107, 10500]
[10, 13107, 10523]
[10, 13107, 10520]
[10, 13107, 10443]
[10, 13107, 10480]
[10, 13107, 10520]
[10, 13107, 10510]
[10, 13107, 10441]
[10, 13107, 10514]
[10, 13107, 10432]
[10, 13107, 10526]
[10, 13107, 10499]
[10, 13107, 10443]
[10, 13107, 10545]
[10, 13107, 10500]
[10, 13107, 10476]
[10, 13107, 10423]
[10, 13107, 10435]
[10, 13107, 10447]
[10, 13107, 10518]
[10, 13107, 10440]
[10, 13107, 10464]
[10, 13107, 10463]
[10, 13107, 10441]
[10, 13107, 10476]
[10, 13107, 10462]
[10, 13107, 10407]
[10, 13107, 10493]
[10, 13107, 10426]
[10, 13107, 10405]
[10, 13107, 10467]
[10, 13107, 10457]
[10, 13107, 10481]
[10, 13107, 10488]
[10, 13107, 10418]
[10, 13107, 10495]
[10, 13107, 10522]
[10, 13107, 10472]
[10, 13107, 10434]
[10, 13107, 10500]
[10, 13107, 10466]
[10, 13107, 10505]
[10, 13107, 10451]
[10, 13107, 10460]
[10, 13107, 10447]
[10, 13107, 10546]
[10, 13107, 10436]
[10, 13107, 10424]
[10, 13107, 10425]
[10, 13107, 10505]
[10, 13107, 10433]
[10, 13107, 10518]
[10, 13107, 10522]
[10, 13107, 10508]
[10, 13107, 10453]
[10, 13107, 10455]
[10, 13107, 10461]
[10, 13107, 10436]
[10, 13107, 10505]
[10, 13107, 10388]
[10, 13107, 10433]
[10, 13107, 10372]
[10, 13107, 10459]
[15, 19660, 17987]
[15, 19660, 18025]
[15, 19660, 18015]
[15, 19660, 17999]
[15, 19660, 17994]
[15, 19660, 17960]
[15, 19660, 17904]
[15, 19660, 17982]
[15, 19660, 17983]
[15, 19660, 17950]
[15, 19660, 18077]
[15, 19660, 17910]
[15, 19660, 17897]
[15, 19660, 17945]
[15, 19660, 17990]
[15, 19660, 18031]
[15, 19660, 18032]
[15, 19660, 18038]
[15, 19660, 17957]
[15, 19660, 17949]
[15, 19660, 17956]
[15, 19660, 17990]
[15, 19660, 17986]
[15, 19660, 17983]
[15, 19660, 18088]
[15, 19660, 17996]
[15, 19660, 17999]
[15, 19660, 17972]
[15, 19660, 17977]
[15, 19660, 17955]
[15, 19660, 18024]
[15, 19660, 17962]
[15, 19660, 18029]
[15, 19660, 17972]
[15, 19660, 17997]
[15, 19660, 17967]
[15, 19660, 17923]
[15, 19660, 17988]
[15, 19660, 18017]
[15, 19660, 18004]
[15, 19660, 17906]
[15, 19660, 17977]
[15, 19660, 17987]
[15, 19660, 17946]
[15, 19660, 17986]
[15, 19660, 17937]
[15, 19660, 17955]
[15, 19660, 17972]
[15, 19660, 17966]
[15, 19660, 17977]
[15, 19660, 17914]
[15, 19660, 17990]
[15, 19660, 17998]
[15, 19660, 17988]
[15, 19660, 17982]
[15, 19660, 17926]
[15, 19660, 17973]
[15, 19660, 17930]
[15, 19660, 17988]
[15, 19660, 18038]
[15, 19660, 17978]
[15, 19660, 17988]
[15, 19660, 17982]
[15, 19660, 17967]
[15, 19660, 17968]
[15, 19660, 17973]
[15, 19660, 17988]
[15, 19660, 17950]
[15, 19660, 17985]
[15, 19660, 17930]
[15, 19660, 18036]
[15, 19660, 18017]
[15, 19660, 17969]
[15, 19660, 17938]
[15, 19660, 18017]
[15, 19660, 17997]
[15, 19660, 17960]
[15, 19660, 17967]
[15, 19660, 18004]
[15, 19660, 17999]
[15, 19660, 18009]
[15, 19660, 17977]
[15, 19660, 17966]
[15, 19660, 17944]
[15, 19660, 18014]
[15, 19660, 17897]
[15, 19660, 17975]
[15, 19660, 18028]
[15, 19660, 17975]
[15, 19660, 17923]
[15, 19660, 18015]
[15, 19660, 17994]
[15, 19660, 17947]
[15, 19660, 17971]
[15, 19660, 17964]
[15, 19660, 17996]
[15, 19660, 17958]
[15, 19660, 17997]
[15, 19660, 17993]
[15, 19660, 18010]
[20, 26214, 25256]
[20, 26214, 25220]
[20, 26214, 25262]
[20, 26214, 25245]
[20, 26214, 25227]
[20, 26214, 25257]
[20, 26214, 25187]
[20, 26214, 25222]
[20, 26214, 25200]
[20, 26214, 25272]
[20, 26214, 25274]
[20, 26214, 25242]
[20, 26214, 25192]
[20, 26214, 25216]
[20, 26214, 25249]
[20, 26214, 25256]
[20, 26214, 25275]
[20, 26214, 25222]
[20, 26214, 25242]
[20, 26214, 25234]
[20, 26214, 25206]
[20, 26214, 25248]
[20, 26214, 25288]
[20, 26214, 25255]
[20, 26214, 25199]
[20, 26214, 25219]
[20, 26214, 25229]
[20, 26214, 25232]
[20, 26214, 25261]
[20, 26214, 25234]
[20, 26214, 25241]
[20, 26214, 25197]
[20, 26214, 25208]
[20, 26214, 25245]
[20, 26214, 25220]
[20, 26214, 25316]
[20, 26214, 25239]
[20, 26214, 25222]
[20, 26214, 25230]
[20, 26214, 25232]
[20, 26214, 25231]
[20, 26214, 25258]
[20, 26214, 25289]
[20, 26214, 25287]
[20, 26214, 25251]
[20, 26214, 25288]
[20, 26214, 25236]
[20, 26214, 25264]
[20, 26214, 25196]
[20, 26214, 25237]
[20, 26214, 25250]
[20, 26214, 25272]
[20, 26214, 25240]
[20, 26214, 25250]
[20, 26214, 25250]
[20, 26214, 25240]
[20, 26214, 25201]
[20, 26214, 25247]
[20, 26214, 25289]
[20, 26214, 25259]
[20, 26214, 25252]
[20, 26214, 25238]
[20, 26214, 25248]
[20, 26214, 25272]
[20, 26214, 25266]
[20, 26214, 25225]
[20, 26214, 25280]
[20, 26214, 25236]
[20, 26214, 25246]
[20, 26214, 25284]
[20, 26214, 25207]
[20, 26214, 25266]
[20, 26214, 25203]
[20, 26214, 25255]
[20, 26214, 25220]
[20, 26214, 25248]
[20, 26214, 25228]
[20, 26214, 25192]
[20, 26214, 25263]
[20, 26214, 25229]
[20, 26214, 25234]
[20, 26214, 25238]
[20, 26214, 25231]
[20, 26214, 25236]
[20, 26214, 25161]
[20, 26214, 25257]
[20, 26214, 25225]
[20, 26214, 25213]
[20, 26214, 25220]
[20, 26214, 25243]
[20, 26214, 25211]
[20, 26214, 25211]
[20, 26214, 25229]
[20, 26214, 25210]
[20, 26214, 25265]
[20, 26214, 25204]
[20, 26214, 25241]
[20, 26214, 25297]
[20, 26214, 25221]
[20, 26214, 25248]
[25, 32768, 32244]
[25, 32768, 32250]
[25, 32768, 32270]
[25, 32768, 32253]
[25, 32768, 32212]
[25, 32768, 32240]
[25, 32768, 32218]
[25, 32768, 32263]
[25, 32768, 32246]
[25, 32768, 32252]
[25, 32768, 32238]
[25, 32768, 32241]
[25, 32768, 32253]
[25, 32768, 32262]
[25, 32768, 32218]
[25, 32768, 32251]
[25, 32768, 32212]
[25, 32768, 32252]
[25, 32768, 32238]
[25, 32768, 32197]
[25, 32768, 32200]
[25, 32768, 32270]
[25, 32768, 32232]
[25, 32768, 32244]
[25, 32768, 32231]
[25, 32768, 32221]
[25, 32768, 32216]
[25, 32768, 32238]
[25, 32768, 32233]
[25, 32768, 32221]
[25, 32768, 32230]
[25, 32768, 32246]
[25, 32768, 32226]
[25, 32768, 32198]
[25, 32768, 32224]
[25, 32768, 32237]
[25, 32768, 32247]
[25, 32768, 32282]
[25, 32768, 32227]
[25, 32768, 32207]
[25, 32768, 32247]
[25, 32768, 32256]
[25, 32768, 32218]
[25, 32768, 32221]
[25, 32768, 32224]
[25, 32768, 32241]
[25, 32768, 32262]
[25, 32768, 32238]
[25, 32768, 32274]
[25, 32768, 32211]
[25, 32768, 32250]
[25, 32768, 32259]
[25, 32768, 32242]
[25, 32768, 32228]
[25, 32768, 32238]
[25, 32768, 32221]
[25, 32768, 32269]
[25, 32768, 32237]
[25, 32768, 32230]
[25, 32768, 32258]
[25, 32768, 32263]
[25, 32768, 32238]
[25, 32768, 32253]
[25, 32768, 32224]
[25, 32768, 32194]
[25, 32768, 32235]
[25, 32768, 32213]
[25, 32768, 32257]
[25, 32768, 32216]
[25, 32768, 32231]
[25, 32768, 32243]
[25, 32768, 32213]
[25, 32768, 32261]
[25, 32768, 32231]
[25, 32768, 32234]
[25, 32768, 32238]
[25, 32768, 32219]
[25, 32768, 32202]
[25, 32768, 32227]
[25, 32768, 32276]
[25, 32768, 32251]
[25, 32768, 32206]
[25, 32768, 32274]
[25, 32768, 32256]
[25, 32768, 32228]
[25, 32768, 32234]
[25, 32768, 32236]
[25, 32768, 32217]
[25, 32768, 32197]
[25, 32768, 32235]
[25, 32768, 32276]
[25, 32768, 32223]
[25, 32768, 32253]
[25, 32768, 32238]
[25, 32768, 32224]
[25, 32768, 32248]
[25, 32768, 32225]
[25, 32768, 32238]
[25, 32768, 32214]
[25, 32768, 32228]
[30, 39321, 39010]
[30, 39321, 39029]
[30, 39321, 39032]
[30, 39321, 39051]
[30, 39321, 39003]
[30, 39321, 39003]
[30, 39321, 39038]
[30, 39321, 39049]
[30, 39321, 39037]
[30, 39321, 39039]
[30, 39321, 39009]
[30, 39321, 39018]
[30, 39321, 39016]
[30, 39321, 39034]
[30, 39321, 39047]
[30, 39321, 39035]
[30, 39321, 39037]
[30, 39321, 39046]
[30, 39321, 39044]
[30, 39321, 39041]
[30, 39321, 39035]
[30, 39321, 39057]
[30, 39321, 39076]
[30, 39321, 39040]
[30, 39321, 39010]
[30, 39321, 39021]
[30, 39321, 38997]
[30, 39321, 39007]
[30, 39321, 39051]
[30, 39321, 39022]
[30, 39321, 39028]
[30, 39321, 39011]
[30, 39321, 39030]
[30, 39321, 39048]
[30, 39321, 39013]
[30, 39321, 39015]
[30, 39321, 39054]
[30, 39321, 39033]
[30, 39321, 39055]
[30, 39321, 39020]
[30, 39321, 39055]
[30, 39321, 39027]
[30, 39321, 39061]
[30, 39321, 39027]
[30, 39321, 39030]
[30, 39321, 39020]
[30, 39321, 39036]
[30, 39321, 39045]
[30, 39321, 39037]
[30, 39321, 39040]
[30, 39321, 39034]
[30, 39321, 39052]
[30, 39321, 38985]
[30, 39321, 39038]
[30, 39321, 39052]
[30, 39321, 39031]
[30, 39321, 39039]
[30, 39321, 39057]
[30, 39321, 39038]
[30, 39321, 39061]
[30, 39321, 39052]
[30, 39321, 39028]
[30, 39321, 39045]
[30, 39321, 39029]
[30, 39321, 39047]
[30, 39321, 39051]
[30, 39321, 39039]
[30, 39321, 39036]
[30, 39321, 39041]
[30, 39321, 39033]
[30, 39321, 39027]
[30, 39321, 39019]
[30, 39321, 39003]
[30, 39321, 39010]
[30, 39321, 39031]
[30, 39321, 39015]
[30, 39321, 39028]
[30, 39321, 39042]
[30, 39321, 39051]
[30, 39321, 39009]
[30, 39321, 39044]
[30, 39321, 39048]
[30, 39321, 39039]
[30, 39321, 39025]
[30, 39321, 39008]
[30, 39321, 39038]
[30, 39321, 39063]
[30, 39321, 39020]
[30, 39321, 38993]
[30, 39321, 39017]
[30, 39321, 39058]
[30, 39321, 39055]
[30, 39321, 39072]
[30, 39321, 39065]
[30, 39321, 39057]
[30, 39321, 39033]
[30, 39321, 39044]
[30, 39321, 39007]
[30, 39321, 39058]
[30, 39321, 39038]
[35, 45875, 45715]
[35, 45875, 45724]
[35, 45875, 45737]
[35, 45875, 45727]
[35, 45875, 45718]
[35, 45875, 45713]
[35, 45875, 45750]
[35, 45875, 45722]
[35, 45875, 45734]
[35, 45875, 45716]
[35, 45875, 45724]
[35, 45875, 45738]
[35, 45875, 45733]
[35, 45875, 45717]
[35, 45875, 45721]
[35, 45875, 45727]
[35, 45875, 45733]
[35, 45875, 45736]
[35, 45875, 45723]
[35, 45875, 45738]
[35, 45875, 45695]
[35, 45875, 45733]
[35, 45875, 45743]
[35, 45875, 45727]
[35, 45875, 45720]
[35, 45875, 45723]
[35, 45875, 45698]
[35, 45875, 45719]
[35, 45875, 45705]
[35, 45875, 45737]
[35, 45875, 45732]
[35, 45875, 45723]
[35, 45875, 45735]
[35, 45875, 45733]
[35, 45875, 45709]
[35, 45875, 45715]
[35, 45875, 45730]
[35, 45875, 45752]
[35, 45875, 45721]
[35, 45875, 45709]
[35, 45875, 45717]
[35, 45875, 45736]
[35, 45875, 45710]
[35, 45875, 45735]
[35, 45875, 45720]
[35, 45875, 45715]
[35, 45875, 45715]
[35, 45875, 45727]
[35, 45875, 45733]
[35, 45875, 45694]
[35, 45875, 45716]
[35, 45875, 45720]
[35, 45875, 45725]
[35, 45875, 45737]
[35, 45875, 45709]
[35, 45875, 45690]
[35, 45875, 45751]
[35, 45875, 45722]
[35, 45875, 45729]
[35, 45875, 45703]
[35, 45875, 45723]
[35, 45875, 45733]
[35, 45875, 45709]
[35, 45875, 45707]
[35, 45875, 45744]
[35, 45875, 45728]
[35, 45875, 45725]
[35, 45875, 45733]
[35, 45875, 45735]
[35, 45875, 45726]
[35, 45875, 45700]
[35, 45875, 45726]
[35, 45875, 45715]
[35, 45875, 45737]
[35, 45875, 45724]
[35, 45875, 45716]
[35, 45875, 45724]
[35, 45875, 45706]
[35, 45875, 45720]
[35, 45875, 45744]
[35, 45875, 45730]
[35, 45875, 45730]
[35, 45875, 45712]
[35, 45875, 45717]
[35, 45875, 45737]
[35, 45875, 45729]
[35, 45875, 45724]
[35, 45875, 45714]
[35, 45875, 45717]
[35, 45875, 45718]
[35, 45875, 45729]
[35, 45875, 45743]
[35, 45875, 45725]
[35, 45875, 45722]
[35, 45875, 45728]
[35, 45875, 45723]
[35, 45875, 45719]
[35, 45875, 45733]
[35, 45875, 45737]
[35, 45875, 45718]
[40, 52428, 52359]
[40, 52428, 52360]
[40, 52428, 52352]
[40, 52428, 52340]
[40, 52428, 52357]
[40, 52428, 52339]
[40, 52428, 52331]
[40, 52428, 52342]
[40, 52428, 52345]
[40, 52428, 52365]
[40, 52428, 52353]
[40, 52428, 52340]
[40, 52428, 52344]
[40, 52428, 52354]
[40, 52428, 52340]
[40, 52428, 52339]
[40, 52428, 52356]
[40, 52428, 52338]
[40, 52428, 52347]
[40, 52428, 52336]
[40, 52428, 52336]
[40, 52428, 52351]
[40, 52428, 52350]
[40, 52428, 52350]
[40, 52428, 52350]
[40, 52428, 52349]
[40, 52428, 52341]
[40, 52428, 52335]
[40, 52428, 52344]
[40, 52428, 52349]
[40, 52428, 52349]
[40, 52428, 52359]
[40, 52428, 52353]
[40, 52428, 52355]
[40, 52428, 52348]
[40, 52428, 52357]
[40, 52428, 52347]
[40, 52428, 52346]
[40, 52428, 52360]
[40, 52428, 52344]
[40, 52428, 52362]
[40, 52428, 52328]
[40, 52428, 52363]
[40, 52428, 52351]
[40, 52428, 52356]
[40, 52428, 52346]
[40, 52428, 52361]
[40, 52428, 52364]
[40, 52428, 52358]
[40, 52428, 52349]
[40, 52428, 52348]
[40, 52428, 52343]
[40, 52428, 52356]
[40, 52428, 52363]
[40, 52428, 52348]
[40, 52428, 52357]
[40, 52428, 52356]
[40, 52428, 52351]
[40, 52428, 52355]
[40, 52428, 52353]
[40, 52428, 52344]
[40, 52428, 52366]
[40, 52428, 52351]
[40, 52428, 52354]
[40, 52428, 52340]
[40, 52428, 52343]
[40, 52428, 52349]
[40, 52428, 52344]
[40, 52428, 52368]
[40, 52428, 52348]
[40, 52428, 52350]
[40, 52428, 52359]
[40, 52428, 52339]
[40, 52428, 52348]
[40, 52428, 52339]
[40, 52428, 52350]
[40, 52428, 52346]
[40, 52428, 52349]
[40, 52428, 52338]
[40, 52428, 52343]
[40, 52428, 52357]
[40, 52428, 52356]
[40, 52428, 52360]
[40, 52428, 52344]
[40, 52428, 52345]
[40, 52428, 52348]
[40, 52428, 52339]
[40, 52428, 52353]
[40, 52428, 52354]
[40, 52428, 52342]
[40, 52428, 52356]
[40, 52428, 52351]
[40, 52428, 52339]
[40, 52428, 52343]
[40, 52428, 52373]
[40, 52428, 52356]
[40, 52428, 52367]
[40, 52428, 52354]
[40, 52428, 52330]
[40, 52428, 52343]
