[1, 1310, 12]
[1, 1310, 12]
[1, 1310, 13]
[1, 1310, 16]
[1, 1310, 10]
[1, 1310, 14]
[1, 1310, 11]
[1, 1310, 5]
[1, 1310, 8]
[1, 1310, 13]
[1, 1310, 15]
[1, 1310, 10]
[1, 1310, 17]
[1, 1310, 6]
[1, 1310, 12]
[1, 1310, 13]
[1, 1310, 7]
[1, 1310, 6]
[1, 1310, 6]
[1, 1310, 10]
[1, 1310, 13]
[1, 1310, 7]
[1, 1310, 12]
[1, 1310, 9]
[1, 1310, 8]
[1, 1310, 9]
[1, 1310, 10]
[1, 1310, 8]
[1, 1310, 12]
[1, 1310, 7]
[1, 1310, 14]
[1, 1310, 8]
[1, 1310, 6]
[1, 1310, 16]
[1, 1310, 7]
[1, 1310, 10]
[1, 1310, 10]
[1, 1310, 4]
[1, 1310, 10]
[1, 1310, 6]
[1, 1310, 10]
[1, 1310, 15]
[1, 1310, 12]
[1, 1310, 5]
[1, 1310, 12]
[1, 1310, 6]
[1, 1310, 16]
[1, 1310, 7]
[1, 1310, 5]
[1, 1310, 11]
[1, 1310, 12]
[1, 1310, 7]
[1, 1310, 7]
[1, 1310, 6]
[1, 1310, 16]
[1, 1310, 4]
[1, 1310, 7]
[1, 1310, 10]
[1, 1310, 10]
[1, 1310, 9]
[1, 1310, 13]
[1, 1310, 11]
[1, 1310, 17]
[1, 1310, 12]
[1, 1310, 9]
[1, 1310, 17]
[1, 1310, 10]
[1, 1310, 13]
[1, 1310, 5]
[1, 1310, 8]
[1, 1310, 14]
[1, 1310, 7]
[1, 1310, 4]
[1, 1310, 13]
[1, 1310, 13]
[1, 1310, 9]
[1, 1310, 9]
[1, 1310, 11]
[1, 1310, 12]
[1, 1310, 10]
[1, 1310, 7]
[1, 1310, 8]
[1, 1310, 5]
[1, 1310, 12]
[1, 1310, 11]
[1, 1310, 7]
[1, 1310, 5]
[1, 1310, 14]
[1, 1310, 17]
[1, 1310, 7]
[1, 1310, 11]
[1, 1310, 17]
[1, 1310, 11]
[1, 1310, 11]
[1, 1310, 8]
[1, 1310, 13]
[1, 1310, 10]
[1, 1310, 8]
[1, 1310, 8]
[1, 1310, 11]
[2, 2621, 33]
[2, 2621, 18]
[2, 2621, 28]
[2, 2621, 20]
[2, 2621, 18]
[2, 2621, 27]
[2, 2621, 19]
[2, 2621, 31]
[2, 2621, 29]
[2, 2621, 26]
[2, 2621, 28]
[2, 2621, 31]
[2, 2621, 30]
[2, 2621, 35]
[2, 2621, 29]
[2, 2621, 24]
[2, 2621, 29]
[2, 2621, 30]
[2, 2621, 32]
[2, 2621, 16]
[2, 2621, 29]
[2, 2621, 22]
[2, 2621, 19]
[2, 2621, 19]
[2, 2621, 20]
[2, 2621, 24]
[2, 2621, 25]
[2, 2621, 22]
[2, 2621, 21]
[2, 2621, 21]
[2, 2621, 22]
[2, 2621, 36]
[2, 2621, 25]
[2, 2621, 26]
[2, 2621, 32]
[2, 2621, 16]
[2, 2621, 31]
[2, 2621, 22]
[2, 2621, 24]
[2, 2621, 29]
[2, 2621, 28]
[2, 2621, 24]
[2, 2621, 27]
[2, 2621, 30]
[2, 2621, 32]
[2, 2621, 31]
[2, 2621, 22]
[2, 2621, 24]
[2, 2621, 22]
[2, 2621, 23]
[2, 2621, 28]
[2, 2621, 23]
[2, 2621, 28]
[2, 2621, 26]
[2, 2621, 36]
[2, 2621, 22]
[2, 2621, 23]
[2, 2621, 27]
[2, 2621, 20]
[2, 2621, 34]
[2, 2621, 18]
[2, 2621, 23]
[2, 2621, 28]
[2, 2621, 32]
[2, 2621, 28]
[2, 2621, 30]
[2, 2621, 28]
[2, 2621, 25]
[2, 2621, 28]
[2, 2621, 32]
[2, 2621, 26]
[2, 2621, 19]
[2, 2621, 40]
[2, 2621, 19]
[2, 2621, 32]
[2, 2621, 21]
[2, 2621, 30]
[2, 2621, 37]
[2, 2621, 26]
[2, 2621, 27]
[2, 2621, 18]
[2, 2621, 30]
[2, 2621, 35]
[2, 2621, 27]
[2, 2621, 33]
[2, 2621, 23]
[2, 2621, 26]
[2, 2621, 27]
[2, 2621, 21]
[2, 2621, 28]
[2, 2621, 27]
[2, 2621, 32]
[2, 2621, 29]
[2, 2621, 29]
[2, 2621, 30]
[2, 2621, 27]
[2, 2621, 30]
[2, 2621, 22]
[2, 2621, 32]
[2, 2621, 17]
[5, 6553, 110]
[5, 6553, 98]
[5, 6553, 129]
[5, 6553, 122]
[5, 6553, 114]
[5, 6553, 117]
[5, 6553, 134]
[5, 6553, 121]
[5, 6553, 115]
[5, 6553, 96]
[5, 6553, 110]
[5, 6553, 104]
[5, 6553, 122]
[5, 6553, 123]
[5, 6553, 124]
[5, 6553, 121]
[5, 6553, 122]
[5, 6553, 100]
[5, 6553, 109]
[5, 6553, 116]
[5, 6553, 103]
[5, 6553, 110]
[5, 6553, 102]
[5, 6553, 120]
[5, 6553, 109]
[5, 6553, 112]
[5, 6553, 133]
[5, 6553, 117]
[5, 6553, 101]
[5, 6553, 127]
[5, 6553, 99]
[5, 6553, 100]
[5, 6553, 111]
[5, 6553, 119]
[5, 6553, 110]
[5, 6553, 102]
[5, 6553, 128]
[5, 6553, 123]
[5, 6553, 121]
[5, 6553, 120]
[5, 6553, 102]
[5, 6553, 99]
[5, 6553, 100]
[5, 6553, 129]
[5, 6553, 126]
[5, 6553, 117]
[5, 6553, 131]
[5, 6553, 123]
[5, 6553, 109]
[5, 6553, 114]
[5, 6553, 114]
[5, 6553, 84]
[5, 6553, 95]
[5, 6553, 122]
[5, 6553, 97]
[5, 6553, 127]
[5, 6553, 116]
[5, 6553, 130]
[5, 6553, 109]
[5, 6553, 125]
[5, 6553, 101]
[5, 6553, 120]
[5, 6553, 124]
[5, 6553, 115]
[5, 6553, 118]
[5, 6553, 118]
[5, 6553, 125]
[5, 6553, 122]
[5, 6553, 120]
[5, 6553, 144]
[5, 6553, 125]
[5, 6553, 109]
[5, 6553, 100]
[5, 6553, 112]
[5, 6553, 117]
[5, 6553, 106]
[5, 6553, 115]
[5, 6553, 120]
[5, 6553, 132]
[5, 6553, 107]
[5, 6553, 121]
[5, 6553, 119]
[5, 6553, 120]
[5, 6553, 124]
[5, 6553, 117]
[5, 6553, 120]
[5, 6553, 118]
[5, 6553, 110]
[5, 6553, 117]
[5, 6553, 119]
[5, 6553, 108]
[5, 6553, 120]
[5, 6553, 109]
[5, 6553, 129]
[5, 6553, 121]
[5, 6553, 116]
[5, 6553, 115]
[5, 6553, 113]
[5, 6553, 110]
[5, 6553, 120]
[10, 13107, 411]
[10, 13107, 405]
[10, 13107, 423]
[10, 13107, 392]
[10, 13107, 428]
[10, 13107, 399]
[10, 13107, 434]
[10, 13107, 424]
[10, 13107, 404]
[10, 13107, 364]
[10, 13107, 375]
[10, 13107, 403]
[10, 13107, 395]
[10, 13107, 367]
[10, 13107, 369]
[10, 13107, 386]
[10, 13107, 391]
[10, 13107, 410]
[10, 13107, 415]
[10, 13107, 407]
[10, 13107, 399]
[10, 13107, 394]
[10, 13107, 424]
[10, 13107, 394]
[10, 13107, 388]
[10, 13107, 403]
[10, 13107, 400]
[10, 13107, 412]
[10, 13107, 379]
[10, 13107, 366]
[10, 13107, 400]
[10, 13107, 400]
[10, 13107, 380]
[10, 13107, 407]
[10, 13107, 407]
[10, 13107, 396]
[10, 13107, 406]
[10, 13107, 404]
[10, 13107, 409]
[10, 13107, 431]
[10, 13107, 393]
[10, 13107, 387]
[10, 13107, 402]
[10, 13107, 402]
[10, 13107, 400]
[10, 13107, 404]
[10, 13107, 413]
[10, 13107, 400]
[10, 13107, 412]
[10, 13107, 393]
[10, 13107, 406]
[10, 13107, 406]
[10, 13107, 431]
[10, 13107, 370]
[10, 13107, 403]
[10, 13107, 430]
[10, 13107, 404]
[10, 13107, 438]
[10, 13107, 407]
[10, 13107, 395]
[10, 13107, 389]
[10, 13107, 418]
[10, 13107, 386]
[10, 13107, 428]
[10, 13107, 401]
[10, 13107, 383]
[10, 13107, 404]
[10, 13107, 388]
[10, 13107, 405]
[10, 13107, 406]
[10, 13107, 426]
[10, 13107, 423]
[10, 13107, 422]
[10, 13107, 412]
[10, 13107, 433]
[10, 13107, 419]
[10, 13107, 384]
[10, 13107, 384]
[10, 13107, 405]
[10, 13107, 386]
[10, 13107, 403]
[10, 13107, 393]
[10, 13107, 397]
[10, 13107, 395]
[10, 13107, 386]
[10, 13107, 451]
[10, 13107, 428]
[10, 13107, 424]
[10, 13107, 400]
[10, 13107, 394]
[10, 13107, 409]
[10, 13107, 388]
[10, 13107, 425]
[10, 13107, 415]
[10, 13107, 360]
[10, 13107, 378]
[10, 13107, 401]
[10, 13107, 382]
[10, 13107, 397]
[10, 13107, 433]
[15, 19660, 816]
[15, 19660, 873]
[15, 19660, 886]
[15, 19660, 893]
[15, 19660, 816]
[15, 19660, 877]
[15, 19660, 840]
[15, 19660, 893]
[15, 19660, 892]
[15, 19660, 835]
[15, 19660, 852]
[15, 19660, 914]
[15, 19660, 857]
[15, 19660, 860]
[15, 19660, 857]
[15, 19660, 839]
[15, 19660, 874]
[15, 19660, 827]
[15, 19660, 841]
[15, 19660, 873]
[15, 19660, 871]
[15, 19660, 935]
[15, 19660, 894]
[15, 19660, 898]
[15, 19660, 824]
[15, 19660, 833]
[15, 19660, 839]
[15, 19660, 875]
[15, 19660, 907]
[15, 19660, 866]
[15, 19660, 866]
[15, 19660, 822]
[15, 19660, 854]
[15, 19660, 922]
[15, 19660, 888]
[15, 19660, 843]
[15, 19660, 914]
[15, 19660, 833]
[15, 19660, 882]
[15, 19660, 859]
[15, 19660, 801]
[15, 19660, 903]
[15, 19660, 889]
[15, 19660, 876]
[15, 19660, 856]
[15, 19660, 903]
[15, 19660, 857]
[15, 19660, 874]
[15, 19660, 858]
[15, 19660, 847]
[15, 19660, 841]
[15, 19660, 895]
[15, 19660, 836]
[15, 19660, 857]
[15, 19660, 895]
[15, 19660, 832]
[15, 19660, 845]
[15, 19660, 871]
[15, 19660, 879]
[15, 19660, 884]
[15, 19660, 811]
[15, 19660, 909]
[15, 19660, 905]
[15, 19660, 860]
[15, 19660, 825]
[15, 19660, 870]
[15, 19660, 941]
[15, 19660, 862]
[15, 19660, 853]
[15, 19660, 895]
[15, 19660, 814]
[15, 19660, 882]
[15, 19660, 900]
[15, 19660, 890]
[15, 19660, 901]
[15, 19660, 864]
[15, 19660, 892]
[15, 19660, 878]
[15, 19660, 873]
[15, 19660, 851]
[15, 19660, 862]
[15, 19660, 841]
[15, 19660, 864]
[15, 19660, 843]
[15, 19660, 862]
[15, 19660, 875]
[15, 19660, 922]
[15, 19660, 870]
[15, 19660, 917]
[15, 19660, 902]
[15, 19660, 833]
[15, 19660, 846]
[15, 19660, 928]
[15, 19660, 902]
[15, 19660, 865]
[15, 19660, 850]
[15, 19660, 903]
[15, 19660, 881]
[15, 19660, 836]
[15, 19660, 887]
[20, 26214, 1525]
[20, 26214, 1457]
[20, 26214, 1555]
[20, 26214, 1564]
[20, 26214, 1447]
[20, 26214, 1482]
[20, 26214, 1481]
[20, 26214, 1494]
[20, 26214, 1546]
[20, 26214, 1464]
[20, 26214, 1468]
[20, 26214, 1514]
[20, 26214, 1610]
[20, 26214, 1539]
[20, 26214, 1544]
[20, 26214, 1467]
[20, 26214, 1551]
[20, 26214, 1469]
[20, 26214, 1470]
[20, 26214, 1409]
[20, 26214, 1564]
[20, 26214, 1496]
[20, 26214, 1411]
[20, 26214, 1496]
[20, 26214, 1510]
[20, 26214, 1476]
[20, 26214, 1556]
[20, 26214, 1517]
[20, 26214, 1488]
[20, 26214, 1566]
[20, 26214, 1567]
[20, 26214, 1483]
[20, 26214, 1408]
[20, 26214, 1503]
[20, 26214, 1564]
[20, 26214, 1486]
[20, 26214, 1529]
[20, 26214, 1432]
[20, 26214, 1553]
[20, 26214, 1498]
[20, 26214, 1409]
[20, 26214, 1527]
[20, 26214, 1498]
[20, 26214, 1508]
[20, 26214, 1484]
[20, 26214, 1563]
[20, 26214, 1542]
[20, 26214, 1453]
[20, 26214, 1536]
[20, 26214, 1549]
[20, 26214, 1576]
[20, 26214, 1507]
[20, 26214, 1461]
[20, 26214, 1460]
[20, 26214, 1538]
[20, 26214, 1495]
[20, 26214, 1538]
[20, 26214, 1525]
[20, 26214, 1549]
[20, 26214, 1588]
[20, 26214, 1506]
[20, 26214, 1474]
[20, 26214, 1541]
[20, 26214, 1565]
[20, 26214, 1422]
[20, 26214, 1500]
[20, 26214, 1546]
[20, 26214, 1488]
[20, 26214, 1520]
[20, 26214, 1515]
[20, 26214, 1547]
[20, 26214, 1518]
[20, 26214, 1552]
[20, 26214, 1559]
[20, 26214, 1535]
[20, 26214, 1491]
[20, 26214, 1398]
[20, 26214, 1563]
[20, 26214, 1519]
[20, 26214, 1524]
[20, 26214, 1480]
[20, 26214, 1488]
[20, 26214, 1517]
[20, 26214, 1478]
[20, 26214, 1467]
[20, 26214, 1553]
[20, 26214, 1482]
[20, 26214, 1506]
[20, 26214, 1517]
[20, 26214, 1526]
[20, 26214, 1492]
[20, 26214, 1520]
[20, 26214, 1478]
[20, 26214, 1553]
[20, 26214, 1516]
[20, 26214, 1516]
[20, 26214, 1497]
[20, 26214, 1501]
[20, 26214, 1427]
[20, 26214, 1516]
[25, 32768, 2356]
[25, 32768, 2354]
[25, 32768, 2309]
[25, 32768, 2359]
[25, 32768, 2305]
[25, 32768, 2327]
[25, 32768, 2381]
[25, 32768, 2375]
[25, 32768, 2328]
[25, 32768, 2243]
[25, 32768, 2316]
[25, 32768, 2312]
[25, 32768, 2403]
[25, 32768, 2414]
[25, 32768, 2331]
[25, 32768, 2248]
[25, 32768, 2412]
[25, 32768, 2312]
[25, 32768, 2424]
[25, 32768, 2232]
[25, 32768, 2258]
[25, 32768, 2394]
[25, 32768, 2301]
[25, 32768, 2360]
[25, 32768, 2359]
[25, 32768, 2423]
[25, 32768, 2339]
[25, 32768, 2308]
[25, 32768, 2411]
[25, 32768, 2328]
[25, 32768, 2416]
[25, 32768, 2365]
[25, 32768, 2301]
[25, 32768, 2356]
[25, 32768, 2365]
[25, 32768, 2492]
[25, 32768, 2336]
[25, 32768, 2320]
[25, 32768, 2352]
[25, 32768, 2342]
[25, 32768, 2235]
[25, 32768, 2334]
[25, 32768, 2334]
[25, 32768, 2283]
[25, 32768, 2365]
[25, 32768, 2383]
[25, 32768, 2295]
[25, 32768, 2311]
[25, 32768, 2297]
[25, 32768, 2375]
[25, 32768, 2328]
[25, 32768, 2361]
[25, 32768, 2423]
[25, 32768, 2424]
[25, 32768, 2347]
[25, 32768, 2304]
[25, 32768, 2310]
[25, 32768, 2354]
[25, 32768, 2287]
[25, 32768, 2321]
[25, 32768, 2217]
[25, 32768, 2313]
[25, 32768, 2392]
[25, 32768, 2424]
[25, 32768, 2407]
[25, 32768, 2354]
[25, 32768, 2398]
[25, 32768, 2371]
[25, 32768, 2300]
[25, 32768, 2263]
[25, 32768, 2338]
[25, 32768, 2345]
[25, 32768, 2362]
[25, 32768, 2361]
[25, 32768, 2379]
[25, 32768, 2342]
[25, 32768, 2256]
[25, 32768, 2392]
[25, 32768, 2369]
[25, 32768, 2352]
[25, 32768, 2402]
[25, 32768, 2393]
[25, 32768, 2413]
[25, 32768, 2282]
[25, 32768, 2335]
[25, 32768, 2384]
[25, 32768, 2357]
[25, 32768, 2315]
[25, 32768, 2314]
[25, 32768, 2286]
[25, 32768, 2404]
[25, 32768, 2312]
[25, 32768, 2410]
[25, 32768, 2310]
[25, 32768, 2423]
[25, 32768, 2274]
[25, 32768, 2330]
[25, 32768, 2301]
[25, 32768, 2320]
[25, 32768, 2387]
[30, 39321, 3471]
[30, 39321, 3408]
[30, 39321, 3268]
[30, 39321, 3529]
[30, 39321, 3388]
[30, 39321, 3392]
[30, 39321, 3410]
[30, 39321, 3246]
[30, 39321, 3479]
[30, 39321, 3286]
[30, 39321, 3317]
[30, 39321, 3403]
[30, 39321, 3432]
[30, 39321, 3346]
[30, 39321, 3404]
[30, 39321, 3264]
[30, 39321, 3484]
[30, 39321, 3353]
[30, 39321, 3348]
[30, 39321, 3447]
[30, 39321, 3306]
[30, 39321, 3342]
[30, 39321, 3329]
[30, 39321, 3361]
[30, 39321, 3327]
[30, 39321, 3433]
[30, 39321, 3357]
[30, 39321, 3299]
[30, 39321, 3366]
[30, 39321, 3377]
[30, 39321, 3344]
[30, 39321, 3362]
[30, 39321, 3258]
[30, 39321, 3301]
[30, 39321, 3535]
[30, 39321, 3310]
[30, 39321, 3391]
[30, 39321, 3465]
[30, 39321, 3425]
[30, 39321, 3266]
[30, 39321, 3341]
[30, 39321, 3298]
[30, 39321, 3417]
[30, 39321, 3357]
[30, 39321, 3420]
[30, 39321, 3334]
[30, 39321, 3374]
[30, 39321, 3396]
[30, 39321, 3391]
[30, 39321, 3403]
[30, 39321, 3330]
[30, 39321, 3329]
[30, 39321, 3375]
[30, 39321, 3318]
[30, 39321, 3350]
[30, 39321, 3348]
[30, 39321, 3313]
[30, 39321, 3342]
[30, 39321, 3447]
[30, 39321, 3327]
[30, 39321, 3364]
[30, 39321, 3372]
[30, 39321, 3402]
[30, 39321, 3530]
[30, 39321, 3427]
[30, 39321, 3334]
[30, 39321, 3256]
[30, 39321, 3345]
[30, 39321, 3267]
[30, 39321, 3362]
[30, 39321, 3392]
[30, 39321, 3392]
[30, 39321, 3340]
[30, 39321, 3488]
[30, 39321, 3388]
[30, 39321, 3467]
[30, 39321, 3303]
[30, 39321, 3417]
[30, 39321, 3443]
[30, 39321, 3430]
[30, 39321, 3349]
[30, 39321, 3347]
[30, 39321, 3459]
[30, 39321, 3221]
[30, 39321, 3337]
[30, 39321, 3335]
[30, 39321, 3373]
[30, 39321, 3212]
[30, 39321, 3388]
[30, 39321, 3370]
[30, 39321, 3429]
[30, 39321, 3263]
[30, 39321, 3482]
[30, 39321, 3392]
[30, 39321, 3372]
[30, 39321, 3340]
[30, 39321, 3255]
[30, 39321, 3325]
[30, 39321, 3327]
[30, 39321, 3397]
[35, 45875, 4689]
[35, 45875, 4767]
[35, 45875, 4569]
[35, 45875, 4583]
[35, 45875, 4606]
[35, 45875, 4657]
[35, 45875, 4630]
[35, 45875, 4565]
[35, 45875, 4563]
[35, 45875, 4525]
[35, 45875, 4518]
[35, 45875, 4657]
[35, 45875, 4542]
[35, 45875, 4615]
[35, 45875, 4688]
[35, 45875, 4570]
[35, 45875, 4549]
[35, 45875, 4549]
[35, 45875, 4564]
[35, 45875, 4477]
[35, 45875, 4536]
[35, 45875, 4507]
[35, 45875, 4621]
[35, 45875, 4560]
[35, 45875, 4636]
[35, 45875, 4661]
[35, 45875, 4520]
[35, 45875, 4567]
[35, 45875, 4604]
[35, 45875, 4751]
[35, 45875, 4593]
[35, 45875, 4626]
[35, 45875, 4408]
[35, 45875, 4579]
[35, 45875, 4541]
[35, 45875, 4581]
[35, 45875, 4670]
[35, 45875, 4557]
[35, 45875, 4602]
[35, 45875, 4518]
[35, 45875, 4602]
[35, 45875, 4554]
[35, 45875, 4697]
[35, 45875, 4564]
[35, 45875, 4692]
[35, 45875, 4575]
[35, 45875, 4500]
[35, 45875, 4620]
[35, 45875, 4596]
[35, 45875, 4610]
[35, 45875, 4596]
[35, 45875, 4598]
[35, 45875, 4509]
[35, 45875, 4568]
[35, 45875, 4528]
[35, 45875, 4554]
[35, 45875, 4566]
[35, 45875, 4507]
[35, 45875, 4588]
[35, 45875, 4604]
[35, 45875, 4553]
[35, 45875, 4536]
[35, 45875, 4548]
[35, 45875, 4582]
[35, 45875, 4586]
[35, 45875, 4639]
[35, 45875, 4496]
[35, 45875, 4562]
[35, 45875, 4562]
[35, 45875, 4609]
[35, 45875, 4667]
[35, 45875, 4600]
[35, 45875, 4597]
[35, 45875, 4737]
[35, 45875, 4575]
[35, 45875, 4667]
[35, 45875, 4419]
[35, 45875, 4760]
[35, 45875, 4522]
[35, 45875, 4586]
[35, 45875, 4636]
[35, 45875, 4576]
[35, 45875, 4744]
[35, 45875, 4630]
[35, 45875, 4641]
[35, 45875, 4674]
[35, 45875, 4617]
[35, 45875, 4526]
[35, 45875, 4627]
[35, 45875, 4490]
[35, 45875, 4662]
[35, 45875, 4568]
[35, 45875, 4689]
[35, 45875, 4587]
[35, 45875, 4581]
[35, 45875, 4415]
[35, 45875, 4500]
[35, 45875, 4583]
[35, 45875, 4633]
[35, 45875, 4574]
[40, 52428, 6041]
[40, 52428, 5991]
[40, 52428, 5969]
[40, 52428, 6052]
[40, 52428, 5984]
[40, 52428, 5992]
[40, 52428, 5972]
[40, 52428, 5973]
[40, 52428, 6155]
[40, 52428, 5896]
[40, 52428, 6001]
[40, 52428, 5967]
[40, 52428, 5963]
[40, 52428, 6230]
[40, 52428, 6103]
[40, 52428, 5999]
[40, 52428, 5906]
[40, 52428, 5883]
[40, 52428, 5973]
[40, 52428, 5789]
[40, 52428, 5889]
[40, 52428, 5824]
[40, 52428, 5941]
[40, 52428, 5928]
[40, 52428, 5967]
[40, 52428, 5998]
[40, 52428, 5948]
[40, 52428, 5853]
[40, 52428, 6021]
[40, 52428, 6019]
[40, 52428, 6027]
[40, 52428, 6084]
[40, 52428, 5771]
[40, 52428, 6055]
[40, 52428, 5885]
[40, 52428, 6079]
[40, 52428, 6037]
[40, 52428, 5859]
[40, 52428, 5977]
[40, 52428, 5956]
[40, 52428, 5912]
[40, 52428, 5910]
[40, 52428, 5971]
[40, 52428, 5957]
[40, 52428, 6111]
[40, 52428, 6145]
[40, 52428, 6063]
[40, 52428, 5968]
[40, 52428, 5869]
[40, 52428, 6088]
[40, 52428, 5949]
[40, 52428, 6149]
[40, 52428, 5996]
[40, 52428, 5830]
[40, 52428, 5883]
[40, 52428, 6009]
[40, 52428, 5910]
[40, 52428, 5918]
[40, 52428, 6061]
[40, 52428, 6007]
[40, 52428, 5931]
[40, 52428, 5977]
[40, 52428, 6115]
[40, 52428, 6064]
[40, 52428, 5963]
[40, 52428, 6156]
[40, 52428, 5975]
[40, 52428, 5977]
[40, 52428, 5949]
[40, 52428, 6016]
[40, 52428, 5875]
[40, 52428, 5982]
[40, 52428, 6011]
[40, 52428, 6175]
[40, 52428, 5951]
[40, 52428, 5993]
[40, 52428, 5952]
[40, 52428, 5960]
[40, 52428, 5988]
[40, 52428, 6023]
[40, 52428, 6199]
[40, 52428, 6081]
[40, 52428, 6189]
[40, 52428, 5943]
[40, 52428, 6052]
[40, 52428, 6076]
[40, 52428, 5956]
[40, 52428, 5766]
[40, 52428, 5882]
[40, 52428, 5799]
[40, 52428, 6090]
[40, 52428, 5961]
[40, 52428, 5944]
[40, 52428, 5971]
[40, 52428, 6096]
[40, 52428, 5887]
[40, 52428, 5849]
[40, 52428, 6014]
[40, 52428, 6049]
[40, 52428, 6057]
