[1, 1310, 62]
[1, 1310, 65]
[1, 1310, 85]
[1, 1310, 63]
[1, 1310, 86]
[1, 1310, 69]
[1, 1310, 82]
[1, 1310, 78]
[1, 1310, 76]
[1, 1310, 72]
[1, 1310, 68]
[1, 1310, 81]
[1, 1310, 87]
[1, 1310, 89]
[1, 1310, 71]
[1, 1310, 81]
[1, 1310, 76]
[1, 1310, 82]
[1, 1310, 72]
[1, 1310, 87]
[1, 1310, 70]
[1, 1310, 88]
[1, 1310, 82]
[1, 1310, 77]
[1, 1310, 81]
[1, 1310, 84]
[1, 1310, 82]
[1, 1310, 69]
[1, 1310, 76]
[1, 1310, 96]
[1, 1310, 105]
[1, 1310, 86]
[1, 1310, 80]
[1, 1310, 67]
[1, 1310, 69]
[1, 1310, 69]
[1, 1310, 66]
[1, 1310, 68]
[1, 1310, 76]
[1, 1310, 80]
[1, 1310, 81]
[1, 1310, 71]
[1, 1310, 64]
[1, 1310, 85]
[1, 1310, 75]
[1, 1310, 67]
[1, 1310, 91]
[1, 1310, 71]
[1, 1310, 77]
[1, 1310, 91]
[1, 1310, 69]
[1, 1310, 86]
[1, 1310, 91]
[1, 1310, 79]
[1, 1310, 100]
[1, 1310, 85]
[1, 1310, 72]
[1, 1310, 85]
[1, 1310, 80]
[1, 1310, 74]
[1, 1310, 60]
[1, 1310, 62]
[1, 1310, 81]
[1, 1310, 76]
[1, 1310, 75]
[1, 1310, 64]
[1, 1310, 69]
[1, 1310, 76]
[1, 1310, 95]
[1, 1310, 79]
[1, 1310, 78]
[1, 1310, 96]
[1, 1310, 76]
[1, 1310, 80]
[1, 1310, 88]
[1, 1310, 82]
[1, 1310, 67]
[1, 1310, 86]
[1, 1310, 67]
[1, 1310, 76]
[1, 1310, 78]
[1, 1310, 71]
[1, 1310, 92]
[1, 1310, 75]
[1, 1310, 82]
[1, 1310, 76]
[1, 1310, 75]
[1, 1310, 84]
[1, 1310, 72]
[1, 1310, 77]
[1, 1310, 73]
[1, 1310, 74]
[1, 1310, 62]
[1, 1310, 78]
[1, 1310, 82]
[1, 1310, 74]
[1, 1310, 73]
[1, 1310, 90]
[1, 1310, 74]
[1, 1310, 89]
[2, 2621, 186]
[2, 2621, 216]
[2, 2621, 201]
[2, 2621, 214]
[2, 2621, 212]
[2, 2621, 228]
[2, 2621, 215]
[2, 2621, 198]
[2, 2621, 210]
[2, 2621, 225]
[2, 2621, 224]
[2, 2621, 206]
[2, 2621, 204]
[2, 2621, 213]
[2, 2621, 206]
[2, 2621, 206]
[2, 2621, 214]
[2, 2621, 204]
[2, 2621, 202]
[2, 2621, 186]
[2, 2621, 222]
[2, 2621, 210]
[2, 2621, 197]
[2, 2621, 214]
[2, 2621, 192]
[2, 2621, 223]
[2, 2621, 206]
[2, 2621, 208]
[2, 2621, 196]
[2, 2621, 231]
[2, 2621, 206]
[2, 2621, 206]
[2, 2621, 216]
[2, 2621, 212]
[2, 2621, 216]
[2, 2621, 211]
[2, 2621, 229]
[2, 2621, 199]
[2, 2621, 184]
[2, 2621, 174]
[2, 2621, 235]
[2, 2621, 217]
[2, 2621, 198]
[2, 2621, 191]
[2, 2621, 196]
[2, 2621, 191]
[2, 2621, 218]
[2, 2621, 221]
[2, 2621, 232]
[2, 2621, 211]
[2, 2621, 202]
[2, 2621, 218]
[2, 2621, 201]
[2, 2621, 228]
[2, 2621, 210]
[2, 2621, 204]
[2, 2621, 215]
[2, 2621, 184]
[2, 2621, 181]
[2, 2621, 227]
[2, 2621, 206]
[2, 2621, 197]
[2, 2621, 196]
[2, 2621, 224]
[2, 2621, 222]
[2, 2621, 180]
[2, 2621, 208]
[2, 2621, 203]
[2, 2621, 220]
[2, 2621, 208]
[2, 2621, 208]
[2, 2621, 215]
[2, 2621, 197]
[2, 2621, 192]
[2, 2621, 197]
[2, 2621, 232]
[2, 2621, 185]
[2, 2621, 220]
[2, 2621, 205]
[2, 2621, 211]
[2, 2621, 236]
[2, 2621, 184]
[2, 2621, 199]
[2, 2621, 192]
[2, 2621, 202]
[2, 2621, 210]
[2, 2621, 196]
[2, 2621, 225]
[2, 2621, 199]
[2, 2621, 204]
[2, 2621, 214]
[2, 2621, 214]
[2, 2621, 209]
[2, 2621, 196]
[2, 2621, 197]
[2, 2621, 212]
[2, 2621, 236]
[2, 2621, 213]
[2, 2621, 213]
[2, 2621, 208]
[5, 6553, 947]
[5, 6553, 970]
[5, 6553, 940]
[5, 6553, 947]
[5, 6553, 939]
[5, 6553, 945]
[5, 6553, 910]
[5, 6553, 969]
[5, 6553, 980]
[5, 6553, 925]
[5, 6553, 982]
[5, 6553, 954]
[5, 6553, 949]
[5, 6553, 937]
[5, 6553, 926]
[5, 6553, 954]
[5, 6553, 957]
[5, 6553, 951]
[5, 6553, 940]
[5, 6553, 943]
[5, 6553, 926]
[5, 6553, 919]
[5, 6553, 931]
[5, 6553, 962]
[5, 6553, 935]
[5, 6553, 957]
[5, 6553, 891]
[5, 6553, 974]
[5, 6553, 934]
[5, 6553, 930]
[5, 6553, 953]
[5, 6553, 935]
[5, 6553, 967]
[5, 6553, 917]
[5, 6553, 954]
[5, 6553, 952]
[5, 6553, 1000]
[5, 6553, 979]
[5, 6553, 977]
[5, 6553, 913]
[5, 6553, 999]
[5, 6553, 902]
[5, 6553, 960]
[5, 6553, 922]
[5, 6553, 931]
[5, 6553, 940]
[5, 6553, 965]
[5, 6553, 921]
[5, 6553, 925]
[5, 6553, 938]
[5, 6553, 974]
[5, 6553, 963]
[5, 6553, 922]
[5, 6553, 960]
[5, 6553, 931]
[5, 6553, 895]
[5, 6553, 890]
[5, 6553, 972]
[5, 6553, 953]
[5, 6553, 944]
[5, 6553, 964]
[5, 6553, 931]
[5, 6553, 960]
[5, 6553, 885]
[5, 6553, 899]
[5, 6553, 934]
[5, 6553, 936]
[5, 6553, 960]
[5, 6553, 960]
[5, 6553, 939]
[5, 6553, 942]
[5, 6553, 907]
[5, 6553, 953]
[5, 6553, 960]
[5, 6553, 935]
[5, 6553, 916]
[5, 6553, 962]
[5, 6553, 934]
[5, 6553, 962]
[5, 6553, 966]
[5, 6553, 943]
[5, 6553, 908]
[5, 6553, 904]
[5, 6553, 957]
[5, 6553, 914]
[5, 6553, 925]
[5, 6553, 982]
[5, 6553, 941]
[5, 6553, 967]
[5, 6553, 982]
[5, 6553, 908]
[5, 6553, 968]
[5, 6553, 898]
[5, 6553, 910]
[5, 6553, 980]
[5, 6553, 930]
[5, 6553, 960]
[5, 6553, 984]
[5, 6553, 964]
[5, 6553, 993]
[10, 13107, 3299]
[10, 13107, 3281]
[10, 13107, 3424]
[10, 13107, 3369]
[10, 13107, 3386]
[10, 13107, 3344]
[10, 13107, 3304]
[10, 13107, 3334]
[10, 13107, 3168]
[10, 13107, 3396]
[10, 13107, 3305]
[10, 13107, 3397]
[10, 13107, 3301]
[10, 13107, 3333]
[10, 13107, 3334]
[10, 13107, 3380]
[10, 13107, 3361]
[10, 13107, 3392]
[10, 13107, 3339]
[10, 13107, 3418]
[10, 13107, 3460]
[10, 13107, 3390]
[10, 13107, 3342]
[10, 13107, 3437]
[10, 13107, 3363]
[10, 13107, 3342]
[10, 13107, 3406]
[10, 13107, 3379]
[10, 13107, 3240]
[10, 13107, 3277]
[10, 13107, 3383]
[10, 13107, 3352]
[10, 13107, 3349]
[10, 13107, 3314]
[10, 13107, 3364]
[10, 13107, 3330]
[10, 13107, 3292]
[10, 13107, 3302]
[10, 13107, 3345]
[10, 13107, 3340]
[10, 13107, 3319]
[10, 13107, 3335]
[10, 13107, 3291]
[10, 13107, 3381]
[10, 13107, 3401]
[10, 13107, 3331]
[10, 13107, 3413]
[10, 13107, 3236]
[10, 13107, 3402]
[10, 13107, 3278]
[10, 13107, 3294]
[10, 13107, 3424]
[10, 13107, 3317]
[10, 13107, 3332]
[10, 13107, 3377]
[10, 13107, 3376]
[10, 13107, 3315]
[10, 13107, 3421]
[10, 13107, 3359]
[10, 13107, 3304]
[10, 13107, 3457]
[10, 13107, 3418]
[10, 13107, 3289]
[10, 13107, 3338]
[10, 13107, 3371]
[10, 13107, 3432]
[10, 13107, 3285]
[10, 13107, 3364]
[10, 13107, 3301]
[10, 13107, 3395]
[10, 13107, 3339]
[10, 13107, 3374]
[10, 13107, 3349]
[10, 13107, 3333]
[10, 13107, 3398]
[10, 13107, 3395]
[10, 13107, 3369]
[10, 13107, 3371]
[10, 13107, 3377]
[10, 13107, 3347]
[10, 13107, 3353]
[10, 13107, 3353]
[10, 13107, 3281]
[10, 13107, 3353]
[10, 13107, 3321]
[10, 13107, 3369]
[10, 13107, 3332]
[10, 13107, 3330]
[10, 13107, 3390]
[10, 13107, 3387]
[10, 13107, 3245]
[10, 13107, 3356]
[10, 13107, 3402]
[10, 13107, 3365]
[10, 13107, 3323]
[10, 13107, 3312]
[10, 13107, 3313]
[10, 13107, 3337]
[10, 13107, 3272]
[10, 13107, 3264]
[15, 19660, 7290]
[15, 19660, 7138]
[15, 19660, 7232]
[15, 19660, 7135]
[15, 19660, 7132]
[15, 19660, 7245]
[15, 19660, 7257]
[15, 19660, 7277]
[15, 19660, 7176]
[15, 19660, 7090]
[15, 19660, 7209]
[15, 19660, 7259]
[15, 19660, 7176]
[15, 19660, 7188]
[15, 19660, 7272]
[15, 19660, 7205]
[15, 19660, 7149]
[15, 19660, 7063]
[15, 19660, 7240]
[15, 19660, 7222]
[15, 19660, 7236]
[15, 19660, 7163]
[15, 19660, 7170]
[15, 19660, 7196]
[15, 19660, 7192]
[15, 19660, 7276]
[15, 19660, 7076]
[15, 19660, 7187]
[15, 19660, 7237]
[15, 19660, 7336]
[15, 19660, 7200]
[15, 19660, 7189]
[15, 19660, 7102]
[15, 19660, 7091]
[15, 19660, 7228]
[15, 19660, 7179]
[15, 19660, 7366]
[15, 19660, 7111]
[15, 19660, 7150]
[15, 19660, 7058]
[15, 19660, 7089]
[15, 19660, 7084]
[15, 19660, 7269]
[15, 19660, 7239]
[15, 19660, 7306]
[15, 19660, 7216]
[15, 19660, 7212]
[15, 19660, 7225]
[15, 19660, 7183]
[15, 19660, 7119]
[15, 19660, 7250]
[15, 19660, 7132]
[15, 19660, 7312]
[15, 19660, 7284]
[15, 19660, 7181]
[15, 19660, 7342]
[15, 19660, 7110]
[15, 19660, 7134]
[15, 19660, 7248]
[15, 19660, 7277]
[15, 19660, 7344]
[15, 19660, 7125]
[15, 19660, 7218]
[15, 19660, 7121]
[15, 19660, 7121]
[15, 19660, 7263]
[15, 19660, 7209]
[15, 19660, 7193]
[15, 19660, 7175]
[15, 19660, 7145]
[15, 19660, 7109]
[15, 19660, 7198]
[15, 19660, 7099]
[15, 19660, 7139]
[15, 19660, 7159]
[15, 19660, 7075]
[15, 19660, 7192]
[15, 19660, 7188]
[15, 19660, 7294]
[15, 19660, 7184]
[15, 19660, 7179]
[15, 19660, 7252]
[15, 19660, 7152]
[15, 19660, 7251]
[15, 19660, 7183]
[15, 19660, 7353]
[15, 19660, 7158]
[15, 19660, 7331]
[15, 19660, 7329]
[15, 19660, 7084]
[15, 19660, 7139]
[15, 19660, 7207]
[15, 19660, 7280]
[15, 19660, 7121]
[15, 19660, 7307]
[15, 19660, 7094]
[15, 19660, 7160]
[15, 19660, 7302]
[15, 19660, 7201]
[15, 19660, 7220]
[20, 26214, 12344]
[20, 26214, 12290]
[20, 26214, 12334]
[20, 26214, 12265]
[20, 26214, 12370]
[20, 26214, 12333]
[20, 26214, 12250]
[20, 26214, 12433]
[20, 26214, 12446]
[20, 26214, 12229]
[20, 26214, 12179]
[20, 26214, 12429]
[20, 26214, 12410]
[20, 26214, 12208]
[20, 26214, 12344]
[20, 26214, 12465]
[20, 26214, 12391]
[20, 26214, 12101]
[20, 26214, 12380]
[20, 26214, 12323]
[20, 26214, 12271]
[20, 26214, 12244]
[20, 26214, 12360]
[20, 26214, 12315]
[20, 26214, 12404]
[20, 26214, 12131]
[20, 26214, 12376]
[20, 26214, 12567]
[20, 26214, 12363]
[20, 26214, 12177]
[20, 26214, 12225]
[20, 26214, 12348]
[20, 26214, 12198]
[20, 26214, 12295]
[20, 26214, 12352]
[20, 26214, 12336]
[20, 26214, 12455]
[20, 26214, 12329]
[20, 26214, 12340]
[20, 26214, 12409]
[20, 26214, 12438]
[20, 26214, 12282]
[20, 26214, 12305]
[20, 26214, 12429]
[20, 26214, 12436]
[20, 26214, 12257]
[20, 26214, 12452]
[20, 26214, 12326]
[20, 26214, 12266]
[20, 26214, 12276]
[20, 26214, 12397]
[20, 26214, 12131]
[20, 26214, 12395]
[20, 26214, 12419]
[20, 26214, 12264]
[20, 26214, 12329]
[20, 26214, 12354]
[20, 26214, 12349]
[20, 26214, 12217]
[20, 26214, 12477]
[20, 26214, 12338]
[20, 26214, 12263]
[20, 26214, 12304]
[20, 26214, 12277]
[20, 26214, 12312]
[20, 26214, 12292]
[20, 26214, 12451]
[20, 26214, 12249]
[20, 26214, 12268]
[20, 26214, 12426]
[20, 26214, 12470]
[20, 26214, 12371]
[20, 26214, 12386]
[20, 26214, 12350]
[20, 26214, 12324]
[20, 26214, 12299]
[20, 26214, 12374]
[20, 26214, 12378]
[20, 26214, 12485]
[20, 26214, 12294]
[20, 26214, 12296]
[20, 26214, 12302]
[20, 26214, 12447]
[20, 26214, 12423]
[20, 26214, 12299]
[20, 26214, 12330]
[20, 26214, 12295]
[20, 26214, 12282]
[20, 26214, 12350]
[20, 26214, 12216]
[20, 26214, 12324]
[20, 26214, 12185]
[20, 26214, 12262]
[20, 26214, 12307]
[20, 26214, 12215]
[20, 26214, 12396]
[20, 26214, 12328]
[20, 26214, 12256]
[20, 26214, 12326]
[20, 26214, 12360]
[25, 32768, 18456]
[25, 32768, 18533]
[25, 32768, 18422]
[25, 32768, 18547]
[25, 32768, 18407]
[25, 32768, 18431]
[25, 32768, 18575]
[25, 32768, 18699]
[25, 32768, 18488]
[25, 32768, 18453]
[25, 32768, 18518]
[25, 32768, 18473]
[25, 32768, 18330]
[25, 32768, 18326]
[25, 32768, 18357]
[25, 32768, 18373]
[25, 32768, 18500]
[25, 32768, 18404]
[25, 32768, 18426]
[25, 32768, 18511]
[25, 32768, 18534]
[25, 32768, 18633]
[25, 32768, 18536]
[25, 32768, 18335]
[25, 32768, 18429]
[25, 32768, 18470]
[25, 32768, 18555]
[25, 32768, 18206]
[25, 32768, 18605]
[25, 32768, 18637]
[25, 32768, 18461]
[25, 32768, 18455]
[25, 32768, 18525]
[25, 32768, 18487]
[25, 32768, 18443]
[25, 32768, 18543]
[25, 32768, 18521]
[25, 32768, 18525]
[25, 32768, 18283]
[25, 32768, 18511]
[25, 32768, 18515]
[25, 32768, 18440]
[25, 32768, 18473]
[25, 32768, 18357]
[25, 32768, 18459]
[25, 32768, 18385]
[25, 32768, 18415]
[25, 32768, 18478]
[25, 32768, 18611]
[25, 32768, 18450]
[25, 32768, 18499]
[25, 32768, 18460]
[25, 32768, 18430]
[25, 32768, 18345]
[25, 32768, 18517]
[25, 32768, 18550]
[25, 32768, 18527]
[25, 32768, 18409]
[25, 32768, 18600]
[25, 32768, 18513]
[25, 32768, 18407]
[25, 32768, 18510]
[25, 32768, 18408]
[25, 32768, 18438]
[25, 32768, 18351]
[25, 32768, 18309]
[25, 32768, 18488]
[25, 32768, 18515]
[25, 32768, 18492]
[25, 32768, 18395]
[25, 32768, 18499]
[25, 32768, 18436]
[25, 32768, 18471]
[25, 32768, 18488]
[25, 32768, 18547]
[25, 32768, 18430]
[25, 32768, 18544]
[25, 32768, 18473]
[25, 32768, 18474]
[25, 32768, 18570]
[25, 32768, 18451]
[25, 32768, 18322]
[25, 32768, 18368]
[25, 32768, 18372]
[25, 32768, 18343]
[25, 32768, 18594]
[25, 32768, 18495]
[25, 32768, 18501]
[25, 32768, 18396]
[25, 32768, 18611]
[25, 32768, 18621]
[25, 32768, 18411]
[25, 32768, 18489]
[25, 32768, 18300]
[25, 32768, 18468]
[25, 32768, 18529]
[25, 32768, 18574]
[25, 32768, 18651]
[25, 32768, 18488]
[25, 32768, 18518]
[30, 39321, 25161]
[30, 39321, 25530]
[30, 39321, 25224]
[30, 39321, 25341]
[30, 39321, 25341]
[30, 39321, 25281]
[30, 39321, 25350]
[30, 39321, 25450]
[30, 39321, 25314]
[30, 39321, 25269]
[30, 39321, 25176]
[30, 39321, 25398]
[30, 39321, 25308]
[30, 39321, 25354]
[30, 39321, 25252]
[30, 39321, 25317]
[30, 39321, 25158]
[30, 39321, 25322]
[30, 39321, 25525]
[30, 39321, 25250]
[30, 39321, 25412]
[30, 39321, 25371]
[30, 39321, 25429]
[30, 39321, 25289]
[30, 39321, 25414]
[30, 39321, 25423]
[30, 39321, 25295]
[30, 39321, 25275]
[30, 39321, 25184]
[30, 39321, 25414]
[30, 39321, 25445]
[30, 39321, 25363]
[30, 39321, 25342]
[30, 39321, 25434]
[30, 39321, 25288]
[30, 39321, 25418]
[30, 39321, 25496]
[30, 39321, 25390]
[30, 39321, 25235]
[30, 39321, 25351]
[30, 39321, 25534]
[30, 39321, 25325]
[30, 39321, 25230]
[30, 39321, 25234]
[30, 39321, 25348]
[30, 39321, 25358]
[30, 39321, 25287]
[30, 39321, 25245]
[30, 39321, 25325]
[30, 39321, 25364]
[30, 39321, 25250]
[30, 39321, 25370]
[30, 39321, 25410]
[30, 39321, 25451]
[30, 39321, 25209]
[30, 39321, 25539]
[30, 39321, 25420]
[30, 39321, 25259]
[30, 39321, 25164]
[30, 39321, 25405]
[30, 39321, 25292]
[30, 39321, 25326]
[30, 39321, 25464]
[30, 39321, 25335]
[30, 39321, 25384]
[30, 39321, 25388]
[30, 39321, 25405]
[30, 39321, 25273]
[30, 39321, 25252]
[30, 39321, 25357]
[30, 39321, 25276]
[30, 39321, 25409]
[30, 39321, 25199]
[30, 39321, 25377]
[30, 39321, 25237]
[30, 39321, 25502]
[30, 39321, 25441]
[30, 39321, 25278]
[30, 39321, 25260]
[30, 39321, 25245]
[30, 39321, 25258]
[30, 39321, 25319]
[30, 39321, 25349]
[30, 39321, 25278]
[30, 39321, 25321]
[30, 39321, 25497]
[30, 39321, 25402]
[30, 39321, 25316]
[30, 39321, 25279]
[30, 39321, 25413]
[30, 39321, 25248]
[30, 39321, 25302]
[30, 39321, 25290]
[30, 39321, 25249]
[30, 39321, 25322]
[30, 39321, 25412]
[30, 39321, 25358]
[30, 39321, 25409]
[30, 39321, 25454]
[30, 39321, 25527]
[35, 45875, 32834]
[35, 45875, 32753]
[35, 45875, 32786]
[35, 45875, 32769]
[35, 45875, 32712]
[35, 45875, 32843]
[35, 45875, 32617]
[35, 45875, 32637]
[35, 45875, 32539]
[35, 45875, 32744]
[35, 45875, 32716]
[35, 45875, 32659]
[35, 45875, 32783]
[35, 45875, 32705]
[35, 45875, 32588]
[35, 45875, 32722]
[35, 45875, 32592]
[35, 45875, 32721]
[35, 45875, 32622]
[35, 45875, 32680]
[35, 45875, 32602]
[35, 45875, 32550]
[35, 45875, 32711]
[35, 45875, 32702]
[35, 45875, 32585]
[35, 45875, 32729]
[35, 45875, 32629]
[35, 45875, 32722]
[35, 45875, 32568]
[35, 45875, 32761]
[35, 45875, 32615]
[35, 45875, 32604]
[35, 45875, 32838]
[35, 45875, 32493]
[35, 45875, 32576]
[35, 45875, 32772]
[35, 45875, 32588]
[35, 45875, 32570]
[35, 45875, 32684]
[35, 45875, 32752]
[35, 45875, 32483]
[35, 45875, 32552]
[35, 45875, 32785]
[35, 45875, 32671]
[35, 45875, 32778]
[35, 45875, 32682]
[35, 45875, 32638]
[35, 45875, 32715]
[35, 45875, 32635]
[35, 45875, 32672]
[35, 45875, 32666]
[35, 45875, 32562]
[35, 45875, 32467]
[35, 45875, 32795]
[35, 45875, 32656]
[35, 45875, 32694]
[35, 45875, 32735]
[35, 45875, 32702]
[35, 45875, 32695]
[35, 45875, 32566]
[35, 45875, 32644]
[35, 45875, 32772]
[35, 45875, 32668]
[35, 45875, 32676]
[35, 45875, 32595]
[35, 45875, 32558]
[35, 45875, 32630]
[35, 45875, 32662]
[35, 45875, 32707]
[35, 45875, 32629]
[35, 45875, 32805]
[35, 45875, 32771]
[35, 45875, 32671]
[35, 45875, 32781]
[35, 45875, 32755]
[35, 45875, 32676]
[35, 45875, 32531]
[35, 45875, 32668]
[35, 45875, 32772]
[35, 45875, 32542]
[35, 45875, 32578]
[35, 45875, 32677]
[35, 45875, 32620]
[35, 45875, 32648]
[35, 45875, 32677]
[35, 45875, 32624]
[35, 45875, 32737]
[35, 45875, 32873]
[35, 45875, 32565]
[35, 45875, 32567]
[35, 45875, 32705]
[35, 45875, 32682]
[35, 45875, 32874]
[35, 45875, 32573]
[35, 45875, 32674]
[35, 45875, 32641]
[35, 45875, 32747]
[35, 45875, 32595]
[35, 45875, 32641]
[35, 45875, 32564]
[40, 52428, 40423]
[40, 52428, 40192]
[40, 52428, 40274]
[40, 52428, 40164]
[40, 52428, 40256]
[40, 52428, 40147]
[40, 52428, 40301]
[40, 52428, 40279]
[40, 52428, 40311]
[40, 52428, 40121]
[40, 52428, 40283]
[40, 52428, 40366]
[40, 52428, 40316]
[40, 52428, 40285]
[40, 52428, 40368]
[40, 52428, 40216]
[40, 52428, 40270]
[40, 52428, 40299]
[40, 52428, 40233]
[40, 52428, 40237]
[40, 52428, 40296]
[40, 52428, 40229]
[40, 52428, 40260]
[40, 52428, 40133]
[40, 52428, 40316]
[40, 52428, 40340]
[40, 52428, 40321]
[40, 52428, 40207]
[40, 52428, 40247]
[40, 52428, 40234]
[40, 52428, 40198]
[40, 52428, 40203]
[40, 52428, 40280]
[40, 52428, 40137]
[40, 52428, 40283]
[40, 52428, 40239]
[40, 52428, 40256]
[40, 52428, 40223]
[40, 52428, 40298]
[40, 52428, 40302]
[40, 52428, 40170]
[40, 52428, 40451]
[40, 52428, 40284]
[40, 52428, 40035]
[40, 52428, 40213]
[40, 52428, 40124]
[40, 52428, 40367]
[40, 52428, 40435]
[40, 52428, 40078]
[40, 52428, 40265]
[40, 52428, 40349]
[40, 52428, 40244]
[40, 52428, 40238]
[40, 52428, 40148]
[40, 52428, 40158]
[40, 52428, 40235]
[40, 52428, 40234]
[40, 52428, 40158]
[40, 52428, 40228]
[40, 52428, 40331]
[40, 52428, 40204]
[40, 52428, 40317]
[40, 52428, 40126]
[40, 52428, 40122]
[40, 52428, 40284]
[40, 52428, 40292]
[40, 52428, 40162]
[40, 52428, 40382]
[40, 52428, 40186]
[40, 52428, 40261]
[40, 52428, 40172]
[40, 52428, 40196]
[40, 52428, 40306]
[40, 52428, 40361]
[40, 52428, 40301]
[40, 52428, 40201]
[40, 52428, 40362]
[40, 52428, 40189]
[40, 52428, 40244]
[40, 52428, 40308]
[40, 52428, 40281]
[40, 52428, 40358]
[40, 52428, 40490]
[40, 52428, 40352]
[40, 52428, 40273]
[40, 52428, 40360]
[40, 52428, 40180]
[40, 52428, 40215]
[40, 52428, 40336]
[40, 52428, 40143]
[40, 52428, 40355]
[40, 52428, 40338]
[40, 52428, 40187]
[40, 52428, 40258]
[40, 52428, 40223]
[40, 52428, 40254]
[40, 52428, 40373]
[40, 52428, 40280]
[40, 52428, 40272]
[40, 52428, 40114]
