[1, 1310, 129]
[1, 1310, 127]
[1, 1310, 133]
[1, 1310, 122]
[1, 1310, 129]
[1, 1310, 134]
[1, 1310, 114]
[1, 1310, 124]
[1, 1310, 144]
[1, 1310, 132]
[1, 1310, 136]
[1, 1310, 124]
[1, 1310, 117]
[1, 1310, 138]
[1, 1310, 134]
[1, 1310, 110]
[1, 1310, 127]
[1, 1310, 114]
[1, 1310, 124]
[1, 1310, 142]
[1, 1310, 129]
[1, 1310, 127]
[1, 1310, 123]
[1, 1310, 137]
[1, 1310, 136]
[1, 1310, 124]
[1, 1310, 129]
[1, 1310, 112]
[1, 1310, 138]
[1, 1310, 122]
[1, 1310, 127]
[1, 1310, 103]
[1, 1310, 124]
[1, 1310, 130]
[1, 1310, 135]
[1, 1310, 136]
[1, 1310, 121]
[1, 1310, 132]
[1, 1310, 131]
[1, 1310, 133]
[1, 1310, 123]
[1, 1310, 119]
[1, 1310, 120]
[1, 1310, 132]
[1, 1310, 127]
[1, 1310, 119]
[1, 1310, 134]
[1, 1310, 136]
[1, 1310, 123]
[1, 1310, 157]
[1, 1310, 136]
[1, 1310, 117]
[1, 1310, 127]
[1, 1310, 121]
[1, 1310, 129]
[1, 1310, 120]
[1, 1310, 134]
[1, 1310, 122]
[1, 1310, 126]
[1, 1310, 131]
[1, 1310, 129]
[1, 1310, 126]
[1, 1310, 125]
[1, 1310, 127]
[1, 1310, 119]
[1, 1310, 140]
[1, 1310, 144]
[1, 1310, 120]
[1, 1310, 120]
[1, 1310, 134]
[1, 1310, 127]
[1, 1310, 121]
[1, 1310, 118]
[1, 1310, 134]
[1, 1310, 139]
[1, 1310, 117]
[1, 1310, 132]
[1, 1310, 117]
[1, 1310, 121]
[1, 1310, 129]
[1, 1310, 134]
[1, 1310, 143]
[1, 1310, 120]
[1, 1310, 120]
[1, 1310, 121]
[1, 1310, 138]
[1, 1310, 122]
[1, 1310, 114]
[1, 1310, 113]
[1, 1310, 144]
[1, 1310, 133]
[1, 1310, 122]
[1, 1310, 121]
[1, 1310, 142]
[1, 1310, 145]
[1, 1310, 124]
[1, 1310, 133]
[1, 1310, 110]
[1, 1310, 126]
[1, 1310, 102]
[2, 2621, 338]
[2, 2621, 309]
[2, 2621, 290]
[2, 2621, 301]
[2, 2621, 326]
[2, 2621, 307]
[2, 2621, 317]
[2, 2621, 305]
[2, 2621, 326]
[2, 2621, 300]
[2, 2621, 300]
[2, 2621, 323]
[2, 2621, 296]
[2, 2621, 306]
[2, 2621, 310]
[2, 2621, 284]
[2, 2621, 298]
[2, 2621, 315]
[2, 2621, 301]
[2, 2621, 288]
[2, 2621, 302]
[2, 2621, 318]
[2, 2621, 333]
[2, 2621, 297]
[2, 2621, 297]
[2, 2621, 314]
[2, 2621, 310]
[2, 2621, 286]
[2, 2621, 305]
[2, 2621, 331]
[2, 2621, 286]
[2, 2621, 324]
[2, 2621, 300]
[2, 2621, 298]
[2, 2621, 303]
[2, 2621, 285]
[2, 2621, 307]
[2, 2621, 316]
[2, 2621, 283]
[2, 2621, 293]
[2, 2621, 307]
[2, 2621, 336]
[2, 2621, 313]
[2, 2621, 311]
[2, 2621, 292]
[2, 2621, 312]
[2, 2621, 317]
[2, 2621, 323]
[2, 2621, 324]
[2, 2621, 312]
[2, 2621, 315]
[2, 2621, 256]
[2, 2621, 289]
[2, 2621, 309]
[2, 2621, 312]
[2, 2621, 306]
[2, 2621, 319]
[2, 2621, 306]
[2, 2621, 308]
[2, 2621, 292]
[2, 2621, 303]
[2, 2621, 313]
[2, 2621, 285]
[2, 2621, 327]
[2, 2621, 297]
[2, 2621, 289]
[2, 2621, 289]
[2, 2621, 306]
[2, 2621, 320]
[2, 2621, 289]
[2, 2621, 272]
[2, 2621, 337]
[2, 2621, 294]
[2, 2621, 348]
[2, 2621, 300]
[2, 2621, 311]
[2, 2621, 351]
[2, 2621, 296]
[2, 2621, 294]
[2, 2621, 282]
[2, 2621, 334]
[2, 2621, 306]
[2, 2621, 289]
[2, 2621, 325]
[2, 2621, 300]
[2, 2621, 305]
[2, 2621, 351]
[2, 2621, 306]
[2, 2621, 289]
[2, 2621, 322]
[2, 2621, 334]
[2, 2621, 286]
[2, 2621, 286]
[2, 2621, 331]
[2, 2621, 295]
[2, 2621, 290]
[2, 2621, 305]
[2, 2621, 291]
[2, 2621, 316]
[2, 2621, 303]
[5, 6553, 1187]
[5, 6553, 1163]
[5, 6553, 1179]
[5, 6553, 1246]
[5, 6553, 1163]
[5, 6553, 1171]
[5, 6553, 1204]
[5, 6553, 1205]
[5, 6553, 1162]
[5, 6553, 1171]
[5, 6553, 1186]
[5, 6553, 1171]
[5, 6553, 1212]
[5, 6553, 1175]
[5, 6553, 1136]
[5, 6553, 1224]
[5, 6553, 1160]
[5, 6553, 1174]
[5, 6553, 1169]
[5, 6553, 1180]
[5, 6553, 1168]
[5, 6553, 1195]
[5, 6553, 1211]
[5, 6553, 1200]
[5, 6553, 1132]
[5, 6553, 1226]
[5, 6553, 1191]
[5, 6553, 1214]
[5, 6553, 1204]
[5, 6553, 1180]
[5, 6553, 1230]
[5, 6553, 1180]
[5, 6553, 1214]
[5, 6553, 1207]
[5, 6553, 1165]
[5, 6553, 1175]
[5, 6553, 1178]
[5, 6553, 1161]
[5, 6553, 1185]
[5, 6553, 1138]
[5, 6553, 1143]
[5, 6553, 1193]
[5, 6553, 1181]
[5, 6553, 1183]
[5, 6553, 1209]
[5, 6553, 1246]
[5, 6553, 1174]
[5, 6553, 1199]
[5, 6553, 1202]
[5, 6553, 1215]
[5, 6553, 1206]
[5, 6553, 1201]
[5, 6553, 1152]
[5, 6553, 1134]
[5, 6553, 1198]
[5, 6553, 1152]
[5, 6553, 1164]
[5, 6553, 1181]
[5, 6553, 1175]
[5, 6553, 1139]
[5, 6553, 1144]
[5, 6553, 1186]
[5, 6553, 1175]
[5, 6553, 1227]
[5, 6553, 1130]
[5, 6553, 1172]
[5, 6553, 1221]
[5, 6553, 1241]
[5, 6553, 1188]
[5, 6553, 1175]
[5, 6553, 1220]
[5, 6553, 1117]
[5, 6553, 1213]
[5, 6553, 1180]
[5, 6553, 1178]
[5, 6553, 1171]
[5, 6553, 1127]
[5, 6553, 1198]
[5, 6553, 1192]
[5, 6553, 1236]
[5, 6553, 1143]
[5, 6553, 1219]
[5, 6553, 1191]
[5, 6553, 1223]
[5, 6553, 1191]
[5, 6553, 1191]
[5, 6553, 1193]
[5, 6553, 1207]
[5, 6553, 1221]
[5, 6553, 1187]
[5, 6553, 1184]
[5, 6553, 1175]
[5, 6553, 1177]
[5, 6553, 1170]
[5, 6553, 1215]
[5, 6553, 1207]
[5, 6553, 1238]
[5, 6553, 1136]
[5, 6553, 1138]
[5, 6553, 1188]
[10, 13107, 3825]
[10, 13107, 3787]
[10, 13107, 3854]
[10, 13107, 3753]
[10, 13107, 3814]
[10, 13107, 3781]
[10, 13107, 3796]
[10, 13107, 3775]
[10, 13107, 3758]
[10, 13107, 3777]
[10, 13107, 3638]
[10, 13107, 3793]
[10, 13107, 3836]
[10, 13107, 3793]
[10, 13107, 3775]
[10, 13107, 3798]
[10, 13107, 3792]
[10, 13107, 3785]
[10, 13107, 3803]
[10, 13107, 3799]
[10, 13107, 3820]
[10, 13107, 3765]
[10, 13107, 3872]
[10, 13107, 3836]
[10, 13107, 3766]
[10, 13107, 3762]
[10, 13107, 3777]
[10, 13107, 3774]
[10, 13107, 3812]
[10, 13107, 3788]
[10, 13107, 3818]
[10, 13107, 3844]
[10, 13107, 3789]
[10, 13107, 3736]
[10, 13107, 3816]
[10, 13107, 3779]
[10, 13107, 3813]
[10, 13107, 3790]
[10, 13107, 3799]
[10, 13107, 3831]
[10, 13107, 3868]
[10, 13107, 3835]
[10, 13107, 3775]
[10, 13107, 3815]
[10, 13107, 3701]
[10, 13107, 3718]
[10, 13107, 3832]
[10, 13107, 3761]
[10, 13107, 3754]
[10, 13107, 3775]
[10, 13107, 3779]
[10, 13107, 3815]
[10, 13107, 3788]
[10, 13107, 3746]
[10, 13107, 3777]
[10, 13107, 3808]
[10, 13107, 3786]
[10, 13107, 3671]
[10, 13107, 3745]
[10, 13107, 3734]
[10, 13107, 3754]
[10, 13107, 3860]
[10, 13107, 3839]
[10, 13107, 3770]
[10, 13107, 3790]
[10, 13107, 3729]
[10, 13107, 3793]
[10, 13107, 3813]
[10, 13107, 3837]
[10, 13107, 3809]
[10, 13107, 3740]
[10, 13107, 3696]
[10, 13107, 3786]
[10, 13107, 3739]
[10, 13107, 3826]
[10, 13107, 3740]
[10, 13107, 3847]
[10, 13107, 3707]
[10, 13107, 3795]
[10, 13107, 3798]
[10, 13107, 3850]
[10, 13107, 3770]
[10, 13107, 3839]
[10, 13107, 3771]
[10, 13107, 3893]
[10, 13107, 3737]
[10, 13107, 3792]
[10, 13107, 3770]
[10, 13107, 3717]
[10, 13107, 3726]
[10, 13107, 3771]
[10, 13107, 3720]
[10, 13107, 3813]
[10, 13107, 3721]
[10, 13107, 3792]
[10, 13107, 3739]
[10, 13107, 3808]
[10, 13107, 3794]
[10, 13107, 3837]
[10, 13107, 3816]
[15, 19660, 7896]
[15, 19660, 7839]
[15, 19660, 7767]
[15, 19660, 7782]
[15, 19660, 7754]
[15, 19660, 7750]
[15, 19660, 7735]
[15, 19660, 7691]
[15, 19660, 7818]
[15, 19660, 7862]
[15, 19660, 7816]
[15, 19660, 7839]
[15, 19660, 7762]
[15, 19660, 7915]
[15, 19660, 7735]
[15, 19660, 7914]
[15, 19660, 7715]
[15, 19660, 7806]
[15, 19660, 7761]
[15, 19660, 7688]
[15, 19660, 7773]
[15, 19660, 7830]
[15, 19660, 7790]
[15, 19660, 7686]
[15, 19660, 7816]
[15, 19660, 7830]
[15, 19660, 7774]
[15, 19660, 7756]
[15, 19660, 7850]
[15, 19660, 7757]
[15, 19660, 7781]
[15, 19660, 7624]
[15, 19660, 7670]
[15, 19660, 7873]
[15, 19660, 7716]
[15, 19660, 7750]
[15, 19660, 7793]
[15, 19660, 7656]
[15, 19660, 7699]
[15, 19660, 7854]
[15, 19660, 7840]
[15, 19660, 7708]
[15, 19660, 7696]
[15, 19660, 7700]
[15, 19660, 7788]
[15, 19660, 7794]
[15, 19660, 7703]
[15, 19660, 7800]
[15, 19660, 7757]
[15, 19660, 7734]
[15, 19660, 7860]
[15, 19660, 7844]
[15, 19660, 7884]
[15, 19660, 7762]
[15, 19660, 7736]
[15, 19660, 7847]
[15, 19660, 7867]
[15, 19660, 7737]
[15, 19660, 7766]
[15, 19660, 7752]
[15, 19660, 7711]
[15, 19660, 7854]
[15, 19660, 7833]
[15, 19660, 7800]
[15, 19660, 7753]
[15, 19660, 7839]
[15, 19660, 7683]
[15, 19660, 7805]
[15, 19660, 7794]
[15, 19660, 7886]
[15, 19660, 7900]
[15, 19660, 7763]
[15, 19660, 7796]
[15, 19660, 7859]
[15, 19660, 7716]
[15, 19660, 7744]
[15, 19660, 7796]
[15, 19660, 7832]
[15, 19660, 7782]
[15, 19660, 7784]
[15, 19660, 7817]
[15, 19660, 7626]
[15, 19660, 7685]
[15, 19660, 7764]
[15, 19660, 7810]
[15, 19660, 7727]
[15, 19660, 7746]
[15, 19660, 7761]
[15, 19660, 7827]
[15, 19660, 7742]
[15, 19660, 7809]
[15, 19660, 7740]
[15, 19660, 7911]
[15, 19660, 7829]
[15, 19660, 7739]
[15, 19660, 7782]
[15, 19660, 7793]
[15, 19660, 7693]
[15, 19660, 7827]
[15, 19660, 7737]
[20, 26214, 13068]
[20, 26214, 13089]
[20, 26214, 12930]
[20, 26214, 13037]
[20, 26214, 12964]
[20, 26214, 13068]
[20, 26214, 13034]
[20, 26214, 12998]
[20, 26214, 12852]
[20, 26214, 13081]
[20, 26214, 13084]
[20, 26214, 13104]
[20, 26214, 12978]
[20, 26214, 12938]
[20, 26214, 13031]
[20, 26214, 12958]
[20, 26214, 12910]
[20, 26214, 12900]
[20, 26214, 13080]
[20, 26214, 12897]
[20, 26214, 13132]
[20, 26214, 13023]
[20, 26214, 12992]
[20, 26214, 12986]
[20, 26214, 13032]
[20, 26214, 12901]
[20, 26214, 12984]
[20, 26214, 13154]
[20, 26214, 12876]
[20, 26214, 12921]
[20, 26214, 12995]
[20, 26214, 12962]
[20, 26214, 12993]
[20, 26214, 12941]
[20, 26214, 12969]
[20, 26214, 13024]
[20, 26214, 13035]
[20, 26214, 13013]
[20, 26214, 12999]
[20, 26214, 13065]
[20, 26214, 12773]
[20, 26214, 13044]
[20, 26214, 12954]
[20, 26214, 13080]
[20, 26214, 13051]
[20, 26214, 12986]
[20, 26214, 12890]
[20, 26214, 12773]
[20, 26214, 13052]
[20, 26214, 12974]
[20, 26214, 13029]
[20, 26214, 12925]
[20, 26214, 13143]
[20, 26214, 12990]
[20, 26214, 13030]
[20, 26214, 12941]
[20, 26214, 12966]
[20, 26214, 12940]
[20, 26214, 12945]
[20, 26214, 12935]
[20, 26214, 12949]
[20, 26214, 13089]
[20, 26214, 12923]
[20, 26214, 13064]
[20, 26214, 13107]
[20, 26214, 12969]
[20, 26214, 12932]
[20, 26214, 12931]
[20, 26214, 12985]
[20, 26214, 13059]
[20, 26214, 12959]
[20, 26214, 13020]
[20, 26214, 13070]
[20, 26214, 12910]
[20, 26214, 12912]
[20, 26214, 12910]
[20, 26214, 13143]
[20, 26214, 13113]
[20, 26214, 12961]
[20, 26214, 12944]
[20, 26214, 12839]
[20, 26214, 13057]
[20, 26214, 13085]
[20, 26214, 13060]
[20, 26214, 13023]
[20, 26214, 12981]
[20, 26214, 12973]
[20, 26214, 12930]
[20, 26214, 13021]
[20, 26214, 12910]
[20, 26214, 12957]
[20, 26214, 12969]
[20, 26214, 12939]
[20, 26214, 13049]
[20, 26214, 12935]
[20, 26214, 12908]
[20, 26214, 12953]
[20, 26214, 13086]
[20, 26214, 13074]
[20, 26214, 13074]
[25, 32768, 19183]
[25, 32768, 19250]
[25, 32768, 19255]
[25, 32768, 19322]
[25, 32768, 19165]
[25, 32768, 18938]
[25, 32768, 19083]
[25, 32768, 19192]
[25, 32768, 19257]
[25, 32768, 19082]
[25, 32768, 19098]
[25, 32768, 18966]
[25, 32768, 19282]
[25, 32768, 19065]
[25, 32768, 19242]
[25, 32768, 19339]
[25, 32768, 19143]
[25, 32768, 19048]
[25, 32768, 19194]
[25, 32768, 19235]
[25, 32768, 19219]
[25, 32768, 19198]
[25, 32768, 19191]
[25, 32768, 19244]
[25, 32768, 19197]
[25, 32768, 19125]
[25, 32768, 19125]
[25, 32768, 19040]
[25, 32768, 19123]
[25, 32768, 19349]
[25, 32768, 19138]
[25, 32768, 19243]
[25, 32768, 19100]
[25, 32768, 19315]
[25, 32768, 19146]
[25, 32768, 19199]
[25, 32768, 19334]
[25, 32768, 19315]
[25, 32768, 19138]
[25, 32768, 19200]
[25, 32768, 19244]
[25, 32768, 19244]
[25, 32768, 19286]
[25, 32768, 19119]
[25, 32768, 19086]
[25, 32768, 19153]
[25, 32768, 19126]
[25, 32768, 19204]
[25, 32768, 19157]
[25, 32768, 19268]
[25, 32768, 19046]
[25, 32768, 19298]
[25, 32768, 19103]
[25, 32768, 19166]
[25, 32768, 19177]
[25, 32768, 19282]
[25, 32768, 19165]
[25, 32768, 19210]
[25, 32768, 19074]
[25, 32768, 19050]
[25, 32768, 19179]
[25, 32768, 19200]
[25, 32768, 19086]
[25, 32768, 19258]
[25, 32768, 19079]
[25, 32768, 19256]
[25, 32768, 19279]
[25, 32768, 19215]
[25, 32768, 19054]
[25, 32768, 19329]
[25, 32768, 19195]
[25, 32768, 19170]
[25, 32768, 19248]
[25, 32768, 19201]
[25, 32768, 19085]
[25, 32768, 19096]
[25, 32768, 19203]
[25, 32768, 19298]
[25, 32768, 19154]
[25, 32768, 19255]
[25, 32768, 19130]
[25, 32768, 19250]
[25, 32768, 19149]
[25, 32768, 19239]
[25, 32768, 19008]
[25, 32768, 18954]
[25, 32768, 19169]
[25, 32768, 19210]
[25, 32768, 19164]
[25, 32768, 19072]
[25, 32768, 19103]
[25, 32768, 19071]
[25, 32768, 19311]
[25, 32768, 19079]
[25, 32768, 19069]
[25, 32768, 19072]
[25, 32768, 19199]
[25, 32768, 19322]
[25, 32768, 19126]
[25, 32768, 19280]
[30, 39321, 25959]
[30, 39321, 26020]
[30, 39321, 26045]
[30, 39321, 25947]
[30, 39321, 26004]
[30, 39321, 26027]
[30, 39321, 25992]
[30, 39321, 25966]
[30, 39321, 25985]
[30, 39321, 26034]
[30, 39321, 26056]
[30, 39321, 26083]
[30, 39321, 25926]
[30, 39321, 25952]
[30, 39321, 26040]
[30, 39321, 26019]
[30, 39321, 26059]
[30, 39321, 25918]
[30, 39321, 26070]
[30, 39321, 25959]
[30, 39321, 26037]
[30, 39321, 26087]
[30, 39321, 26133]
[30, 39321, 25887]
[30, 39321, 25997]
[30, 39321, 25960]
[30, 39321, 26033]
[30, 39321, 25981]
[30, 39321, 26004]
[30, 39321, 26104]
[30, 39321, 26011]
[30, 39321, 26012]
[30, 39321, 26087]
[30, 39321, 26026]
[30, 39321, 25879]
[30, 39321, 26013]
[30, 39321, 26174]
[30, 39321, 26121]
[30, 39321, 25963]
[30, 39321, 26012]
[30, 39321, 25955]
[30, 39321, 26068]
[30, 39321, 25975]
[30, 39321, 26249]
[30, 39321, 25864]
[30, 39321, 25924]
[30, 39321, 26028]
[30, 39321, 26080]
[30, 39321, 26071]
[30, 39321, 26150]
[30, 39321, 25906]
[30, 39321, 25888]
[30, 39321, 25877]
[30, 39321, 26076]
[30, 39321, 25884]
[30, 39321, 26026]
[30, 39321, 25968]
[30, 39321, 26052]
[30, 39321, 25864]
[30, 39321, 25890]
[30, 39321, 25992]
[30, 39321, 26101]
[30, 39321, 26011]
[30, 39321, 26027]
[30, 39321, 26054]
[30, 39321, 25959]
[30, 39321, 25993]
[30, 39321, 25979]
[30, 39321, 25906]
[30, 39321, 25970]
[30, 39321, 26012]
[30, 39321, 25935]
[30, 39321, 26028]
[30, 39321, 26090]
[30, 39321, 26019]
[30, 39321, 26080]
[30, 39321, 25886]
[30, 39321, 25923]
[30, 39321, 26065]
[30, 39321, 26097]
[30, 39321, 26236]
[30, 39321, 25922]
[30, 39321, 25976]
[30, 39321, 26083]
[30, 39321, 25988]
[30, 39321, 25967]
[30, 39321, 26120]
[30, 39321, 26000]
[30, 39321, 25984]
[30, 39321, 26013]
[30, 39321, 26074]
[30, 39321, 25860]
[30, 39321, 25941]
[30, 39321, 26085]
[30, 39321, 26080]
[30, 39321, 26088]
[30, 39321, 25961]
[30, 39321, 25982]
[30, 39321, 25983]
[30, 39321, 26042]
[35, 45875, 33307]
[35, 45875, 33374]
[35, 45875, 33270]
[35, 45875, 33222]
[35, 45875, 33155]
[35, 45875, 33199]
[35, 45875, 33400]
[35, 45875, 33122]
[35, 45875, 33218]
[35, 45875, 33217]
[35, 45875, 33195]
[35, 45875, 33292]
[35, 45875, 33398]
[35, 45875, 33345]
[35, 45875, 33231]
[35, 45875, 33359]
[35, 45875, 33340]
[35, 45875, 33436]
[35, 45875, 33237]
[35, 45875, 33259]
[35, 45875, 33250]
[35, 45875, 33355]
[35, 45875, 33381]
[35, 45875, 33234]
[35, 45875, 33271]
[35, 45875, 33302]
[35, 45875, 33176]
[35, 45875, 33208]
[35, 45875, 33325]
[35, 45875, 33307]
[35, 45875, 33344]
[35, 45875, 33243]
[35, 45875, 33370]
[35, 45875, 33266]
[35, 45875, 33259]
[35, 45875, 33288]
[35, 45875, 33361]
[35, 45875, 33409]
[35, 45875, 33271]
[35, 45875, 33337]
[35, 45875, 33251]
[35, 45875, 33237]
[35, 45875, 33534]
[35, 45875, 33257]
[35, 45875, 33382]
[35, 45875, 33226]
[35, 45875, 33461]
[35, 45875, 33332]
[35, 45875, 33215]
[35, 45875, 33317]
[35, 45875, 33409]
[35, 45875, 33229]
[35, 45875, 33287]
[35, 45875, 33284]
[35, 45875, 33368]
[35, 45875, 33257]
[35, 45875, 33287]
[35, 45875, 33227]
[35, 45875, 33195]
[35, 45875, 33358]
[35, 45875, 33315]
[35, 45875, 33252]
[35, 45875, 33237]
[35, 45875, 33115]
[35, 45875, 33214]
[35, 45875, 33264]
[35, 45875, 33289]
[35, 45875, 33334]
[35, 45875, 33113]
[35, 45875, 33372]
[35, 45875, 33296]
[35, 45875, 33258]
[35, 45875, 33203]
[35, 45875, 33386]
[35, 45875, 33169]
[35, 45875, 33448]
[35, 45875, 33263]
[35, 45875, 33305]
[35, 45875, 33464]
[35, 45875, 33204]
[35, 45875, 33396]
[35, 45875, 33277]
[35, 45875, 33223]
[35, 45875, 33251]
[35, 45875, 33316]
[35, 45875, 33289]
[35, 45875, 33318]
[35, 45875, 33278]
[35, 45875, 33248]
[35, 45875, 33519]
[35, 45875, 33372]
[35, 45875, 33218]
[35, 45875, 33268]
[35, 45875, 33229]
[35, 45875, 33305]
[35, 45875, 33234]
[35, 45875, 33167]
[35, 45875, 33227]
[35, 45875, 33260]
[35, 45875, 33168]
[40, 52428, 40776]
[40, 52428, 40731]
[40, 52428, 40827]
[40, 52428, 40906]
[40, 52428, 40691]
[40, 52428, 40731]
[40, 52428, 40654]
[40, 52428, 40810]
[40, 52428, 40842]
[40, 52428, 40845]
[40, 52428, 40731]
[40, 52428, 40758]
[40, 52428, 40868]
[40, 52428, 40656]
[40, 52428, 40833]
[40, 52428, 40677]
[40, 52428, 40892]
[40, 52428, 40906]
[40, 52428, 40893]
[40, 52428, 40740]
[40, 52428, 40821]
[40, 52428, 40839]
[40, 52428, 40925]
[40, 52428, 40869]
[40, 52428, 40770]
[40, 52428, 40877]
[40, 52428, 40906]
[40, 52428, 40740]
[40, 52428, 40700]
[40, 52428, 40727]
[40, 52428, 40829]
[40, 52428, 40967]
[40, 52428, 40686]
[40, 52428, 40677]
[40, 52428, 40925]
[40, 52428, 40681]
[40, 52428, 40757]
[40, 52428, 40861]
[40, 52428, 40894]
[40, 52428, 40679]
[40, 52428, 40843]
[40, 52428, 40901]
[40, 52428, 40755]
[40, 52428, 40737]
[40, 52428, 40765]
[40, 52428, 40884]
[40, 52428, 40763]
[40, 52428, 40807]
[40, 52428, 40852]
[40, 52428, 40847]
[40, 52428, 40811]
[40, 52428, 40825]
[40, 52428, 40748]
[40, 52428, 40836]
[40, 52428, 40820]
[40, 52428, 40805]
[40, 52428, 40622]
[40, 52428, 40622]
[40, 52428, 40778]
[40, 52428, 40807]
[40, 52428, 40828]
[40, 52428, 40870]
[40, 52428, 40736]
[40, 52428, 40909]
[40, 52428, 40758]
[40, 52428, 40629]
[40, 52428, 40805]
[40, 52428, 40741]
[40, 52428, 40792]
[40, 52428, 40652]
[40, 52428, 40826]
[40, 52428, 40749]
[40, 52428, 40793]
[40, 52428, 40851]
[40, 52428, 40865]
[40, 52428, 40761]
[40, 52428, 40771]
[40, 52428, 40891]
[40, 52428, 40644]
[40, 52428, 40745]
[40, 52428, 40669]
[40, 52428, 40839]
[40, 52428, 40861]
[40, 52428, 40944]
[40, 52428, 40963]
[40, 52428, 40771]
[40, 52428, 40651]
[40, 52428, 41010]
[40, 52428, 40743]
[40, 52428, 40847]
[40, 52428, 40991]
[40, 52428, 40883]
[40, 52428, 40682]
[40, 52428, 40828]
[40, 52428, 40966]
[40, 52428, 40849]
[40, 52428, 40812]
[40, 52428, 40873]
[40, 52428, 40726]
[40, 52428, 40699]
