[1, 1310, 25]
[1, 1310, 23]
[1, 1310, 26]
[1, 1310, 17]
[1, 1310, 27]
[1, 1310, 37]
[1, 1310, 27]
[1, 1310, 20]
[1, 1310, 29]
[1, 1310, 21]
[1, 1310, 19]
[1, 1310, 22]
[1, 1310, 28]
[1, 1310, 22]
[1, 1310, 29]
[1, 1310, 19]
[1, 1310, 24]
[1, 1310, 30]
[1, 1310, 25]
[1, 1310, 30]
[1, 1310, 33]
[1, 1310, 22]
[1, 1310, 30]
[1, 1310, 28]
[1, 1310, 38]
[1, 1310, 19]
[1, 1310, 28]
[1, 1310, 29]
[1, 1310, 23]
[1, 1310, 37]
[1, 1310, 29]
[1, 1310, 28]
[1, 1310, 27]
[1, 1310, 22]
[1, 1310, 31]
[1, 1310, 25]
[1, 1310, 35]
[1, 1310, 34]
[1, 1310, 30]
[1, 1310, 29]
[1, 1310, 23]
[1, 1310, 21]
[1, 1310, 21]
[1, 1310, 19]
[1, 1310, 35]
[1, 1310, 31]
[1, 1310, 17]
[1, 1310, 19]
[1, 1310, 20]
[1, 1310, 22]
[1, 1310, 33]
[1, 1310, 29]
[1, 1310, 28]
[1, 1310, 28]
[1, 1310, 21]
[1, 1310, 22]
[1, 1310, 28]
[1, 1310, 23]
[1, 1310, 19]
[1, 1310, 28]
[1, 1310, 20]
[1, 1310, 28]
[1, 1310, 30]
[1, 1310, 22]
[1, 1310, 23]
[1, 1310, 21]
[1, 1310, 21]
[1, 1310, 36]
[1, 1310, 27]
[1, 1310, 28]
[1, 1310, 26]
[1, 1310, 22]
[1, 1310, 22]
[1, 1310, 27]
[1, 1310, 37]
[1, 1310, 19]
[1, 1310, 30]
[1, 1310, 26]
[1, 1310, 29]
[1, 1310, 19]
[1, 1310, 42]
[1, 1310, 29]
[1, 1310, 25]
[1, 1310, 21]
[1, 1310, 27]
[1, 1310, 21]
[1, 1310, 34]
[1, 1310, 27]
[1, 1310, 25]
[1, 1310, 27]
[1, 1310, 21]
[1, 1310, 24]
[1, 1310, 21]
[1, 1310, 29]
[1, 1310, 22]
[1, 1310, 29]
[1, 1310, 27]
[1, 1310, 25]
[1, 1310, 29]
[1, 1310, 27]
[2, 2621, 57]
[2, 2621, 63]
[2, 2621, 64]
[2, 2621, 76]
[2, 2621, 61]
[2, 2621, 60]
[2, 2621, 83]
[2, 2621, 65]
[2, 2621, 63]
[2, 2621, 68]
[2, 2621, 58]
[2, 2621, 62]
[2, 2621, 72]
[2, 2621, 64]
[2, 2621, 72]
[2, 2621, 54]
[2, 2621, 59]
[2, 2621, 70]
[2, 2621, 64]
[2, 2621, 68]
[2, 2621, 70]
[2, 2621, 68]
[2, 2621, 69]
[2, 2621, 70]
[2, 2621, 55]
[2, 2621, 59]
[2, 2621, 51]
[2, 2621, 66]
[2, 2621, 66]
[2, 2621, 63]
[2, 2621, 74]
[2, 2621, 60]
[2, 2621, 58]
[2, 2621, 53]
[2, 2621, 67]
[2, 2621, 61]
[2, 2621, 65]
[2, 2621, 70]
[2, 2621, 62]
[2, 2621, 65]
[2, 2621, 56]
[2, 2621, 71]
[2, 2621, 74]
[2, 2621, 57]
[2, 2621, 65]
[2, 2621, 80]
[2, 2621, 61]
[2, 2621, 65]
[2, 2621, 57]
[2, 2621, 66]
[2, 2621, 40]
[2, 2621, 70]
[2, 2621, 64]
[2, 2621, 64]
[2, 2621, 63]
[2, 2621, 67]
[2, 2621, 78]
[2, 2621, 69]
[2, 2621, 58]
[2, 2621, 64]
[2, 2621, 73]
[2, 2621, 59]
[2, 2621, 61]
[2, 2621, 55]
[2, 2621, 64]
[2, 2621, 56]
[2, 2621, 46]
[2, 2621, 70]
[2, 2621, 64]
[2, 2621, 59]
[2, 2621, 64]
[2, 2621, 68]
[2, 2621, 60]
[2, 2621, 70]
[2, 2621, 57]
[2, 2621, 67]
[2, 2621, 59]
[2, 2621, 65]
[2, 2621, 51]
[2, 2621, 67]
[2, 2621, 73]
[2, 2621, 60]
[2, 2621, 63]
[2, 2621, 60]
[2, 2621, 58]
[2, 2621, 49]
[2, 2621, 63]
[2, 2621, 70]
[2, 2621, 74]
[2, 2621, 64]
[2, 2621, 102]
[2, 2621, 79]
[2, 2621, 66]
[2, 2621, 73]
[2, 2621, 59]
[2, 2621, 72]
[2, 2621, 58]
[2, 2621, 65]
[2, 2621, 63]
[2, 2621, 61]
[5, 6553, 255]
[5, 6553, 216]
[5, 6553, 269]
[5, 6553, 234]
[5, 6553, 285]
[5, 6553, 286]
[5, 6553, 243]
[5, 6553, 225]
[5, 6553, 260]
[5, 6553, 263]
[5, 6553, 249]
[5, 6553, 244]
[5, 6553, 230]
[5, 6553, 245]
[5, 6553, 250]
[5, 6553, 234]
[5, 6553, 279]
[5, 6553, 262]
[5, 6553, 235]
[5, 6553, 240]
[5, 6553, 233]
[5, 6553, 230]
[5, 6553, 275]
[5, 6553, 248]
[5, 6553, 263]
[5, 6553, 240]
[5, 6553, 233]
[5, 6553, 262]
[5, 6553, 276]
[5, 6553, 247]
[5, 6553, 244]
[5, 6553, 255]
[5, 6553, 231]
[5, 6553, 247]
[5, 6553, 264]
[5, 6553, 255]
[5, 6553, 234]
[5, 6553, 232]
[5, 6553, 257]
[5, 6553, 239]
[5, 6553, 235]
[5, 6553, 246]
[5, 6553, 272]
[5, 6553, 247]
[5, 6553, 253]
[5, 6553, 220]
[5, 6553, 259]
[5, 6553, 245]
[5, 6553, 250]
[5, 6553, 236]
[5, 6553, 266]
[5, 6553, 249]
[5, 6553, 221]
[5, 6553, 215]
[5, 6553, 267]
[5, 6553, 222]
[5, 6553, 301]
[5, 6553, 264]
[5, 6553, 228]
[5, 6553, 269]
[5, 6553, 269]
[5, 6553, 226]
[5, 6553, 252]
[5, 6553, 222]
[5, 6553, 263]
[5, 6553, 249]
[5, 6553, 263]
[5, 6553, 231]
[5, 6553, 261]
[5, 6553, 261]
[5, 6553, 257]
[5, 6553, 229]
[5, 6553, 271]
[5, 6553, 249]
[5, 6553, 237]
[5, 6553, 246]
[5, 6553, 247]
[5, 6553, 254]
[5, 6553, 221]
[5, 6553, 243]
[5, 6553, 247]
[5, 6553, 253]
[5, 6553, 254]
[5, 6553, 248]
[5, 6553, 254]
[5, 6553, 240]
[5, 6553, 258]
[5, 6553, 284]
[5, 6553, 242]
[5, 6553, 236]
[5, 6553, 266]
[5, 6553, 264]
[5, 6553, 287]
[5, 6553, 237]
[5, 6553, 212]
[5, 6553, 244]
[5, 6553, 239]
[5, 6553, 262]
[5, 6553, 255]
[5, 6553, 246]
[10, 13107, 821]
[10, 13107, 797]
[10, 13107, 783]
[10, 13107, 775]
[10, 13107, 758]
[10, 13107, 798]
[10, 13107, 803]
[10, 13107, 794]
[10, 13107, 791]
[10, 13107, 749]
[10, 13107, 774]
[10, 13107, 783]
[10, 13107, 790]
[10, 13107, 822]
[10, 13107, 796]
[10, 13107, 773]
[10, 13107, 763]
[10, 13107, 735]
[10, 13107, 681]
[10, 13107, 817]
[10, 13107, 805]
[10, 13107, 768]
[10, 13107, 794]
[10, 13107, 772]
[10, 13107, 781]
[10, 13107, 760]
[10, 13107, 744]
[10, 13107, 796]
[10, 13107, 764]
[10, 13107, 765]
[10, 13107, 829]
[10, 13107, 777]
[10, 13107, 810]
[10, 13107, 713]
[10, 13107, 856]
[10, 13107, 808]
[10, 13107, 809]
[10, 13107, 782]
[10, 13107, 816]
[10, 13107, 792]
[10, 13107, 796]
[10, 13107, 780]
[10, 13107, 800]
[10, 13107, 797]
[10, 13107, 784]
[10, 13107, 791]
[10, 13107, 810]
[10, 13107, 784]
[10, 13107, 768]
[10, 13107, 772]
[10, 13107, 823]
[10, 13107, 747]
[10, 13107, 757]
[10, 13107, 777]
[10, 13107, 769]
[10, 13107, 799]
[10, 13107, 743]
[10, 13107, 798]
[10, 13107, 762]
[10, 13107, 818]
[10, 13107, 783]
[10, 13107, 798]
[10, 13107, 776]
[10, 13107, 738]
[10, 13107, 818]
[10, 13107, 822]
[10, 13107, 770]
[10, 13107, 761]
[10, 13107, 745]
[10, 13107, 769]
[10, 13107, 731]
[10, 13107, 738]
[10, 13107, 828]
[10, 13107, 806]
[10, 13107, 765]
[10, 13107, 803]
[10, 13107, 780]
[10, 13107, 782]
[10, 13107, 769]
[10, 13107, 744]
[10, 13107, 875]
[10, 13107, 836]
[10, 13107, 768]
[10, 13107, 748]
[10, 13107, 778]
[10, 13107, 805]
[10, 13107, 792]
[10, 13107, 811]
[10, 13107, 762]
[10, 13107, 742]
[10, 13107, 847]
[10, 13107, 762]
[10, 13107, 835]
[10, 13107, 816]
[10, 13107, 771]
[10, 13107, 773]
[10, 13107, 811]
[10, 13107, 818]
[10, 13107, 807]
[10, 13107, 736]
[15, 19660, 1612]
[15, 19660, 1601]
[15, 19660, 1666]
[15, 19660, 1682]
[15, 19660, 1600]
[15, 19660, 1566]
[15, 19660, 1664]
[15, 19660, 1610]
[15, 19660, 1713]
[15, 19660, 1619]
[15, 19660, 1577]
[15, 19660, 1595]
[15, 19660, 1627]
[15, 19660, 1638]
[15, 19660, 1651]
[15, 19660, 1659]
[15, 19660, 1607]
[15, 19660, 1599]
[15, 19660, 1613]
[15, 19660, 1625]
[15, 19660, 1571]
[15, 19660, 1651]
[15, 19660, 1635]
[15, 19660, 1629]
[15, 19660, 1643]
[15, 19660, 1594]
[15, 19660, 1672]
[15, 19660, 1675]
[15, 19660, 1596]
[15, 19660, 1624]
[15, 19660, 1653]
[15, 19660, 1634]
[15, 19660, 1711]
[15, 19660, 1529]
[15, 19660, 1701]
[15, 19660, 1631]
[15, 19660, 1522]
[15, 19660, 1541]
[15, 19660, 1654]
[15, 19660, 1593]
[15, 19660, 1652]
[15, 19660, 1670]
[15, 19660, 1633]
[15, 19660, 1526]
[15, 19660, 1597]
[15, 19660, 1704]
[15, 19660, 1626]
[15, 19660, 1630]
[15, 19660, 1628]
[15, 19660, 1506]
[15, 19660, 1629]
[15, 19660, 1695]
[15, 19660, 1635]
[15, 19660, 1631]
[15, 19660, 1592]
[15, 19660, 1669]
[15, 19660, 1639]
[15, 19660, 1630]
[15, 19660, 1571]
[15, 19660, 1657]
[15, 19660, 1596]
[15, 19660, 1670]
[15, 19660, 1647]
[15, 19660, 1536]
[15, 19660, 1648]
[15, 19660, 1577]
[15, 19660, 1613]
[15, 19660, 1589]
[15, 19660, 1618]
[15, 19660, 1632]
[15, 19660, 1628]
[15, 19660, 1566]
[15, 19660, 1619]
[15, 19660, 1729]
[15, 19660, 1590]
[15, 19660, 1593]
[15, 19660, 1653]
[15, 19660, 1621]
[15, 19660, 1627]
[15, 19660, 1577]
[15, 19660, 1672]
[15, 19660, 1580]
[15, 19660, 1659]
[15, 19660, 1557]
[15, 19660, 1602]
[15, 19660, 1656]
[15, 19660, 1598]
[15, 19660, 1585]
[15, 19660, 1504]
[15, 19660, 1561]
[15, 19660, 1605]
[15, 19660, 1674]
[15, 19660, 1641]
[15, 19660, 1622]
[15, 19660, 1657]
[15, 19660, 1607]
[15, 19660, 1658]
[15, 19660, 1612]
[15, 19660, 1529]
[15, 19660, 1604]
[20, 26214, 2930]
[20, 26214, 2731]
[20, 26214, 2847]
[20, 26214, 2800]
[20, 26214, 2801]
[20, 26214, 2734]
[20, 26214, 2855]
[20, 26214, 2880]
[20, 26214, 2813]
[20, 26214, 2798]
[20, 26214, 2661]
[20, 26214, 2861]
[20, 26214, 2775]
[20, 26214, 2868]
[20, 26214, 2805]
[20, 26214, 2768]
[20, 26214, 2723]
[20, 26214, 2755]
[20, 26214, 2705]
[20, 26214, 2753]
[20, 26214, 2775]
[20, 26214, 2813]
[20, 26214, 2782]
[20, 26214, 2794]
[20, 26214, 2861]
[20, 26214, 2868]
[20, 26214, 2787]
[20, 26214, 2776]
[20, 26214, 2727]
[20, 26214, 2799]
[20, 26214, 2847]
[20, 26214, 2719]
[20, 26214, 2740]
[20, 26214, 2713]
[20, 26214, 2828]
[20, 26214, 2785]
[20, 26214, 2802]
[20, 26214, 2646]
[20, 26214, 2801]
[20, 26214, 2828]
[20, 26214, 2821]
[20, 26214, 2797]
[20, 26214, 2749]
[20, 26214, 2783]
[20, 26214, 2765]
[20, 26214, 2752]
[20, 26214, 2791]
[20, 26214, 2786]
[20, 26214, 2688]
[20, 26214, 2704]
[20, 26214, 2709]
[20, 26214, 2772]
[20, 26214, 2838]
[20, 26214, 2749]
[20, 26214, 2796]
[20, 26214, 2859]
[20, 26214, 2818]
[20, 26214, 2806]
[20, 26214, 2806]
[20, 26214, 2816]
[20, 26214, 2760]
[20, 26214, 2697]
[20, 26214, 2855]
[20, 26214, 2714]
[20, 26214, 2770]
[20, 26214, 2764]
[20, 26214, 2716]
[20, 26214, 2814]
[20, 26214, 2848]
[20, 26214, 2776]
[20, 26214, 2801]
[20, 26214, 2587]
[20, 26214, 2786]
[20, 26214, 2914]
[20, 26214, 2682]
[20, 26214, 2829]
[20, 26214, 2778]
[20, 26214, 2767]
[20, 26214, 2856]
[20, 26214, 2737]
[20, 26214, 2753]
[20, 26214, 2838]
[20, 26214, 2769]
[20, 26214, 2734]
[20, 26214, 2863]
[20, 26214, 2736]
[20, 26214, 2860]
[20, 26214, 2797]
[20, 26214, 2730]
[20, 26214, 2740]
[20, 26214, 2867]
[20, 26214, 2786]
[20, 26214, 2916]
[20, 26214, 2821]
[20, 26214, 2803]
[20, 26214, 2836]
[20, 26214, 2826]
[20, 26214, 2790]
[20, 26214, 2767]
[20, 26214, 2781]
[25, 32768, 4352]
[25, 32768, 4356]
[25, 32768, 4289]
[25, 32768, 4247]
[25, 32768, 4140]
[25, 32768, 4347]
[25, 32768, 4422]
[25, 32768, 4259]
[25, 32768, 4160]
[25, 32768, 4311]
[25, 32768, 4135]
[25, 32768, 4293]
[25, 32768, 4284]
[25, 32768, 4360]
[25, 32768, 4232]
[25, 32768, 4340]
[25, 32768, 4216]
[25, 32768, 4172]
[25, 32768, 4230]
[25, 32768, 4281]
[25, 32768, 4207]
[25, 32768, 4305]
[25, 32768, 4323]
[25, 32768, 4251]
[25, 32768, 4251]
[25, 32768, 4249]
[25, 32768, 4223]
[25, 32768, 4241]
[25, 32768, 4325]
[25, 32768, 4278]
[25, 32768, 4263]
[25, 32768, 4195]
[25, 32768, 4267]
[25, 32768, 4289]
[25, 32768, 4314]
[25, 32768, 4204]
[25, 32768, 4192]
[25, 32768, 4153]
[25, 32768, 4291]
[25, 32768, 4233]
[25, 32768, 4256]
[25, 32768, 4401]
[25, 32768, 4323]
[25, 32768, 4149]
[25, 32768, 4196]
[25, 32768, 4315]
[25, 32768, 4271]
[25, 32768, 4154]
[25, 32768, 4182]
[25, 32768, 4221]
[25, 32768, 4325]
[25, 32768, 4191]
[25, 32768, 4151]
[25, 32768, 4238]
[25, 32768, 4416]
[25, 32768, 4335]
[25, 32768, 4285]
[25, 32768, 4253]
[25, 32768, 4174]
[25, 32768, 4133]
[25, 32768, 4218]
[25, 32768, 4226]
[25, 32768, 4268]
[25, 32768, 4213]
[25, 32768, 4213]
[25, 32768, 4192]
[25, 32768, 4297]
[25, 32768, 4176]
[25, 32768, 4316]
[25, 32768, 4243]
[25, 32768, 4105]
[25, 32768, 4082]
[25, 32768, 4281]
[25, 32768, 4298]
[25, 32768, 4212]
[25, 32768, 4231]
[25, 32768, 4180]
[25, 32768, 4203]
[25, 32768, 4133]
[25, 32768, 4236]
[25, 32768, 4181]
[25, 32768, 4265]
[25, 32768, 4250]
[25, 32768, 4315]
[25, 32768, 4258]
[25, 32768, 4147]
[25, 32768, 4185]
[25, 32768, 4224]
[25, 32768, 4237]
[25, 32768, 4075]
[25, 32768, 4377]
[25, 32768, 4227]
[25, 32768, 4281]
[25, 32768, 4253]
[25, 32768, 4231]
[25, 32768, 4180]
[25, 32768, 4437]
[25, 32768, 4319]
[25, 32768, 4305]
[25, 32768, 4144]
[30, 39321, 6132]
[30, 39321, 6124]
[30, 39321, 6138]
[30, 39321, 5974]
[30, 39321, 5906]
[30, 39321, 5985]
[30, 39321, 6226]
[30, 39321, 5976]
[30, 39321, 5981]
[30, 39321, 6070]
[30, 39321, 5770]
[30, 39321, 6122]
[30, 39321, 5959]
[30, 39321, 6114]
[30, 39321, 6095]
[30, 39321, 6067]
[30, 39321, 6070]
[30, 39321, 5965]
[30, 39321, 5934]
[30, 39321, 6016]
[30, 39321, 5930]
[30, 39321, 6015]
[30, 39321, 6110]
[30, 39321, 5962]
[30, 39321, 6087]
[30, 39321, 5872]
[30, 39321, 5877]
[30, 39321, 5887]
[30, 39321, 5938]
[30, 39321, 5986]
[30, 39321, 5999]
[30, 39321, 5860]
[30, 39321, 5982]
[30, 39321, 5905]
[30, 39321, 6117]
[30, 39321, 6011]
[30, 39321, 5961]
[30, 39321, 5868]
[30, 39321, 6195]
[30, 39321, 6150]
[30, 39321, 6055]
[30, 39321, 6047]
[30, 39321, 5943]
[30, 39321, 5936]
[30, 39321, 6040]
[30, 39321, 6187]
[30, 39321, 6039]
[30, 39321, 6089]
[30, 39321, 5870]
[30, 39321, 6027]
[30, 39321, 5926]
[30, 39321, 5968]
[30, 39321, 6056]
[30, 39321, 6009]
[30, 39321, 6094]
[30, 39321, 6052]
[30, 39321, 6048]
[30, 39321, 5998]
[30, 39321, 5874]
[30, 39321, 6176]
[30, 39321, 5886]
[30, 39321, 6049]
[30, 39321, 6093]
[30, 39321, 5888]
[30, 39321, 6149]
[30, 39321, 5976]
[30, 39321, 5932]
[30, 39321, 6021]
[30, 39321, 5969]
[30, 39321, 5982]
[30, 39321, 6136]
[30, 39321, 5792]
[30, 39321, 5953]
[30, 39321, 6074]
[30, 39321, 5971]
[30, 39321, 6134]
[30, 39321, 6000]
[30, 39321, 6040]
[30, 39321, 5899]
[30, 39321, 5884]
[30, 39321, 5961]
[30, 39321, 5940]
[30, 39321, 6049]
[30, 39321, 6015]
[30, 39321, 5994]
[30, 39321, 6112]
[30, 39321, 5986]
[30, 39321, 5934]
[30, 39321, 6057]
[30, 39321, 5912]
[30, 39321, 6142]
[30, 39321, 5923]
[30, 39321, 6073]
[30, 39321, 5946]
[30, 39321, 5968]
[30, 39321, 5952]
[30, 39321, 6023]
[30, 39321, 5857]
[30, 39321, 6039]
[30, 39321, 5990]
[35, 45875, 8092]
[35, 45875, 8088]
[35, 45875, 8059]
[35, 45875, 8033]
[35, 45875, 7965]
[35, 45875, 8295]
[35, 45875, 8365]
[35, 45875, 8006]
[35, 45875, 8121]
[35, 45875, 8097]
[35, 45875, 7829]
[35, 45875, 8076]
[35, 45875, 8086]
[35, 45875, 8012]
[35, 45875, 8208]
[35, 45875, 8215]
[35, 45875, 8031]
[35, 45875, 8006]
[35, 45875, 8060]
[35, 45875, 8127]
[35, 45875, 8142]
[35, 45875, 8013]
[35, 45875, 8154]
[35, 45875, 8045]
[35, 45875, 8116]
[35, 45875, 8027]
[35, 45875, 8075]
[35, 45875, 7970]
[35, 45875, 8170]
[35, 45875, 8313]
[35, 45875, 8227]
[35, 45875, 8070]
[35, 45875, 8028]
[35, 45875, 8149]
[35, 45875, 8140]
[35, 45875, 8004]
[35, 45875, 7940]
[35, 45875, 8078]
[35, 45875, 7962]
[35, 45875, 7978]
[35, 45875, 8109]
[35, 45875, 8211]
[35, 45875, 8080]
[35, 45875, 7949]
[35, 45875, 8051]
[35, 45875, 8059]
[35, 45875, 8055]
[35, 45875, 8027]
[35, 45875, 8047]
[35, 45875, 7992]
[35, 45875, 7949]
[35, 45875, 7878]
[35, 45875, 8031]
[35, 45875, 8077]
[35, 45875, 8098]
[35, 45875, 8213]
[35, 45875, 8121]
[35, 45875, 8033]
[35, 45875, 8081]
[35, 45875, 8031]
[35, 45875, 7977]
[35, 45875, 8242]
[35, 45875, 7903]
[35, 45875, 7874]
[35, 45875, 8026]
[35, 45875, 8054]
[35, 45875, 8148]
[35, 45875, 7936]
[35, 45875, 8129]
[35, 45875, 8109]
[35, 45875, 8023]
[35, 45875, 7784]
[35, 45875, 7998]
[35, 45875, 8191]
[35, 45875, 8131]
[35, 45875, 8200]
[35, 45875, 8044]
[35, 45875, 7988]
[35, 45875, 7955]
[35, 45875, 7894]
[35, 45875, 8152]
[35, 45875, 8036]
[35, 45875, 8003]
[35, 45875, 8035]
[35, 45875, 8003]
[35, 45875, 8063]
[35, 45875, 8061]
[35, 45875, 8068]
[35, 45875, 7953]
[35, 45875, 8028]
[35, 45875, 8228]
[35, 45875, 8008]
[35, 45875, 7984]
[35, 45875, 8002]
[35, 45875, 7945]
[35, 45875, 8063]
[35, 45875, 8279]
[35, 45875, 7986]
[35, 45875, 8105]
[35, 45875, 8024]
[40, 52428, 10308]
[40, 52428, 10441]
[40, 52428, 10583]
[40, 52428, 10404]
[40, 52428, 10377]
[40, 52428, 10350]
[40, 52428, 10588]
[40, 52428, 10563]
[40, 52428, 10307]
[40, 52428, 10605]
[40, 52428, 10328]
[40, 52428, 10335]
[40, 52428, 10578]
[40, 52428, 10289]
[40, 52428, 10438]
[40, 52428, 10624]
[40, 52428, 10261]
[40, 52428, 10448]
[40, 52428, 10331]
[40, 52428, 10464]
[40, 52428, 10360]
[40, 52428, 10470]
[40, 52428, 10471]
[40, 52428, 10297]
[40, 52428, 10444]
[40, 52428, 10353]
[40, 52428, 10491]
[40, 52428, 10163]
[40, 52428, 10317]
[40, 52428, 10555]
[40, 52428, 10526]
[40, 52428, 10418]
[40, 52428, 10451]
[40, 52428, 10377]
[40, 52428, 10573]
[40, 52428, 10620]
[40, 52428, 10235]
[40, 52428, 10374]
[40, 52428, 10431]
[40, 52428, 10456]
[40, 52428, 10415]
[40, 52428, 10453]
[40, 52428, 10456]
[40, 52428, 10197]
[40, 52428, 10209]
[40, 52428, 10378]
[40, 52428, 10367]
[40, 52428, 10294]
[40, 52428, 10275]
[40, 52428, 10249]
[40, 52428, 10494]
[40, 52428, 10315]
[40, 52428, 10325]
[40, 52428, 10450]
[40, 52428, 10427]
[40, 52428, 10569]
[40, 52428, 10797]
[40, 52428, 10370]
[40, 52428, 10385]
[40, 52428, 10558]
[40, 52428, 10345]
[40, 52428, 10460]
[40, 52428, 10623]
[40, 52428, 10159]
[40, 52428, 10340]
[40, 52428, 10462]
[40, 52428, 10439]
[40, 52428, 10300]
[40, 52428, 10451]
[40, 52428, 10371]
[40, 52428, 10403]
[40, 52428, 10069]
[40, 52428, 10203]
[40, 52428, 10475]
[40, 52428, 10333]
[40, 52428, 10478]
[40, 52428, 10435]
[40, 52428, 10285]
[40, 52428, 10127]
[40, 52428, 10410]
[40, 52428, 10362]
[40, 52428, 10297]
[40, 52428, 10257]
[40, 52428, 10449]
[40, 52428, 10512]
[40, 52428, 10498]
[40, 52428, 10426]
[40, 52428, 10313]
[40, 52428, 10560]
[40, 52428, 10278]
[40, 52428, 10550]
[40, 52428, 10346]
[40, 52428, 10462]
[40, 52428, 10355]
[40, 52428, 10415]
[40, 52428, 10359]
[40, 52428, 10628]
[40, 52428, 10318]
[40, 52428, 10424]
[40, 52428, 10414]
