[1, 1310, 0]
[1, 1310, 0]
[1, 1310, 0]
[1, 1310, 0]
[1, 1310, 0]
[1, 1310, 0]
[1, 1310, 0]
[1, 1310, 0]
[1, 1310, 0]
[1, 1310, 0]
[1, 1310, 0]
[1, 1310, 0]
[1, 1310, 0]
[1, 1310, 0]
[1, 1310, 0]
[1, 1310, 0]
[1, 1310, 0]
[1, 1310, 0]
[1, 1310, 0]
[1, 1310, 0]
[1, 1310, 0]
[1, 1310, 0]
[1, 1310, 0]
[1, 1310, 0]
[1, 1310, 0]
[1, 1310, 0]
[1, 1310, 0]
[1, 1310, 0]
[1, 1310, 0]
[1, 1310, 0]
[1, 1310, 0]
[1, 1310, 0]
[1, 1310, 0]
[1, 1310, 0]
[1, 1310, 0]
[1, 1310, 0]
[1, 1310, 0]
[1, 1310, 0]
[1, 1310, 0]
[1, 1310, 0]
[1, 1310, 0]
[1, 1310, 0]
[1, 1310, 0]
[1, 1310, 0]
[1, 1310, 0]
[1, 1310, 0]
[1, 1310, 0]
[1, 1310, 0]
[1, 1310, 0]
[1, 1310, 0]
[1, 1310, 0]
[1, 1310, 0]
[1, 1310, 0]
[1, 1310, 0]
[1, 1310, 0]
[1, 1310, 0]
[1, 1310, 0]
[1, 1310, 0]
[1, 1310, 0]
[1, 1310, 0]
[1, 1310, 0]
[1, 1310, 0]
[1, 1310, 0]
[1, 1310, 0]
[1, 1310, 0]
[1, 1310, 0]
[1, 1310, 0]
[1, 1310, 0]
[1, 1310, 0]
[1, 1310, 0]
[1, 1310, 0]
[1, 1310, 0]
[1, 1310, 0]
[1, 1310, 0]
[1, 1310, 0]
[1, 1310, 0]
[1, 1310, 0]
[1, 1310, 0]
[1, 1310, 0]
[1, 1310, 0]
[1, 1310, 0]
[1, 1310, 0]
[1, 1310, 0]
[1, 1310, 0]
[1, 1310, 0]
[1, 1310, 0]
[1, 1310, 0]
[1, 1310, 0]
[1, 1310, 0]
[1, 1310, 0]
[1, 1310, 0]
[1, 1310, 0]
[1, 1310, 0]
[1, 1310, 0]
[1, 1310, 0]
[1, 1310, 0]
[1, 1310, 0]
[1, 1310, 0]
[1, 1310, 0]
[1, 1310, 0]
[2, 2621, 0]
[2, 2621, 0]
[2, 2621, 0]
[2, 2621, 0]
[2, 2621, 0]
[2, 2621, 0]
[2, 2621, 0]
[2, 2621, 0]
[2, 2621, 0]
[2, 2621, 0]
[2, 2621, 0]
[2, 2621, 0]
[2, 2621, 0]
[2, 2621, 0]
[2, 2621, 0]
[2, 2621, 0]
[2, 2621, 0]
[2, 2621, 0]
[2, 2621, 0]
[2, 2621, 0]
[2, 2621, 0]
[2, 2621, 0]
[2, 2621, 0]
[2, 2621, 0]
[2, 2621, 0]
[2, 2621, 0]
[2, 2621, 0]
[2, 2621, 0]
[2, 2621, 0]
[2, 2621, 0]
[2, 2621, 0]
[2, 2621, 0]
[2, 2621, 0]
[2, 2621, 0]
[2, 2621, 0]
[2, 2621, 0]
[2, 2621, 0]
[2, 2621, 0]
[2, 2621, 0]
[2, 2621, 0]
[2, 2621, 0]
[2, 2621, 0]
[2, 2621, 0]
[2, 2621, 0]
[2, 2621, 0]
[2, 2621, 0]
[2, 2621, 0]
[2, 2621, 0]
[2, 2621, 0]
[2, 2621, 0]
[2, 2621, 0]
[2, 2621, 0]
[2, 2621, 0]
[2, 2621, 0]
[2, 2621, 0]
[2, 2621, 0]
[2, 2621, 0]
[2, 2621, 0]
[2, 2621, 0]
[2, 2621, 0]
[2, 2621, 0]
[2, 2621, 0]
[2, 2621, 0]
[2, 2621, 0]
[2, 2621, 0]
[2, 2621, 0]
[2, 2621, 0]
[2, 2621, 0]
[2, 2621, 0]
[2, 2621, 0]
[2, 2621, 0]
[2, 2621, 0]
[2, 2621, 0]
[2, 2621, 0]
[2, 2621, 0]
[2, 2621, 0]
[2, 2621, 0]
[2, 2621, 0]
[2, 2621, 0]
[2, 2621, 0]
[2, 2621, 0]
[2, 2621, 0]
[2, 2621, 0]
[2, 2621, 0]
[2, 2621, 0]
[2, 2621, 0]
[2, 2621, 0]
[2, 2621, 0]
[2, 2621, 0]
[2, 2621, 0]
[2, 2621, 0]
[2, 2621, 0]
[2, 2621, 0]
[2, 2621, 0]
[2, 2621, 0]
[2, 2621, 0]
[2, 2621, 0]
[2, 2621, 0]
[2, 2621, 0]
[2, 2621, 0]
[5, 6553, 0]
[5, 6553, 0]
[5, 6553, 0]
[5, 6553, 0]
[5, 6553, 0]
[5, 6553, 0]
[5, 6553, 0]
[5, 6553, 0]
[5, 6553, 1]
[5, 6553, 0]
[5, 6553, 0]
[5, 6553, 0]
[5, 6553, 0]
[5, 6553, 3]
[5, 6553, 0]
[5, 6553, 0]
[5, 6553, 1]
[5, 6553, 1]
[5, 6553, 2]
[5, 6553, 0]
[5, 6553, 0]
[5, 6553, 0]
[5, 6553, 0]
[5, 6553, 0]
[5, 6553, 0]
[5, 6553, 0]
[5, 6553, 0]
[5, 6553, 1]
[5, 6553, 4]
[5, 6553, 0]
[5, 6553, 0]
[5, 6553, 0]
[5, 6553, 0]
[5, 6553, 0]
[5, 6553, 0]
[5, 6553, 0]
[5, 6553, 0]
[5, 6553, 0]
[5, 6553, 0]
[5, 6553, 3]
[5, 6553, 0]
[5, 6553, 1]
[5, 6553, 1]
[5, 6553, 0]
[5, 6553, 0]
[5, 6553, 0]
[5, 6553, 0]
[5, 6553, 0]
[5, 6553, 0]
[5, 6553, 0]
[5, 6553, 1]
[5, 6553, 1]
[5, 6553, 0]
[5, 6553, 0]
[5, 6553, 0]
[5, 6553, 0]
[5, 6553, 2]
[5, 6553, 0]
[5, 6553, 0]
[5, 6553, 0]
[5, 6553, 0]
[5, 6553, 0]
[5, 6553, 0]
[5, 6553, 0]
[5, 6553, 0]
[5, 6553, 0]
[5, 6553, 0]
[5, 6553, 0]
[5, 6553, 0]
[5, 6553, 0]
[5, 6553, 1]
[5, 6553, 0]
[5, 6553, 0]
[5, 6553, 0]
[5, 6553, 0]
[5, 6553, 0]
[5, 6553, 0]
[5, 6553, 0]
[5, 6553, 0]
[5, 6553, 0]
[5, 6553, 0]
[5, 6553, 0]
[5, 6553, 0]
[5, 6553, 0]
[5, 6553, 1]
[5, 6553, 0]
[5, 6553, 0]
[5, 6553, 0]
[5, 6553, 0]
[5, 6553, 0]
[5, 6553, 0]
[5, 6553, 0]
[5, 6553, 0]
[5, 6553, 2]
[5, 6553, 0]
[5, 6553, 0]
[5, 6553, 0]
[5, 6553, 0]
[5, 6553, 0]
[5, 6553, 0]
[10, 13107, 6]
[10, 13107, 6]
[10, 13107, 9]
[10, 13107, 9]
[10, 13107, 4]
[10, 13107, 5]
[10, 13107, 4]
[10, 13107, 9]
[10, 13107, 11]
[10, 13107, 5]
[10, 13107, 5]
[10, 13107, 3]
[10, 13107, 5]
[10, 13107, 4]
[10, 13107, 3]
[10, 13107, 3]
[10, 13107, 5]
[10, 13107, 11]
[10, 13107, 4]
[10, 13107, 4]
[10, 13107, 4]
[10, 13107, 5]
[10, 13107, 5]
[10, 13107, 4]
[10, 13107, 6]
[10, 13107, 8]
[10, 13107, 10]
[10, 13107, 12]
[10, 13107, 4]
[10, 13107, 2]
[10, 13107, 5]
[10, 13107, 1]
[10, 13107, 3]
[10, 13107, 10]
[10, 13107, 8]
[10, 13107, 2]
[10, 13107, 12]
[10, 13107, 2]
[10, 13107, 6]
[10, 13107, 6]
[10, 13107, 3]
[10, 13107, 3]
[10, 13107, 4]
[10, 13107, 10]
[10, 13107, 10]
[10, 13107, 6]
[10, 13107, 9]
[10, 13107, 2]
[10, 13107, 12]
[10, 13107, 0]
[10, 13107, 1]
[10, 13107, 6]
[10, 13107, 3]
[10, 13107, 3]
[10, 13107, 4]
[10, 13107, 3]
[10, 13107, 2]
[10, 13107, 3]
[10, 13107, 2]
[10, 13107, 0]
[10, 13107, 4]
[10, 13107, 3]
[10, 13107, 1]
[10, 13107, 5]
[10, 13107, 7]
[10, 13107, 3]
[10, 13107, 3]
[10, 13107, 3]
[10, 13107, 3]
[10, 13107, 2]
[10, 13107, 9]
[10, 13107, 1]
[10, 13107, 6]
[10, 13107, 0]
[10, 13107, 2]
[10, 13107, 5]
[10, 13107, 9]
[10, 13107, 2]
[10, 13107, 3]
[10, 13107, 2]
[10, 13107, 6]
[10, 13107, 10]
[10, 13107, 12]
[10, 13107, 10]
[10, 13107, 7]
[10, 13107, 2]
[10, 13107, 3]
[10, 13107, 0]
[10, 13107, 2]
[10, 13107, 5]
[10, 13107, 2]
[10, 13107, 2]
[10, 13107, 2]
[10, 13107, 5]
[10, 13107, 5]
[10, 13107, 2]
[10, 13107, 2]
[10, 13107, 2]
[10, 13107, 2]
[10, 13107, 5]
[15, 19660, 19]
[15, 19660, 16]
[15, 19660, 17]
[15, 19660, 26]
[15, 19660, 25]
[15, 19660, 26]
[15, 19660, 15]
[15, 19660, 31]
[15, 19660, 26]
[15, 19660, 28]
[15, 19660, 27]
[15, 19660, 29]
[15, 19660, 32]
[15, 19660, 25]
[15, 19660, 11]
[15, 19660, 28]
[15, 19660, 14]
[15, 19660, 20]
[15, 19660, 33]
[15, 19660, 22]
[15, 19660, 27]
[15, 19660, 21]
[15, 19660, 21]
[15, 19660, 31]
[15, 19660, 26]
[15, 19660, 34]
[15, 19660, 36]
[15, 19660, 32]
[15, 19660, 38]
[15, 19660, 30]
[15, 19660, 45]
[15, 19660, 21]
[15, 19660, 33]
[15, 19660, 35]
[15, 19660, 26]
[15, 19660, 20]
[15, 19660, 22]
[15, 19660, 18]
[15, 19660, 31]
[15, 19660, 28]
[15, 19660, 18]
[15, 19660, 11]
[15, 19660, 28]
[15, 19660, 25]
[15, 19660, 33]
[15, 19660, 32]
[15, 19660, 29]
[15, 19660, 16]
[15, 19660, 26]
[15, 19660, 26]
[15, 19660, 24]
[15, 19660, 23]
[15, 19660, 24]
[15, 19660, 23]
[15, 19660, 24]
[15, 19660, 26]
[15, 19660, 20]
[15, 19660, 29]
[15, 19660, 27]
[15, 19660, 31]
[15, 19660, 29]
[15, 19660, 38]
[15, 19660, 33]
[15, 19660, 20]
[15, 19660, 27]
[15, 19660, 22]
[15, 19660, 27]
[15, 19660, 21]
[15, 19660, 22]
[15, 19660, 27]
[15, 19660, 29]
[15, 19660, 31]
[15, 19660, 37]
[15, 19660, 21]
[15, 19660, 26]
[15, 19660, 19]
[15, 19660, 22]
[15, 19660, 25]
[15, 19660, 16]
[15, 19660, 20]
[15, 19660, 31]
[15, 19660, 23]
[15, 19660, 22]
[15, 19660, 24]
[15, 19660, 34]
[15, 19660, 28]
[15, 19660, 28]
[15, 19660, 33]
[15, 19660, 26]
[15, 19660, 28]
[15, 19660, 23]
[15, 19660, 30]
[15, 19660, 33]
[15, 19660, 28]
[15, 19660, 36]
[15, 19660, 28]
[15, 19660, 25]
[15, 19660, 31]
[15, 19660, 20]
[15, 19660, 25]
[20, 26214, 80]
[20, 26214, 81]
[20, 26214, 100]
[20, 26214, 95]
[20, 26214, 89]
[20, 26214, 93]
[20, 26214, 99]
[20, 26214, 77]
[20, 26214, 86]
[20, 26214, 79]
[20, 26214, 85]
[20, 26214, 108]
[20, 26214, 88]
[20, 26214, 72]
[20, 26214, 104]
[20, 26214, 64]
[20, 26214, 87]
[20, 26214, 95]
[20, 26214, 82]
[20, 26214, 107]
[20, 26214, 70]
[20, 26214, 102]
[20, 26214, 97]
[20, 26214, 80]
[20, 26214, 90]
[20, 26214, 67]
[20, 26214, 92]
[20, 26214, 76]
[20, 26214, 87]
[20, 26214, 79]
[20, 26214, 76]
[20, 26214, 105]
[20, 26214, 75]
[20, 26214, 76]
[20, 26214, 99]
[20, 26214, 69]
[20, 26214, 104]
[20, 26214, 93]
[20, 26214, 94]
[20, 26214, 80]
[20, 26214, 56]
[20, 26214, 97]
[20, 26214, 68]
[20, 26214, 80]
[20, 26214, 74]
[20, 26214, 90]
[20, 26214, 84]
[20, 26214, 79]
[20, 26214, 110]
[20, 26214, 87]
[20, 26214, 79]
[20, 26214, 81]
[20, 26214, 106]
[20, 26214, 70]
[20, 26214, 78]
[20, 26214, 94]
[20, 26214, 75]
[20, 26214, 81]
[20, 26214, 84]
[20, 26214, 82]
[20, 26214, 87]
[20, 26214, 95]
[20, 26214, 86]
[20, 26214, 89]
[20, 26214, 84]
[20, 26214, 77]
[20, 26214, 90]
[20, 26214, 100]
[20, 26214, 94]
[20, 26214, 88]
[20, 26214, 74]
[20, 26214, 73]
[20, 26214, 84]
[20, 26214, 75]
[20, 26214, 51]
[20, 26214, 90]
[20, 26214, 81]
[20, 26214, 92]
[20, 26214, 74]
[20, 26214, 81]
[20, 26214, 101]
[20, 26214, 87]
[20, 26214, 68]
[20, 26214, 94]
[20, 26214, 76]
[20, 26214, 100]
[20, 26214, 112]
[20, 26214, 92]
[20, 26214, 99]
[20, 26214, 105]
[20, 26214, 91]
[20, 26214, 99]
[20, 26214, 70]
[20, 26214, 87]
[20, 26214, 77]
[20, 26214, 78]
[20, 26214, 85]
[20, 26214, 97]
[20, 26214, 54]
[20, 26214, 101]
[25, 32768, 196]
[25, 32768, 214]
[25, 32768, 201]
[25, 32768, 227]
[25, 32768, 187]
[25, 32768, 205]
[25, 32768, 241]
[25, 32768, 210]
[25, 32768, 239]
[25, 32768, 225]
[25, 32768, 222]
[25, 32768, 258]
[25, 32768, 239]
[25, 32768, 208]
[25, 32768, 220]
[25, 32768, 244]
[25, 32768, 220]
[25, 32768, 220]
[25, 32768, 235]
[25, 32768, 236]
[25, 32768, 203]
[25, 32768, 184]
[25, 32768, 225]
[25, 32768, 263]
[25, 32768, 244]
[25, 32768, 223]
[25, 32768, 256]
[25, 32768, 204]
[25, 32768, 218]
[25, 32768, 225]
[25, 32768, 279]
[25, 32768, 189]
[25, 32768, 236]
[25, 32768, 206]
[25, 32768, 211]
[25, 32768, 221]
[25, 32768, 222]
[25, 32768, 199]
[25, 32768, 265]
[25, 32768, 215]
[25, 32768, 260]
[25, 32768, 223]
[25, 32768, 199]
[25, 32768, 226]
[25, 32768, 222]
[25, 32768, 220]
[25, 32768, 249]
[25, 32768, 221]
[25, 32768, 279]
[25, 32768, 243]
[25, 32768, 256]
[25, 32768, 209]
[25, 32768, 232]
[25, 32768, 240]
[25, 32768, 220]
[25, 32768, 243]
[25, 32768, 232]
[25, 32768, 245]
[25, 32768, 234]
[25, 32768, 202]
[25, 32768, 218]
[25, 32768, 211]
[25, 32768, 277]
[25, 32768, 255]
[25, 32768, 218]
[25, 32768, 224]
[25, 32768, 228]
[25, 32768, 215]
[25, 32768, 197]
[25, 32768, 230]
[25, 32768, 186]
[25, 32768, 217]
[25, 32768, 250]
[25, 32768, 198]
[25, 32768, 224]
[25, 32768, 175]
[25, 32768, 242]
[25, 32768, 171]
[25, 32768, 198]
[25, 32768, 196]
[25, 32768, 216]
[25, 32768, 230]
[25, 32768, 212]
[25, 32768, 260]
[25, 32768, 239]
[25, 32768, 185]
[25, 32768, 213]
[25, 32768, 232]
[25, 32768, 230]
[25, 32768, 239]
[25, 32768, 228]
[25, 32768, 251]
[25, 32768, 243]
[25, 32768, 231]
[25, 32768, 227]
[25, 32768, 209]
[25, 32768, 220]
[25, 32768, 186]
[25, 32768, 248]
[25, 32768, 233]
[30, 39321, 448]
[30, 39321, 529]
[30, 39321, 502]
[30, 39321, 517]
[30, 39321, 465]
[30, 39321, 419]
[30, 39321, 509]
[30, 39321, 491]
[30, 39321, 478]
[30, 39321, 474]
[30, 39321, 493]
[30, 39321, 526]
[30, 39321, 476]
[30, 39321, 451]
[30, 39321, 512]
[30, 39321, 466]
[30, 39321, 510]
[30, 39321, 498]
[30, 39321, 477]
[30, 39321, 479]
[30, 39321, 535]
[30, 39321, 417]
[30, 39321, 468]
[30, 39321, 466]
[30, 39321, 472]
[30, 39321, 476]
[30, 39321, 497]
[30, 39321, 538]
[30, 39321, 480]
[30, 39321, 438]
[30, 39321, 495]
[30, 39321, 481]
[30, 39321, 530]
[30, 39321, 474]
[30, 39321, 475]
[30, 39321, 490]
[30, 39321, 462]
[30, 39321, 487]
[30, 39321, 476]
[30, 39321, 440]
[30, 39321, 455]
[30, 39321, 522]
[30, 39321, 436]
[30, 39321, 505]
[30, 39321, 474]
[30, 39321, 476]
[30, 39321, 506]
[30, 39321, 442]
[30, 39321, 523]
[30, 39321, 494]
[30, 39321, 423]
[30, 39321, 509]
[30, 39321, 484]
[30, 39321, 490]
[30, 39321, 500]
[30, 39321, 504]
[30, 39321, 439]
[30, 39321, 451]
[30, 39321, 495]
[30, 39321, 431]
[30, 39321, 501]
[30, 39321, 484]
[30, 39321, 463]
[30, 39321, 474]
[30, 39321, 487]
[30, 39321, 522]
[30, 39321, 449]
[30, 39321, 522]
[30, 39321, 485]
[30, 39321, 445]
[30, 39321, 473]
[30, 39321, 523]
[30, 39321, 456]
[30, 39321, 494]
[30, 39321, 539]
[30, 39321, 494]
[30, 39321, 441]
[30, 39321, 510]
[30, 39321, 493]
[30, 39321, 513]
[30, 39321, 449]
[30, 39321, 422]
[30, 39321, 452]
[30, 39321, 502]
[30, 39321, 478]
[30, 39321, 534]
[30, 39321, 507]
[30, 39321, 519]
[30, 39321, 450]
[30, 39321, 445]
[30, 39321, 485]
[30, 39321, 531]
[30, 39321, 453]
[30, 39321, 450]
[30, 39321, 470]
[30, 39321, 512]
[30, 39321, 527]
[30, 39321, 474]
[30, 39321, 423]
[30, 39321, 511]
[35, 45875, 948]
[35, 45875, 929]
[35, 45875, 920]
[35, 45875, 858]
[35, 45875, 951]
[35, 45875, 852]
[35, 45875, 894]
[35, 45875, 897]
[35, 45875, 906]
[35, 45875, 889]
[35, 45875, 870]
[35, 45875, 894]
[35, 45875, 947]
[35, 45875, 897]
[35, 45875, 865]
[35, 45875, 957]
[35, 45875, 920]
[35, 45875, 896]
[35, 45875, 943]
[35, 45875, 851]
[35, 45875, 924]
[35, 45875, 926]
[35, 45875, 945]
[35, 45875, 922]
[35, 45875, 997]
[35, 45875, 881]
[35, 45875, 912]
[35, 45875, 819]
[35, 45875, 981]
[35, 45875, 929]
[35, 45875, 1043]
[35, 45875, 977]
[35, 45875, 878]
[35, 45875, 887]
[35, 45875, 871]
[35, 45875, 870]
[35, 45875, 902]
[35, 45875, 908]
[35, 45875, 875]
[35, 45875, 910]
[35, 45875, 873]
[35, 45875, 933]
[35, 45875, 857]
[35, 45875, 938]
[35, 45875, 964]
[35, 45875, 920]
[35, 45875, 876]
[35, 45875, 884]
[35, 45875, 954]
[35, 45875, 906]
[35, 45875, 855]
[35, 45875, 966]
[35, 45875, 939]
[35, 45875, 947]
[35, 45875, 875]
[35, 45875, 895]
[35, 45875, 854]
[35, 45875, 936]
[35, 45875, 916]
[35, 45875, 838]
[35, 45875, 839]
[35, 45875, 895]
[35, 45875, 940]
[35, 45875, 964]
[35, 45875, 919]
[35, 45875, 885]
[35, 45875, 902]
[35, 45875, 953]
[35, 45875, 903]
[35, 45875, 921]
[35, 45875, 929]
[35, 45875, 841]
[35, 45875, 812]
[35, 45875, 878]
[35, 45875, 826]
[35, 45875, 974]
[35, 45875, 870]
[35, 45875, 884]
[35, 45875, 776]
[35, 45875, 868]
[35, 45875, 980]
[35, 45875, 823]
[35, 45875, 802]
[35, 45875, 929]
[35, 45875, 832]
[35, 45875, 874]
[35, 45875, 909]
[35, 45875, 882]
[35, 45875, 862]
[35, 45875, 924]
[35, 45875, 933]
[35, 45875, 1015]
[35, 45875, 916]
[35, 45875, 975]
[35, 45875, 889]
[35, 45875, 867]
[35, 45875, 932]
[35, 45875, 907]
[35, 45875, 820]
[35, 45875, 978]
[40, 52428, 1555]
[40, 52428, 1536]
[40, 52428, 1514]
[40, 52428, 1498]
[40, 52428, 1670]
[40, 52428, 1525]
[40, 52428, 1559]
[40, 52428, 1564]
[40, 52428, 1565]
[40, 52428, 1541]
[40, 52428, 1511]
[40, 52428, 1616]
[40, 52428, 1514]
[40, 52428, 1535]
[40, 52428, 1567]
[40, 52428, 1551]
[40, 52428, 1519]
[40, 52428, 1587]
[40, 52428, 1470]
[40, 52428, 1586]
[40, 52428, 1601]
[40, 52428, 1481]
[40, 52428, 1562]
[40, 52428, 1581]
[40, 52428, 1456]
[40, 52428, 1517]
[40, 52428, 1471]
[40, 52428, 1536]
[40, 52428, 1557]
[40, 52428, 1502]
[40, 52428, 1518]
[40, 52428, 1485]
[40, 52428, 1588]
[40, 52428, 1597]
[40, 52428, 1513]
[40, 52428, 1506]
[40, 52428, 1539]
[40, 52428, 1608]
[40, 52428, 1560]
[40, 52428, 1525]
[40, 52428, 1527]
[40, 52428, 1591]
[40, 52428, 1516]
[40, 52428, 1502]
[40, 52428, 1721]
[40, 52428, 1548]
[40, 52428, 1592]
[40, 52428, 1500]
[40, 52428, 1638]
[40, 52428, 1552]
[40, 52428, 1475]
[40, 52428, 1582]
[40, 52428, 1461]
[40, 52428, 1570]
[40, 52428, 1439]
[40, 52428, 1608]
[40, 52428, 1410]
[40, 52428, 1496]
[40, 52428, 1657]
[40, 52428, 1526]
[40, 52428, 1461]
[40, 52428, 1537]
[40, 52428, 1553]
[40, 52428, 1588]
[40, 52428, 1537]
[40, 52428, 1471]
[40, 52428, 1568]
[40, 52428, 1471]
[40, 52428, 1589]
[40, 52428, 1493]
[40, 52428, 1514]
[40, 52428, 1572]
[40, 52428, 1563]
[40, 52428, 1543]
[40, 52428, 1561]
[40, 52428, 1557]
[40, 52428, 1600]
[40, 52428, 1525]
[40, 52428, 1431]
[40, 52428, 1552]
[40, 52428, 1535]
[40, 52428, 1532]
[40, 52428, 1505]
[40, 52428, 1622]
[40, 52428, 1616]
[40, 52428, 1546]
[40, 52428, 1527]
[40, 52428, 1551]
[40, 52428, 1568]
[40, 52428, 1542]
[40, 52428, 1514]
[40, 52428, 1688]
[40, 52428, 1472]
[40, 52428, 1601]
[40, 52428, 1570]
[40, 52428, 1497]
[40, 52428, 1546]
[40, 52428, 1496]
[40, 52428, 1479]
[40, 52428, 1640]
