[1, 1310, 0]
[1, 1310, 0]
[1, 1310, 0]
[1, 1310, 0]
[1, 1310, 0]
[1, 1310, 0]
[1, 1310, 0]
[1, 1310, 0]
[1, 1310, 0]
[1, 1310, 0]
[1, 1310, 0]
[1, 1310, 0]
[1, 1310, 0]
[1, 1310, 0]
[1, 1310, 0]
[1, 1310, 0]
[1, 1310, 0]
[1, 1310, 0]
[1, 1310, 0]
[1, 1310, 0]
[1, 1310, 0]
[1, 1310, 0]
[1, 1310, 0]
[1, 1310, 0]
[1, 1310, 0]
[1, 1310, 0]
[1, 1310, 0]
[1, 1310, 0]
[1, 1310, 0]
[1, 1310, 0]
[1, 1310, 0]
[1, 1310, 0]
[1, 1310, 0]
[1, 1310, 0]
[1, 1310, 0]
[1, 1310, 0]
[1, 1310, 0]
[1, 1310, 0]
[1, 1310, 0]
[1, 1310, 0]
[1, 1310, 0]
[1, 1310, 0]
[1, 1310, 0]
[1, 1310, 0]
[1, 1310, 0]
[1, 1310, 0]
[1, 1310, 0]
[1, 1310, 0]
[1, 1310, 0]
[1, 1310, 0]
[1, 1310, 0]
[1, 1310, 0]
[1, 1310, 0]
[1, 1310, 0]
[1, 1310, 0]
[1, 1310, 0]
[1, 1310, 0]
[1, 1310, 0]
[1, 1310, 0]
[1, 1310, 0]
[1, 1310, 0]
[1, 1310, 0]
[1, 1310, 0]
[1, 1310, 0]
[1, 1310, 0]
[1, 1310, 0]
[1, 1310, 0]
[1, 1310, 0]
[1, 1310, 0]
[1, 1310, 0]
[1, 1310, 0]
[1, 1310, 0]
[1, 1310, 0]
[1, 1310, 0]
[1, 1310, 0]
[1, 1310, 0]
[1, 1310, 0]
[1, 1310, 0]
[1, 1310, 0]
[1, 1310, 0]
[1, 1310, 0]
[1, 1310, 0]
[1, 1310, 0]
[1, 1310, 0]
[1, 1310, 0]
[1, 1310, 0]
[1, 1310, 0]
[1, 1310, 1]
[1, 1310, 0]
[1, 1310, 0]
[1, 1310, 0]
[1, 1310, 0]
[1, 1310, 0]
[1, 1310, 0]
[1, 1310, 0]
[1, 1310, 0]
[1, 1310, 0]
[1, 1310, 0]
[1, 1310, 0]
[1, 1310, 0]
[2, 2621, 0]
[2, 2621, 0]
[2, 2621, 0]
[2, 2621, 0]
[2, 2621, 0]
[2, 2621, 0]
[2, 2621, 0]
[2, 2621, 0]
[2, 2621, 0]
[2, 2621, 0]
[2, 2621, 0]
[2, 2621, 0]
[2, 2621, 0]
[2, 2621, 0]
[2, 2621, 0]
[2, 2621, 0]
[2, 2621, 0]
[2, 2621, 0]
[2, 2621, 0]
[2, 2621, 0]
[2, 2621, 0]
[2, 2621, 0]
[2, 2621, 0]
[2, 2621, 0]
[2, 2621, 0]
[2, 2621, 0]
[2, 2621, 0]
[2, 2621, 0]
[2, 2621, 0]
[2, 2621, 0]
[2, 2621, 0]
[2, 2621, 0]
[2, 2621, 0]
[2, 2621, 0]
[2, 2621, 0]
[2, 2621, 0]
[2, 2621, 0]
[2, 2621, 0]
[2, 2621, 0]
[2, 2621, 0]
[2, 2621, 0]
[2, 2621, 0]
[2, 2621, 0]
[2, 2621, 0]
[2, 2621, 0]
[2, 2621, 0]
[2, 2621, 0]
[2, 2621, 0]
[2, 2621, 0]
[2, 2621, 0]
[2, 2621, 0]
[2, 2621, 0]
[2, 2621, 0]
[2, 2621, 0]
[2, 2621, 0]
[2, 2621, 0]
[2, 2621, 0]
[2, 2621, 0]
[2, 2621, 0]
[2, 2621, 0]
[2, 2621, 0]
[2, 2621, 0]
[2, 2621, 0]
[2, 2621, 0]
[2, 2621, 0]
[2, 2621, 0]
[2, 2621, 0]
[2, 2621, 0]
[2, 2621, 0]
[2, 2621, 0]
[2, 2621, 0]
[2, 2621, 0]
[2, 2621, 0]
[2, 2621, 0]
[2, 2621, 0]
[2, 2621, 0]
[2, 2621, 0]
[2, 2621, 0]
[2, 2621, 0]
[2, 2621, 0]
[2, 2621, 0]
[2, 2621, 0]
[2, 2621, 0]
[2, 2621, 0]
[2, 2621, 0]
[2, 2621, 0]
[2, 2621, 0]
[2, 2621, 1]
[2, 2621, 0]
[2, 2621, 0]
[2, 2621, 0]
[2, 2621, 0]
[2, 2621, 1]
[2, 2621, 0]
[2, 2621, 0]
[2, 2621, 0]
[2, 2621, 0]
[2, 2621, 0]
[2, 2621, 1]
[2, 2621, 0]
[5, 6553, 2]
[5, 6553, 0]
[5, 6553, 0]
[5, 6553, 0]
[5, 6553, 0]
[5, 6553, 0]
[5, 6553, 0]
[5, 6553, 0]
[5, 6553, 0]
[5, 6553, 0]
[5, 6553, 1]
[5, 6553, 1]
[5, 6553, 2]
[5, 6553, 0]
[5, 6553, 0]
[5, 6553, 0]
[5, 6553, 0]
[5, 6553, 2]
[5, 6553, 1]
[5, 6553, 1]
[5, 6553, 0]
[5, 6553, 1]
[5, 6553, 0]
[5, 6553, 0]
[5, 6553, 1]
[5, 6553, 0]
[5, 6553, 1]
[5, 6553, 2]
[5, 6553, 1]
[5, 6553, 0]
[5, 6553, 0]
[5, 6553, 0]
[5, 6553, 0]
[5, 6553, 0]
[5, 6553, 0]
[5, 6553, 1]
[5, 6553, 2]
[5, 6553, 0]
[5, 6553, 4]
[5, 6553, 6]
[5, 6553, 0]
[5, 6553, 0]
[5, 6553, 0]
[5, 6553, 1]
[5, 6553, 1]
[5, 6553, 1]
[5, 6553, 0]
[5, 6553, 0]
[5, 6553, 1]
[5, 6553, 0]
[5, 6553, 1]
[5, 6553, 0]
[5, 6553, 1]
[5, 6553, 0]
[5, 6553, 0]
[5, 6553, 1]
[5, 6553, 1]
[5, 6553, 0]
[5, 6553, 2]
[5, 6553, 0]
[5, 6553, 0]
[5, 6553, 0]
[5, 6553, 0]
[5, 6553, 1]
[5, 6553, 0]
[5, 6553, 1]
[5, 6553, 0]
[5, 6553, 0]
[5, 6553, 0]
[5, 6553, 0]
[5, 6553, 0]
[5, 6553, 0]
[5, 6553, 1]
[5, 6553, 0]
[5, 6553, 1]
[5, 6553, 0]
[5, 6553, 0]
[5, 6553, 0]
[5, 6553, 0]
[5, 6553, 1]
[5, 6553, 0]
[5, 6553, 0]
[5, 6553, 0]
[5, 6553, 3]
[5, 6553, 0]
[5, 6553, 0]
[5, 6553, 1]
[5, 6553, 0]
[5, 6553, 0]
[5, 6553, 0]
[5, 6553, 2]
[5, 6553, 0]
[5, 6553, 0]
[5, 6553, 0]
[5, 6553, 0]
[5, 6553, 0]
[5, 6553, 1]
[5, 6553, 0]
[5, 6553, 0]
[5, 6553, 0]
[10, 13107, 10]
[10, 13107, 6]
[10, 13107, 2]
[10, 13107, 9]
[10, 13107, 5]
[10, 13107, 3]
[10, 13107, 5]
[10, 13107, 4]
[10, 13107, 4]
[10, 13107, 6]
[10, 13107, 6]
[10, 13107, 6]
[10, 13107, 11]
[10, 13107, 5]
[10, 13107, 8]
[10, 13107, 8]
[10, 13107, 5]
[10, 13107, 12]
[10, 13107, 2]
[10, 13107, 7]
[10, 13107, 6]
[10, 13107, 9]
[10, 13107, 6]
[10, 13107, 7]
[10, 13107, 13]
[10, 13107, 9]
[10, 13107, 5]
[10, 13107, 6]
[10, 13107, 8]
[10, 13107, 3]
[10, 13107, 4]
[10, 13107, 4]
[10, 13107, 10]
[10, 13107, 7]
[10, 13107, 3]
[10, 13107, 5]
[10, 13107, 4]
[10, 13107, 5]
[10, 13107, 10]
[10, 13107, 5]
[10, 13107, 3]
[10, 13107, 2]
[10, 13107, 2]
[10, 13107, 3]
[10, 13107, 11]
[10, 13107, 4]
[10, 13107, 5]
[10, 13107, 2]
[10, 13107, 14]
[10, 13107, 7]
[10, 13107, 11]
[10, 13107, 16]
[10, 13107, 6]
[10, 13107, 9]
[10, 13107, 8]
[10, 13107, 2]
[10, 13107, 10]
[10, 13107, 3]
[10, 13107, 11]
[10, 13107, 9]
[10, 13107, 5]
[10, 13107, 2]
[10, 13107, 3]
[10, 13107, 3]
[10, 13107, 9]
[10, 13107, 2]
[10, 13107, 3]
[10, 13107, 16]
[10, 13107, 4]
[10, 13107, 12]
[10, 13107, 5]
[10, 13107, 5]
[10, 13107, 4]
[10, 13107, 7]
[10, 13107, 2]
[10, 13107, 4]
[10, 13107, 5]
[10, 13107, 6]
[10, 13107, 5]
[10, 13107, 6]
[10, 13107, 10]
[10, 13107, 9]
[10, 13107, 2]
[10, 13107, 8]
[10, 13107, 4]
[10, 13107, 7]
[10, 13107, 4]
[10, 13107, 14]
[10, 13107, 3]
[10, 13107, 1]
[10, 13107, 4]
[10, 13107, 6]
[10, 13107, 4]
[10, 13107, 9]
[10, 13107, 1]
[10, 13107, 5]
[10, 13107, 1]
[10, 13107, 7]
[10, 13107, 6]
[10, 13107, 8]
[15, 19660, 22]
[15, 19660, 24]
[15, 19660, 38]
[15, 19660, 28]
[15, 19660, 24]
[15, 19660, 42]
[15, 19660, 24]
[15, 19660, 35]
[15, 19660, 30]
[15, 19660, 35]
[15, 19660, 22]
[15, 19660, 32]
[15, 19660, 41]
[15, 19660, 30]
[15, 19660, 32]
[15, 19660, 30]
[15, 19660, 33]
[15, 19660, 30]
[15, 19660, 31]
[15, 19660, 24]
[15, 19660, 25]
[15, 19660, 39]
[15, 19660, 24]
[15, 19660, 32]
[15, 19660, 34]
[15, 19660, 39]
[15, 19660, 32]
[15, 19660, 28]
[15, 19660, 41]
[15, 19660, 20]
[15, 19660, 26]
[15, 19660, 39]
[15, 19660, 35]
[15, 19660, 29]
[15, 19660, 36]
[15, 19660, 28]
[15, 19660, 33]
[15, 19660, 43]
[15, 19660, 34]
[15, 19660, 27]
[15, 19660, 54]
[15, 19660, 23]
[15, 19660, 39]
[15, 19660, 27]
[15, 19660, 34]
[15, 19660, 31]
[15, 19660, 43]
[15, 19660, 30]
[15, 19660, 44]
[15, 19660, 24]
[15, 19660, 40]
[15, 19660, 29]
[15, 19660, 28]
[15, 19660, 28]
[15, 19660, 28]
[15, 19660, 21]
[15, 19660, 25]
[15, 19660, 28]
[15, 19660, 46]
[15, 19660, 33]
[15, 19660, 36]
[15, 19660, 24]
[15, 19660, 29]
[15, 19660, 23]
[15, 19660, 23]
[15, 19660, 31]
[15, 19660, 18]
[15, 19660, 31]
[15, 19660, 41]
[15, 19660, 38]
[15, 19660, 30]
[15, 19660, 47]
[15, 19660, 40]
[15, 19660, 20]
[15, 19660, 38]
[15, 19660, 32]
[15, 19660, 30]
[15, 19660, 22]
[15, 19660, 15]
[15, 19660, 35]
[15, 19660, 31]
[15, 19660, 36]
[15, 19660, 28]
[15, 19660, 53]
[15, 19660, 24]
[15, 19660, 27]
[15, 19660, 38]
[15, 19660, 27]
[15, 19660, 29]
[15, 19660, 39]
[15, 19660, 21]
[15, 19660, 41]
[15, 19660, 26]
[15, 19660, 31]
[15, 19660, 34]
[15, 19660, 43]
[15, 19660, 32]
[15, 19660, 31]
[15, 19660, 15]
[15, 19660, 38]
[20, 26214, 125]
[20, 26214, 106]
[20, 26214, 109]
[20, 26214, 88]
[20, 26214, 63]
[20, 26214, 116]
[20, 26214, 112]
[20, 26214, 93]
[20, 26214, 123]
[20, 26214, 83]
[20, 26214, 115]
[20, 26214, 107]
[20, 26214, 103]
[20, 26214, 91]
[20, 26214, 142]
[20, 26214, 105]
[20, 26214, 103]
[20, 26214, 108]
[20, 26214, 101]
[20, 26214, 113]
[20, 26214, 79]
[20, 26214, 116]
[20, 26214, 106]
[20, 26214, 110]
[20, 26214, 71]
[20, 26214, 85]
[20, 26214, 106]
[20, 26214, 85]
[20, 26214, 103]
[20, 26214, 93]
[20, 26214, 112]
[20, 26214, 110]
[20, 26214, 107]
[20, 26214, 124]
[20, 26214, 101]
[20, 26214, 106]
[20, 26214, 119]
[20, 26214, 103]
[20, 26214, 147]
[20, 26214, 108]
[20, 26214, 92]
[20, 26214, 88]
[20, 26214, 121]
[20, 26214, 111]
[20, 26214, 103]
[20, 26214, 102]
[20, 26214, 104]
[20, 26214, 87]
[20, 26214, 89]
[20, 26214, 83]
[20, 26214, 96]
[20, 26214, 95]
[20, 26214, 132]
[20, 26214, 87]
[20, 26214, 111]
[20, 26214, 99]
[20, 26214, 120]
[20, 26214, 92]
[20, 26214, 114]
[20, 26214, 104]
[20, 26214, 97]
[20, 26214, 98]
[20, 26214, 111]
[20, 26214, 95]
[20, 26214, 99]
[20, 26214, 104]
[20, 26214, 80]
[20, 26214, 115]
[20, 26214, 88]
[20, 26214, 97]
[20, 26214, 83]
[20, 26214, 96]
[20, 26214, 114]
[20, 26214, 114]
[20, 26214, 93]
[20, 26214, 111]
[20, 26214, 101]
[20, 26214, 104]
[20, 26214, 94]
[20, 26214, 108]
[20, 26214, 111]
[20, 26214, 124]
[20, 26214, 126]
[20, 26214, 117]
[20, 26214, 107]
[20, 26214, 104]
[20, 26214, 98]
[20, 26214, 88]
[20, 26214, 82]
[20, 26214, 104]
[20, 26214, 108]
[20, 26214, 105]
[20, 26214, 87]
[20, 26214, 103]
[20, 26214, 116]
[20, 26214, 81]
[20, 26214, 92]
[20, 26214, 85]
[20, 26214, 91]
[20, 26214, 92]
[25, 32768, 284]
[25, 32768, 317]
[25, 32768, 272]
[25, 32768, 274]
[25, 32768, 208]
[25, 32768, 238]
[25, 32768, 247]
[25, 32768, 291]
[25, 32768, 273]
[25, 32768, 246]
[25, 32768, 231]
[25, 32768, 270]
[25, 32768, 247]
[25, 32768, 292]
[25, 32768, 264]
[25, 32768, 294]
[25, 32768, 276]
[25, 32768, 210]
[25, 32768, 272]
[25, 32768, 252]
[25, 32768, 268]
[25, 32768, 224]
[25, 32768, 257]
[25, 32768, 251]
[25, 32768, 228]
[25, 32768, 251]
[25, 32768, 265]
[25, 32768, 254]
[25, 32768, 253]
[25, 32768, 270]
[25, 32768, 235]
[25, 32768, 242]
[25, 32768, 303]
[25, 32768, 290]
[25, 32768, 238]
[25, 32768, 265]
[25, 32768, 289]
[25, 32768, 262]
[25, 32768, 243]
[25, 32768, 241]
[25, 32768, 213]
[25, 32768, 299]
[25, 32768, 282]
[25, 32768, 264]
[25, 32768, 248]
[25, 32768, 238]
[25, 32768, 263]
[25, 32768, 282]
[25, 32768, 254]
[25, 32768, 272]
[25, 32768, 231]
[25, 32768, 275]
[25, 32768, 288]
[25, 32768, 259]
[25, 32768, 236]
[25, 32768, 262]
[25, 32768, 271]
[25, 32768, 244]
[25, 32768, 255]
[25, 32768, 260]
[25, 32768, 227]
[25, 32768, 249]
[25, 32768, 282]
[25, 32768, 268]
[25, 32768, 247]
[25, 32768, 246]
[25, 32768, 229]
[25, 32768, 284]
[25, 32768, 274]
[25, 32768, 255]
[25, 32768, 261]
[25, 32768, 255]
[25, 32768, 265]
[25, 32768, 243]
[25, 32768, 266]
[25, 32768, 262]
[25, 32768, 241]
[25, 32768, 259]
[25, 32768, 227]
[25, 32768, 290]
[25, 32768, 294]
[25, 32768, 243]
[25, 32768, 268]
[25, 32768, 253]
[25, 32768, 252]
[25, 32768, 307]
[25, 32768, 268]
[25, 32768, 241]
[25, 32768, 264]
[25, 32768, 283]
[25, 32768, 255]
[25, 32768, 276]
[25, 32768, 277]
[25, 32768, 295]
[25, 32768, 276]
[25, 32768, 222]
[25, 32768, 249]
[25, 32768, 261]
[25, 32768, 269]
[25, 32768, 233]
[30, 39321, 510]
[30, 39321, 591]
[30, 39321, 532]
[30, 39321, 504]
[30, 39321, 556]
[30, 39321, 509]
[30, 39321, 545]
[30, 39321, 488]
[30, 39321, 553]
[30, 39321, 505]
[30, 39321, 479]
[30, 39321, 596]
[30, 39321, 567]
[30, 39321, 516]
[30, 39321, 539]
[30, 39321, 573]
[30, 39321, 576]
[30, 39321, 504]
[30, 39321, 569]
[30, 39321, 551]
[30, 39321, 493]
[30, 39321, 562]
[30, 39321, 541]
[30, 39321, 516]
[30, 39321, 528]
[30, 39321, 507]
[30, 39321, 513]
[30, 39321, 545]
[30, 39321, 489]
[30, 39321, 471]
[30, 39321, 596]
[30, 39321, 505]
[30, 39321, 578]
[30, 39321, 584]
[30, 39321, 495]
[30, 39321, 495]
[30, 39321, 547]
[30, 39321, 540]
[30, 39321, 535]
[30, 39321, 545]
[30, 39321, 505]
[30, 39321, 512]
[30, 39321, 520]
[30, 39321, 522]
[30, 39321, 483]
[30, 39321, 555]
[30, 39321, 538]
[30, 39321, 497]
[30, 39321, 535]
[30, 39321, 509]
[30, 39321, 619]
[30, 39321, 551]
[30, 39321, 543]
[30, 39321, 575]
[30, 39321, 551]
[30, 39321, 533]
[30, 39321, 524]
[30, 39321, 502]
[30, 39321, 547]
[30, 39321, 471]
[30, 39321, 487]
[30, 39321, 542]
[30, 39321, 571]
[30, 39321, 517]
[30, 39321, 475]
[30, 39321, 491]
[30, 39321, 568]
[30, 39321, 597]
[30, 39321, 574]
[30, 39321, 555]
[30, 39321, 570]
[30, 39321, 571]
[30, 39321, 534]
[30, 39321, 526]
[30, 39321, 533]
[30, 39321, 553]
[30, 39321, 547]
[30, 39321, 605]
[30, 39321, 451]
[30, 39321, 474]
[30, 39321, 544]
[30, 39321, 462]
[30, 39321, 471]
[30, 39321, 522]
[30, 39321, 480]
[30, 39321, 498]
[30, 39321, 537]
[30, 39321, 534]
[30, 39321, 506]
[30, 39321, 525]
[30, 39321, 513]
[30, 39321, 555]
[30, 39321, 524]
[30, 39321, 527]
[30, 39321, 582]
[30, 39321, 565]
[30, 39321, 592]
[30, 39321, 504]
[30, 39321, 585]
[30, 39321, 576]
[35, 45875, 883]
[35, 45875, 970]
[35, 45875, 1017]
[35, 45875, 955]
[35, 45875, 983]
[35, 45875, 973]
[35, 45875, 1031]
[35, 45875, 1055]
[35, 45875, 992]
[35, 45875, 984]
[35, 45875, 958]
[35, 45875, 989]
[35, 45875, 972]
[35, 45875, 977]
[35, 45875, 1042]
[35, 45875, 1000]
[35, 45875, 929]
[35, 45875, 983]
[35, 45875, 1021]
[35, 45875, 898]
[35, 45875, 962]
[35, 45875, 976]
[35, 45875, 943]
[35, 45875, 984]
[35, 45875, 1085]
[35, 45875, 1027]
[35, 45875, 981]
[35, 45875, 983]
[35, 45875, 977]
[35, 45875, 929]
[35, 45875, 1052]
[35, 45875, 982]
[35, 45875, 933]
[35, 45875, 985]
[35, 45875, 1029]
[35, 45875, 935]
[35, 45875, 958]
[35, 45875, 1018]
[35, 45875, 967]
[35, 45875, 938]
[35, 45875, 946]
[35, 45875, 958]
[35, 45875, 928]
[35, 45875, 1125]
[35, 45875, 996]
[35, 45875, 1011]
[35, 45875, 962]
[35, 45875, 1032]
[35, 45875, 1039]
[35, 45875, 1006]
[35, 45875, 1008]
[35, 45875, 1049]
[35, 45875, 1015]
[35, 45875, 1016]
[35, 45875, 966]
[35, 45875, 963]
[35, 45875, 989]
[35, 45875, 1028]
[35, 45875, 961]
[35, 45875, 925]
[35, 45875, 932]
[35, 45875, 934]
[35, 45875, 1035]
[35, 45875, 1138]
[35, 45875, 1032]
[35, 45875, 996]
[35, 45875, 1011]
[35, 45875, 1092]
[35, 45875, 998]
[35, 45875, 994]
[35, 45875, 935]
[35, 45875, 1027]
[35, 45875, 1041]
[35, 45875, 1000]
[35, 45875, 1003]
[35, 45875, 1060]
[35, 45875, 1008]
[35, 45875, 964]
[35, 45875, 937]
[35, 45875, 1061]
[35, 45875, 1002]
[35, 45875, 922]
[35, 45875, 1000]
[35, 45875, 1060]
[35, 45875, 1010]
[35, 45875, 928]
[35, 45875, 1012]
[35, 45875, 1026]
[35, 45875, 951]
[35, 45875, 1002]
[35, 45875, 1059]
[35, 45875, 1058]
[35, 45875, 902]
[35, 45875, 1017]
[35, 45875, 1033]
[35, 45875, 981]
[35, 45875, 1007]
[35, 45875, 979]
[35, 45875, 945]
[35, 45875, 1045]
[40, 52428, 1627]
[40, 52428, 1735]
[40, 52428, 1598]
[40, 52428, 1701]
[40, 52428, 1783]
[40, 52428, 1683]
[40, 52428, 1649]
[40, 52428, 1728]
[40, 52428, 1649]
[40, 52428, 1571]
[40, 52428, 1645]
[40, 52428, 1694]
[40, 52428, 1668]
[40, 52428, 1679]
[40, 52428, 1723]
[40, 52428, 1574]
[40, 52428, 1654]
[40, 52428, 1764]
[40, 52428, 1699]
[40, 52428, 1634]
[40, 52428, 1834]
[40, 52428, 1631]
[40, 52428, 1681]
[40, 52428, 1665]
[40, 52428, 1699]
[40, 52428, 1686]
[40, 52428, 1667]
[40, 52428, 1560]
[40, 52428, 1679]
[40, 52428, 1601]
[40, 52428, 1678]
[40, 52428, 1622]
[40, 52428, 1694]
[40, 52428, 1692]
[40, 52428, 1594]
[40, 52428, 1766]
[40, 52428, 1671]
[40, 52428, 1667]
[40, 52428, 1637]
[40, 52428, 1674]
[40, 52428, 1707]
[40, 52428, 1640]
[40, 52428, 1621]
[40, 52428, 1755]
[40, 52428, 1727]
[40, 52428, 1620]
[40, 52428, 1644]
[40, 52428, 1698]
[40, 52428, 1710]
[40, 52428, 1744]
[40, 52428, 1639]
[40, 52428, 1795]
[40, 52428, 1629]
[40, 52428, 1704]
[40, 52428, 1795]
[40, 52428, 1679]
[40, 52428, 1693]
[40, 52428, 1637]
[40, 52428, 1657]
[40, 52428, 1629]
[40, 52428, 1734]
[40, 52428, 1835]
[40, 52428, 1767]
[40, 52428, 1706]
[40, 52428, 1652]
[40, 52428, 1689]
[40, 52428, 1654]
[40, 52428, 1735]
[40, 52428, 1671]
[40, 52428, 1648]
[40, 52428, 1663]
[40, 52428, 1732]
[40, 52428, 1731]
[40, 52428, 1723]
[40, 52428, 1667]
[40, 52428, 1675]
[40, 52428, 1689]
[40, 52428, 1672]
[40, 52428, 1590]
[40, 52428, 1684]
[40, 52428, 1786]
[40, 52428, 1563]
[40, 52428, 1591]
[40, 52428, 1594]
[40, 52428, 1708]
[40, 52428, 1649]
[40, 52428, 1596]
[40, 52428, 1712]
[40, 52428, 1647]
[40, 52428, 1699]
[40, 52428, 1711]
[40, 52428, 1686]
[40, 52428, 1801]
[40, 52428, 1748]
[40, 52428, 1767]
[40, 52428, 1703]
[40, 52428, 1600]
[40, 52428, 1651]
[40, 52428, 1613]
[40, 52428, 1642]
