[1, 327, 0]
[1, 327, 0]
[1, 327, 0]
[1, 327, 0]
[1, 327, 0]
[1, 327, 0]
[1, 327, 0]
[1, 327, 0]
[1, 327, 0]
[1, 327, 0]
[1, 327, 0]
[1, 327, 0]
[1, 327, 0]
[1, 327, 0]
[1, 327, 0]
[1, 327, 0]
[1, 327, 0]
[1, 327, 0]
[1, 327, 0]
[1, 327, 0]
[1, 327, 0]
[1, 327, 0]
[1, 327, 0]
[1, 327, 0]
[1, 327, 0]
[1, 327, 0]
[1, 327, 0]
[1, 327, 0]
[1, 327, 0]
[1, 327, 0]
[1, 327, 0]
[1, 327, 0]
[1, 327, 0]
[1, 327, 0]
[1, 327, 0]
[1, 327, 0]
[1, 327, 0]
[1, 327, 1]
[1, 327, 0]
[1, 327, 0]
[1, 327, 0]
[1, 327, 0]
[1, 327, 0]
[1, 327, 0]
[1, 327, 0]
[1, 327, 0]
[1, 327, 0]
[1, 327, 0]
[1, 327, 0]
[1, 327, 0]
[1, 327, 0]
[1, 327, 0]
[1, 327, 0]
[1, 327, 0]
[1, 327, 0]
[1, 327, 0]
[1, 327, 0]
[1, 327, 0]
[1, 327, 0]
[1, 327, 0]
[1, 327, 0]
[1, 327, 0]
[1, 327, 0]
[1, 327, 0]
[1, 327, 0]
[1, 327, 0]
[1, 327, 0]
[1, 327, 0]
[1, 327, 0]
[1, 327, 0]
[1, 327, 0]
[1, 327, 0]
[1, 327, 0]
[1, 327, 0]
[1, 327, 0]
[1, 327, 0]
[1, 327, 0]
[1, 327, 0]
[1, 327, 0]
[1, 327, 0]
[1, 327, 0]
[1, 327, 0]
[1, 327, 0]
[1, 327, 0]
[1, 327, 0]
[1, 327, 0]
[1, 327, 0]
[1, 327, 0]
[1, 327, 0]
[1, 327, 0]
[1, 327, 0]
[1, 327, 0]
[1, 327, 0]
[1, 327, 0]
[1, 327, 0]
[1, 327, 0]
[1, 327, 0]
[1, 327, 0]
[1, 327, 0]
[1, 327, 0]
[2, 655, 0]
[2, 655, 0]
[2, 655, 0]
[2, 655, 0]
[2, 655, 0]
[2, 655, 0]
[2, 655, 0]
[2, 655, 0]
[2, 655, 0]
[2, 655, 0]
[2, 655, 0]
[2, 655, 0]
[2, 655, 0]
[2, 655, 0]
[2, 655, 0]
[2, 655, 0]
[2, 655, 0]
[2, 655, 0]
[2, 655, 0]
[2, 655, 0]
[2, 655, 0]
[2, 655, 0]
[2, 655, 0]
[2, 655, 0]
[2, 655, 0]
[2, 655, 0]
[2, 655, 0]
[2, 655, 0]
[2, 655, 0]
[2, 655, 0]
[2, 655, 0]
[2, 655, 0]
[2, 655, 0]
[2, 655, 0]
[2, 655, 0]
[2, 655, 0]
[2, 655, 0]
[2, 655, 0]
[2, 655, 0]
[2, 655, 0]
[2, 655, 0]
[2, 655, 0]
[2, 655, 0]
[2, 655, 0]
[2, 655, 0]
[2, 655, 0]
[2, 655, 0]
[2, 655, 0]
[2, 655, 0]
[2, 655, 0]
[2, 655, 0]
[2, 655, 0]
[2, 655, 0]
[2, 655, 0]
[2, 655, 0]
[2, 655, 0]
[2, 655, 1]
[2, 655, 0]
[2, 655, 0]
[2, 655, 0]
[2, 655, 0]
[2, 655, 0]
[2, 655, 0]
[2, 655, 0]
[2, 655, 0]
[2, 655, 0]
[2, 655, 0]
[2, 655, 0]
[2, 655, 0]
[2, 655, 0]
[2, 655, 0]
[2, 655, 0]
[2, 655, 0]
[2, 655, 1]
[2, 655, 0]
[2, 655, 0]
[2, 655, 1]
[2, 655, 0]
[2, 655, 0]
[2, 655, 0]
[2, 655, 0]
[2, 655, 0]
[2, 655, 0]
[2, 655, 0]
[2, 655, 0]
[2, 655, 0]
[2, 655, 0]
[2, 655, 0]
[2, 655, 0]
[2, 655, 0]
[2, 655, 0]
[2, 655, 0]
[2, 655, 0]
[2, 655, 0]
[2, 655, 0]
[2, 655, 0]
[2, 655, 0]
[2, 655, 0]
[2, 655, 0]
[2, 655, 1]
[5, 1638, 0]
[5, 1638, 0]
[5, 1638, 0]
[5, 1638, 0]
[5, 1638, 0]
[5, 1638, 0]
[5, 1638, 0]
[5, 1638, 0]
[5, 1638, 0]
[5, 1638, 0]
[5, 1638, 0]
[5, 1638, 0]
[5, 1638, 0]
[5, 1638, 0]
[5, 1638, 1]
[5, 1638, 1]
[5, 1638, 0]
[5, 1638, 0]
[5, 1638, 2]
[5, 1638, 0]
[5, 1638, 0]
[5, 1638, 0]
[5, 1638, 1]
[5, 1638, 0]
[5, 1638, 0]
[5, 1638, 0]
[5, 1638, 0]
[5, 1638, 0]
[5, 1638, 2]
[5, 1638, 0]
[5, 1638, 1]
[5, 1638, 0]
[5, 1638, 0]
[5, 1638, 2]
[5, 1638, 2]
[5, 1638, 0]
[5, 1638, 0]
[5, 1638, 1]
[5, 1638, 0]
[5, 1638, 0]
[5, 1638, 0]
[5, 1638, 0]
[5, 1638, 0]
[5, 1638, 2]
[5, 1638, 0]
[5, 1638, 0]
[5, 1638, 0]
[5, 1638, 0]
[5, 1638, 0]
[5, 1638, 0]
[5, 1638, 0]
[5, 1638, 0]
[5, 1638, 1]
[5, 1638, 0]
[5, 1638, 0]
[5, 1638, 0]
[5, 1638, 0]
[5, 1638, 0]
[5, 1638, 0]
[5, 1638, 0]
[5, 1638, 1]
[5, 1638, 1]
[5, 1638, 0]
[5, 1638, 0]
[5, 1638, 0]
[5, 1638, 0]
[5, 1638, 0]
[5, 1638, 0]
[5, 1638, 0]
[5, 1638, 0]
[5, 1638, 0]
[5, 1638, 0]
[5, 1638, 0]
[5, 1638, 0]
[5, 1638, 1]
[5, 1638, 0]
[5, 1638, 0]
[5, 1638, 0]
[5, 1638, 1]
[5, 1638, 1]
[5, 1638, 0]
[5, 1638, 0]
[5, 1638, 0]
[5, 1638, 0]
[5, 1638, 0]
[5, 1638, 0]
[5, 1638, 0]
[5, 1638, 0]
[5, 1638, 0]
[5, 1638, 0]
[5, 1638, 1]
[5, 1638, 0]
[5, 1638, 0]
[5, 1638, 0]
[5, 1638, 0]
[5, 1638, 0]
[5, 1638, 0]
[5, 1638, 0]
[5, 1638, 0]
[5, 1638, 0]
[10, 3276, 3]
[10, 3276, 3]
[10, 3276, 3]
[10, 3276, 5]
[10, 3276, 1]
[10, 3276, 2]
[10, 3276, 4]
[10, 3276, 1]
[10, 3276, 3]
[10, 3276, 5]
[10, 3276, 4]
[10, 3276, 1]
[10, 3276, 8]
[10, 3276, 2]
[10, 3276, 2]
[10, 3276, 0]
[10, 3276, 3]
[10, 3276, 2]
[10, 3276, 2]
[10, 3276, 2]
[10, 3276, 0]
[10, 3276, 6]
[10, 3276, 0]
[10, 3276, 5]
[10, 3276, 1]
[10, 3276, 3]
[10, 3276, 3]
[10, 3276, 6]
[10, 3276, 4]
[10, 3276, 4]
[10, 3276, 6]
[10, 3276, 3]
[10, 3276, 1]
[10, 3276, 2]
[10, 3276, 6]
[10, 3276, 1]
[10, 3276, 8]
[10, 3276, 2]
[10, 3276, 3]
[10, 3276, 1]
[10, 3276, 2]
[10, 3276, 2]
[10, 3276, 0]
[10, 3276, 4]
[10, 3276, 2]
[10, 3276, 2]
[10, 3276, 2]
[10, 3276, 2]
[10, 3276, 2]
[10, 3276, 2]
[10, 3276, 2]
[10, 3276, 8]
[10, 3276, 3]
[10, 3276, 4]
[10, 3276, 3]
[10, 3276, 7]
[10, 3276, 2]
[10, 3276, 4]
[10, 3276, 1]
[10, 3276, 4]
[10, 3276, 1]
[10, 3276, 0]
[10, 3276, 2]
[10, 3276, 0]
[10, 3276, 2]
[10, 3276, 1]
[10, 3276, 1]
[10, 3276, 3]
[10, 3276, 3]
[10, 3276, 3]
[10, 3276, 2]
[10, 3276, 2]
[10, 3276, 0]
[10, 3276, 0]
[10, 3276, 2]
[10, 3276, 7]
[10, 3276, 2]
[10, 3276, 5]
[10, 3276, 1]
[10, 3276, 2]
[10, 3276, 5]
[10, 3276, 6]
[10, 3276, 3]
[10, 3276, 3]
[10, 3276, 4]
[10, 3276, 3]
[10, 3276, 3]
[10, 3276, 1]
[10, 3276, 1]
[10, 3276, 5]
[10, 3276, 0]
[10, 3276, 2]
[10, 3276, 4]
[10, 3276, 2]
[10, 3276, 2]
[10, 3276, 1]
[10, 3276, 0]
[10, 3276, 3]
[10, 3276, 5]
[10, 3276, 2]
[15, 4915, 16]
[15, 4915, 7]
[15, 4915, 12]
[15, 4915, 8]
[15, 4915, 22]
[15, 4915, 6]
[15, 4915, 17]
[15, 4915, 12]
[15, 4915, 15]
[15, 4915, 15]
[15, 4915, 11]
[15, 4915, 10]
[15, 4915, 12]
[15, 4915, 9]
[15, 4915, 3]
[15, 4915, 6]
[15, 4915, 12]
[15, 4915, 24]
[15, 4915, 12]
[15, 4915, 10]
[15, 4915, 9]
[15, 4915, 7]
[15, 4915, 16]
[15, 4915, 12]
[15, 4915, 8]
[15, 4915, 4]
[15, 4915, 21]
[15, 4915, 9]
[15, 4915, 8]
[15, 4915, 11]
[15, 4915, 14]
[15, 4915, 10]
[15, 4915, 6]
[15, 4915, 12]
[15, 4915, 4]
[15, 4915, 13]
[15, 4915, 15]
[15, 4915, 10]
[15, 4915, 14]
[15, 4915, 10]
[15, 4915, 15]
[15, 4915, 8]
[15, 4915, 7]
[15, 4915, 9]
[15, 4915, 13]
[15, 4915, 6]
[15, 4915, 7]
[15, 4915, 14]
[15, 4915, 9]
[15, 4915, 12]
[15, 4915, 10]
[15, 4915, 9]
[15, 4915, 17]
[15, 4915, 6]
[15, 4915, 18]
[15, 4915, 9]
[15, 4915, 14]
[15, 4915, 12]
[15, 4915, 1]
[15, 4915, 12]
[15, 4915, 19]
[15, 4915, 11]
[15, 4915, 11]
[15, 4915, 8]
[15, 4915, 8]
[15, 4915, 11]
[15, 4915, 7]
[15, 4915, 11]
[15, 4915, 13]
[15, 4915, 9]
[15, 4915, 11]
[15, 4915, 7]
[15, 4915, 10]
[15, 4915, 7]
[15, 4915, 10]
[15, 4915, 11]
[15, 4915, 14]
[15, 4915, 11]
[15, 4915, 5]
[15, 4915, 13]
[15, 4915, 19]
[15, 4915, 13]
[15, 4915, 9]
[15, 4915, 8]
[15, 4915, 11]
[15, 4915, 21]
[15, 4915, 12]
[15, 4915, 17]
[15, 4915, 17]
[15, 4915, 7]
[15, 4915, 5]
[15, 4915, 9]
[15, 4915, 14]
[15, 4915, 8]
[15, 4915, 7]
[15, 4915, 5]
[15, 4915, 7]
[15, 4915, 9]
[15, 4915, 13]
[15, 4915, 13]
[20, 6553, 38]
[20, 6553, 30]
[20, 6553, 35]
[20, 6553, 27]
[20, 6553, 32]
[20, 6553, 39]
[20, 6553, 24]
[20, 6553, 22]
[20, 6553, 46]
[20, 6553, 44]
[20, 6553, 50]
[20, 6553, 37]
[20, 6553, 46]
[20, 6553, 35]
[20, 6553, 45]
[20, 6553, 44]
[20, 6553, 45]
[20, 6553, 53]
[20, 6553, 31]
[20, 6553, 34]
[20, 6553, 25]
[20, 6553, 27]
[20, 6553, 29]
[20, 6553, 30]
[20, 6553, 51]
[20, 6553, 20]
[20, 6553, 39]
[20, 6553, 42]
[20, 6553, 32]
[20, 6553, 35]
[20, 6553, 28]
[20, 6553, 32]
[20, 6553, 40]
[20, 6553, 44]
[20, 6553, 32]
[20, 6553, 18]
[20, 6553, 42]
[20, 6553, 23]
[20, 6553, 41]
[20, 6553, 27]
[20, 6553, 37]
[20, 6553, 54]
[20, 6553, 44]
[20, 6553, 18]
[20, 6553, 17]
[20, 6553, 39]
[20, 6553, 30]
[20, 6553, 46]
[20, 6553, 43]
[20, 6553, 38]
[20, 6553, 36]
[20, 6553, 36]
[20, 6553, 42]
[20, 6553, 34]
[20, 6553, 43]
[20, 6553, 41]
[20, 6553, 25]
[20, 6553, 33]
[20, 6553, 34]
[20, 6553, 44]
[20, 6553, 43]
[20, 6553, 17]
[20, 6553, 37]
[20, 6553, 25]
[20, 6553, 31]
[20, 6553, 41]
[20, 6553, 27]
[20, 6553, 39]
[20, 6553, 50]
[20, 6553, 35]
[20, 6553, 39]
[20, 6553, 44]
[20, 6553, 36]
[20, 6553, 34]
[20, 6553, 41]
[20, 6553, 39]
[20, 6553, 39]
[20, 6553, 43]
[20, 6553, 22]
[20, 6553, 30]
[20, 6553, 33]
[20, 6553, 39]
[20, 6553, 37]
[20, 6553, 31]
[20, 6553, 32]
[20, 6553, 32]
[20, 6553, 33]
[20, 6553, 25]
[20, 6553, 39]
[20, 6553, 34]
[20, 6553, 23]
[20, 6553, 37]
[20, 6553, 29]
[20, 6553, 44]
[20, 6553, 38]
[20, 6553, 33]
[20, 6553, 31]
[20, 6553, 31]
[20, 6553, 38]
[20, 6553, 30]
[25, 8192, 65]
[25, 8192, 65]
[25, 8192, 77]
[25, 8192, 80]
[25, 8192, 80]
[25, 8192, 90]
[25, 8192, 89]
[25, 8192, 67]
[25, 8192, 72]
[25, 8192, 106]
[25, 8192, 95]
[25, 8192, 87]
[25, 8192, 84]
[25, 8192, 82]
[25, 8192, 84]
[25, 8192, 79]
[25, 8192, 81]
[25, 8192, 109]
[25, 8192, 95]
[25, 8192, 83]
[25, 8192, 80]
[25, 8192, 65]
[25, 8192, 90]
[25, 8192, 91]
[25, 8192, 79]
[25, 8192, 76]
[25, 8192, 80]
[25, 8192, 90]
[25, 8192, 77]
[25, 8192, 81]
[25, 8192, 63]
[25, 8192, 99]
[25, 8192, 71]
[25, 8192, 96]
[25, 8192, 92]
[25, 8192, 78]
[25, 8192, 83]
[25, 8192, 91]
[25, 8192, 71]
[25, 8192, 79]
[25, 8192, 90]
[25, 8192, 88]
[25, 8192, 89]
[25, 8192, 99]
[25, 8192, 70]
[25, 8192, 86]
[25, 8192, 82]
[25, 8192, 80]
[25, 8192, 87]
[25, 8192, 96]
[25, 8192, 65]
[25, 8192, 80]
[25, 8192, 76]
[25, 8192, 78]
[25, 8192, 85]
[25, 8192, 58]
[25, 8192, 72]
[25, 8192, 84]
[25, 8192, 70]
[25, 8192, 70]
[25, 8192, 95]
[25, 8192, 71]
[25, 8192, 75]
[25, 8192, 76]
[25, 8192, 107]
[25, 8192, 68]
[25, 8192, 89]
[25, 8192, 90]
[25, 8192, 80]
[25, 8192, 72]
[25, 8192, 85]
[25, 8192, 93]
[25, 8192, 75]
[25, 8192, 75]
[25, 8192, 81]
[25, 8192, 73]
[25, 8192, 91]
[25, 8192, 100]
[25, 8192, 72]
[25, 8192, 57]
[25, 8192, 98]
[25, 8192, 86]
[25, 8192, 63]
[25, 8192, 66]
[25, 8192, 68]
[25, 8192, 68]
[25, 8192, 89]
[25, 8192, 83]
[25, 8192, 80]
[25, 8192, 72]
[25, 8192, 104]
[25, 8192, 104]
[25, 8192, 87]
[25, 8192, 98]
[25, 8192, 73]
[25, 8192, 116]
[25, 8192, 94]
[25, 8192, 81]
[25, 8192, 96]
[25, 8192, 79]
[30, 9830, 191]
[30, 9830, 158]
[30, 9830, 182]
[30, 9830, 153]
[30, 9830, 188]
[30, 9830, 149]
[30, 9830, 156]
[30, 9830, 160]
[30, 9830, 164]
[30, 9830, 150]
[30, 9830, 175]
[30, 9830, 177]
[30, 9830, 181]
[30, 9830, 204]
[30, 9830, 150]
[30, 9830, 151]
[30, 9830, 184]
[30, 9830, 158]
[30, 9830, 153]
[30, 9830, 177]
[30, 9830, 155]
[30, 9830, 135]
[30, 9830, 173]
[30, 9830, 147]
[30, 9830, 161]
[30, 9830, 167]
[30, 9830, 167]
[30, 9830, 189]
[30, 9830, 196]
[30, 9830, 164]
[30, 9830, 132]
[30, 9830, 154]
[30, 9830, 147]
[30, 9830, 185]
[30, 9830, 168]
[30, 9830, 142]
[30, 9830, 178]
[30, 9830, 153]
[30, 9830, 163]
[30, 9830, 172]
[30, 9830, 155]
[30, 9830, 154]
[30, 9830, 173]
[30, 9830, 170]
[30, 9830, 144]
[30, 9830, 192]
[30, 9830, 167]
[30, 9830, 167]
[30, 9830, 180]
[30, 9830, 192]
[30, 9830, 161]
[30, 9830, 182]
[30, 9830, 189]
[30, 9830, 133]
[30, 9830, 135]
[30, 9830, 153]
[30, 9830, 198]
[30, 9830, 180]
[30, 9830, 153]
[30, 9830, 168]
[30, 9830, 161]
[30, 9830, 155]
[30, 9830, 203]
[30, 9830, 148]
[30, 9830, 168]
[30, 9830, 191]
[30, 9830, 139]
[30, 9830, 208]
[30, 9830, 197]
[30, 9830, 149]
[30, 9830, 186]
[30, 9830, 172]
[30, 9830, 173]
[30, 9830, 178]
[30, 9830, 165]
[30, 9830, 157]
[30, 9830, 169]
[30, 9830, 148]
[30, 9830, 158]
[30, 9830, 145]
[30, 9830, 190]
[30, 9830, 164]
[30, 9830, 156]
[30, 9830, 166]
[30, 9830, 144]
[30, 9830, 167]
[30, 9830, 174]
[30, 9830, 182]
[30, 9830, 179]
[30, 9830, 158]
[30, 9830, 179]
[30, 9830, 159]
[30, 9830, 141]
[30, 9830, 176]
[30, 9830, 178]
[30, 9830, 159]
[30, 9830, 189]
[30, 9830, 151]
[30, 9830, 153]
[30, 9830, 158]
[35, 11468, 294]
[35, 11468, 288]
[35, 11468, 308]
[35, 11468, 278]
[35, 11468, 293]
[35, 11468, 289]
[35, 11468, 316]
[35, 11468, 295]
[35, 11468, 284]
[35, 11468, 310]
[35, 11468, 353]
[35, 11468, 283]
[35, 11468, 317]
[35, 11468, 288]
[35, 11468, 296]
[35, 11468, 289]
[35, 11468, 336]
[35, 11468, 309]
[35, 11468, 304]
[35, 11468, 260]
[35, 11468, 292]
[35, 11468, 284]
[35, 11468, 305]
[35, 11468, 340]
[35, 11468, 288]
[35, 11468, 305]
[35, 11468, 271]
[35, 11468, 317]
[35, 11468, 266]
[35, 11468, 322]
[35, 11468, 261]
[35, 11468, 315]
[35, 11468, 281]
[35, 11468, 312]
[35, 11468, 325]
[35, 11468, 284]
[35, 11468, 287]
[35, 11468, 295]
[35, 11468, 304]
[35, 11468, 320]
[35, 11468, 307]
[35, 11468, 304]
[35, 11468, 337]
[35, 11468, 309]
[35, 11468, 271]
[35, 11468, 278]
[35, 11468, 303]
[35, 11468, 274]
[35, 11468, 287]
[35, 11468, 250]
[35, 11468, 291]
[35, 11468, 285]
[35, 11468, 314]
[35, 11468, 275]
[35, 11468, 323]
[35, 11468, 284]
[35, 11468, 296]
[35, 11468, 276]
[35, 11468, 270]
[35, 11468, 284]
[35, 11468, 287]
[35, 11468, 286]
[35, 11468, 285]
[35, 11468, 296]
[35, 11468, 314]
[35, 11468, 325]
[35, 11468, 284]
[35, 11468, 300]
[35, 11468, 301]
[35, 11468, 319]
[35, 11468, 256]
[35, 11468, 279]
[35, 11468, 272]
[35, 11468, 251]
[35, 11468, 280]
[35, 11468, 317]
[35, 11468, 308]
[35, 11468, 310]
[35, 11468, 288]
[35, 11468, 314]
[35, 11468, 286]
[35, 11468, 313]
[35, 11468, 266]
[35, 11468, 336]
[35, 11468, 271]
[35, 11468, 283]
[35, 11468, 306]
[35, 11468, 275]
[35, 11468, 329]
[35, 11468, 255]
[35, 11468, 292]
[35, 11468, 312]
[35, 11468, 339]
[35, 11468, 326]
[35, 11468, 322]
[35, 11468, 335]
[35, 11468, 291]
[35, 11468, 336]
[35, 11468, 291]
[35, 11468, 296]
[40, 13107, 480]
[40, 13107, 497]
[40, 13107, 477]
[40, 13107, 468]
[40, 13107, 478]
[40, 13107, 509]
[40, 13107, 491]
[40, 13107, 434]
[40, 13107, 501]
[40, 13107, 497]
[40, 13107, 481]
[40, 13107, 497]
[40, 13107, 470]
[40, 13107, 495]
[40, 13107, 511]
[40, 13107, 468]
[40, 13107, 506]
[40, 13107, 504]
[40, 13107, 482]
[40, 13107, 524]
[40, 13107, 511]
[40, 13107, 543]
[40, 13107, 475]
[40, 13107, 523]
[40, 13107, 456]
[40, 13107, 511]
[40, 13107, 489]
[40, 13107, 515]
[40, 13107, 447]
[40, 13107, 473]
[40, 13107, 528]
[40, 13107, 522]
[40, 13107, 456]
[40, 13107, 467]
[40, 13107, 496]
[40, 13107, 496]
[40, 13107, 467]
[40, 13107, 471]
[40, 13107, 533]
[40, 13107, 478]
[40, 13107, 483]
[40, 13107, 442]
[40, 13107, 515]
[40, 13107, 473]
[40, 13107, 445]
[40, 13107, 473]
[40, 13107, 459]
[40, 13107, 431]
[40, 13107, 499]
[40, 13107, 520]
[40, 13107, 484]
[40, 13107, 442]
[40, 13107, 489]
[40, 13107, 436]
[40, 13107, 473]
[40, 13107, 509]
[40, 13107, 504]
[40, 13107, 445]
[40, 13107, 492]
[40, 13107, 541]
[40, 13107, 503]
[40, 13107, 491]
[40, 13107, 481]
[40, 13107, 523]
[40, 13107, 506]
[40, 13107, 466]
[40, 13107, 509]
[40, 13107, 491]
[40, 13107, 518]
[40, 13107, 506]
[40, 13107, 494]
[40, 13107, 494]
[40, 13107, 497]
[40, 13107, 474]
[40, 13107, 468]
[40, 13107, 534]
[40, 13107, 426]
[40, 13107, 507]
[40, 13107, 532]
[40, 13107, 456]
[40, 13107, 489]
[40, 13107, 517]
[40, 13107, 527]
[40, 13107, 511]
[40, 13107, 446]
[40, 13107, 470]
[40, 13107, 528]
[40, 13107, 459]
[40, 13107, 490]
[40, 13107, 504]
[40, 13107, 490]
[40, 13107, 436]
[40, 13107, 426]
[40, 13107, 483]
[40, 13107, 498]
[40, 13107, 469]
[40, 13107, 536]
[40, 13107, 442]
[40, 13107, 549]
[40, 13107, 503]
