[1, 1310, 0, 0]
[1, 1310, 0, 0]
[1, 1310, 0, 0]
[1, 1310, 0, 0]
[1, 1310, 0, 0]
[1, 1310, 0, 0]
[1, 1310, 0, 0]
[1, 1310, 0, 0]
[1, 1310, 0, 0]
[1, 1310, 0, 0]
[1, 1310, 0, 0]
[1, 1310, 0, 0]
[1, 1310, 0, 0]
[1, 1310, 0, 0]
[1, 1310, 0, 0]
[1, 1310, 0, 0]
[1, 1310, 0, 0]
[1, 1310, 0, 0]
[1, 1310, 0, 0]
[1, 1310, 0, 0]
[1, 1310, 0, 0]
[1, 1310, 0, 0]
[1, 1310, 0, 0]
[1, 1310, 0, 0]
[1, 1310, 0, 0]
[1, 1310, 0, 0]
[1, 1310, 0, 0]
[1, 1310, 0, 0]
[1, 1310, 0, 0]
[1, 1310, 0, 0]
[1, 1310, 0, 0]
[1, 1310, 0, 0]
[1, 1310, 0, 0]
[1, 1310, 0, 0]
[1, 1310, 0, 0]
[1, 1310, 0, 0]
[1, 1310, 0, 0]
[1, 1310, 0, 0]
[1, 1310, 0, 0]
[1, 1310, 0, 0]
[1, 1310, 0, 0]
[1, 1310, 0, 0]
[1, 1310, 0, 0]
[1, 1310, 0, 0]
[1, 1310, 0, 0]
[1, 1310, 0, 0]
[1, 1310, 0, 0]
[1, 1310, 0, 0]
[1, 1310, 0, 0]
[1, 1310, 0, 0]
[1, 1310, 0, 0]
[1, 1310, 0, 0]
[1, 1310, 0, 0]
[1, 1310, 0, 0]
[1, 1310, 0, 0]
[1, 1310, 0, 0]
[1, 1310, 0, 0]
[1, 1310, 0, 0]
[1, 1310, 0, 0]
[1, 1310, 0, 0]
[1, 1310, 0, 0]
[1, 1310, 0, 0]
[1, 1310, 0, 0]
[1, 1310, 0, 0]
[1, 1310, 0, 0]
[1, 1310, 0, 0]
[1, 1310, 0, 0]
[1, 1310, 0, 0]
[1, 1310, 0, 0]
[1, 1310, 0, 0]
[1, 1310, 0, 0]
[1, 1310, 0, 0]
[1, 1310, 0, 0]
[1, 1310, 0, 0]
[1, 1310, 0, 0]
[1, 1310, 0, 0]
[1, 1310, 0, 0]
[1, 1310, 0, 0]
[1, 1310, 0, 0]
[1, 1310, 0, 0]
[1, 1310, 0, 0]
[1, 1310, 0, 0]
[1, 1310, 0, 0]
[1, 1310, 0, 0]
[1, 1310, 0, 0]
[1, 1310, 0, 0]
[1, 1310, 0, 0]
[1, 1310, 0, 0]
[1, 1310, 0, 0]
[1, 1310, 0, 0]
[1, 1310, 0, 0]
[1, 1310, 0, 0]
[1, 1310, 0, 0]
[1, 1310, 0, 0]
[1, 1310, 0, 0]
[1, 1310, 0, 0]
[1, 1310, 0, 0]
[1, 1310, 0, 0]
[1, 1310, 0, 0]
[1, 1310, 0, 0]
[2, 2621, 0, 0]
[2, 2621, 0, 0]
[2, 2621, 0, 0]
[2, 2621, 0, 0]
[2, 2621, 0, 0]
[2, 2621, 0, 0]
[2, 2621, 0, 0]
[2, 2621, 0, 0]
[2, 2621, 0, 0]
[2, 2621, 0, 0]
[2, 2621, 0, 0]
[2, 2621, 0, 0]
[2, 2621, 0, 0]
[2, 2621, 0, 0]
[2, 2621, 0, 0]
[2, 2621, 0, 0]
[2, 2621, 0, 0]
[2, 2621, 0, 0]
[2, 2621, 0, 0]
[2, 2621, 0, 0]
[2, 2621, 0, 0]
[2, 2621, 0, 0]
[2, 2621, 0, 0]
[2, 2621, 0, 0]
[2, 2621, 0, 0]
[2, 2621, 0, 0]
[2, 2621, 0, 0]
[2, 2621, 0, 0]
[2, 2621, 0, 0]
[2, 2621, 2, 0]
[2, 2621, 0, 0]
[2, 2621, 0, 0]
[2, 2621, 0, 0]
[2, 2621, 0, 0]
[2, 2621, 0, 0]
[2, 2621, 0, 0]
[2, 2621, 0, 0]
[2, 2621, 0, 0]
[2, 2621, 0, 0]
[2, 2621, 0, 0]
[2, 2621, 0, 0]
[2, 2621, 0, 0]
[2, 2621, 0, 0]
[2, 2621, 0, 0]
[2, 2621, 0, 0]
[2, 2621, 0, 0]
[2, 2621, 0, 0]
[2, 2621, 0, 0]
[2, 2621, 0, 0]
[2, 2621, 0, 0]
[2, 2621, 0, 0]
[2, 2621, 0, 0]
[2, 2621, 0, 0]
[2, 2621, 0, 0]
[2, 2621, 0, 0]
[2, 2621, 0, 0]
[2, 2621, 0, 0]
[2, 2621, 0, 0]
[2, 2621, 0, 0]
[2, 2621, 0, 0]
[2, 2621, 0, 0]
[2, 2621, 0, 0]
[2, 2621, 0, 0]
[2, 2621, 0, 0]
[2, 2621, 0, 0]
[2, 2621, 0, 0]
[2, 2621, 0, 0]
[2, 2621, 0, 0]
[2, 2621, 0, 0]
[2, 2621, 0, 0]
[2, 2621, 0, 0]
[2, 2621, 0, 0]
[2, 2621, 0, 0]
[2, 2621, 0, 0]
[2, 2621, 0, 0]
[2, 2621, 0, 0]
[2, 2621, 0, 0]
[2, 2621, 0, 0]
[2, 2621, 0, 0]
[2, 2621, 0, 0]
[2, 2621, 0, 0]
[2, 2621, 0, 0]
[2, 2621, 0, 0]
[2, 2621, 0, 0]
[2, 2621, 0, 0]
[2, 2621, 0, 0]
[2, 2621, 0, 0]
[2, 2621, 0, 0]
[2, 2621, 0, 0]
[2, 2621, 0, 0]
[2, 2621, 1, 0]
[2, 2621, 0, 0]
[2, 2621, 0, 0]
[2, 2621, 0, 0]
[2, 2621, 0, 0]
[2, 2621, 0, 0]
[2, 2621, 0, 0]
[2, 2621, 0, 0]
[2, 2621, 0, 0]
[2, 2621, 0, 0]
[5, 6553, 3, 0]
[5, 6553, 1, 0]
[5, 6553, 0, 0]
[5, 6553, 0, 0]
[5, 6553, 1, 0]
[5, 6553, 0, 0]
[5, 6553, 0, 0]
[5, 6553, 0, 0]
[5, 6553, 0, 0]
[5, 6553, 0, 1]
[5, 6553, 0, 0]
[5, 6553, 0, 0]
[5, 6553, 0, 0]
[5, 6553, 1, 0]
[5, 6553, 2, 0]
[5, 6553, 0, 0]
[5, 6553, 1, 0]
[5, 6553, 0, 0]
[5, 6553, 0, 0]
[5, 6553, 0, 0]
[5, 6553, 0, 0]
[5, 6553, 0, 0]
[5, 6553, 0, 0]
[5, 6553, 0, 0]
[5, 6553, 0, 0]
[5, 6553, 0, 0]
[5, 6553, 0, 0]
[5, 6553, 1, 0]
[5, 6553, 1, 0]
[5, 6553, 2, 0]
[5, 6553, 0, 0]
[5, 6553, 1, 0]
[5, 6553, 0, 0]
[5, 6553, 0, 0]
[5, 6553, 0, 0]
[5, 6553, 0, 0]
[5, 6553, 2, 0]
[5, 6553, 0, 0]
[5, 6553, 0, 0]
[5, 6553, 0, 0]
[5, 6553, 0, 0]
[5, 6553, 0, 0]
[5, 6553, 0, 1]
[5, 6553, 0, 0]
[5, 6553, 0, 0]
[5, 6553, 0, 0]
[5, 6553, 0, 0]
[5, 6553, 0, 0]
[5, 6553, 0, 0]
[5, 6553, 0, 0]
[5, 6553, 0, 0]
[5, 6553, 0, 0]
[5, 6553, 0, 0]
[5, 6553, 0, 0]
[5, 6553, 0, 0]
[5, 6553, 0, 0]
[5, 6553, 0, 0]
[5, 6553, 0, 0]
[5, 6553, 0, 0]
[5, 6553, 0, 0]
[5, 6553, 0, 0]
[5, 6553, 0, 0]
[5, 6553, 0, 0]
[5, 6553, 0, 0]
[5, 6553, 0, 0]
[5, 6553, 0, 0]
[5, 6553, 0, 0]
[5, 6553, 0, 0]
[5, 6553, 0, 0]
[5, 6553, 0, 0]
[5, 6553, 0, 0]
[5, 6553, 2, 0]
[5, 6553, 0, 0]
[5, 6553, 0, 0]
[5, 6553, 0, 0]
[5, 6553, 0, 0]
[5, 6553, 0, 0]
[5, 6553, 0, 0]
[5, 6553, 2, 1]
[5, 6553, 0, 0]
[5, 6553, 0, 0]
[5, 6553, 0, 1]
[5, 6553, 1, 0]
[5, 6553, 0, 0]
[5, 6553, 0, 0]
[5, 6553, 1, 0]
[5, 6553, 0, 0]
[5, 6553, 0, 0]
[5, 6553, 0, 0]
[5, 6553, 0, 1]
[5, 6553, 2, 0]
[5, 6553, 0, 0]
[5, 6553, 0, 0]
[5, 6553, 0, 0]
[5, 6553, 0, 0]
[5, 6553, 0, 0]
[5, 6553, 0, 0]
[5, 6553, 2, 0]
[5, 6553, 0, 0]
[5, 6553, 0, 0]
[10, 13107, 0, 3]
[10, 13107, 1, 1]
[10, 13107, 2, 5]
[10, 13107, 6, 3]
[10, 13107, 1, 3]
[10, 13107, 5, 2]
[10, 13107, 2, 4]
[10, 13107, 1, 5]
[10, 13107, 2, 0]
[10, 13107, 0, 5]
[10, 13107, 2, 3]
[10, 13107, 2, 0]
[10, 13107, 0, 1]
[10, 13107, 2, 5]
[10, 13107, 2, 3]
[10, 13107, 0, 5]
[10, 13107, 5, 2]
[10, 13107, 4, 5]
[10, 13107, 3, 3]
[10, 13107, 6, 0]
[10, 13107, 1, 2]
[10, 13107, 2, 0]
[10, 13107, 2, 2]
[10, 13107, 0, 3]
[10, 13107, 5, 0]
[10, 13107, 1, 1]
[10, 13107, 0, 3]
[10, 13107, 2, 1]
[10, 13107, 6, 3]
[10, 13107, 0, 3]
[10, 13107, 1, 2]
[10, 13107, 2, 1]
[10, 13107, 0, 1]
[10, 13107, 3, 1]
[10, 13107, 1, 4]
[10, 13107, 0, 2]
[10, 13107, 1, 1]
[10, 13107, 0, 1]
[10, 13107, 1, 3]
[10, 13107, 3, 1]
[10, 13107, 3, 2]
[10, 13107, 2, 0]
[10, 13107, 0, 1]
[10, 13107, 3, 0]
[10, 13107, 3, 4]
[10, 13107, 4, 0]
[10, 13107, 3, 5]
[10, 13107, 0, 0]
[10, 13107, 4, 0]
[10, 13107, 1, 5]
[10, 13107, 3, 6]
[10, 13107, 3, 4]
[10, 13107, 1, 0]
[10, 13107, 1, 3]
[10, 13107, 2, 1]
[10, 13107, 2, 3]
[10, 13107, 6, 1]
[10, 13107, 2, 1]
[10, 13107, 3, 0]
[10, 13107, 2, 5]
[10, 13107, 0, 3]
[10, 13107, 1, 0]
[10, 13107, 2, 2]
[10, 13107, 2, 11]
[10, 13107, 3, 0]
[10, 13107, 0, 0]
[10, 13107, 2, 2]
[10, 13107, 0, 2]
[10, 13107, 1, 2]
[10, 13107, 4, 0]
[10, 13107, 4, 2]
[10, 13107, 1, 6]
[10, 13107, 1, 0]
[10, 13107, 1, 3]
[10, 13107, 0, 1]
[10, 13107, 1, 2]
[10, 13107, 6, 2]
[10, 13107, 3, 1]
[10, 13107, 4, 1]
[10, 13107, 2, 3]
[10, 13107, 2, 3]
[10, 13107, 1, 2]
[10, 13107, 8, 0]
[10, 13107, 2, 1]
[10, 13107, 1, 1]
[10, 13107, 1, 4]
[10, 13107, 1, 0]
[10, 13107, 7, 4]
[10, 13107, 3, 5]
[10, 13107, 2, 0]
[10, 13107, 4, 1]
[10, 13107, 0, 4]
[10, 13107, 2, 4]
[10, 13107, 1, 6]
[10, 13107, 3, 3]
[10, 13107, 2, 7]
[10, 13107, 2, 2]
[10, 13107, 3, 0]
[10, 13107, 5, 0]
[10, 13107, 1, 5]
[15, 19660, 11, 6]
[15, 19660, 15, 8]
[15, 19660, 5, 20]
[15, 19660, 4, 22]
[15, 19660, 20, 10]
[15, 19660, 13, 9]
[15, 19660, 14, 15]
[15, 19660, 11, 11]
[15, 19660, 22, 15]
[15, 19660, 15, 8]
[15, 19660, 10, 20]
[15, 19660, 13, 11]
[15, 19660, 6, 5]
[15, 19660, 17, 4]
[15, 19660, 10, 5]
[15, 19660, 13, 6]
[15, 19660, 13, 16]
[15, 19660, 12, 6]
[15, 19660, 7, 15]
[15, 19660, 6, 18]
[15, 19660, 18, 15]
[15, 19660, 11, 7]
[15, 19660, 6, 22]
[15, 19660, 18, 13]
[15, 19660, 4, 6]
[15, 19660, 10, 12]
[15, 19660, 8, 20]
[15, 19660, 23, 13]
[15, 19660, 12, 11]
[15, 19660, 20, 14]
[15, 19660, 15, 12]
[15, 19660, 12, 7]
[15, 19660, 16, 18]
[15, 19660, 7, 10]
[15, 19660, 6, 8]
[15, 19660, 14, 15]
[15, 19660, 15, 14]
[15, 19660, 12, 14]
[15, 19660, 9, 14]
[15, 19660, 11, 8]
[15, 19660, 6, 5]
[15, 19660, 6, 19]
[15, 19660, 9, 11]
[15, 19660, 10, 10]
[15, 19660, 9, 16]
[15, 19660, 10, 16]
[15, 19660, 10, 14]
[15, 19660, 9, 8]
[15, 19660, 11, 14]
[15, 19660, 9, 15]
[15, 19660, 12, 11]
[15, 19660, 3, 5]
[15, 19660, 11, 11]
[15, 19660, 9, 15]
[15, 19660, 13, 10]
[15, 19660, 7, 10]
[15, 19660, 21, 9]
[15, 19660, 11, 15]
[15, 19660, 14, 14]
[15, 19660, 7, 18]
[15, 19660, 15, 18]
[15, 19660, 25, 9]
[15, 19660, 13, 13]
[15, 19660, 15, 11]
[15, 19660, 23, 11]
[15, 19660, 20, 16]
[15, 19660, 3, 13]
[15, 19660, 16, 10]
[15, 19660, 14, 2]
[15, 19660, 13, 11]
[15, 19660, 12, 15]
[15, 19660, 13, 14]
[15, 19660, 6, 6]
[15, 19660, 14, 21]
[15, 19660, 17, 9]
[15, 19660, 9, 12]
[15, 19660, 28, 13]
[15, 19660, 13, 15]
[15, 19660, 15, 18]
[15, 19660, 6, 6]
[15, 19660, 14, 15]
[15, 19660, 12, 7]
[15, 19660, 18, 13]
[15, 19660, 14, 18]
[15, 19660, 26, 11]
[15, 19660, 9, 12]
[15, 19660, 8, 23]
[15, 19660, 16, 21]
[15, 19660, 15, 20]
[15, 19660, 7, 11]
[15, 19660, 10, 3]
[15, 19660, 8, 11]
[15, 19660, 13, 10]
[15, 19660, 9, 16]
[15, 19660, 12, 15]
[15, 19660, 4, 14]
[15, 19660, 4, 12]
[15, 19660, 13, 6]
[15, 19660, 10, 14]
[15, 19660, 14, 14]
[20, 26214, 46, 47]
[20, 26214, 45, 40]
[20, 26214, 28, 48]
[20, 26214, 38, 50]
[20, 26214, 38, 52]
[20, 26214, 51, 49]
[20, 26214, 46, 47]
[20, 26214, 34, 44]
[20, 26214, 47, 56]
[20, 26214, 41, 51]
[20, 26214, 36, 56]
[20, 26214, 41, 41]
[20, 26214, 44, 52]
[20, 26214, 39, 39]
[20, 26214, 58, 49]
[20, 26214, 45, 27]
[20, 26214, 38, 22]
[20, 26214, 53, 37]
[20, 26214, 46, 61]
[20, 26214, 34, 55]
[20, 26214, 47, 32]
[20, 26214, 41, 55]
[20, 26214, 39, 62]
[20, 26214, 43, 46]
[20, 26214, 59, 44]
[20, 26214, 48, 34]
[20, 26214, 46, 44]
[20, 26214, 44, 32]
[20, 26214, 46, 55]
[20, 26214, 42, 42]
[20, 26214, 26, 46]
[20, 26214, 42, 45]
[20, 26214, 36, 44]
[20, 26214, 37, 54]
[20, 26214, 49, 44]
[20, 26214, 57, 30]
[20, 26214, 50, 44]
[20, 26214, 55, 41]
[20, 26214, 38, 47]
[20, 26214, 36, 62]
[20, 26214, 59, 36]
[20, 26214, 64, 38]
[20, 26214, 43, 54]
[20, 26214, 53, 40]
[20, 26214, 52, 31]
[20, 26214, 35, 36]
[20, 26214, 45, 55]
[20, 26214, 47, 24]
[20, 26214, 39, 51]
[20, 26214, 43, 26]
[20, 26214, 30, 39]
[20, 26214, 20, 29]
[20, 26214, 46, 33]
[20, 26214, 63, 51]
[20, 26214, 48, 52]
[20, 26214, 30, 23]
[20, 26214, 35, 38]
[20, 26214, 45, 61]
[20, 26214, 53, 43]
[20, 26214, 69, 37]
[20, 26214, 65, 39]
[20, 26214, 30, 42]
[20, 26214, 36, 38]
[20, 26214, 41, 35]
[20, 26214, 47, 35]
[20, 26214, 63, 50]
[20, 26214, 42, 36]
[20, 26214, 39, 43]
[20, 26214, 37, 49]
[20, 26214, 50, 37]
[20, 26214, 38, 36]
[20, 26214, 59, 47]
[20, 26214, 38, 49]
[20, 26214, 49, 29]
[20, 26214, 54, 33]
[20, 26214, 51, 31]
[20, 26214, 32, 44]
[20, 26214, 44, 56]
[20, 26214, 25, 55]
[20, 26214, 41, 52]
[20, 26214, 24, 34]
[20, 26214, 46, 45]
[20, 26214, 49, 43]
[20, 26214, 35, 51]
[20, 26214, 45, 45]
[20, 26214, 39, 51]
[20, 26214, 64, 59]
[20, 26214, 25, 50]
[20, 26214, 43, 52]
[20, 26214, 53, 43]
[20, 26214, 49, 47]
[20, 26214, 53, 42]
[20, 26214, 49, 43]
[20, 26214, 38, 36]
[20, 26214, 48, 36]
[20, 26214, 39, 41]
[20, 26214, 49, 45]
[20, 26214, 44, 39]
[20, 26214, 38, 32]
[20, 26214, 42, 48]
[25, 32768, 113, 92]
[25, 32768, 114, 93]
[25, 32768, 124, 100]
[25, 32768, 100, 99]
[25, 32768, 122, 90]
[25, 32768, 98, 128]
[25, 32768, 96, 115]
[25, 32768, 83, 110]
[25, 32768, 106, 95]
[25, 32768, 127, 138]
[25, 32768, 140, 137]
[25, 32768, 99, 113]
[25, 32768, 89, 102]
[25, 32768, 102, 113]
[25, 32768, 136, 107]
[25, 32768, 99, 112]
[25, 32768, 116, 109]
[25, 32768, 131, 106]
[25, 32768, 106, 104]
[25, 32768, 116, 122]
[25, 32768, 102, 91]
[25, 32768, 119, 94]
[25, 32768, 93, 124]
[25, 32768, 115, 133]
[25, 32768, 115, 108]
[25, 32768, 123, 108]
[25, 32768, 119, 104]
[25, 32768, 128, 86]
[25, 32768, 121, 110]
[25, 32768, 121, 85]
[25, 32768, 124, 120]
[25, 32768, 104, 104]
[25, 32768, 92, 110]
[25, 32768, 89, 139]
[25, 32768, 118, 102]
[25, 32768, 123, 96]
[25, 32768, 115, 116]
[25, 32768, 118, 108]
[25, 32768, 98, 106]
[25, 32768, 108, 91]
[25, 32768, 132, 119]
[25, 32768, 107, 118]
[25, 32768, 96, 96]
[25, 32768, 124, 96]
[25, 32768, 85, 132]
[25, 32768, 104, 137]
[25, 32768, 108, 142]
[25, 32768, 130, 116]
[25, 32768, 120, 108]
[25, 32768, 89, 92]
[25, 32768, 92, 109]
[25, 32768, 124, 111]
[25, 32768, 108, 108]
[25, 32768, 154, 136]
[25, 32768, 128, 103]
[25, 32768, 98, 115]
[25, 32768, 111, 114]
[25, 32768, 122, 118]
[25, 32768, 115, 99]
[25, 32768, 107, 101]
[25, 32768, 93, 127]
[25, 32768, 113, 111]
[25, 32768, 103, 121]
[25, 32768, 131, 107]
[25, 32768, 133, 99]
[25, 32768, 134, 133]
[25, 32768, 86, 141]
[25, 32768, 103, 112]
[25, 32768, 92, 140]
[25, 32768, 135, 101]
[25, 32768, 90, 80]
[25, 32768, 113, 125]
[25, 32768, 101, 83]
[25, 32768, 123, 88]
[25, 32768, 120, 146]
[25, 32768, 98, 109]
[25, 32768, 114, 123]
[25, 32768, 127, 110]
[25, 32768, 87, 97]
[25, 32768, 89, 101]
[25, 32768, 123, 128]
[25, 32768, 116, 126]
[25, 32768, 101, 93]
[25, 32768, 108, 113]
[25, 32768, 122, 105]
[25, 32768, 116, 96]
[25, 32768, 121, 125]
[25, 32768, 102, 111]
[25, 32768, 110, 119]
[25, 32768, 116, 110]
[25, 32768, 110, 120]
[25, 32768, 123, 117]
[25, 32768, 130, 84]
[25, 32768, 126, 119]
[25, 32768, 126, 102]
[25, 32768, 102, 130]
[25, 32768, 97, 123]
[25, 32768, 114, 116]
[25, 32768, 91, 134]
[25, 32768, 100, 116]
[30, 39321, 246, 187]
[30, 39321, 252, 261]
[30, 39321, 262, 218]
[30, 39321, 251, 247]
[30, 39321, 253, 219]
[30, 39321, 234, 268]
[30, 39321, 250, 210]
[30, 39321, 229, 242]
[30, 39321, 284, 247]
[30, 39321, 209, 214]
[30, 39321, 236, 225]
[30, 39321, 228, 239]
[30, 39321, 223, 222]
[30, 39321, 212, 262]
[30, 39321, 246, 278]
[30, 39321, 235, 219]
[30, 39321, 267, 239]
[30, 39321, 262, 211]
[30, 39321, 264, 201]
[30, 39321, 241, 249]
[30, 39321, 211, 245]
[30, 39321, 233, 211]
[30, 39321, 261, 238]
[30, 39321, 256, 252]
[30, 39321, 230, 223]
[30, 39321, 233, 239]
[30, 39321, 270, 250]
[30, 39321, 259, 237]
[30, 39321, 230, 247]
[30, 39321, 276, 215]
[30, 39321, 219, 210]
[30, 39321, 259, 270]
[30, 39321, 233, 282]
[30, 39321, 244, 253]
[30, 39321, 219, 269]
[30, 39321, 290, 233]
[30, 39321, 238, 248]
[30, 39321, 252, 239]
[30, 39321, 257, 213]
[30, 39321, 257, 216]
[30, 39321, 263, 226]
[30, 39321, 224, 250]
[30, 39321, 271, 222]
[30, 39321, 238, 230]
[30, 39321, 185, 219]
[30, 39321, 242, 256]
[30, 39321, 219, 208]
[30, 39321, 314, 247]
[30, 39321, 236, 249]
[30, 39321, 212, 260]
[30, 39321, 255, 258]
[30, 39321, 254, 204]
[30, 39321, 219, 212]
[30, 39321, 213, 272]
[30, 39321, 273, 259]
[30, 39321, 234, 227]
[30, 39321, 244, 252]
[30, 39321, 257, 240]
[30, 39321, 238, 217]
[30, 39321, 232, 233]
[30, 39321, 249, 230]
[30, 39321, 262, 254]
[30, 39321, 194, 258]
[30, 39321, 240, 245]
[30, 39321, 262, 262]
[30, 39321, 234, 247]
[30, 39321, 265, 263]
[30, 39321, 220, 249]
[30, 39321, 242, 217]
[30, 39321, 241, 243]
[30, 39321, 262, 224]
[30, 39321, 210, 222]
[30, 39321, 219, 207]
[30, 39321, 250, 220]
[30, 39321, 228, 236]
[30, 39321, 240, 212]
[30, 39321, 230, 264]
[30, 39321, 242, 232]
[30, 39321, 263, 245]
[30, 39321, 195, 233]
[30, 39321, 315, 230]
[30, 39321, 254, 229]
[30, 39321, 272, 225]
[30, 39321, 225, 264]
[30, 39321, 262, 249]
[30, 39321, 250, 242]
[30, 39321, 263, 222]
[30, 39321, 250, 248]
[30, 39321, 282, 231]
[30, 39321, 259, 209]
[30, 39321, 288, 240]
[30, 39321, 257, 259]
[30, 39321, 230, 236]
[30, 39321, 233, 277]
[30, 39321, 222, 265]
[30, 39321, 214, 227]
[30, 39321, 216, 231]
[30, 39321, 205, 245]
[30, 39321, 253, 233]
[30, 39321, 229, 234]
[35, 45875, 453, 489]
[35, 45875, 435, 426]
[35, 45875, 497, 478]
[35, 45875, 459, 471]
[35, 45875, 474, 374]
[35, 45875, 439, 494]
[35, 45875, 468, 459]
[35, 45875, 408, 425]
[35, 45875, 468, 456]
[35, 45875, 459, 455]
[35, 45875, 441, 487]
[35, 45875, 434, 468]
[35, 45875, 443, 459]
[35, 45875, 436, 418]
[35, 45875, 442, 442]
[35, 45875, 445, 455]
[35, 45875, 457, 481]
[35, 45875, 506, 493]
[35, 45875, 470, 499]
[35, 45875, 474, 483]
[35, 45875, 468, 408]
[35, 45875, 498, 470]
[35, 45875, 478, 488]
[35, 45875, 435, 399]
[35, 45875, 482, 452]
[35, 45875, 451, 415]
[35, 45875, 467, 463]
[35, 45875, 465, 444]
[35, 45875, 437, 418]
[35, 45875, 429, 482]
[35, 45875, 453, 460]
[35, 45875, 404, 388]
[35, 45875, 416, 468]
[35, 45875, 434, 459]
[35, 45875, 473, 432]
[35, 45875, 464, 488]
[35, 45875, 446, 470]
[35, 45875, 413, 502]
[35, 45875, 493, 447]
[35, 45875, 417, 432]
[35, 45875, 417, 447]
[35, 45875, 429, 445]
[35, 45875, 420, 504]
[35, 45875, 440, 428]
[35, 45875, 458, 458]
[35, 45875, 450, 447]
[35, 45875, 448, 495]
[35, 45875, 471, 462]
[35, 45875, 445, 434]
[35, 45875, 441, 448]
[35, 45875, 401, 482]
[35, 45875, 471, 409]
[35, 45875, 456, 432]
[35, 45875, 451, 489]
[35, 45875, 509, 480]
[35, 45875, 445, 531]
[35, 45875, 454, 471]
[35, 45875, 466, 457]
[35, 45875, 423, 460]
[35, 45875, 499, 443]
[35, 45875, 449, 481]
[35, 45875, 496, 439]
[35, 45875, 436, 470]
[35, 45875, 465, 399]
[35, 45875, 460, 460]
[35, 45875, 515, 455]
[35, 45875, 444, 487]
[35, 45875, 424, 457]
[35, 45875, 430, 497]
[35, 45875, 403, 432]
[35, 45875, 457, 426]
[35, 45875, 498, 448]
[35, 45875, 441, 438]
[35, 45875, 509, 487]
[35, 45875, 461, 429]
[35, 45875, 431, 436]
[35, 45875, 495, 470]
[35, 45875, 458, 489]
[35, 45875, 455, 464]
[35, 45875, 465, 427]
[35, 45875, 440, 482]
[35, 45875, 447, 477]
[35, 45875, 452, 406]
[35, 45875, 464, 464]
[35, 45875, 512, 454]
[35, 45875, 430, 413]
[35, 45875, 510, 434]
[35, 45875, 417, 433]
[35, 45875, 472, 471]
[35, 45875, 458, 424]
[35, 45875, 472, 419]
[35, 45875, 501, 463]
[35, 45875, 455, 401]
[35, 45875, 479, 458]
[35, 45875, 467, 414]
[35, 45875, 486, 410]
[35, 45875, 468, 402]
[35, 45875, 417, 449]
[35, 45875, 473, 459]
[35, 45875, 455, 458]
[40, 52428, 784, 769]
[40, 52428, 785, 801]
[40, 52428, 865, 811]
[40, 52428, 789, 801]
[40, 52428, 824, 723]
[40, 52428, 757, 787]
[40, 52428, 775, 701]
[40, 52428, 795, 752]
[40, 52428, 762, 717]
[40, 52428, 720, 842]
[40, 52428, 755, 719]
[40, 52428, 794, 769]
[40, 52428, 678, 761]
[40, 52428, 753, 692]
[40, 52428, 788, 744]
[40, 52428, 764, 744]
[40, 52428, 735, 752]
[40, 52428, 828, 739]
[40, 52428, 702, 797]
[40, 52428, 795, 762]
[40, 52428, 830, 718]
[40, 52428, 852, 759]
[40, 52428, 757, 786]
[40, 52428, 771, 770]
[40, 52428, 741, 787]
[40, 52428, 814, 756]
[40, 52428, 780, 797]
[40, 52428, 776, 782]
[40, 52428, 801, 741]
[40, 52428, 800, 752]
[40, 52428, 758, 814]
[40, 52428, 783, 786]
[40, 52428, 705, 768]
[40, 52428, 735, 793]
[40, 52428, 832, 760]
[40, 52428, 771, 743]
[40, 52428, 733, 854]
[40, 52428, 801, 781]
[40, 52428, 866, 793]
[40, 52428, 739, 784]
[40, 52428, 783, 702]
[40, 52428, 799, 808]
[40, 52428, 799, 706]
[40, 52428, 773, 833]
[40, 52428, 687, 800]
[40, 52428, 757, 753]
[40, 52428, 717, 770]
[40, 52428, 799, 777]
[40, 52428, 725, 763]
[40, 52428, 677, 769]
[40, 52428, 793, 831]
[40, 52428, 741, 794]
[40, 52428, 847, 748]
[40, 52428, 725, 794]
[40, 52428, 743, 823]
[40, 52428, 682, 853]
[40, 52428, 783, 710]
[40, 52428, 769, 751]
[40, 52428, 750, 816]
[40, 52428, 827, 738]
[40, 52428, 828, 792]
[40, 52428, 814, 714]
[40, 52428, 746, 780]
[40, 52428, 798, 741]
[40, 52428, 930, 759]
[40, 52428, 810, 827]
[40, 52428, 710, 759]
[40, 52428, 764, 851]
[40, 52428, 839, 735]
[40, 52428, 798, 809]
[40, 52428, 766, 740]
[40, 52428, 769, 831]
[40, 52428, 749, 775]
[40, 52428, 790, 753]
[40, 52428, 775, 731]
[40, 52428, 806, 787]
[40, 52428, 774, 772]
[40, 52428, 707, 801]
[40, 52428, 758, 740]
[40, 52428, 731, 736]
[40, 52428, 749, 747]
[40, 52428, 857, 705]
[40, 52428, 826, 694]
[40, 52428, 790, 756]
[40, 52428, 762, 781]
[40, 52428, 781, 730]
[40, 52428, 803, 757]
[40, 52428, 759, 770]
[40, 52428, 826, 849]
[40, 52428, 749, 756]
[40, 52428, 804, 735]
[40, 52428, 758, 806]
[40, 52428, 788, 813]
[40, 52428, 754, 758]
[40, 52428, 807, 708]
[40, 52428, 785, 735]
[40, 52428, 698, 821]
[40, 52428, 823, 757]
[40, 52428, 740, 752]
[40, 52428, 744, 754]
