[1, 655, 0]
[1, 655, 0]
[1, 655, 0]
[1, 655, 0]
[1, 655, 0]
[1, 655, 0]
[1, 655, 0]
[1, 655, 0]
[1, 655, 0]
[1, 655, 0]
[1, 655, 0]
[1, 655, 0]
[1, 655, 0]
[1, 655, 0]
[1, 655, 0]
[1, 655, 0]
[1, 655, 0]
[1, 655, 0]
[1, 655, 0]
[1, 655, 0]
[1, 655, 0]
[1, 655, 0]
[1, 655, 0]
[1, 655, 0]
[1, 655, 0]
[1, 655, 0]
[1, 655, 0]
[1, 655, 0]
[1, 655, 0]
[1, 655, 0]
[1, 655, 0]
[1, 655, 0]
[1, 655, 0]
[1, 655, 0]
[1, 655, 0]
[1, 655, 0]
[1, 655, 0]
[1, 655, 0]
[1, 655, 0]
[1, 655, 0]
[1, 655, 0]
[1, 655, 0]
[1, 655, 0]
[1, 655, 0]
[1, 655, 0]
[1, 655, 0]
[1, 655, 0]
[1, 655, 0]
[1, 655, 0]
[1, 655, 0]
[1, 655, 0]
[1, 655, 0]
[1, 655, 0]
[1, 655, 0]
[1, 655, 0]
[1, 655, 0]
[1, 655, 0]
[1, 655, 0]
[1, 655, 0]
[1, 655, 0]
[1, 655, 0]
[1, 655, 0]
[1, 655, 0]
[1, 655, 0]
[1, 655, 0]
[1, 655, 0]
[1, 655, 0]
[1, 655, 0]
[1, 655, 0]
[1, 655, 0]
[1, 655, 0]
[1, 655, 0]
[1, 655, 0]
[1, 655, 0]
[1, 655, 0]
[1, 655, 0]
[1, 655, 0]
[1, 655, 0]
[1, 655, 0]
[1, 655, 0]
[1, 655, 0]
[1, 655, 0]
[1, 655, 0]
[1, 655, 0]
[1, 655, 0]
[1, 655, 0]
[1, 655, 0]
[1, 655, 0]
[1, 655, 0]
[1, 655, 0]
[1, 655, 0]
[1, 655, 0]
[1, 655, 0]
[1, 655, 0]
[1, 655, 0]
[1, 655, 0]
[1, 655, 0]
[1, 655, 0]
[1, 655, 0]
[1, 655, 0]
[2, 1310, 0]
[2, 1310, 0]
[2, 1310, 0]
[2, 1310, 0]
[2, 1310, 2]
[2, 1310, 0]
[2, 1310, 0]
[2, 1310, 0]
[2, 1310, 0]
[2, 1310, 0]
[2, 1310, 0]
[2, 1310, 0]
[2, 1310, 0]
[2, 1310, 0]
[2, 1310, 0]
[2, 1310, 0]
[2, 1310, 0]
[2, 1310, 0]
[2, 1310, 0]
[2, 1310, 0]
[2, 1310, 0]
[2, 1310, 0]
[2, 1310, 0]
[2, 1310, 0]
[2, 1310, 0]
[2, 1310, 0]
[2, 1310, 0]
[2, 1310, 0]
[2, 1310, 0]
[2, 1310, 0]
[2, 1310, 0]
[2, 1310, 0]
[2, 1310, 0]
[2, 1310, 0]
[2, 1310, 0]
[2, 1310, 0]
[2, 1310, 0]
[2, 1310, 0]
[2, 1310, 0]
[2, 1310, 0]
[2, 1310, 0]
[2, 1310, 0]
[2, 1310, 0]
[2, 1310, 0]
[2, 1310, 0]
[2, 1310, 0]
[2, 1310, 0]
[2, 1310, 0]
[2, 1310, 0]
[2, 1310, 0]
[2, 1310, 0]
[2, 1310, 0]
[2, 1310, 0]
[2, 1310, 0]
[2, 1310, 0]
[2, 1310, 0]
[2, 1310, 0]
[2, 1310, 0]
[2, 1310, 0]
[2, 1310, 0]
[2, 1310, 0]
[2, 1310, 0]
[2, 1310, 0]
[2, 1310, 0]
[2, 1310, 0]
[2, 1310, 0]
[2, 1310, 0]
[2, 1310, 0]
[2, 1310, 0]
[2, 1310, 0]
[2, 1310, 0]
[2, 1310, 0]
[2, 1310, 0]
[2, 1310, 0]
[2, 1310, 0]
[2, 1310, 0]
[2, 1310, 0]
[2, 1310, 0]
[2, 1310, 0]
[2, 1310, 0]
[2, 1310, 0]
[2, 1310, 0]
[2, 1310, 0]
[2, 1310, 0]
[2, 1310, 0]
[2, 1310, 0]
[2, 1310, 0]
[2, 1310, 0]
[2, 1310, 0]
[2, 1310, 0]
[2, 1310, 0]
[2, 1310, 0]
[2, 1310, 0]
[2, 1310, 0]
[2, 1310, 0]
[2, 1310, 0]
[2, 1310, 0]
[2, 1310, 0]
[2, 1310, 0]
[2, 1310, 0]
[5, 3276, 0]
[5, 3276, 0]
[5, 3276, 0]
[5, 3276, 1]
[5, 3276, 1]
[5, 3276, 0]
[5, 3276, 0]
[5, 3276, 0]
[5, 3276, 1]
[5, 3276, 0]
[5, 3276, 0]
[5, 3276, 0]
[5, 3276, 1]
[5, 3276, 0]
[5, 3276, 2]
[5, 3276, 0]
[5, 3276, 0]
[5, 3276, 0]
[5, 3276, 0]
[5, 3276, 0]
[5, 3276, 0]
[5, 3276, 0]
[5, 3276, 0]
[5, 3276, 0]
[5, 3276, 0]
[5, 3276, 0]
[5, 3276, 0]
[5, 3276, 0]
[5, 3276, 0]
[5, 3276, 0]
[5, 3276, 0]
[5, 3276, 0]
[5, 3276, 0]
[5, 3276, 0]
[5, 3276, 0]
[5, 3276, 0]
[5, 3276, 0]
[5, 3276, 0]
[5, 3276, 0]
[5, 3276, 0]
[5, 3276, 1]
[5, 3276, 0]
[5, 3276, 0]
[5, 3276, 0]
[5, 3276, 0]
[5, 3276, 0]
[5, 3276, 0]
[5, 3276, 0]
[5, 3276, 1]
[5, 3276, 0]
[5, 3276, 0]
[5, 3276, 0]
[5, 3276, 0]
[5, 3276, 0]
[5, 3276, 0]
[5, 3276, 0]
[5, 3276, 1]
[5, 3276, 0]
[5, 3276, 0]
[5, 3276, 0]
[5, 3276, 0]
[5, 3276, 0]
[5, 3276, 0]
[5, 3276, 0]
[5, 3276, 0]
[5, 3276, 0]
[5, 3276, 0]
[5, 3276, 2]
[5, 3276, 0]
[5, 3276, 0]
[5, 3276, 0]
[5, 3276, 0]
[5, 3276, 0]
[5, 3276, 0]
[5, 3276, 0]
[5, 3276, 0]
[5, 3276, 2]
[5, 3276, 0]
[5, 3276, 0]
[5, 3276, 0]
[5, 3276, 0]
[5, 3276, 0]
[5, 3276, 0]
[5, 3276, 0]
[5, 3276, 0]
[5, 3276, 0]
[5, 3276, 0]
[5, 3276, 0]
[5, 3276, 0]
[5, 3276, 0]
[5, 3276, 0]
[5, 3276, 0]
[5, 3276, 0]
[5, 3276, 0]
[5, 3276, 0]
[5, 3276, 0]
[5, 3276, 0]
[5, 3276, 1]
[5, 3276, 0]
[5, 3276, 0]
[10, 6553, 0]
[10, 6553, 1]
[10, 6553, 0]
[10, 6553, 1]
[10, 6553, 3]
[10, 6553, 1]
[10, 6553, 1]
[10, 6553, 0]
[10, 6553, 3]
[10, 6553, 5]
[10, 6553, 0]
[10, 6553, 1]
[10, 6553, 1]
[10, 6553, 3]
[10, 6553, 4]
[10, 6553, 1]
[10, 6553, 2]
[10, 6553, 1]
[10, 6553, 2]
[10, 6553, 4]
[10, 6553, 0]
[10, 6553, 4]
[10, 6553, 2]
[10, 6553, 5]
[10, 6553, 4]
[10, 6553, 4]
[10, 6553, 5]
[10, 6553, 2]
[10, 6553, 0]
[10, 6553, 4]
[10, 6553, 5]
[10, 6553, 0]
[10, 6553, 5]
[10, 6553, 5]
[10, 6553, 3]
[10, 6553, 1]
[10, 6553, 5]
[10, 6553, 4]
[10, 6553, 4]
[10, 6553, 1]
[10, 6553, 8]
[10, 6553, 2]
[10, 6553, 3]
[10, 6553, 4]
[10, 6553, 0]
[10, 6553, 2]
[10, 6553, 0]
[10, 6553, 3]
[10, 6553, 4]
[10, 6553, 0]
[10, 6553, 4]
[10, 6553, 4]
[10, 6553, 3]
[10, 6553, 0]
[10, 6553, 1]
[10, 6553, 5]
[10, 6553, 3]
[10, 6553, 5]
[10, 6553, 1]
[10, 6553, 3]
[10, 6553, 3]
[10, 6553, 3]
[10, 6553, 3]
[10, 6553, 4]
[10, 6553, 5]
[10, 6553, 2]
[10, 6553, 3]
[10, 6553, 6]
[10, 6553, 5]
[10, 6553, 5]
[10, 6553, 1]
[10, 6553, 3]
[10, 6553, 0]
[10, 6553, 1]
[10, 6553, 4]
[10, 6553, 3]
[10, 6553, 1]
[10, 6553, 5]
[10, 6553, 0]
[10, 6553, 5]
[10, 6553, 1]
[10, 6553, 1]
[10, 6553, 5]
[10, 6553, 0]
[10, 6553, 1]
[10, 6553, 6]
[10, 6553, 6]
[10, 6553, 4]
[10, 6553, 0]
[10, 6553, 3]
[10, 6553, 0]
[10, 6553, 2]
[10, 6553, 3]
[10, 6553, 2]
[10, 6553, 3]
[10, 6553, 8]
[10, 6553, 1]
[10, 6553, 0]
[10, 6553, 1]
[10, 6553, 5]
[15, 9830, 11]
[15, 9830, 11]
[15, 9830, 20]
[15, 9830, 19]
[15, 9830, 17]
[15, 9830, 24]
[15, 9830, 9]
[15, 9830, 8]
[15, 9830, 17]
[15, 9830, 14]
[15, 9830, 17]
[15, 9830, 15]
[15, 9830, 11]
[15, 9830, 16]
[15, 9830, 11]
[15, 9830, 21]
[15, 9830, 18]
[15, 9830, 24]
[15, 9830, 9]
[15, 9830, 18]
[15, 9830, 9]
[15, 9830, 15]
[15, 9830, 18]
[15, 9830, 6]
[15, 9830, 15]
[15, 9830, 24]
[15, 9830, 12]
[15, 9830, 17]
[15, 9830, 25]
[15, 9830, 14]
[15, 9830, 23]
[15, 9830, 21]
[15, 9830, 17]
[15, 9830, 10]
[15, 9830, 6]
[15, 9830, 19]
[15, 9830, 16]
[15, 9830, 15]
[15, 9830, 11]
[15, 9830, 20]
[15, 9830, 9]
[15, 9830, 18]
[15, 9830, 16]
[15, 9830, 15]
[15, 9830, 19]
[15, 9830, 9]
[15, 9830, 12]
[15, 9830, 10]
[15, 9830, 4]
[15, 9830, 8]
[15, 9830, 14]
[15, 9830, 25]
[15, 9830, 14]
[15, 9830, 17]
[15, 9830, 9]
[15, 9830, 23]
[15, 9830, 13]
[15, 9830, 11]
[15, 9830, 16]
[15, 9830, 21]
[15, 9830, 12]
[15, 9830, 18]
[15, 9830, 17]
[15, 9830, 24]
[15, 9830, 14]
[15, 9830, 12]
[15, 9830, 15]
[15, 9830, 14]
[15, 9830, 22]
[15, 9830, 20]
[15, 9830, 23]
[15, 9830, 16]
[15, 9830, 13]
[15, 9830, 13]
[15, 9830, 15]
[15, 9830, 16]
[15, 9830, 13]
[15, 9830, 31]
[15, 9830, 18]
[15, 9830, 17]
[15, 9830, 23]
[15, 9830, 11]
[15, 9830, 13]
[15, 9830, 13]
[15, 9830, 20]
[15, 9830, 32]
[15, 9830, 7]
[15, 9830, 19]
[15, 9830, 4]
[15, 9830, 11]
[15, 9830, 3]
[15, 9830, 10]
[15, 9830, 21]
[15, 9830, 22]
[15, 9830, 17]
[15, 9830, 15]
[15, 9830, 16]
[15, 9830, 11]
[15, 9830, 14]
[15, 9830, 14]
[20, 13107, 40]
[20, 13107, 58]
[20, 13107, 49]
[20, 13107, 48]
[20, 13107, 43]
[20, 13107, 66]
[20, 13107, 48]
[20, 13107, 45]
[20, 13107, 50]
[20, 13107, 64]
[20, 13107, 47]
[20, 13107, 47]
[20, 13107, 57]
[20, 13107, 62]
[20, 13107, 37]
[20, 13107, 44]
[20, 13107, 61]
[20, 13107, 44]
[20, 13107, 37]
[20, 13107, 36]
[20, 13107, 51]
[20, 13107, 55]
[20, 13107, 61]
[20, 13107, 43]
[20, 13107, 81]
[20, 13107, 54]
[20, 13107, 80]
[20, 13107, 42]
[20, 13107, 50]
[20, 13107, 61]
[20, 13107, 52]
[20, 13107, 38]
[20, 13107, 50]
[20, 13107, 37]
[20, 13107, 43]
[20, 13107, 55]
[20, 13107, 38]
[20, 13107, 52]
[20, 13107, 51]
[20, 13107, 55]
[20, 13107, 66]
[20, 13107, 54]
[20, 13107, 55]
[20, 13107, 44]
[20, 13107, 42]
[20, 13107, 65]
[20, 13107, 55]
[20, 13107, 43]
[20, 13107, 50]
[20, 13107, 50]
[20, 13107, 64]
[20, 13107, 62]
[20, 13107, 47]
[20, 13107, 56]
[20, 13107, 61]
[20, 13107, 48]
[20, 13107, 28]
[20, 13107, 59]
[20, 13107, 45]
[20, 13107, 52]
[20, 13107, 57]
[20, 13107, 71]
[20, 13107, 56]
[20, 13107, 43]
[20, 13107, 40]
[20, 13107, 42]
[20, 13107, 45]
[20, 13107, 52]
[20, 13107, 56]
[20, 13107, 43]
[20, 13107, 55]
[20, 13107, 42]
[20, 13107, 68]
[20, 13107, 59]
[20, 13107, 64]
[20, 13107, 59]
[20, 13107, 66]
[20, 13107, 47]
[20, 13107, 32]
[20, 13107, 44]
[20, 13107, 49]
[20, 13107, 44]
[20, 13107, 59]
[20, 13107, 53]
[20, 13107, 56]
[20, 13107, 61]
[20, 13107, 45]
[20, 13107, 34]
[20, 13107, 48]
[20, 13107, 55]
[20, 13107, 37]
[20, 13107, 62]
[20, 13107, 53]
[20, 13107, 47]
[20, 13107, 52]
[20, 13107, 48]
[20, 13107, 61]
[20, 13107, 46]
[20, 13107, 43]
[20, 13107, 47]
[25, 16384, 112]
[25, 16384, 116]
[25, 16384, 123]
[25, 16384, 109]
[25, 16384, 142]
[25, 16384, 118]
[25, 16384, 127]
[25, 16384, 111]
[25, 16384, 127]
[25, 16384, 147]
[25, 16384, 117]
[25, 16384, 139]
[25, 16384, 121]
[25, 16384, 144]
[25, 16384, 113]
[25, 16384, 157]
[25, 16384, 137]
[25, 16384, 82]
[25, 16384, 116]
[25, 16384, 164]
[25, 16384, 117]
[25, 16384, 132]
[25, 16384, 123]
[25, 16384, 143]
[25, 16384, 138]
[25, 16384, 115]
[25, 16384, 104]
[25, 16384, 141]
[25, 16384, 131]
[25, 16384, 130]
[25, 16384, 134]
[25, 16384, 117]
[25, 16384, 140]
[25, 16384, 109]
[25, 16384, 118]
[25, 16384, 109]
[25, 16384, 132]
[25, 16384, 133]
[25, 16384, 130]
[25, 16384, 132]
[25, 16384, 137]
[25, 16384, 138]
[25, 16384, 149]
[25, 16384, 127]
[25, 16384, 105]
[25, 16384, 135]
[25, 16384, 143]
[25, 16384, 144]
[25, 16384, 126]
[25, 16384, 143]
[25, 16384, 124]
[25, 16384, 146]
[25, 16384, 128]
[25, 16384, 126]
[25, 16384, 140]
[25, 16384, 102]
[25, 16384, 111]
[25, 16384, 140]
[25, 16384, 130]
[25, 16384, 148]
[25, 16384, 134]
[25, 16384, 125]
[25, 16384, 109]
[25, 16384, 144]
[25, 16384, 114]
[25, 16384, 145]
[25, 16384, 119]
[25, 16384, 111]
[25, 16384, 167]
[25, 16384, 120]
[25, 16384, 144]
[25, 16384, 96]
[25, 16384, 134]
[25, 16384, 132]
[25, 16384, 163]
[25, 16384, 132]
[25, 16384, 98]
[25, 16384, 135]
[25, 16384, 112]
[25, 16384, 134]
[25, 16384, 146]
[25, 16384, 120]
[25, 16384, 122]
[25, 16384, 121]
[25, 16384, 115]
[25, 16384, 144]
[25, 16384, 151]
[25, 16384, 117]
[25, 16384, 126]
[25, 16384, 137]
[25, 16384, 135]
[25, 16384, 123]
[25, 16384, 105]
[25, 16384, 128]
[25, 16384, 131]
[25, 16384, 132]
[25, 16384, 127]
[25, 16384, 110]
[25, 16384, 107]
[25, 16384, 120]
[30, 19660, 260]
[30, 19660, 269]
[30, 19660, 243]
[30, 19660, 286]
[30, 19660, 239]
[30, 19660, 301]
[30, 19660, 260]
[30, 19660, 290]
[30, 19660, 240]
[30, 19660, 287]
[30, 19660, 239]
[30, 19660, 268]
[30, 19660, 237]
[30, 19660, 255]
[30, 19660, 251]
[30, 19660, 266]
[30, 19660, 303]
[30, 19660, 259]
[30, 19660, 247]
[30, 19660, 252]
[30, 19660, 247]
[30, 19660, 284]
[30, 19660, 269]
[30, 19660, 262]
[30, 19660, 271]
[30, 19660, 294]
[30, 19660, 255]
[30, 19660, 247]
[30, 19660, 305]
[30, 19660, 292]
[30, 19660, 261]
[30, 19660, 267]
[30, 19660, 282]
[30, 19660, 270]
[30, 19660, 270]
[30, 19660, 271]
[30, 19660, 283]
[30, 19660, 287]
[30, 19660, 282]
[30, 19660, 300]
[30, 19660, 250]
[30, 19660, 253]
[30, 19660, 299]
[30, 19660, 256]
[30, 19660, 263]
[30, 19660, 260]
[30, 19660, 271]
[30, 19660, 292]
[30, 19660, 240]
[30, 19660, 266]
[30, 19660, 274]
[30, 19660, 283]
[30, 19660, 295]
[30, 19660, 300]
[30, 19660, 268]
[30, 19660, 280]
[30, 19660, 289]
[30, 19660, 253]
[30, 19660, 297]
[30, 19660, 282]
[30, 19660, 254]
[30, 19660, 283]
[30, 19660, 251]
[30, 19660, 267]
[30, 19660, 254]
[30, 19660, 274]
[30, 19660, 245]
[30, 19660, 249]
[30, 19660, 268]
[30, 19660, 271]
[30, 19660, 288]
[30, 19660, 263]
[30, 19660, 267]
[30, 19660, 244]
[30, 19660, 281]
[30, 19660, 274]
[30, 19660, 249]
[30, 19660, 252]
[30, 19660, 261]
[30, 19660, 291]
[30, 19660, 272]
[30, 19660, 289]
[30, 19660, 294]
[30, 19660, 251]
[30, 19660, 303]
[30, 19660, 276]
[30, 19660, 245]
[30, 19660, 255]
[30, 19660, 221]
[30, 19660, 269]
[30, 19660, 291]
[30, 19660, 276]
[30, 19660, 268]
[30, 19660, 255]
[30, 19660, 271]
[30, 19660, 270]
[30, 19660, 243]
[30, 19660, 237]
[30, 19660, 293]
[30, 19660, 218]
[35, 22937, 478]
[35, 22937, 445]
[35, 22937, 511]
[35, 22937, 512]
[35, 22937, 495]
[35, 22937, 513]
[35, 22937, 557]
[35, 22937, 543]
[35, 22937, 491]
[35, 22937, 450]
[35, 22937, 495]
[35, 22937, 488]
[35, 22937, 508]
[35, 22937, 528]
[35, 22937, 461]
[35, 22937, 502]
[35, 22937, 471]
[35, 22937, 501]
[35, 22937, 524]
[35, 22937, 438]
[35, 22937, 502]
[35, 22937, 533]
[35, 22937, 483]
[35, 22937, 532]
[35, 22937, 499]
[35, 22937, 503]
[35, 22937, 486]
[35, 22937, 495]
[35, 22937, 484]
[35, 22937, 474]
[35, 22937, 492]
[35, 22937, 505]
[35, 22937, 440]
[35, 22937, 465]
[35, 22937, 478]
[35, 22937, 491]
[35, 22937, 447]
[35, 22937, 480]
[35, 22937, 510]
[35, 22937, 487]
[35, 22937, 482]
[35, 22937, 515]
[35, 22937, 462]
[35, 22937, 520]
[35, 22937, 454]
[35, 22937, 527]
[35, 22937, 501]
[35, 22937, 486]
[35, 22937, 484]
[35, 22937, 519]
[35, 22937, 410]
[35, 22937, 515]
[35, 22937, 496]
[35, 22937, 495]
[35, 22937, 490]
[35, 22937, 523]
[35, 22937, 452]
[35, 22937, 456]
[35, 22937, 479]
[35, 22937, 516]
[35, 22937, 517]
[35, 22937, 511]
[35, 22937, 495]
[35, 22937, 450]
[35, 22937, 433]
[35, 22937, 492]
[35, 22937, 485]
[35, 22937, 481]
[35, 22937, 493]
[35, 22937, 571]
[35, 22937, 497]
[35, 22937, 509]
[35, 22937, 508]
[35, 22937, 478]
[35, 22937, 501]
[35, 22937, 554]
[35, 22937, 482]
[35, 22937, 428]
[35, 22937, 472]
[35, 22937, 454]
[35, 22937, 503]
[35, 22937, 488]
[35, 22937, 512]
[35, 22937, 476]
[35, 22937, 506]
[35, 22937, 547]
[35, 22937, 508]
[35, 22937, 523]
[35, 22937, 505]
[35, 22937, 471]
[35, 22937, 520]
[35, 22937, 514]
[35, 22937, 473]
[35, 22937, 445]
[35, 22937, 550]
[35, 22937, 442]
[35, 22937, 496]
[35, 22937, 507]
[35, 22937, 496]
[35, 22937, 489]
[40, 26214, 810]
[40, 26214, 871]
[40, 26214, 851]
[40, 26214, 852]
[40, 26214, 836]
[40, 26214, 853]
[40, 26214, 783]
[40, 26214, 759]
[40, 26214, 895]
[40, 26214, 886]
[40, 26214, 841]
[40, 26214, 854]
[40, 26214, 867]
[40, 26214, 770]
[40, 26214, 758]
[40, 26214, 813]
[40, 26214, 848]
[40, 26214, 800]
[40, 26214, 828]
[40, 26214, 805]
[40, 26214, 832]
[40, 26214, 900]
[40, 26214, 787]
[40, 26214, 861]
[40, 26214, 800]
[40, 26214, 871]
[40, 26214, 842]
[40, 26214, 904]
[40, 26214, 928]
[40, 26214, 855]
[40, 26214, 901]
[40, 26214, 816]
[40, 26214, 824]
[40, 26214, 744]
[40, 26214, 807]
[40, 26214, 815]
[40, 26214, 846]
[40, 26214, 837]
[40, 26214, 865]
[40, 26214, 869]
[40, 26214, 892]
[40, 26214, 855]
[40, 26214, 840]
[40, 26214, 772]
[40, 26214, 852]
[40, 26214, 853]
[40, 26214, 786]
[40, 26214, 840]
[40, 26214, 806]
[40, 26214, 854]
[40, 26214, 818]
[40, 26214, 885]
[40, 26214, 814]
[40, 26214, 801]
[40, 26214, 797]
[40, 26214, 824]
[40, 26214, 887]
[40, 26214, 795]
[40, 26214, 913]
[40, 26214, 903]
[40, 26214, 802]
[40, 26214, 791]
[40, 26214, 843]
[40, 26214, 834]
[40, 26214, 794]
[40, 26214, 831]
[40, 26214, 877]
[40, 26214, 851]
[40, 26214, 842]
[40, 26214, 812]
[40, 26214, 798]
[40, 26214, 819]
[40, 26214, 874]
[40, 26214, 831]
[40, 26214, 798]
[40, 26214, 843]
[40, 26214, 858]
[40, 26214, 883]
[40, 26214, 774]
[40, 26214, 834]
[40, 26214, 820]
[40, 26214, 885]
[40, 26214, 841]
[40, 26214, 854]
[40, 26214, 842]
[40, 26214, 804]
[40, 26214, 825]
[40, 26214, 818]
[40, 26214, 875]
[40, 26214, 746]
[40, 26214, 770]
[40, 26214, 925]
[40, 26214, 811]
[40, 26214, 821]
[40, 26214, 847]
[40, 26214, 806]
[40, 26214, 837]
[40, 26214, 841]
[40, 26214, 811]
[40, 26214, 871]
